8.793973922729492188e-02 1.750000000000000000e+00 8.000000379979610443e-03 -1.529962280273437500e+03
1.859011650085449219e-01 1.810000000000000053e+00 8.000000379979610443e-03 -1.080153442382812500e+03
2.708971500396728516e-01 1.830000000000000071e+00 8.000000379979610443e-03 -9.000549316406250000e+02
3.848984241485595703e-01 1.929999999999999938e+00 8.000000379979610443e-03 -9.901042480468750000e+02
4.788973331451416016e-01 1.989999999999999991e+00 8.000000379979610443e-03 -1.079716308593750000e+03
5.869102478027343750e-01 1.939999999999999947e+00 8.000000379979610443e-03 -1.080153442382812500e+03
6.769213676452636719e-01 1.939999999999999947e+00 8.000000379979610443e-03 -1.170202514648437500e+03
7.720263004302978516e-01 1.979999999999999982e+00 8.000000379979610443e-03 -1.080153442382812500e+03
8.799452781677246094e-01 1.889999999999999902e+00 8.000000379979610443e-03 -1.080153442382812500e+03
9.688992500305175781e-01 1.929999999999999938e+00 8.000000379979610443e-03 -1.170202514648437500e+03
1.086898088455200195e+00 2.000000000000000000e+00 8.000000379979610443e-03 -1.080153442382812500e+03
1.175952434539794922e+00 1.939999999999999947e+00 8.000000379979610443e-03 -1.170202514648437500e+03
1.283952474594116211e+00 1.959999999999999964e+00 8.000000379979610443e-03 -1.259814575195312500e+03
1.378899097442626953e+00 1.949999999999999956e+00 8.000000379979610443e-03 -1.170202514648437500e+03
1.468899011611938477e+00 1.909999999999999920e+00 8.000000379979610443e-03 -1.080153442382812500e+03
1.575938224792480469e+00 1.879999999999999893e+00 8.000000379979610443e-03 -1.080153442382812500e+03
1.670899152755737305e+00 1.949999999999999956e+00 8.000000379979610443e-03 -1.080153442382812500e+03
1.783937931060791016e+00 1.939999999999999947e+00 8.000000379979610443e-03 -1.169765380859375000e+03
1.868902206420898438e+00 1.889999999999999902e+00 8.000000379979610443e-03 -1.170202514648437500e+03
1.985898256301879883e+00 1.909999999999999920e+00 8.000000379979610443e-03 -1.080153442382812500e+03
2.076905250549316406e+00 1.959999999999999964e+00 8.000000379979610443e-03 -1.169984008789062500e+03
2.183941841125488281e+00 1.919999999999999929e+00 8.000000379979610443e-03 -1.260033203125000000e+03
2.274898052215576172e+00 1.979999999999999982e+00 8.000000379979610443e-03 -1.169984008789062500e+03
2.368902683258056641e+00 1.909999999999999920e+00 8.000000379979610443e-03 -1.169984008789062500e+03
2.477008104324340820e+00 1.909999999999999920e+00 8.000000379979610443e-03 -1.169984008789062500e+03
2.566897630691528320e+00 1.949999999999999956e+00 8.000000379979610443e-03 -1.260033203125000000e+03
2.683952331542968750e+00 1.979999999999999982e+00 8.000000379979610443e-03 -1.439913085937500000e+03
2.769898653030395508e+00 1.939999999999999947e+00 8.000000379979610443e-03 -1.710060668945312500e+03
2.881899833679199219e+00 1.929999999999999938e+00 8.000000379979610443e-03 -1.620011474609375000e+03
2.976916551589965820e+00 1.830000000000000071e+00 8.000000379979610443e-03 -1.710060668945312500e+03
3.084898233413696289e+00 1.889999999999999902e+00 8.000000379979610443e-03 -1.710060668945312500e+03
3.173895835876464844e+00 1.889999999999999902e+00 8.000000379979610443e-03 -1.440131591796875000e+03
3.268898963928222656e+00 1.790000000000000036e+00 8.000000379979610443e-03 -1.169984008789062500e+03
3.380902051925659180e+00 1.929999999999999938e+00 8.000000379979610443e-03 -1.259923950195312500e+03
3.487942934036254883e+00 1.919999999999999929e+00 8.000000379979610443e-03 -1.079934814453125000e+03
3.583940029144287109e+00 1.800000000000000044e+00 8.000000379979610443e-03 -8.100057373046875000e+02
3.673897266387939453e+00 1.929999999999999938e+00 8.000000379979610443e-03 -7.199565429687500000e+02
3.780897855758666992e+00 1.959999999999999964e+00 8.000000379979610443e-03 -7.200657958984375000e+02
3.875949382781982422e+00 1.929999999999999938e+00 8.000000379979610443e-03 -6.300166015625000000e+02
3.973897218704223633e+00 2.040000000000000036e+00 8.000000379979610443e-03 -7.199565429687500000e+02
4.073896646499633789e+00 1.979999999999999982e+00 8.000000379979610443e-03 -8.999456787109375000e+02
4.164899587631225586e+00 1.949999999999999956e+00 8.000000379979610443e-03 -8.100057373046875000e+02
4.281895875930786133e+00 1.989999999999999991e+00 8.000000379979610443e-03 -8.100057373046875000e+02
4.386948108673095703e+00 1.919999999999999929e+00 8.000000379979610443e-03 -8.999456787109375000e+02
4.479942560195922852e+00 1.919999999999999929e+00 8.000000379979610443e-03 -5.399674072265625000e+02
4.573894500732421875e+00 1.899999999999999911e+00 8.000000379979610443e-03 -3.599782714843750000e+02
4.681898355484008789e+00 2.109999999999999876e+00 8.000000379979610443e-03 -4.500274658203125000e+02
4.772025108337402344e+00 2.109999999999999876e+00 8.000000379979610443e-03 -7.199565429687500000e+02
4.866900920867919922e+00 2.029999999999999805e+00 8.000000379979610443e-03 -8.100057373046875000e+02
4.974900722503662109e+00 2.009999999999999787e+00 8.000000379979610443e-03 -9.899949340820312500e+02
5.086920261383056641e+00 1.439999999999999947e+00 8.000000379979610443e-03 0.000000000000000000e+00
5.181895017623901367e+00 7.199999999999999734e-01 8.000000379979610443e-03 0.000000000000000000e+00
5.270895719528198242e+00 5.400000000000000355e-01 8.000000379979610443e-03 0.000000000000000000e+00
5.378904581069946289e+00 1.900000000000000022e-01 8.000000379979610443e-03 0.000000000000000000e+00
5.473897457122802734e+00 5.999999999999999778e-02 8.000000379979610443e-03 0.000000000000000000e+00
5.585895061492919922e+00 2.000000000000000042e-02 8.000000379979610443e-03 0.000000000000000000e+00
5.670897006988525391e+00 0.000000000000000000e+00 8.000000379979610443e-03 0.000000000000000000e+00
5.787941455841064453e+00 2.000000000000000042e-02 8.000000379979610443e-03 0.000000000000000000e+00
5.878895998001098633e+00 0.000000000000000000e+00 8.000000379979610443e-03 0.000000000000000000e+00
5.985898256301879883e+00 0.000000000000000000e+00 8.000000379979610443e-03 0.000000000000000000e+00
6.080900430679321289e+00 2.999999999999999889e-02 8.000000379979610443e-03 0.000000000000000000e+00
6.171946763992309570e+00 2.999999999999999889e-02 8.000000379979610443e-03 0.000000000000000000e+00
6.278896331787109375e+00 5.000000000000000278e-02 8.000000379979610443e-03 0.000000000000000000e+00
6.369899749755859375e+00 4.000000000000000083e-02 8.000000379979610443e-03 0.000000000000000000e+00
6.486896753311157227e+00 2.000000000000000111e-01 8.000000379979610443e-03 0.000000000000000000e+00
6.571949243545532227e+00 4.000000000000000222e-01 8.000000379979610443e-03 0.000000000000000000e+00
6.684898138046264648e+00 2.500000000000000000e-01 8.000000379979610443e-03 0.000000000000000000e+00
6.778897523880004883e+00 3.900000000000000133e-01 8.000000379979610443e-03 0.000000000000000000e+00
6.886896848678588867e+00 5.000000000000000278e-02 8.000000379979610443e-03 0.000000000000000000e+00
6.976923227310180664e+00 2.999999999999999889e-02 8.000000379979610443e-03 0.000000000000000000e+00
7.071947813034057617e+00 2.000000000000000042e-02 8.000000379979610443e-03 0.000000000000000000e+00
7.179942369461059570e+00 4.000000000000000083e-02 8.000000379979610443e-03 0.000000000000000000e+00
7.268897294998168945e+00 2.700000000000000178e-01 8.000000379979610443e-03 0.000000000000000000e+00
7.386932611465454102e+00 6.099999999999999867e-01 8.000000379979610443e-03 0.000000000000000000e+00
7.475940227508544922e+00 4.099999999999999756e-01 8.000000379979610443e-03 0.000000000000000000e+00
7.583939552307128906e+00 2.700000000000000178e-01 8.000000379979610443e-03 0.000000000000000000e+00
7.678899288177490234e+00 8.000000000000000167e-02 8.000000379979610443e-03 0.000000000000000000e+00
7.768896579742431641e+00 2.999999999999999889e-02 8.000000379979610443e-03 0.000000000000000000e+00
7.875939369201660156e+00 0.000000000000000000e+00 8.000000379979610443e-03 0.000000000000000000e+00
7.970897197723388672e+00 2.000000000000000042e-02 8.000000379979610443e-03 0.000000000000000000e+00
8.083940744400024414e+00 2.000000000000000042e-02 8.000000379979610443e-03 0.000000000000000000e+00
8.168898344039916992e+00 2.999999999999999889e-02 8.000000379979610443e-03 0.000000000000000000e+00
8.285898447036743164e+00 3.099999999999999978e-01 8.000000379979610443e-03 0.000000000000000000e+00
8.376897096633911133e+00 3.300000000000000155e-01 8.000000379979610443e-03 0.000000000000000000e+00
8.483938694000244141e+00 8.000000000000000167e-02 8.000000379979610443e-03 0.000000000000000000e+00
8.574895381927490234e+00 3.599999999999999867e-01 8.000000379979610443e-03 0.000000000000000000e+00
8.668898582458496094e+00 4.000000000000000222e-01 8.000000379979610443e-03 0.000000000000000000e+00
8.776901006698608398e+00 7.000000000000000666e-02 8.000000379979610443e-03 0.000000000000000000e+00
8.866901874542236328e+00 2.000000000000000042e-02 8.000000379979610443e-03 0.000000000000000000e+00
8.983942508697509766e+00 2.000000000000000042e-02 8.000000379979610443e-03 0.000000000000000000e+00
9.069896221160888672e+00 1.799999999999999933e-01 8.000000379979610443e-03 0.000000000000000000e+00
9.181898117065429688e+00 4.600000000000000200e-01 8.000000379979610443e-03 0.000000000000000000e+00
9.276929140090942383e+00 4.899999999999999911e-01 8.000000379979610443e-03 0.000000000000000000e+00
9.384898185729980469e+00 5.699999999999999512e-01 8.000000379979610443e-03 0.000000000000000000e+00
9.473896026611328125e+00 5.699999999999999512e-01 8.000000379979610443e-03 0.000000000000000000e+00
9.568900346755981445e+00 6.099999999999999867e-01 8.000000379979610443e-03 0.000000000000000000e+00
9.680897951126098633e+00 7.399999999999999911e-01 3.200000151991844177e-02 8.100057373046875000e+02
9.788901329040527344e+00 2.209999999999999964e+00 3.200000151991844177e-02 5.399674072265625000e+02
9.883941888809204102e+00 2.029999999999999805e+00 3.200000151991844177e-02 3.600328979492187500e+02
9.973894119262695312e+00 2.049999999999999822e+00 3.200000151991844177e-02 2.699837036132812500e+02
1.008089590072631836e+01 1.969999999999999973e+00 3.200000151991844177e-02 4.500274658203125000e+02
1.017593550682067871e+01 1.850000000000000089e+00 3.200000151991844177e-02 1.169984008789062500e+03
1.028795289993286133e+01 1.770000000000000018e+00 3.200000151991844177e-02 2.249918945312500000e+03
1.037389588356018066e+01 1.860000000000000098e+00 3.200000151991844177e-02 2.610006347656250000e+03
1.046489787101745605e+01 1.959999999999999964e+00 3.200000151991844177e-02 3.240022949218750000e+03
1.058189749717712402e+01 2.000000000000000000e+00 3.200000151991844177e-02 3.240022949218750000e+03
1.068795466423034668e+01 1.969999999999999973e+00 3.200000151991844177e-02 3.779881347656250000e+03
1.077993917465209961e+01 2.040000000000000036e+00 3.200000151991844177e-02 3.330072265625000000e+03
1.087389779090881348e+01 2.120000000000000107e+00 3.200000151991844177e-02 2.969875244140625000e+03
1.098190188407897949e+01 2.069999999999999840e+00 3.200000151991844177e-02 2.789995361328125000e+03
1.107194709777832031e+01 2.069999999999999840e+00 3.200000151991844177e-02 3.149973632812500000e+03
1.117389678955078125e+01 2.089999999999999858e+00 3.200000151991844177e-02 2.609678466796875000e+03
1.127489662170410156e+01 2.259999999999999787e+00 3.200000151991844177e-02 1.170202514648437500e+03
1.139389634132385254e+01 2.799999999999999822e+00 3.200000151991844177e-02 0.000000000000000000e+00
1.150394749641418457e+01 4.070000000000000284e+00 8.000000379979610443e-03 -2.790214111328125000e+03
1.158989715576171875e+01 2.459999999999999964e+00 8.000000379979610443e-03 -3.149973632812500000e+03
1.170189857482910156e+01 2.229999999999999982e+00 8.000000379979610443e-03 -3.150192382812500000e+03
1.179690337181091309e+01 1.870000000000000107e+00 8.000000379979610443e-03 -2.430017089843750000e+03
1.190490150451660156e+01 1.739999999999999991e+00 8.000000379979610443e-03 -7.199565429687500000e+02
1.199389719963073730e+01 1.570000000000000062e+00 8.000000379979610443e-03 0.000000000000000000e+00
1.208889865875244141e+01 5.200000000000000178e-01 8.000000379979610443e-03 0.000000000000000000e+00
1.220090961456298828e+01 2.999999999999999889e-02 8.000000379979610443e-03 0.000000000000000000e+00
1.230689907073974609e+01 0.000000000000000000e+00 8.000000379979610443e-03 0.000000000000000000e+00
1.240394306182861328e+01 2.000000000000000042e-02 8.000000379979610443e-03 0.000000000000000000e+00
1.249390554428100586e+01 0.000000000000000000e+00 8.000000379979610443e-03 0.000000000000000000e+00
1.260090231895446777e+01 2.000000000000000042e-02 8.000000379979610443e-03 0.000000000000000000e+00
1.269595098495483398e+01 3.400000000000000244e-01 8.000000379979610443e-03 0.000000000000000000e+00
1.280890464782714844e+01 1.840000000000000080e+00 8.000000379979610443e-03 0.000000000000000000e+00
1.289389801025390625e+01 1.489999999999999991e+00 8.000000379979610443e-03 0.000000000000000000e+00
1.298489904403686523e+01 1.510000000000000009e+00 8.000000379979610443e-03 0.000000000000000000e+00
1.310189723968505859e+01 2.209999999999999964e+00 8.000000379979610443e-03 -1.349863891601562500e+03
1.320794224739074707e+01 2.240000000000000213e+00 8.000000379979610443e-03 -1.440131591796875000e+03
1.329994916915893555e+01 1.590000000000000080e+00 8.000000379979610443e-03 -1.798798522949218750e+02
1.339389824867248535e+01 1.379999999999999893e+00 8.000000379979610443e-03 0.000000000000000000e+00
1.350189757347106934e+01 5.000000000000000000e-01 8.000000379979610443e-03 0.000000000000000000e+00
1.359194588661193848e+01 2.000000000000000042e-02 3.200000151991844177e-02 3.060143066406250000e+03
1.370289707183837891e+01 1.429999999999999938e+00 3.200000151991844177e-02 3.149973632812500000e+03
1.379489803314208984e+01 2.169999999999999929e+00 3.200000151991844177e-02 2.609896972656250000e+03
1.390690183639526367e+01 1.969999999999999973e+00 3.200000151991844177e-02 2.789995361328125000e+03
1.400189733505249023e+01 2.089999999999999858e+00 3.200000151991844177e-02 2.429798583984375000e+03
1.409089994430541992e+01 2.029999999999999805e+00 3.200000151991844177e-02 2.430017089843750000e+03
1.419889831542968750e+01 2.100000000000000089e+00 3.200000151991844177e-02 2.430017089843750000e+03
1.429389643669128418e+01 2.000000000000000000e+00 3.200000151991844177e-02 2.339968017578125000e+03
1.440589737892150879e+01 2.020000000000000018e+00 3.200000151991844177e-02 2.610115478515625000e+03
1.449089860916137695e+01 1.989999999999999991e+00 3.200000151991844177e-02 2.700164794921875000e+03
1.460089969635009766e+01 2.069999999999999840e+00 3.200000151991844177e-02 2.790214111328125000e+03
1.469889879226684570e+01 2.120000000000000107e+00 3.200000151991844177e-02 2.160306884765625000e+03
1.480589747428894043e+01 2.100000000000000089e+00 3.200000151991844177e-02 2.070257568359375000e+03
1.490090060234069824e+01 2.049999999999999822e+00 3.200000151991844177e-02 2.339968017578125000e+03
1.499194788932800293e+01 2.020000000000000018e+00 3.200000151991844177e-02 2.249918945312500000e+03
1.509889960289001465e+01 2.080000000000000071e+00 3.200000151991844177e-02 1.890159179687500000e+03
1.518989777565002441e+01 2.060000000000000053e+00 3.200000151991844177e-02 1.800109863281250000e+03
1.530690312385559082e+01 1.959999999999999964e+00 3.200000151991844177e-02 2.429580078125000000e+03
1.539194655418395996e+01 2.000000000000000000e+00 3.200000151991844177e-02 2.339968017578125000e+03
1.550490164756774902e+01 2.169999999999999929e+00 8.000000379979610443e-03 -2.697105102539062500e+02
1.559889674186706543e+01 2.399999999999999911e+00 8.000000379979610443e-03 0.000000000000000000e+00
1.570689678192138672e+01 1.739999999999999991e+00 8.000000379979610443e-03 0.000000000000000000e+00
1.579689860343933105e+01 1.530000000000000027e+00 8.000000379979610443e-03 0.000000000000000000e+00
1.589194607734680176e+01 1.510000000000000009e+00 8.000000379979610443e-03 0.000000000000000000e+00
1.599995160102844238e+01 1.479999999999999982e+00 8.000000379979610443e-03 0.000000000000000000e+00
1.608889889717102051e+01 1.469999999999999973e+00 8.000000379979610443e-03 0.000000000000000000e+00
1.620690512657165527e+01 1.449999999999999956e+00 8.000000379979610443e-03 0.000000000000000000e+00
1.629594612121582031e+01 1.439999999999999947e+00 8.000000379979610443e-03 0.000000000000000000e+00
1.640394425392150879e+01 1.419999999999999929e+00 8.000000379979610443e-03 0.000000000000000000e+00
1.649889826774597168e+01 1.409999999999999920e+00 8.000000379979610443e-03 0.000000000000000000e+00
1.658891057968139648e+01 1.389999999999999902e+00 8.000000379979610443e-03 0.000000000000000000e+00
1.669594478607177734e+01 1.379999999999999893e+00 8.000000379979610443e-03 0.000000000000000000e+00
1.679089951515197754e+01 1.370000000000000107e+00 8.000000379979610443e-03 0.000000000000000000e+00
1.690393972396850586e+01 1.370000000000000107e+00 8.000000379979610443e-03 0.000000000000000000e+00
1.698891830444335938e+01 1.350000000000000089e+00 8.000000379979610443e-03 0.000000000000000000e+00
1.710590004920959473e+01 1.350000000000000089e+00 8.000000379979610443e-03 0.000000000000000000e+00
1.719690012931823730e+01 1.340000000000000080e+00 8.000000379979610443e-03 0.000000000000000000e+00
1.730394434928894043e+01 1.330000000000000071e+00 8.000000379979610443e-03 0.000000000000000000e+00
1.739489984512329102e+01 1.320000000000000062e+00 8.000000379979610443e-03 0.000000000000000000e+00
1.748889899253845215e+01 1.320000000000000062e+00 8.000000379979610443e-03 0.000000000000000000e+00
1.759690189361572266e+01 1.310000000000000053e+00 8.000000379979610443e-03 0.000000000000000000e+00
1.768690252304077148e+01 1.310000000000000053e+00 8.000000379979610443e-03 0.000000000000000000e+00
1.780394363403320312e+01 1.300000000000000044e+00 8.000000379979610443e-03 0.000000000000000000e+00
1.788989686965942383e+01 1.300000000000000044e+00 8.000000379979610443e-03 0.000000000000000000e+00
1.800194311141967773e+01 1.290000000000000036e+00 8.000000379979610443e-03 0.000000000000000000e+00
1.809693598747253418e+01 1.290000000000000036e+00 8.000000379979610443e-03 0.000000000000000000e+00
1.820489168167114258e+01 1.280000000000000027e+00 8.000000379979610443e-03 0.000000000000000000e+00
1.829388904571533203e+01 1.280000000000000027e+00 8.000000379979610443e-03 0.000000000000000000e+00
1.838890004158020020e+01 1.280000000000000027e+00 8.000000379979610443e-03 0.000000000000000000e+00
1.850089836120605469e+01 1.270000000000000018e+00 8.000000379979610443e-03 0.000000000000000000e+00
1.860690212249755859e+01 1.270000000000000018e+00 8.000000379979610443e-03 0.000000000000000000e+00
1.870394778251647949e+01 1.270000000000000018e+00 8.000000379979610443e-03 0.000000000000000000e+00
1.879390072822570801e+01 1.260000000000000009e+00 8.000000379979610443e-03 0.000000000000000000e+00
1.890091156959533691e+01 1.260000000000000009e+00 8.000000379979610443e-03 0.000000000000000000e+00
1.899596691131591797e+01 1.260000000000000009e+00 8.000000379979610443e-03 0.000000000000000000e+00
1.908689880371093750e+01 1.250000000000000000e+00 8.000000379979610443e-03 0.000000000000000000e+00
1.919389653205871582e+01 1.250000000000000000e+00 8.000000379979610443e-03 0.000000000000000000e+00
1.928490638732910156e+01 1.250000000000000000e+00 8.000000379979610443e-03 0.000000000000000000e+00
1.940189647674560547e+01 1.250000000000000000e+00 8.000000379979610443e-03 0.000000000000000000e+00
1.948689937591552734e+01 1.239999999999999991e+00 8.000000379979610443e-03 0.000000000000000000e+00
1.959994053840637207e+01 1.239999999999999991e+00 8.000000379979610443e-03 0.000000000000000000e+00
1.969389653205871582e+01 1.239999999999999991e+00 8.000000379979610443e-03 0.000000000000000000e+00
1.980189800262451172e+01 1.239999999999999991e+00 8.000000379979610443e-03 0.000000000000000000e+00
1.989194822311401367e+01 1.229999999999999982e+00 8.000000379979610443e-03 0.000000000000000000e+00
2.000289678573608398e+01 1.229999999999999982e+00 8.000000379979610443e-03 0.000000000000000000e+00
2.009489750862121582e+01 1.229999999999999982e+00 8.000000379979610443e-03 0.000000000000000000e+00
2.020689749717712402e+01 1.229999999999999982e+00 8.000000379979610443e-03 0.000000000000000000e+00
2.030189633369445801e+01 1.229999999999999982e+00 8.000000379979610443e-03 0.000000000000000000e+00
2.039089965820312500e+01 1.229999999999999982e+00 8.000000379979610443e-03 0.000000000000000000e+00
2.049889564514160156e+01 1.229999999999999982e+00 8.000000379979610443e-03 0.000000000000000000e+00
2.059389758110046387e+01 1.229999999999999982e+00 8.000000379979610443e-03 0.000000000000000000e+00
2.070589661598205566e+01 1.229999999999999982e+00 8.000000379979610443e-03 0.000000000000000000e+00
2.079089903831481934e+01 1.229999999999999982e+00 8.000000379979610443e-03 0.000000000000000000e+00
2.089289593696594238e+01 1.229999999999999982e+00 8.000000379979610443e-03 0.000000000000000000e+00
2.099890971183776855e+01 1.229999999999999982e+00 8.000000379979610443e-03 0.000000000000000000e+00
2.110589742660522461e+01 1.229999999999999982e+00 8.000000379979610443e-03 0.000000000000000000e+00
2.120090031623840332e+01 1.219999999999999973e+00 8.000000379979610443e-03 0.000000000000000000e+00
2.129195165634155273e+01 1.219999999999999973e+00 8.000000379979610443e-03 0.000000000000000000e+00
2.139890170097351074e+01 1.219999999999999973e+00 8.000000379979610443e-03 0.000000000000000000e+00
2.148989653587341309e+01 1.219999999999999973e+00 8.000000379979610443e-03 0.000000000000000000e+00
2.160690212249755859e+01 1.219999999999999973e+00 8.000000379979610443e-03 0.000000000000000000e+00
2.169194436073303223e+01 1.219999999999999973e+00 8.000000379979610443e-03 0.000000000000000000e+00
2.180489945411682129e+01 1.219999999999999973e+00 8.000000379979610443e-03 0.000000000000000000e+00
2.189889621734619141e+01 1.219999999999999973e+00 8.000000379979610443e-03 0.000000000000000000e+00
2.200691175460815430e+01 1.209999999999999964e+00 8.000000379979610443e-03 0.000000000000000000e+00
2.209690093994140625e+01 1.209999999999999964e+00 8.000000379979610443e-03 0.000000000000000000e+00
2.219194531440734863e+01 1.209999999999999964e+00 8.000000379979610443e-03 0.000000000000000000e+00
