1.300001144409179688e-02 3.859999999999999876e+00 3.500000014901161194e-02 0.000000000000000000e+00
1.130092144012451172e-01 4.709999999999999964e+00 3.500000014901161194e-02 0.000000000000000000e+00
2.090027332305908203e-01 5.080000000000000071e+00 3.500000014901161194e-02 0.000000000000000000e+00
2.990386486053466797e-01 4.959999999999999964e+00 1.200000010430812836e-02 -1.259814575195312500e+03
4.119975566864013672e-01 2.640000000000000124e+00 1.200000010430812836e-02 -1.259814575195312500e+03
4.970076084136962891e-01 2.229999999999999982e+00 1.200000010430812836e-02 -9.901042480468750000e+02
6.130001544952392578e-01 2.439999999999999947e+00 1.200000010430812836e-02 -9.901042480468750000e+02
7.049963474273681641e-01 2.450000000000000178e+00 1.200000010430812836e-02 -1.170202514648437500e+03
8.119976520538330078e-01 2.399999999999999911e+00 1.200000010430812836e-02 -1.170202514648437500e+03
9.030597209930419922e-01 2.390000000000000124e+00 1.200000010430812836e-02 -1.079716308593750000e+03
9.969971179962158203e-01 2.399999999999999911e+00 1.200000010430812836e-02 -9.901042480468750000e+02
1.105000734329223633e+00 2.450000000000000178e+00 1.200000010430812836e-02 -1.170202514648437500e+03
1.195040464401245117e+00 2.399999999999999911e+00 1.200000010430812836e-02 -1.260251708984375000e+03
1.312000751495361328e+00 2.350000000000000089e+00 1.200000010430812836e-02 -1.169765380859375000e+03
1.397997856140136719e+00 2.370000000000000107e+00 1.200000010430812836e-02 -9.901042480468750000e+02
1.509998083114624023e+00 2.339999999999999858e+00 1.200000010430812836e-02 -7.199565429687500000e+02
1.605000019073486328e+00 2.419999999999999929e+00 1.200000010430812836e-02 -6.303444213867187500e+02
1.713006019592285156e+00 2.430000000000000160e+00 1.200000010430812836e-02 -6.303444213867187500e+02
1.801996231079101562e+00 2.509999999999999787e+00 1.200000010430812836e-02 -8.100057373046875000e+02
1.896996498107910156e+00 2.470000000000000195e+00 1.200000010430812836e-02 -8.100057373046875000e+02
2.008995771408081055e+00 2.459999999999999964e+00 1.200000010430812836e-02 -9.000549316406250000e+02
2.095081567764282227e+00 2.450000000000000178e+00 1.200000010430812836e-02 -9.901042480468750000e+02
2.211998462677001953e+00 2.439999999999999947e+00 1.200000010430812836e-02 -9.000549316406250000e+02
2.301998376846313477e+00 2.439999999999999947e+00 1.200000010430812836e-02 -7.199565429687500000e+02
2.409997224807739258e+00 2.419999999999999929e+00 1.200000010430812836e-02 -8.100057373046875000e+02
2.504001617431640625e+00 2.459999999999999964e+00 1.200000010430812836e-02 -9.000549316406250000e+02
2.595042228698730469e+00 2.490000000000000213e+00 1.200000010430812836e-02 -9.000549316406250000e+02
2.701996803283691406e+00 2.470000000000000195e+00 1.200000010430812836e-02 -1.079716308593750000e+03
2.793003559112548828e+00 2.450000000000000178e+00 1.200000010430812836e-02 -1.079716308593750000e+03
2.909998655319213867e+00 2.410000000000000142e+00 1.200000010430812836e-02 -9.901042480468750000e+02
2.995047330856323242e+00 2.450000000000000178e+00 1.200000010430812836e-02 -9.896671142578125000e+02
3.107996702194213867e+00 2.370000000000000107e+00 1.200000010430812836e-02 -1.080153442382812500e+03
3.201998472213745117e+00 2.370000000000000107e+00 1.200000010430812836e-02 -1.170202514648437500e+03
3.309996843338012695e+00 2.390000000000000124e+00 1.200000010430812836e-02 -1.169765380859375000e+03
3.399995565414428711e+00 2.359999999999999876e+00 1.200000010430812836e-02 -1.080153442382812500e+03
3.495035409927368164e+00 2.390000000000000124e+00 1.200000010430812836e-02 -9.901042480468750000e+02
3.603037834167480469e+00 2.430000000000000160e+00 1.200000010430812836e-02 -1.170202514648437500e+03
3.691996574401855469e+00 2.390000000000000124e+00 1.200000010430812836e-02 -1.260033203125000000e+03
3.809995412826538086e+00 2.390000000000000124e+00 1.200000010430812836e-02 -1.170202514648437500e+03
3.899042129516601562e+00 2.439999999999999947e+00 1.200000010430812836e-02 -1.260033203125000000e+03
4.007039546966552734e+00 2.359999999999999876e+00 1.200000010430812836e-02 -1.260033203125000000e+03
4.101998329162597656e+00 2.359999999999999876e+00 1.200000010430812836e-02 -1.169984008789062500e+03
4.199044466018676758e+00 2.430000000000000160e+00 1.200000010430812836e-02 -1.439913085937500000e+03
4.300000429153442383e+00 2.310000000000000053e+00 1.200000010430812836e-02 -1.439913085937500000e+03
4.394010543823242188e+00 2.299999999999999822e+00 1.200000010430812836e-02 -1.260033203125000000e+03
4.507039546966552734e+00 2.339999999999999858e+00 1.200000010430812836e-02 -8.100057373046875000e+02
4.591996908187866211e+00 2.399999999999999911e+00 1.200000010430812836e-02 -9.000549316406250000e+02
4.708995819091796875e+00 2.379999999999999893e+00 1.200000010430812836e-02 -8.998363647460937500e+02
4.799999713897705078e+00 2.479999999999999982e+00 1.200000010430812836e-02 -9.898856811523437500e+02
4.907043218612670898e+00 2.479999999999999982e+00 1.200000010430812836e-02 -1.169984008789062500e+03
4.997999429702758789e+00 2.359999999999999876e+00 1.200000010430812836e-02 -1.080153442382812500e+03
5.091997146606445312e+00 2.390000000000000124e+00 1.200000010430812836e-02 -9.898856811523437500e+02
5.199997901916503906e+00 2.379999999999999893e+00 1.200000010430812836e-02 -9.000549316406250000e+02
5.313021421432495117e+00 2.419999999999999929e+00 1.200000010430812836e-02 -7.200657958984375000e+02
5.407049417495727539e+00 2.359999999999999876e+00 1.200000010430812836e-02 -6.300166015625000000e+02
5.493030548095703125e+00 2.430000000000000160e+00 1.200000010430812836e-02 -6.299072875976562500e+02
5.604999065399169922e+00 2.500000000000000000e+00 1.200000010430812836e-02 -9.000549316406250000e+02
5.699997186660766602e+00 2.479999999999999982e+00 1.200000010430812836e-02 -9.899949340820312500e+02
5.807998180389404297e+00 2.410000000000000142e+00 1.200000010430812836e-02 -1.080044189453125000e+03
5.896997928619384766e+00 2.399999999999999911e+00 1.200000010430812836e-02 -1.079934814453125000e+03
5.991997003555297852e+00 2.339999999999999858e+00 1.200000010430812836e-02 -8.100057373046875000e+02
6.103998661041259766e+00 2.370000000000000107e+00 1.200000010430812836e-02 -3.599782714843750000e+02
6.211999177932739258e+00 2.680000000000000160e+00 1.200000010430812836e-02 -1.169984008789062500e+03
6.307045698165893555e+00 2.520000000000000018e+00 1.200000010430812836e-02 -1.080044189453125000e+03
6.396995782852172852e+00 2.339999999999999858e+00 1.200000010430812836e-02 -9.899949340820312500e+02
6.504999160766601562e+00 2.419999999999999929e+00 1.200000010430812836e-02 -8.100057373046875000e+02
6.599041938781738281e+00 2.379999999999999893e+00 1.200000010430812836e-02 -7.200111694335937500e+02
6.711999893188476562e+00 2.430000000000000160e+00 1.200000010430812836e-02 -6.300166015625000000e+02
6.796997308731079102e+00 2.419999999999999929e+00 1.200000010430812836e-02 0.000000000000000000e+00
6.887996673583984375e+00 1.370000000000000107e+00 1.200000010430812836e-02 0.000000000000000000e+00
7.005019664764404297e+00 1.540000000000000036e+00 1.200000010430812836e-02 0.000000000000000000e+00
7.111997127532958984e+00 1.729999999999999982e+00 1.200000010430812836e-02 0.000000000000000000e+00
7.203037023544311523e+00 1.050000000000000044e+00 1.200000010430812836e-02 0.000000000000000000e+00
7.297000646591186523e+00 4.799999999999999822e-01 1.200000010430812836e-02 0.000000000000000000e+00
7.404996395111083984e+00 5.600000000000000533e-01 3.799999877810478210e-02 1.620011474609375000e+03
7.495044231414794922e+00 2.229999999999999982e+00 3.799999877810478210e-02 2.610006347656250000e+03
7.611996173858642578e+00 2.580000000000000071e+00 3.799999877810478210e-02 2.430017089843750000e+03
7.697997093200683594e+00 2.669999999999999929e+00 3.799999877810478210e-02 2.070039062500000000e+03
7.809999465942382812e+00 2.609999999999999876e+00 3.799999877810478210e-02 1.800000610351562500e+03
7.904996633529663086e+00 2.629999999999999893e+00 3.799999877810478210e-02 1.440022338867187500e+03
8.013015031814575195e+00 2.560000000000000053e+00 3.799999877810478210e-02 1.439913085937500000e+03
8.101996660232543945e+00 2.529999999999999805e+00 3.799999877810478210e-02 1.620011474609375000e+03
8.196996688842773438e+00 2.580000000000000071e+00 3.799999877810478210e-02 1.439913085937500000e+03
8.308996438980102539e+00 2.569999999999999840e+00 3.799999877810478210e-02 1.439913085937500000e+03
8.395041465759277344e+00 2.569999999999999840e+00 3.799999877810478210e-02 1.350082397460937500e+03
8.511997461318969727e+00 2.580000000000000071e+00 3.799999877810478210e-02 1.169984008789062500e+03
8.601996421813964844e+00 2.589999999999999858e+00 3.799999877810478210e-02 9.000549316406250000e+02
8.710007905960083008e+00 2.600000000000000089e+00 3.799999877810478210e-02 8.100057373046875000e+02
8.804003477096557617e+00 2.490000000000000213e+00 3.799999877810478210e-02 9.000549316406250000e+02
8.895041465759277344e+00 2.529999999999999805e+00 3.799999877810478210e-02 9.000549316406250000e+02
9.001996517181396484e+00 2.490000000000000213e+00 3.799999877810478210e-02 1.080153442382812500e+03
9.093015670776367188e+00 2.520000000000000018e+00 3.799999877810478210e-02 1.169984008789062500e+03
9.209997892379760742e+00 2.569999999999999840e+00 3.799999877810478210e-02 1.169984008789062500e+03
9.295039892196655273e+00 2.580000000000000071e+00 3.799999877810478210e-02 9.000549316406250000e+02
9.407998561859130859e+00 2.569999999999999840e+00 3.799999877810478210e-02 9.898856811523437500e+02
9.501999139785766602e+00 2.560000000000000053e+00 3.799999877810478210e-02 1.079934814453125000e+03
9.609997272491455078e+00 2.540000000000000036e+00 3.799999877810478210e-02 1.260251708984375000e+03
9.700011968612670898e+00 2.520000000000000018e+00 3.799999877810478210e-02 1.349863891601562500e+03
9.795041322708129883e+00 2.529999999999999805e+00 3.799999877810478210e-02 1.440350219726562500e+03
9.903044939041137695e+00 2.589999999999999858e+00 3.799999877810478210e-02 1.349863891601562500e+03
1.001400494575500488e+01 2.609999999999999876e+00 3.799999877810478210e-02 9.901042480468750000e+02
1.010999631881713867e+01 2.609999999999999876e+00 3.799999877810478210e-02 9.000549316406250000e+02
1.019904351234436035e+01 2.490000000000000213e+00 3.799999877810478210e-02 1.169765380859375000e+03
1.030704665184020996e+01 2.529999999999999805e+00 3.799999877810478210e-02 1.350301025390625000e+03
1.040199828147888184e+01 2.540000000000000036e+00 3.799999877810478210e-02 1.259814575195312500e+03
1.049904227256774902e+01 2.600000000000000089e+00 3.799999877810478210e-02 1.260251708984375000e+03
1.059999990463256836e+01 2.620000000000000107e+00 3.799999877810478210e-02 1.170202514648437500e+03
1.069400787353515625e+01 2.580000000000000071e+00 3.799999877810478210e-02 9.000549316406250000e+02
1.080704522132873535e+01 2.549999999999999822e+00 3.799999877810478210e-02 9.896671142578125000e+02
1.089199948310852051e+01 2.529999999999999805e+00 3.799999877810478210e-02 1.170202514648437500e+03
1.100900077819824219e+01 2.560000000000000053e+00 3.799999877810478210e-02 1.079716308593750000e+03
1.109999799728393555e+01 2.540000000000000036e+00 3.799999877810478210e-02 1.260251708984375000e+03
1.120704841613769531e+01 2.580000000000000071e+00 3.799999877810478210e-02 1.080153442382812500e+03
1.129799842834472656e+01 2.569999999999999840e+00 3.799999877810478210e-02 9.896671142578125000e+02
1.139200210571289062e+01 2.560000000000000053e+00 3.799999877810478210e-02 1.079716308593750000e+03
1.149999737739562988e+01 2.509999999999999787e+00 3.799999877810478210e-02 1.079716308593750000e+03
1.161300110816955566e+01 2.529999999999999805e+00 3.799999877810478210e-02 8.996177978515625000e+02
1.170703554153442383e+01 2.580000000000000071e+00 3.799999877810478210e-02 9.000549316406250000e+02
1.180899643898010254e+01 2.560000000000000053e+00 3.799999877810478210e-02 8.100057373046875000e+02
1.190500116348266602e+01 2.520000000000000018e+00 3.799999877810478210e-02 9.000549316406250000e+02
1.199999809265136719e+01 2.509999999999999787e+00 3.799999877810478210e-02 9.901042480468750000e+02
1.210800004005432129e+01 2.569999999999999840e+00 3.799999877810478210e-02 1.080153442382812500e+03
1.219699621200561523e+01 2.520000000000000018e+00 3.799999877810478210e-02 1.080153442382812500e+03
1.231399846076965332e+01 2.490000000000000213e+00 3.799999877810478210e-02 1.169765380859375000e+03
1.240399956703186035e+01 2.609999999999999876e+00 3.799999877810478210e-02 1.080153442382812500e+03
1.251199626922607422e+01 2.589999999999999858e+00 3.799999877810478210e-02 8.100057373046875000e+02
1.260704827308654785e+01 2.600000000000000089e+00 3.799999877810478210e-02 6.303444213867187500e+02
1.269700074195861816e+01 2.569999999999999840e+00 3.799999877810478210e-02 3.601968383789062500e+02
1.280500245094299316e+01 2.560000000000000053e+00 3.799999877810478210e-02 1.800984191894531250e+02
1.289905691146850586e+01 2.560000000000000053e+00 3.799999877810478210e-02 1.800984191894531250e+02
1.301199889183044434e+01 2.310000000000000053e+00 3.799999877810478210e-02 1.800984191894531250e+02
1.309699630737304688e+01 2.270000000000000018e+00 3.799999877810478210e-02 0.000000000000000000e+00
1.321299767494201660e+01 2.129999999999999893e+00 3.799999877810478210e-02 0.000000000000000000e+00
1.330499887466430664e+01 2.290000000000000036e+00 3.799999877810478210e-02 0.000000000000000000e+00
1.341203045845031738e+01 3.680000000000000160e+00 3.799999877810478210e-02 0.000000000000000000e+00
1.350305056571960449e+01 4.519999999999999574e+00 1.200000010430812836e-02 -4.502460327148437500e+02
1.359699678421020508e+01 3.359999999999999876e+00 1.200000010430812836e-02 -1.620011474609375000e+03
1.370499897003173828e+01 2.549999999999999822e+00 1.200000010430812836e-02 -1.800109863281250000e+03
1.379503297805786133e+01 2.390000000000000124e+00 1.200000010430812836e-02 -1.890159179687500000e+03
1.391200137138366699e+01 2.379999999999999893e+00 1.200000010430812836e-02 -2.159869628906250000e+03
1.399799704551696777e+01 2.330000000000000071e+00 1.200000010430812836e-02 -1.979771362304687500e+03
1.410999631881713867e+01 2.319999999999999840e+00 1.200000010430812836e-02 -1.800109863281250000e+03
1.420499491691589355e+01 2.279999999999999805e+00 1.200000010430812836e-02 -1.529962280273437500e+03
1.431301236152648926e+01 2.330000000000000071e+00 1.200000010430812836e-02 -1.529962280273437500e+03
1.440199565887451172e+01 2.379999999999999893e+00 1.200000010430812836e-02 -1.620011474609375000e+03
1.449699974060058594e+01 2.359999999999999876e+00 1.200000010430812836e-02 -1.530399414062500000e+03
1.460899662971496582e+01 2.310000000000000053e+00 1.200000010430812836e-02 -1.439913085937500000e+03
1.469504213333129883e+01 2.410000000000000142e+00 1.200000010430812836e-02 -1.709623535156250000e+03
1.481199908256530762e+01 2.390000000000000124e+00 1.200000010430812836e-02 -1.800109863281250000e+03
1.490200042724609375e+01 2.359999999999999876e+00 1.200000010430812836e-02 -1.710060668945312500e+03
1.501000332832336426e+01 2.359999999999999876e+00 1.200000010430812836e-02 -1.620011474609375000e+03
1.510400772094726562e+01 2.370000000000000107e+00 1.200000010430812836e-02 -1.620011474609375000e+03
1.519504380226135254e+01 2.339999999999999858e+00 1.200000010430812836e-02 -1.710060668945312500e+03
1.530199575424194336e+01 2.370000000000000107e+00 1.200000010430812836e-02 -1.620011474609375000e+03
1.539300727844238281e+01 2.330000000000000071e+00 1.200000010430812836e-02 -1.620011474609375000e+03
1.551002621650695801e+01 2.390000000000000124e+00 1.200000010430812836e-02 -1.800109863281250000e+03
1.559504032135009766e+01 2.370000000000000107e+00 1.200000010430812836e-02 -1.889940673828125000e+03
1.570799922943115234e+01 2.330000000000000071e+00 1.200000010430812836e-02 -1.889940673828125000e+03
1.580199933052062988e+01 2.310000000000000053e+00 1.200000010430812836e-02 -1.710060668945312500e+03
1.590999841690063477e+01 2.290000000000000036e+00 1.200000010430812836e-02 -1.620011474609375000e+03
1.599999713897705078e+01 2.290000000000000036e+00 1.200000010430812836e-02 -1.620011474609375000e+03
1.609504604339599609e+01 2.350000000000000089e+00 1.200000010430812836e-02 -1.529962280273437500e+03
1.620303940773010254e+01 2.379999999999999893e+00 1.200000010430812836e-02 -1.620011474609375000e+03
1.629199957847595215e+01 2.359999999999999876e+00 1.200000010430812836e-02 -1.620011474609375000e+03
1.640999746322631836e+01 2.350000000000000089e+00 1.200000010430812836e-02 -1.439913085937500000e+03
1.649908208847045898e+01 2.330000000000000071e+00 1.200000010430812836e-02 -1.529962280273437500e+03
1.660704016685485840e+01 2.379999999999999893e+00 1.200000010430812836e-02 -1.439913085937500000e+03
1.670200037956237793e+01 2.370000000000000107e+00 1.200000010430812836e-02 -1.439913085937500000e+03
1.681300592422485352e+01 2.330000000000000071e+00 1.200000010430812836e-02 -1.260033203125000000e+03
1.690000033378601074e+01 2.319999999999999840e+00 1.200000010430812836e-02 -1.079934814453125000e+03
1.699400067329406738e+01 2.339999999999999858e+00 1.200000010430812836e-02 -8.999456787109375000e+02
1.710703611373901367e+01 2.399999999999999911e+00 1.200000010430812836e-02 -9.899949340820312500e+02
1.719905376434326172e+01 2.390000000000000124e+00 1.200000010430812836e-02 -8.100057373046875000e+02
1.730900025367736816e+01 2.479999999999999982e+00 1.200000010430812836e-02 -7.199565429687500000e+02
1.739999723434448242e+01 2.470000000000000195e+00 1.200000010430812836e-02 -9.899949340820312500e+02
1.750704884529113770e+01 2.520000000000000018e+00 1.200000010430812836e-02 -1.260033203125000000e+03
1.759799480438232422e+01 2.470000000000000195e+00 1.200000010430812836e-02 -1.440022338867187500e+03
1.769200038909912109e+01 2.290000000000000036e+00 1.200000010430812836e-02 -9.899949340820312500e+02
1.779999566078186035e+01 2.339999999999999858e+00 1.200000010430812836e-02 -8.099511108398437500e+02
1.791299748420715332e+01 1.959999999999999964e+00 1.200000010430812836e-02 0.000000000000000000e+00
1.800704312324523926e+01 1.520000000000000018e+00 1.200000010430812836e-02 0.000000000000000000e+00
1.809300255775451660e+01 1.120000000000000107e+00 1.200000010430812836e-02 0.000000000000000000e+00
1.820499706268310547e+01 5.600000000000000533e-01 1.200000010430812836e-02 0.000000000000000000e+00
1.829999971389770508e+01 1.260000000000000009e+00 3.799999877810478210e-02 1.530016845703125000e+03
1.840799856185913086e+01 2.470000000000000195e+00 3.799999877810478210e-02 1.439967651367187500e+03
1.849699687957763672e+01 2.600000000000000089e+00 3.799999877810478210e-02 1.349973144531250000e+03
1.859199810028076172e+01 2.549999999999999822e+00 3.799999877810478210e-02 1.529962280273437500e+03
1.870400190353393555e+01 2.450000000000000178e+00 3.799999877810478210e-02 2.070039062500000000e+03
1.881200885772705078e+01 2.520000000000000018e+00 3.799999877810478210e-02 2.070039062500000000e+03
1.890703821182250977e+01 2.600000000000000089e+00 3.799999877810478210e-02 1.889940673828125000e+03
1.899700689315795898e+01 2.569999999999999840e+00 3.799999877810478210e-02 1.709951416015625000e+03
1.910499835014343262e+01 2.549999999999999822e+00 3.799999877810478210e-02 1.799891357421875000e+03
1.919905304908752441e+01 2.580000000000000071e+00 3.799999877810478210e-02 1.890159179687500000e+03
1.931200027465820312e+01 2.549999999999999822e+00 3.799999877810478210e-02 2.070039062500000000e+03
1.939699769020080566e+01 2.529999999999999805e+00 3.799999877810478210e-02 1.979989868164062500e+03
1.948799872398376465e+01 2.600000000000000089e+00 3.799999877810478210e-02 2.249918945312500000e+03
1.960499787330627441e+01 2.589999999999999858e+00 3.799999877810478210e-02 1.800109863281250000e+03
1.971199846267700195e+01 2.589999999999999858e+00 3.799999877810478210e-02 1.979989868164062500e+03
1.980304026603698730e+01 2.560000000000000053e+00 3.799999877810478210e-02 1.979989868164062500e+03
1.989699816703796387e+01 2.569999999999999840e+00 3.799999877810478210e-02 1.890159179687500000e+03
2.000499749183654785e+01 2.529999999999999805e+00 3.799999877810478210e-02 2.070257568359375000e+03
2.009503793716430664e+01 2.520000000000000018e+00 3.799999877810478210e-02 2.519629150390625000e+03
2.021199727058410645e+01 2.529999999999999805e+00 3.799999877810478210e-02 2.610115478515625000e+03
2.029799628257751465e+01 2.589999999999999858e+00 3.799999877810478210e-02 2.520066406250000000e+03
2.040999960899353027e+01 2.609999999999999876e+00 3.799999877810478210e-02 2.339968017578125000e+03
2.050499629974365234e+01 2.629999999999999893e+00 3.799999877810478210e-02 2.069820556640625000e+03
2.061299920082092285e+01 2.629999999999999893e+00 3.799999877810478210e-02 1.800109863281250000e+03
2.070199656486511230e+01 2.649999999999999911e+00 3.799999877810478210e-02 1.800109863281250000e+03
2.079700088500976562e+01 2.649999999999999911e+00 3.799999877810478210e-02 1.349863891601562500e+03
2.090899515151977539e+01 2.609999999999999876e+00 3.799999877810478210e-02 1.079716308593750000e+03
2.099504375457763672e+01 2.569999999999999840e+00 3.799999877810478210e-02 1.259814575195312500e+03
2.111200571060180664e+01 2.430000000000000160e+00 3.799999877810478210e-02 2.070257568359375000e+03
2.120199608802795410e+01 2.520000000000000018e+00 3.799999877810478210e-02 1.710060668945312500e+03
2.130999660491943359e+01 2.580000000000000071e+00 3.799999877810478210e-02 1.530399414062500000e+03
2.140400218963623047e+01 2.600000000000000089e+00 3.799999877810478210e-02 1.530399414062500000e+03
2.149504375457763672e+01 2.600000000000000089e+00 3.799999877810478210e-02 1.259814575195312500e+03
2.160199666023254395e+01 2.560000000000000053e+00 3.799999877810478210e-02 1.170202514648437500e+03
2.169303369522094727e+01 2.549999999999999822e+00 3.799999877810478210e-02 1.349863891601562500e+03
2.181000065803527832e+01 2.540000000000000036e+00 3.799999877810478210e-02 1.350301025390625000e+03
2.189504075050354004e+01 2.620000000000000107e+00 3.799999877810478210e-02 0.000000000000000000e+00
2.200800037384033203e+01 2.859999999999999876e+00 3.799999877810478210e-02 0.000000000000000000e+00
2.210199666023254395e+01 2.720000000000000195e+00 3.799999877810478210e-02 0.000000000000000000e+00
2.220999836921691895e+01 2.350000000000000089e+00 3.799999877810478210e-02 0.000000000000000000e+00
2.229999709129333496e+01 4.110000000000000320e+00 3.799999877810478210e-02 0.000000000000000000e+00
2.239502978324890137e+01 4.660000000000000142e+00 1.200000010430812836e-02 -1.800984191894531250e+02
2.250305676460266113e+01 3.430000000000000160e+00 1.200000010430812836e-02 -2.160306884765625000e+03
2.259199810028076172e+01 2.479999999999999982e+00 1.200000010430812836e-02 -1.980208496093750000e+03
2.270999836921691895e+01 2.330000000000000071e+00 1.200000010430812836e-02 -2.159869628906250000e+03
2.279903769493103027e+01 2.470000000000000195e+00 1.200000010430812836e-02 -2.520066406250000000e+03
2.290706706047058105e+01 2.629999999999999893e+00 1.200000010430812836e-02 -2.699727783203125000e+03
2.300199890136718750e+01 2.629999999999999893e+00 1.200000010430812836e-02 -2.790214111328125000e+03
2.309904050827026367e+01 2.620000000000000107e+00 1.200000010430812836e-02 -2.969875244140625000e+03
2.320000076293945312e+01 2.540000000000000036e+00 1.200000010430812836e-02 -2.969875244140625000e+03
2.329400515556335449e+01 2.470000000000000195e+00 1.200000010430812836e-02 -2.520066406250000000e+03
2.340703558921813965e+01 2.549999999999999822e+00 1.200000010430812836e-02 -2.520066406250000000e+03
2.349199819564819336e+01 2.580000000000000071e+00 1.200000010430812836e-02 -2.520066406250000000e+03
2.360899901390075684e+01 2.569999999999999840e+00 1.200000010430812836e-02 -2.249918945312500000e+03
2.369999790191650391e+01 2.459999999999999964e+00 1.200000010430812836e-02 -2.159869628906250000e+03
2.380703830718994141e+01 2.500000000000000000e+00 1.200000010430812836e-02 -2.069820556640625000e+03
2.389799618721008301e+01 2.649999999999999911e+00 1.200000010430812836e-02 -2.250137451171875000e+03
2.399199986457824707e+01 2.609999999999999876e+00 1.200000010430812836e-02 -2.519847900390625000e+03
2.409999823570251465e+01 2.490000000000000213e+00 1.200000010430812836e-02 -2.249918945312500000e+03
2.421199774742126465e+01 2.540000000000000036e+00 1.200000010430812836e-02 -2.339968017578125000e+03
2.430704259872436523e+01 2.609999999999999876e+00 1.200000010430812836e-02 -2.249918945312500000e+03
2.439299845695495605e+01 2.589999999999999858e+00 1.200000010430812836e-02 -2.249918945312500000e+03
2.450499820709228516e+01 2.669999999999999929e+00 1.200000010430812836e-02 -2.610115478515625000e+03
2.459999966621398926e+01 2.669999999999999929e+00 1.200000010430812836e-02 -3.149973632812500000e+03
2.470799851417541504e+01 2.490000000000000213e+00 1.200000010430812836e-02 -2.699946289062500000e+03
2.479700136184692383e+01 2.359999999999999876e+00 1.200000010430812836e-02 -1.889940673828125000e+03
2.489199709892272949e+01 2.430000000000000160e+00 1.200000010430812836e-02 -1.800000610351562500e+03
2.500399899482727051e+01 2.470000000000000195e+00 1.200000010430812836e-02 -1.349973144531250000e+03
2.511199545860290527e+01 2.470000000000000195e+00 1.200000010430812836e-02 -1.169984008789062500e+03
2.520704483985900879e+01 2.609999999999999876e+00 1.200000010430812836e-02 -1.259978515625000000e+03
2.529699873924255371e+01 2.720000000000000195e+00 1.200000010430812836e-02 -1.529962280273437500e+03
2.540499424934387207e+01 1.820000000000000062e+00 3.799999877810478210e-02 0.000000000000000000e+00
2.549904918670654297e+01 2.629999999999999893e+00 3.799999877810478210e-02 0.000000000000000000e+00
2.561199784278869629e+01 2.859999999999999876e+00 3.799999877810478210e-02 0.000000000000000000e+00
2.569699835777282715e+01 2.600000000000000089e+00 3.799999877810478210e-02 8.999456787109375000e+01
2.579699563980102539e+01 2.330000000000000071e+00 3.799999877810478210e-02 1.079989501953125000e+03
2.590499925613403320e+01 2.310000000000000053e+00 3.799999877810478210e-02 1.710006103515625000e+03
2.601199936866760254e+01 2.479999999999999982e+00 3.799999877810478210e-02 1.889940673828125000e+03
2.610305333137512207e+01 2.620000000000000107e+00 3.799999877810478210e-02 1.710060668945312500e+03
2.619699764251708984e+01 2.470000000000000195e+00 3.799999877810478210e-02 2.069929687500000000e+03
2.630500006675720215e+01 2.430000000000000160e+00 3.799999877810478210e-02 2.519957031250000000e+03
2.639504122734069824e+01 2.500000000000000000e+00 3.799999877810478210e-02 2.879826171875000000e+03
2.651200056076049805e+01 2.529999999999999805e+00 3.799999877810478210e-02 3.149973632812500000e+03
2.659799599647521973e+01 2.529999999999999805e+00 3.799999877810478210e-02 3.059924560546875000e+03
2.670999622344970703e+01 2.540000000000000036e+00 3.799999877810478210e-02 3.149973632812500000e+03
2.680499720573425293e+01 2.589999999999999858e+00 3.799999877810478210e-02 3.059924560546875000e+03
2.691299986839294434e+01 2.569999999999999840e+00 3.799999877810478210e-02 2.880044677734375000e+03
2.700199627876281738e+01 2.629999999999999893e+00 3.799999877810478210e-02 2.879826171875000000e+03
2.709699749946594238e+01 2.549999999999999822e+00 3.799999877810478210e-02 2.879826171875000000e+03
2.720899868011474609e+01 2.520000000000000018e+00 3.799999877810478210e-02 2.879826171875000000e+03
2.729503989219665527e+01 2.600000000000000089e+00 3.799999877810478210e-02 2.969875244140625000e+03
2.741199874877929688e+01 2.609999999999999876e+00 3.799999877810478210e-02 2.790214111328125000e+03
2.750199651718139648e+01 2.629999999999999893e+00 3.799999877810478210e-02 2.430017089843750000e+03
2.760999584197998047e+01 2.609999999999999876e+00 3.799999877810478210e-02 2.339968017578125000e+03
2.770400214195251465e+01 2.549999999999999822e+00 3.799999877810478210e-02 2.520066406250000000e+03
2.779504585266113281e+01 2.600000000000000089e+00 3.799999877810478210e-02 2.339968017578125000e+03
2.790199661254882812e+01 2.529999999999999805e+00 3.799999877810478210e-02 2.160306884765625000e+03
2.799300312995910645e+01 2.609999999999999876e+00 3.799999877810478210e-02 1.890159179687500000e+03
2.810999679565429688e+01 2.689999999999999947e+00 3.799999877810478210e-02 1.259814575195312500e+03
2.819504642486572266e+01 2.620000000000000107e+00 3.799999877810478210e-02 1.170202514648437500e+03
2.830799984931945801e+01 2.509999999999999787e+00 3.799999877810478210e-02 1.260251708984375000e+03
2.840199661254882812e+01 2.540000000000000036e+00 3.799999877810478210e-02 1.439913085937500000e+03
2.850999760627746582e+01 2.439999999999999947e+00 3.799999877810478210e-02 1.890159179687500000e+03
2.859999704360961914e+01 2.799999999999999822e+00 1.200000010430812836e-02 -1.800984191894531250e+02
2.869505143165588379e+01 2.600000000000000089e+00 1.200000010430812836e-02 0.000000000000000000e+00
2.880305147171020508e+01 2.229999999999999982e+00 1.200000010430812836e-02 0.000000000000000000e+00
2.889198994636535645e+01 1.969999999999999973e+00 1.200000010430812836e-02 0.000000000000000000e+00
2.901001548767089844e+01 1.830000000000000071e+00 1.200000010430812836e-02 0.000000000000000000e+00
2.909906077384948730e+01 1.679999999999999938e+00 1.200000010430812836e-02 0.000000000000000000e+00
2.920705389976501465e+01 1.610000000000000098e+00 1.200000010430812836e-02 0.000000000000000000e+00
2.930201363563537598e+01 1.590000000000000080e+00 1.200000010430812836e-02 0.000000000000000000e+00
2.939904522895812988e+01 1.570000000000000062e+00 1.200000010430812836e-02 0.000000000000000000e+00
2.949999785423278809e+01 1.550000000000000044e+00 1.200000010430812836e-02 0.000000000000000000e+00
2.959400153160095215e+01 1.530000000000000027e+00 1.200000010430812836e-02 0.000000000000000000e+00
2.970703315734863281e+01 1.520000000000000018e+00 1.200000010430812836e-02 0.000000000000000000e+00
2.979199743270874023e+01 1.510000000000000009e+00 1.200000010430812836e-02 0.000000000000000000e+00
2.990899944305419922e+01 1.489999999999999991e+00 1.200000010430812836e-02 0.000000000000000000e+00
