6.893658638000488281e-02 1.149999999999999911e+00 2.500000037252902985e-02 0.000000000000000000e+00
1.639032363891601562e-01 1.149999999999999911e+00 2.500000037252902985e-02 0.000000000000000000e+00
2.689046859741210938e-01 1.149999999999999911e+00 2.500000037252902985e-02 0.000000000000000000e+00
3.579010963439941406e-01 1.149999999999999911e+00 2.500000037252902985e-02 0.000000000000000000e+00
4.529075622558593750e-01 1.149999999999999911e+00 2.500000037252902985e-02 0.000000000000000000e+00
5.669155120849609375e-01 1.189999999999999947e+00 2.500000037252902985e-02 0.000000000000000000e+00
6.579017639160156250e-01 1.229999999999999982e+00 2.500000037252902985e-02 0.000000000000000000e+00
7.679011821746826172e-01 1.149999999999999911e+00 2.500000037252902985e-02 0.000000000000000000e+00
8.578963279724121094e-01 1.250000000000000000e+00 2.500000037252902985e-02 0.000000000000000000e+00
9.689028263092041016e-01 1.350000000000000089e+00 2.500000037252902985e-02 0.000000000000000000e+00
1.060903310775756836e+00 1.250000000000000000e+00 2.500000037252902985e-02 0.000000000000000000e+00
1.151901721954345703e+00 1.330000000000000071e+00 2.500000037252902985e-02 0.000000000000000000e+00
1.262904882431030273e+00 1.770000000000000018e+00 2.500000037252902985e-02 0.000000000000000000e+00
1.352902412414550781e+00 2.399999999999999911e+00 2.500000037252902985e-02 -8.999968719482421875e+01
1.464902639389038086e+00 3.049999999999999822e+00 2.500000037252902985e-02 -3.599999694824218750e+02
1.552901029586791992e+00 3.569999999999999840e+00 2.500000037252902985e-02 -2.700007934570312500e+02
1.660893201828002930e+00 3.669999999999999929e+00 2.500000037252902985e-02 0.000000000000000000e+00
1.754903554916381836e+00 3.959999999999999964e+00 2.500000037252902985e-02 -5.399981689453125000e+02
1.862902879714965820e+00 4.250000000000000000e+00 2.500000037252902985e-02 -7.199974975585937500e+02
1.952904939651489258e+00 4.059999999999999609e+00 2.500000037252902985e-02 -6.300029296875000000e+02
2.047893524169921875e+00 3.970000000000000195e+00 2.500000037252902985e-02 -7.200111694335937500e+02
2.155900239944458008e+00 3.959999999999999964e+00 2.500000037252902985e-02 -4.500001525878906250e+02
2.267892599105834961e+00 3.859999999999999876e+00 2.500000037252902985e-02 -4.500001525878906250e+02
2.362901210784912109e+00 4.019999999999999574e+00 2.500000037252902985e-02 -5.400220947265625000e+02
2.451894044876098633e+00 4.000000000000000000e+00 2.500000037252902985e-02 -6.300166015625000000e+02
2.559900522232055664e+00 4.080000000000000071e+00 2.500000037252902985e-02 -6.300166015625000000e+02
2.654908895492553711e+00 4.009999999999999787e+00 2.500000037252902985e-02 -4.499728393554687500e+02
2.766904354095458984e+00 3.959999999999999964e+00 2.500000037252902985e-02 -3.600328979492187500e+02
2.852900981903076172e+00 3.959999999999999964e+00 2.500000037252902985e-02 -6.299619750976562500e+02
2.946905136108398438e+00 4.009999999999999787e+00 2.500000037252902985e-02 -6.299619750976562500e+02
3.059900999069213867e+00 4.000000000000000000e+00 2.500000037252902985e-02 -6.300166015625000000e+02
3.167900562286376953e+00 3.950000000000000178e+00 2.500000037252902985e-02 -7.200111694335937500e+02
3.261900663375854492e+00 4.009999999999999787e+00 2.500000037252902985e-02 -5.399674072265625000e+02
3.352901458740234375e+00 3.979999999999999982e+00 2.500000037252902985e-02 -4.500274658203125000e+02
3.459900856018066406e+00 3.890000000000000124e+00 2.500000037252902985e-02 -4.500274658203125000e+02
3.550904750823974609e+00 3.970000000000000195e+00 2.500000037252902985e-02 -5.399674072265625000e+02
3.667907238006591797e+00 4.009999999999999787e+00 2.500000037252902985e-02 -6.300166015625000000e+02
3.752900600433349609e+00 4.040000000000000036e+00 2.500000037252902985e-02 -6.300166015625000000e+02
3.865908384323120117e+00 3.939999999999999947e+00 2.500000037252902985e-02 -6.299072875976562500e+02
3.959907531738281250e+00 4.009999999999999787e+00 2.500000037252902985e-02 -6.300166015625000000e+02
4.067897319793701172e+00 4.030000000000000249e+00 2.500000037252902985e-02 -6.300166015625000000e+02
4.157897949218750000e+00 3.919999999999999929e+00 2.500000037252902985e-02 -5.399674072265625000e+02
4.252903461456298828e+00 3.930000000000000160e+00 2.500000037252902985e-02 -5.399674072265625000e+02
4.360906124114990234e+00 3.939999999999999947e+00 2.500000037252902985e-02 -6.299072875976562500e+02
4.449901580810546875e+00 3.950000000000000178e+00 2.500000037252902985e-02 -7.200657958984375000e+02
4.567894220352172852e+00 3.959999999999999964e+00 2.500000037252902985e-02 -6.300166015625000000e+02
4.656905412673950195e+00 3.959999999999999964e+00 2.500000037252902985e-02 -6.300166015625000000e+02
4.764907836914062500e+00 3.959999999999999964e+00 2.500000037252902985e-02 -5.399674072265625000e+02
4.859989881515502930e+00 3.939999999999999947e+00 2.500000037252902985e-02 -6.300166015625000000e+02
4.949893951416015625e+00 4.019999999999999574e+00 2.500000037252902985e-02 -7.199565429687500000e+02
5.057901859283447266e+00 3.939999999999999947e+00 2.500000037252902985e-02 -6.299072875976562500e+02
5.151902914047241211e+00 4.019999999999999574e+00 2.500000037252902985e-02 -6.299072875976562500e+02
5.264903068542480469e+00 3.990000000000000213e+00 2.500000037252902985e-02 -6.299072875976562500e+02
5.349901437759399414e+00 3.959999999999999964e+00 2.500000037252902985e-02 -7.199565429687500000e+02
5.466905593872070312e+00 3.930000000000000160e+00 2.500000037252902985e-02 -6.301258544921875000e+02
5.557900428771972656e+00 3.910000000000000142e+00 2.500000037252902985e-02 -5.400767211914062500e+02
5.664901733398437500e+00 3.930000000000000160e+00 2.500000037252902985e-02 -7.199565429687500000e+02
5.755912303924560547e+00 4.099999999999999645e+00 2.500000037252902985e-02 -9.000549316406250000e+02
5.849901199340820312e+00 4.040000000000000036e+00 2.500000037252902985e-02 -9.000549316406250000e+02
5.957904338836669922e+00 3.959999999999999964e+00 2.500000037252902985e-02 -8.998363647460937500e+02
6.047905683517456055e+00 3.879999999999999893e+00 2.500000037252902985e-02 -8.100057373046875000e+02
6.164915800094604492e+00 3.950000000000000178e+00 2.500000037252902985e-02 -8.100057373046875000e+02
6.250902414321899414e+00 3.910000000000000142e+00 2.500000037252902985e-02 -7.201751098632812500e+02
6.362997531890869141e+00 3.879999999999999893e+00 2.500000037252902985e-02 -8.100057373046875000e+02
6.457997560501098633e+00 3.939999999999999947e+00 2.500000037252902985e-02 -6.301258544921875000e+02
6.566003561019897461e+00 3.870000000000000107e+00 2.500000037252902985e-02 -5.398581542968750000e+02
6.654918909072875977e+00 3.950000000000000178e+00 2.500000037252902985e-02 -7.201751098632812500e+02
6.749918937683105469e+00 3.950000000000000178e+00 2.500000037252902985e-02 -8.100057373046875000e+02
6.861904621124267578e+00 3.950000000000000178e+00 2.500000037252902985e-02 -4.500274658203125000e+02
6.947906255722045898e+00 3.890000000000000124e+00 2.500000037252902985e-02 -4.500274658203125000e+02
7.064903974533081055e+00 3.930000000000000160e+00 2.500000037252902985e-02 -4.500274658203125000e+02
7.154903411865234375e+00 3.970000000000000195e+00 2.500000037252902985e-02 -3.599782714843750000e+02
7.262904644012451172e+00 4.009999999999999787e+00 2.500000037252902985e-02 -5.398581542968750000e+02
7.356904745101928711e+00 4.009999999999999787e+00 2.500000037252902985e-02 -5.398581542968750000e+02
7.447901964187622070e+00 3.959999999999999964e+00 2.500000037252902985e-02 -5.400767211914062500e+02
7.554904222488403320e+00 3.979999999999999982e+00 2.500000037252902985e-02 -5.400767211914062500e+02
7.645896673202514648e+00 4.019999999999999574e+00 2.500000037252902985e-02 -4.500274658203125000e+02
7.762911319732666016e+00 4.000000000000000000e+00 2.500000037252902985e-02 -6.299072875976562500e+02
7.847901821136474609e+00 3.979999999999999982e+00 2.500000037252902985e-02 -6.299072875976562500e+02
7.960901498794555664e+00 4.000000000000000000e+00 2.500000037252902985e-02 -4.502460327148437500e+02
8.054901838302612305e+00 3.950000000000000178e+00 2.500000037252902985e-02 -5.402952880859375000e+02
8.162902832031250000e+00 3.970000000000000195e+00 2.500000037252902985e-02 -3.601968383789062500e+02
8.252900838851928711e+00 3.959999999999999964e+00 2.500000037252902985e-02 -1.796612854003906250e+02
8.347900867462158203e+00 4.030000000000000249e+00 2.500000037252902985e-02 -9.004920959472656250e+01
8.455910205841064453e+00 4.019999999999999574e+00 2.500000037252902985e-02 -1.796612854003906250e+02
8.567902088165283203e+00 4.110000000000000320e+00 2.500000037252902985e-02 -4.498088989257812500e+02
8.662903070449829102e+00 4.150000000000000355e+00 2.500000037252902985e-02 -5.398581542968750000e+02
8.751902580261230469e+00 4.009999999999999787e+00 2.500000037252902985e-02 -6.299072875976562500e+02
8.859905004501342773e+00 3.939999999999999947e+00 2.500000037252902985e-02 -6.299072875976562500e+02
8.954907894134521484e+00 3.899999999999999911e+00 2.500000037252902985e-02 -5.398581542968750000e+02
9.066907405853271484e+00 3.879999999999999893e+00 2.500000037252902985e-02 -4.498088989257812500e+02
9.152898073196411133e+00 3.910000000000000142e+00 2.500000037252902985e-02 -3.601968383789062500e+02
9.246906518936157227e+00 3.910000000000000142e+00 2.500000037252902985e-02 -2.697105102539062500e+02
9.359905481338500977e+00 3.950000000000000178e+00 2.500000037252902985e-02 -2.701476440429687500e+02
9.467905282974243164e+00 4.110000000000000320e+00 2.500000037252902985e-02 -4.498088989257812500e+02
9.561906337738037109e+00 4.129999999999999893e+00 2.500000037252902985e-02 -5.398581542968750000e+02
9.652900934219360352e+00 4.070000000000000284e+00 2.500000037252902985e-02 -4.498088989257812500e+02
9.759901762008666992e+00 3.979999999999999982e+00 2.500000037252902985e-02 -5.398581542968750000e+02
9.850901842117309570e+00 3.930000000000000160e+00 2.500000037252902985e-02 -4.502460327148437500e+02
9.967905044555664062e+00 3.990000000000000213e+00 2.500000037252902985e-02 -4.502460327148437500e+02
1.005290699005126953e+01 4.019999999999999574e+00 2.500000037252902985e-02 -3.597597045898437500e+02
1.016591811180114746e+01 3.970000000000000195e+00 2.500000037252902985e-02 -5.398581542968750000e+02
1.025990581512451172e+01 4.009999999999999787e+00 2.500000037252902985e-02 -5.398581542968750000e+02
1.036790800094604492e+01 4.080000000000000071e+00 2.500000037252902985e-02 -5.398581542968750000e+02
1.045789766311645508e+01 4.000000000000000000e+00 2.500000037252902985e-02 -4.498088989257812500e+02
1.055289793014526367e+01 3.970000000000000195e+00 2.500000037252902985e-02 -4.502460327148437500e+02
1.066090583801269531e+01 3.930000000000000160e+00 2.500000037252902985e-02 -3.597597045898437500e+02
1.074990582466125488e+01 4.080000000000000071e+00 2.500000037252902985e-02 -3.601968383789062500e+02
1.086790609359741211e+01 4.009999999999999787e+00 2.500000037252902985e-02 -5.398581542968750000e+02
1.095690035820007324e+01 4.059999999999999609e+00 2.500000037252902985e-02 -6.299072875976562500e+02
1.106489634513854980e+01 4.019999999999999574e+00 2.500000037252902985e-02 -4.498088989257812500e+02
1.115990424156188965e+01 3.990000000000000213e+00 2.500000037252902985e-02 -4.502460327148437500e+02
1.124990200996398926e+01 3.930000000000000160e+00 2.500000037252902985e-02 -6.299072875976562500e+02
1.135790228843688965e+01 3.950000000000000178e+00 2.500000037252902985e-02 -6.299072875976562500e+02
1.145191216468811035e+01 3.970000000000000195e+00 2.500000037252902985e-02 -4.502460327148437500e+02
1.156489968299865723e+01 3.899999999999999911e+00 2.500000037252902985e-02 -3.601968383789062500e+02
1.164998316764831543e+01 3.899999999999999911e+00 2.500000037252902985e-02 -4.502460327148437500e+02
1.176698660850524902e+01 3.970000000000000195e+00 2.500000037252902985e-02 -4.502460327148437500e+02
1.185798573493957520e+01 3.959999999999999964e+00 2.500000037252902985e-02 -3.597597045898437500e+02
1.196489572525024414e+01 3.910000000000000142e+00 2.500000037252902985e-02 -3.597597045898437500e+02
1.205590128898620605e+01 4.030000000000000249e+00 2.500000037252902985e-02 -5.398581542968750000e+02
1.214990305900573730e+01 4.009999999999999787e+00 2.500000037252902985e-02 -8.100057373046875000e+02
1.225790023803710938e+01 4.040000000000000036e+00 2.500000037252902985e-02 -7.199565429687500000e+02
1.234790372848510742e+01 3.930000000000000160e+00 2.500000037252902985e-02 -6.299072875976562500e+02
1.246490192413330078e+01 3.899999999999999911e+00 2.500000037252902985e-02 -5.398581542968750000e+02
1.255090236663818359e+01 3.990000000000000213e+00 2.500000037252902985e-02 -5.402952880859375000e+02
1.266290378570556641e+01 3.970000000000000195e+00 2.500000037252902985e-02 -5.402952880859375000e+02
1.275789403915405273e+01 3.930000000000000160e+00 2.500000037252902985e-02 -4.502460327148437500e+02
1.286590719223022461e+01 3.910000000000000142e+00 2.500000037252902985e-02 -6.303444213867187500e+02
1.295490241050720215e+01 3.950000000000000178e+00 2.500000037252902985e-02 -5.398581542968750000e+02
1.304990243911743164e+01 3.959999999999999964e+00 2.500000037252902985e-02 -6.303444213867187500e+02
1.316190242767333984e+01 4.059999999999999609e+00 2.500000037252902985e-02 -4.498088989257812500e+02
1.324790167808532715e+01 3.950000000000000178e+00 2.500000037252902985e-02 -3.597597045898437500e+02
1.336490130424499512e+01 3.979999999999999982e+00 2.500000037252902985e-02 -4.498088989257812500e+02
1.345490312576293945e+01 4.030000000000000249e+00 2.500000037252902985e-02 -6.299072875976562500e+02
1.356290769577026367e+01 4.080000000000000071e+00 2.500000037252902985e-02 0.000000000000000000e+00
1.365690779685974121e+01 3.390000000000000124e+00 2.500000037252902985e-02 0.000000000000000000e+00
1.374790287017822266e+01 3.310000000000000053e+00 2.500000037252902985e-02 0.000000000000000000e+00
1.385490274429321289e+01 3.459999999999999964e+00 2.500000037252902985e-02 0.000000000000000000e+00
1.394590687751770020e+01 3.589999999999999858e+00 2.500000037252902985e-02 0.000000000000000000e+00
1.406290245056152344e+01 3.330000000000000071e+00 2.500000037252902985e-02 8.961207580566406250e+01
1.414790153503417969e+01 2.609999999999999876e+00 2.500000037252902985e-02 5.398581542968750000e+02
1.426090192794799805e+01 1.439999999999999947e+00 2.500000037252902985e-02 6.299072875976562500e+02
1.435490345954895020e+01 1.379999999999999893e+00 2.500000037252902985e-02 1.800984191894531250e+02
1.446289467811584473e+01 1.530000000000000027e+00 2.500000037252902985e-02 0.000000000000000000e+00
1.455289316177368164e+01 1.590000000000000080e+00 2.500000037252902985e-02 8.961207580566406250e+01
1.464790272712707520e+01 1.419999999999999929e+00 2.500000037252902985e-02 2.697105102539062500e+02
1.475590610504150391e+01 1.419999999999999929e+00 2.500000037252902985e-02 3.601968383789062500e+02
1.486790323257446289e+01 1.350000000000000089e+00 2.500000037252902985e-02 3.601968383789062500e+02
1.496290230751037598e+01 1.419999999999999929e+00 2.500000037252902985e-02 2.697105102539062500e+02
1.505189371109008789e+01 1.409999999999999920e+00 2.500000037252902985e-02 4.502460327148437500e+02
1.515990042686462402e+01 1.379999999999999893e+00 2.500000037252902985e-02 5.398581542968750000e+02
1.525490379333496094e+01 1.429999999999999938e+00 2.500000037252902985e-02 5.398581542968750000e+02
1.536690664291381836e+01 1.419999999999999929e+00 2.500000037252902985e-02 5.402952880859375000e+02
1.545290040969848633e+01 1.379999999999999893e+00 2.500000037252902985e-02 5.398581542968750000e+02
1.554690480232238770e+01 1.439999999999999947e+00 2.500000037252902985e-02 6.303444213867187500e+02
1.565990114212036133e+01 1.409999999999999920e+00 2.500000037252902985e-02 4.502460327148437500e+02
1.576790165901184082e+01 1.409999999999999920e+00 2.500000037252902985e-02 4.498088989257812500e+02
1.586190724372863770e+01 1.459999999999999964e+00 2.500000037252902985e-02 4.502460327148437500e+02
1.595290160179138184e+01 1.439999999999999947e+00 2.500000037252902985e-02 5.398581542968750000e+02
1.605990052223205566e+01 1.419999999999999929e+00 2.500000037252902985e-02 5.402952880859375000e+02
1.615090322494506836e+01 1.419999999999999929e+00 2.500000037252902985e-02 3.601968383789062500e+02
1.626790094375610352e+01 1.459999999999999964e+00 2.500000037252902985e-02 6.299072875976562500e+02
1.635290145874023438e+01 1.399999999999999911e+00 2.500000037252902985e-02 6.299072875976562500e+02
1.646590805053710938e+01 1.399999999999999911e+00 2.500000037252902985e-02 6.299072875976562500e+02
1.655990266799926758e+01 1.389999999999999902e+00 2.500000037252902985e-02 7.199565429687500000e+02
1.666790223121643066e+01 1.429999999999999938e+00 2.500000037252902985e-02 8.100057373046875000e+02
1.675789427757263184e+01 1.429999999999999938e+00 2.500000037252902985e-02 8.100057373046875000e+02
1.685290098190307617e+01 1.459999999999999964e+00 2.500000037252902985e-02 8.100057373046875000e+02
1.696090149879455566e+01 1.409999999999999920e+00 2.500000037252902985e-02 7.199565429687500000e+02
1.704989457130432129e+01 1.449999999999999956e+00 2.500000037252902985e-02 6.299072875976562500e+02
1.716790246963500977e+01 1.489999999999999991e+00 2.500000037252902985e-02 6.299072875976562500e+02
1.725690340995788574e+01 1.439999999999999947e+00 2.500000037252902985e-02 5.402952880859375000e+02
1.736490321159362793e+01 1.449999999999999956e+00 2.500000037252902985e-02 5.398581542968750000e+02
1.745990204811096191e+01 1.399999999999999911e+00 2.500000037252902985e-02 7.203936767578125000e+02
1.754990196228027344e+01 1.389999999999999902e+00 2.500000037252902985e-02 8.100057373046875000e+02
1.765790176391601562e+01 1.439999999999999947e+00 2.500000037252902985e-02 8.100057373046875000e+02
1.775190305709838867e+01 1.439999999999999947e+00 2.500000037252902985e-02 9.000549316406250000e+02
1.786489415168762207e+01 1.419999999999999929e+00 2.500000037252902985e-02 6.299072875976562500e+02
1.794990134239196777e+01 1.479999999999999982e+00 2.500000037252902985e-02 5.398581542968750000e+02
1.806689739227294922e+01 1.429999999999999938e+00 2.500000037252902985e-02 9.000549316406250000e+02
1.815790152549743652e+01 1.409999999999999920e+00 2.500000037252902985e-02 8.100057373046875000e+02
1.826490616798400879e+01 1.419999999999999929e+00 2.500000037252902985e-02 8.100057373046875000e+02
1.835590577125549316e+01 1.449999999999999956e+00 2.500000037252902985e-02 8.100057373046875000e+02
1.844990229606628418e+01 1.449999999999999956e+00 2.500000037252902985e-02 7.199565429687500000e+02
1.855790138244628906e+01 1.469999999999999973e+00 2.500000037252902985e-02 5.398581542968750000e+02
1.864789390563964844e+01 1.530000000000000027e+00 2.500000037252902985e-02 4.502460327148437500e+02
1.876499533653259277e+01 1.459999999999999964e+00 2.500000037252902985e-02 3.601968383789062500e+02
1.885100054740905762e+01 1.439999999999999947e+00 2.500000037252902985e-02 4.498088989257812500e+02
1.896298575401306152e+01 1.419999999999999929e+00 2.500000037252902985e-02 5.402952880859375000e+02
1.905799508094787598e+01 1.419999999999999929e+00 2.500000037252902985e-02 6.303444213867187500e+02
1.916590547561645508e+01 1.409999999999999920e+00 2.500000037252902985e-02 5.400767211914062500e+02
1.925490307807922363e+01 1.429999999999999938e+00 2.500000037252902985e-02 5.398581542968750000e+02
1.934990310668945312e+01 1.459999999999999964e+00 2.500000037252902985e-02 6.299072875976562500e+02
1.946190190315246582e+01 1.449999999999999956e+00 2.500000037252902985e-02 8.100057373046875000e+02
1.954789686203002930e+01 1.389999999999999902e+00 2.500000037252902985e-02 8.100057373046875000e+02
1.966490745544433594e+01 1.439999999999999947e+00 2.500000037252902985e-02 6.299072875976562500e+02
1.975490522384643555e+01 1.419999999999999929e+00 2.500000037252902985e-02 6.301258544921875000e+02
1.986290478706359863e+01 1.459999999999999964e+00 2.500000037252902985e-02 6.299072875976562500e+02
1.995691657066345215e+01 1.449999999999999956e+00 2.500000037252902985e-02 5.400767211914062500e+02
2.004799532890319824e+01 1.429999999999999938e+00 2.500000037252902985e-02 5.400767211914062500e+02
2.015498232841491699e+01 1.459999999999999964e+00 2.500000037252902985e-02 7.199565429687500000e+02
2.024590420722961426e+01 1.399999999999999911e+00 2.500000037252902985e-02 7.201751098632812500e+02
2.036290383338928223e+01 1.389999999999999902e+00 2.500000037252902985e-02 7.199565429687500000e+02
2.044790148735046387e+01 1.459999999999999964e+00 2.500000037252902985e-02 7.199565429687500000e+02
2.056089329719543457e+01 1.449999999999999956e+00 2.500000037252902985e-02 8.100057373046875000e+02
2.065490341186523438e+01 1.399999999999999911e+00 2.500000037252902985e-02 8.100057373046875000e+02
2.076290249824523926e+01 1.419999999999999929e+00 2.500000037252902985e-02 7.199565429687500000e+02
2.085290169715881348e+01 1.469999999999999973e+00 2.500000037252902985e-02 5.400767211914062500e+02
2.094790172576904297e+01 1.530000000000000027e+00 2.500000037252902985e-02 3.601968383789062500e+02
2.105590629577636719e+01 1.439999999999999947e+00 2.500000037252902985e-02 4.500274658203125000e+02
2.116790485382080078e+01 1.350000000000000089e+00 2.500000037252902985e-02 6.301258544921875000e+02
2.126289510726928711e+01 1.419999999999999929e+00 2.500000037252902985e-02 6.299072875976562500e+02
2.135190296173095703e+01 1.419999999999999929e+00 2.500000037252902985e-02 6.299072875976562500e+02
2.145990157127380371e+01 1.429999999999999938e+00 2.500000037252902985e-02 6.299072875976562500e+02
2.155490541458129883e+01 1.459999999999999964e+00 2.500000037252902985e-02 6.299072875976562500e+02
2.166691088676452637e+01 1.459999999999999964e+00 2.500000037252902985e-02 8.100057373046875000e+02
2.175289511680603027e+01 1.370000000000000107e+00 2.500000037252902985e-02 7.201751098632812500e+02
2.184690594673156738e+01 1.429999999999999938e+00 2.500000037252902985e-02 7.199565429687500000e+02
2.195990180969238281e+01 1.449999999999999956e+00 2.500000037252902985e-02 5.398581542968750000e+02
2.206790280342102051e+01 1.479999999999999982e+00 2.500000037252902985e-02 4.500274658203125000e+02
2.216191148757934570e+01 1.479999999999999982e+00 2.500000037252902985e-02 5.399674072265625000e+02
2.225290203094482422e+01 1.429999999999999938e+00 2.500000037252902985e-02 5.399674072265625000e+02
2.235990023612976074e+01 1.419999999999999929e+00 2.500000037252902985e-02 5.399674072265625000e+02
2.245089530944824219e+01 1.449999999999999956e+00 2.500000037252902985e-02 4.500274658203125000e+02
2.256789350509643555e+01 1.459999999999999964e+00 2.500000037252902985e-02 2.700383605957031250e+02
2.265290188789367676e+01 1.419999999999999929e+00 2.500000037252902985e-02 3.599782714843750000e+02
2.276590871810913086e+01 1.459999999999999964e+00 2.500000037252902985e-02 5.399674072265625000e+02
2.285989379882812500e+01 1.419999999999999929e+00 2.500000037252902985e-02 6.299072875976562500e+02
2.296789503097534180e+01 1.379999999999999893e+00 2.500000037252902985e-02 6.300166015625000000e+02
2.305790448188781738e+01 1.409999999999999920e+00 2.500000037252902985e-02 5.399674072265625000e+02
2.315290069580078125e+01 1.469999999999999973e+00 2.500000037252902985e-02 4.499181823730468750e+02
2.326089382171630859e+01 1.439999999999999947e+00 2.500000037252902985e-02 3.599782714843750000e+02
2.334989404678344727e+01 1.449999999999999956e+00 2.500000037252902985e-02 2.699290771484375000e+02
2.346790170669555664e+01 1.429999999999999938e+00 2.500000037252902985e-02 4.500274658203125000e+02
2.355689620971679688e+01 1.409999999999999920e+00 2.500000037252902985e-02 6.300166015625000000e+02
2.366489315032958984e+01 1.409999999999999920e+00 2.500000037252902985e-02 4.499181823730468750e+02
2.375990152359008789e+01 1.439999999999999947e+00 2.500000037252902985e-02 3.599782714843750000e+02
2.384994006156921387e+01 1.439999999999999947e+00 2.500000037252902985e-02 2.699290771484375000e+02
2.395790314674377441e+01 1.489999999999999991e+00 2.500000037252902985e-02 3.599782714843750000e+02
2.405199241638183594e+01 1.429999999999999938e+00 2.500000037252902985e-02 1.800437774658203125e+02
2.416499614715576172e+01 1.389999999999999902e+00 2.500000037252902985e-02 0.000000000000000000e+00
2.424990415573120117e+01 1.429999999999999938e+00 2.500000037252902985e-02 0.000000000000000000e+00
2.436690497398376465e+01 1.389999999999999902e+00 2.500000037252902985e-02 1.799891357421875000e+02
2.445791339874267578e+01 1.360000000000000098e+00 2.500000037252902985e-02 2.699837036132812500e+02
2.456490135192871094e+01 1.370000000000000107e+00 2.500000037252902985e-02 5.400220947265625000e+02
2.465590715408325195e+01 1.300000000000000044e+00 2.500000037252902985e-02 6.300166015625000000e+02
2.474990105628967285e+01 1.429999999999999938e+00 2.500000037252902985e-02 4.499728393554687500e+02
2.485791134834289551e+01 1.510000000000000009e+00 2.500000037252902985e-02 3.600328979492187500e+02
2.494790124893188477e+01 1.429999999999999938e+00 2.500000037252902985e-02 2.699837036132812500e+02
2.506490087509155273e+01 1.409999999999999920e+00 2.500000037252902985e-02 3.599782714843750000e+02
2.515090227127075195e+01 1.399999999999999911e+00 2.500000037252902985e-02 3.599782714843750000e+02
2.526290917396545410e+01 1.419999999999999929e+00 2.500000037252902985e-02 3.600328979492187500e+02
2.535790348052978516e+01 1.379999999999999893e+00 2.500000037252902985e-02 4.499728393554687500e+02
2.546590709686279297e+01 1.409999999999999920e+00 2.500000037252902985e-02 6.299892578125000000e+02
2.555490756034851074e+01 1.340000000000000080e+00 2.500000037252902985e-02 6.300166015625000000e+02
2.564990448951721191e+01 1.449999999999999956e+00 2.500000037252902985e-02 4.500001525878906250e+02
2.576190161705017090e+01 1.530000000000000027e+00 2.500000037252902985e-02 2.700110473632812500e+02
2.584790849685668945e+01 1.429999999999999938e+00 2.500000037252902985e-02 3.600055847167968750e+02
2.596490120887756348e+01 1.379999999999999893e+00 2.500000037252902985e-02 3.600055847167968750e+02
2.605490136146545410e+01 1.409999999999999920e+00 2.500000037252902985e-02 2.699973754882812500e+02
2.616290354728698730e+01 1.439999999999999947e+00 2.500000037252902985e-02 3.600055847167968750e+02
2.625690436363220215e+01 1.389999999999999902e+00 2.500000037252902985e-02 3.600055847167968750e+02
2.634790635108947754e+01 1.419999999999999929e+00 2.500000037252902985e-02 2.699973754882812500e+02
2.645490312576293945e+01 1.399999999999999911e+00 2.500000037252902985e-02 3.599987487792968750e+02
2.654591012001037598e+01 1.399999999999999911e+00 2.500000037252902985e-02 3.599987487792968750e+02
2.666290211677551270e+01 1.469999999999999973e+00 2.500000037252902985e-02 2.699999084472656250e+02
2.674790096282958984e+01 1.370000000000000107e+00 2.500000037252902985e-02 8.999968719482421875e+01
2.686090326309204102e+01 1.330000000000000071e+00 2.500000037252902985e-02 9.000054168701171875e+01
2.695490407943725586e+01 1.169999999999999929e+00 2.500000037252902985e-02 0.000000000000000000e+00
2.706290102005004883e+01 1.199999999999999956e+00 2.500000037252902985e-02 -8.999968719482421875e+01
2.715290069580078125e+01 2.419999999999999929e+00 2.500000037252902985e-02 -4.500000000000000000e+02
2.724790048599243164e+01 3.680000000000000160e+00 2.500000037252902985e-02 -3.599987487792968750e+02
2.735590982437133789e+01 3.740000000000000213e+00 2.500000037252902985e-02 -3.599987487792968750e+02
2.746790361404418945e+01 3.979999999999999982e+00 2.500000037252902985e-02 -8.099920654296875000e+02
2.756290340423583984e+01 4.139999999999999680e+00 2.500000037252902985e-02 -8.100057373046875000e+02
2.765190267562866211e+01 4.040000000000000036e+00 2.500000037252902985e-02 -8.100057373046875000e+02
2.775989985466003418e+01 3.950000000000000178e+00 2.500000037252902985e-02 -9.899949340820312500e+02
2.785490441322326660e+01 4.019999999999999574e+00 2.500000037252902985e-02 -9.000003051757812500e+02
2.796690487861633301e+01 3.959999999999999964e+00 2.500000037252902985e-02 -6.300166015625000000e+02
2.805289292335510254e+01 3.959999999999999964e+00 2.500000037252902985e-02 -7.200111694335937500e+02
2.814690470695495605e+01 3.939999999999999947e+00 2.500000037252902985e-02 -9.899949340820312500e+02
2.825990056991577148e+01 4.049999999999999822e+00 2.500000037252902985e-02 -9.899949340820312500e+02
2.836790180206298828e+01 3.990000000000000213e+00 2.500000037252902985e-02 -5.399674072265625000e+02
2.846193480491638184e+01 3.870000000000000107e+00 2.500000037252902985e-02 -3.600875549316406250e+02
2.855290150642395020e+01 3.890000000000000124e+00 2.500000037252902985e-02 -5.399674072265625000e+02
2.865989232063293457e+01 4.089999999999999858e+00 2.500000037252902985e-02 -8.100057373046875000e+02
2.875098872184753418e+01 4.089999999999999858e+00 2.500000037252902985e-02 -9.000549316406250000e+02
2.886799383163452148e+01 3.959999999999999964e+00 2.500000037252902985e-02 -9.899949340820312500e+02
2.895299720764160156e+01 3.970000000000000195e+00 2.500000037252902985e-02 -8.999456787109375000e+02
2.906600093841552734e+01 3.899999999999999911e+00 2.500000037252902985e-02 -7.199565429687500000e+02
2.915999770164489746e+01 3.899999999999999911e+00 2.500000037252902985e-02 -7.199565429687500000e+02
2.926799464225769043e+01 3.970000000000000195e+00 2.500000037252902985e-02 -8.999456787109375000e+02
2.935799455642700195e+01 3.959999999999999964e+00 2.500000037252902985e-02 -8.999456787109375000e+02
2.945299625396728516e+01 3.979999999999999982e+00 2.500000037252902985e-02 -9.899949340820312500e+02
2.956097579002380371e+01 3.950000000000000178e+00 2.500000037252902985e-02 -9.898856811523437500e+02
2.964999175071716309e+01 3.899999999999999911e+00 2.500000037252902985e-02 -9.901042480468750000e+02
2.976800012588500977e+01 3.970000000000000195e+00 2.500000037252902985e-02 -1.079934814453125000e+03
2.985700106620788574e+01 3.990000000000000213e+00 2.500000037252902985e-02 -9.898856811523437500e+02
2.996497678756713867e+01 3.930000000000000160e+00 2.500000037252902985e-02 -9.898856811523437500e+02
3.005999326705932617e+01 3.910000000000000142e+00 2.500000037252902985e-02 -9.898856811523437500e+02
3.014991092681884766e+01 4.000000000000000000e+00 2.500000037252902985e-02 -8.100057373046875000e+02
3.025789427757263184e+01 3.939999999999999947e+00 2.500000037252902985e-02 -7.201751098632812500e+02
3.035190320014953613e+01 3.930000000000000160e+00 2.500000037252902985e-02 -8.100057373046875000e+02
3.046490120887756348e+01 3.910000000000000142e+00 2.500000037252902985e-02 -7.199565429687500000e+02
3.054990077018737793e+01 3.979999999999999982e+00 2.500000037252902985e-02 -8.100057373046875000e+02
3.066700220108032227e+01 4.019999999999999574e+00 2.500000037252902985e-02 -9.901042480468750000e+02
3.075799703598022461e+01 3.939999999999999947e+00 2.500000037252902985e-02 -1.169984008789062500e+03
3.086498808860778809e+01 3.950000000000000178e+00 2.500000037252902985e-02 -1.260033203125000000e+03
3.095590877532958984e+01 3.919999999999999929e+00 2.500000037252902985e-02 -1.350082397460937500e+03
3.104990053176879883e+01 3.899999999999999911e+00 2.500000037252902985e-02 -1.260033203125000000e+03
3.115790200233459473e+01 3.890000000000000124e+00 2.500000037252902985e-02 -1.440131591796875000e+03
3.124790239334106445e+01 3.930000000000000160e+00 2.500000037252902985e-02 -1.439913085937500000e+03
3.136490225791931152e+01 3.859999999999999876e+00 2.500000037252902985e-02 -1.079716308593750000e+03
3.145090222358703613e+01 3.810000000000000053e+00 2.500000037252902985e-02 -9.901042480468750000e+02
3.156290936470031738e+01 3.879999999999999893e+00 2.500000037252902985e-02 -9.000549316406250000e+02
3.165790128707885742e+01 3.939999999999999947e+00 2.500000037252902985e-02 -8.100057373046875000e+02
3.176590943336486816e+01 3.910000000000000142e+00 2.500000037252902985e-02 -9.000549316406250000e+02
3.185490179061889648e+01 3.899999999999999911e+00 2.500000037252902985e-02 -9.901042480468750000e+02
3.194990468025207520e+01 3.919999999999999929e+00 2.500000037252902985e-02 -1.079716308593750000e+03
3.206190228462219238e+01 3.919999999999999929e+00 2.500000037252902985e-02 -1.260251708984375000e+03
3.214790058135986328e+01 3.899999999999999911e+00 2.500000037252902985e-02 -1.080153442382812500e+03
3.226490187644958496e+01 3.930000000000000160e+00 2.500000037252902985e-02 -9.000549316406250000e+02
3.235490369796752930e+01 3.870000000000000107e+00 2.500000037252902985e-02 -9.901042480468750000e+02
3.246290779113769531e+01 3.959999999999999964e+00 2.500000037252902985e-02 -1.170202514648437500e+03
3.255691528320312500e+01 3.970000000000000195e+00 2.500000037252902985e-02 -1.170202514648437500e+03
3.264790225028991699e+01 3.890000000000000124e+00 2.500000037252902985e-02 -9.901042480468750000e+02
3.275490498542785645e+01 3.899999999999999911e+00 2.500000037252902985e-02 -8.100057373046875000e+02
3.284590435028076172e+01 3.859999999999999876e+00 2.500000037252902985e-02 -8.100057373046875000e+02
3.296290516853332520e+01 3.939999999999999947e+00 2.500000037252902985e-02 -9.000549316406250000e+02
3.304791116714477539e+01 3.919999999999999929e+00 2.500000037252902985e-02 -1.080153442382812500e+03
3.316089415550231934e+01 3.939999999999999947e+00 2.500000037252902985e-02 -1.080153442382812500e+03
3.325490140914916992e+01 3.859999999999999876e+00 2.500000037252902985e-02 -9.000549316406250000e+02
3.336290502548217773e+01 3.830000000000000071e+00 2.500000037252902985e-02 -8.100057373046875000e+02
3.345289993286132812e+01 3.910000000000000142e+00 2.500000037252902985e-02 -7.199565429687500000e+02
3.354790282249450684e+01 3.919999999999999929e+00 2.500000037252902985e-02 -9.896671142578125000e+02
3.365589857101440430e+01 3.950000000000000178e+00 2.500000037252902985e-02 -1.079716308593750000e+03
3.376790165901184082e+01 3.979999999999999982e+00 2.500000037252902985e-02 -8.100057373046875000e+02
3.386290359497070312e+01 3.850000000000000089e+00 2.500000037252902985e-02 -7.203936767578125000e+02
3.395190215110778809e+01 3.890000000000000124e+00 2.500000037252902985e-02 -7.199565429687500000e+02
3.405990648269653320e+01 3.919999999999999929e+00 2.500000037252902985e-02 -7.199565429687500000e+02
3.415490412712097168e+01 4.019999999999999574e+00 2.500000037252902985e-02 -5.398581542968750000e+02
3.426690459251403809e+01 3.930000000000000160e+00 2.500000037252902985e-02 -3.601968383789062500e+02
3.435290122032165527e+01 3.910000000000000142e+00 2.500000037252902985e-02 -5.402952880859375000e+02
3.444690656661987305e+01 4.049999999999999822e+00 2.500000037252902985e-02 0.000000000000000000e+00
3.455990695953369141e+01 3.560000000000000053e+00 2.500000037252902985e-02 0.000000000000000000e+00
3.466801047325134277e+01 3.299999999999999822e+00 2.500000037252902985e-02 0.000000000000000000e+00
3.476199746131896973e+01 3.339999999999999858e+00 2.500000037252902985e-02 0.000000000000000000e+00
3.485299658775329590e+01 2.529999999999999805e+00 2.500000037252902985e-02 5.398581542968750000e+02
3.495998501777648926e+01 1.389999999999999902e+00 2.500000037252902985e-02 1.170202514648437500e+03
3.505100154876708984e+01 1.260000000000000009e+00 2.500000037252902985e-02 1.259814575195312500e+03
3.516699600219726562e+01 1.419999999999999929e+00 2.500000037252902985e-02 7.199565429687500000e+02
3.525299501419067383e+01 1.570000000000000062e+00 2.500000037252902985e-02 3.597597045898437500e+02
3.536598992347717285e+01 1.510000000000000009e+00 2.500000037252902985e-02 6.299072875976562500e+02
3.545999717712402344e+01 1.350000000000000089e+00 2.500000037252902985e-02 8.100057373046875000e+02
3.556789398193359375e+01 1.389999999999999902e+00 2.500000037252902985e-02 9.901042480468750000e+02
3.565790152549743652e+01 1.370000000000000107e+00 2.500000037252902985e-02 8.100057373046875000e+02
3.575290107727050781e+01 1.449999999999999956e+00 2.500000037252902985e-02 7.199565429687500000e+02
3.586090159416198730e+01 1.479999999999999982e+00 2.500000037252902985e-02 5.398581542968750000e+02
3.594991421699523926e+01 1.449999999999999956e+00 2.500000037252902985e-02 6.299072875976562500e+02
3.606790471076965332e+01 1.429999999999999938e+00 2.500000037252902985e-02 1.080153442382812500e+03
3.615690660476684570e+01 1.360000000000000098e+00 2.500000037252902985e-02 1.260251708984375000e+03
3.626490187644958496e+01 1.350000000000000089e+00 2.500000037252902985e-02 1.170202514648437500e+03
3.635990285873413086e+01 1.459999999999999964e+00 2.500000037252902985e-02 1.169765380859375000e+03
3.644990301132202148e+01 1.449999999999999956e+00 2.500000037252902985e-02 1.259814575195312500e+03
3.655789399147033691e+01 1.469999999999999973e+00 2.500000037252902985e-02 1.170202514648437500e+03
3.665190982818603516e+01 1.449999999999999956e+00 2.500000037252902985e-02 1.170202514648437500e+03
3.676490187644958496e+01 1.439999999999999947e+00 2.500000037252902985e-02 1.259814575195312500e+03
3.684990310668945312e+01 1.449999999999999956e+00 2.500000037252902985e-02 1.349863891601562500e+03
3.696690630912780762e+01 1.399999999999999911e+00 2.500000037252902985e-02 1.439913085937500000e+03
3.705790209770202637e+01 1.439999999999999947e+00 2.500000037252902985e-02 1.350301025390625000e+03
3.716489434242248535e+01 1.489999999999999991e+00 2.500000037252902985e-02 1.440350219726562500e+03
3.725590801239013672e+01 1.419999999999999929e+00 2.500000037252902985e-02 1.620011474609375000e+03
3.734999728202819824e+01 1.419999999999999929e+00 2.500000037252902985e-02 1.529962280273437500e+03
3.745790290832519531e+01 1.500000000000000000e+00 2.500000037252902985e-02 1.080153442382812500e+03
3.754790520668029785e+01 1.520000000000000018e+00 2.500000037252902985e-02 9.901042480468750000e+02
3.766490197181701660e+01 1.520000000000000018e+00 2.500000037252902985e-02 8.100057373046875000e+02
3.775090217590332031e+01 1.489999999999999991e+00 2.500000037252902985e-02 7.201751098632812500e+02
3.786290454864501953e+01 1.449999999999999956e+00 2.500000037252902985e-02 9.000549316406250000e+02
3.795790171623229980e+01 1.399999999999999911e+00 2.500000037252902985e-02 9.901042480468750000e+02
3.806590795516967773e+01 1.429999999999999938e+00 2.500000037252902985e-02 9.901042480468750000e+02
3.815490484237670898e+01 1.429999999999999938e+00 2.500000037252902985e-02 9.901042480468750000e+02
3.824990177154541016e+01 1.459999999999999964e+00 2.500000037252902985e-02 1.169984008789062500e+03
3.836191272735595703e+01 1.389999999999999902e+00 2.500000037252902985e-02 1.169984008789062500e+03
3.844790172576904297e+01 1.449999999999999956e+00 2.500000037252902985e-02 1.169984008789062500e+03
3.856490302085876465e+01 1.419999999999999929e+00 2.500000037252902985e-02 1.169984008789062500e+03
3.865490460395812988e+01 1.449999999999999956e+00 2.500000037252902985e-02 9.901042480468750000e+02
3.876290225982666016e+01 1.520000000000000018e+00 2.500000037252902985e-02 9.000549316406250000e+02
3.885690474510192871e+01 1.419999999999999929e+00 2.500000037252902985e-02 9.000549316406250000e+02
3.894790196418762207e+01 1.449999999999999956e+00 2.500000037252902985e-02 9.898856811523437500e+02
3.905490517616271973e+01 1.429999999999999938e+00 2.500000037252902985e-02 1.079934814453125000e+03
3.914589834213256836e+01 1.459999999999999964e+00 2.500000037252902985e-02 1.079934814453125000e+03
3.926290392875671387e+01 1.399999999999999911e+00 2.500000037252902985e-02 1.169984008789062500e+03
3.934790492057800293e+01 1.449999999999999956e+00 2.500000037252902985e-02 1.170093261718750000e+03
3.946090149879455566e+01 1.439999999999999947e+00 2.500000037252902985e-02 1.259923950195312500e+03
3.955490517616271973e+01 1.419999999999999929e+00 2.500000037252902985e-02 1.079934814453125000e+03
3.966290473937988281e+01 1.489999999999999991e+00 2.500000037252902985e-02 8.999456787109375000e+02
3.975290894508361816e+01 1.510000000000000009e+00 2.500000037252902985e-02 8.100057373046875000e+02
3.984790444374084473e+01 1.469999999999999973e+00 2.500000037252902985e-02 7.199565429687500000e+02
3.995590734481811523e+01 1.449999999999999956e+00 2.500000037252902985e-02 7.199565429687500000e+02
4.006791234016418457e+01 1.409999999999999920e+00 2.500000037252902985e-02 8.098964843750000000e+02
4.016290211677551270e+01 1.399999999999999911e+00 2.500000037252902985e-02 8.100057373046875000e+02
4.025190138816833496e+01 1.459999999999999964e+00 2.500000037252902985e-02 5.400767211914062500e+02
4.035990500450134277e+01 1.469999999999999973e+00 2.500000037252902985e-02 4.499181823730468750e+02
4.045490360260009766e+01 1.469999999999999973e+00 2.500000037252902985e-02 3.599782714843750000e+02
4.056691122055053711e+01 1.439999999999999947e+00 2.500000037252902985e-02 9.000003051757812500e+02
4.065289378166198730e+01 1.310000000000000053e+00 2.500000037252902985e-02 9.000003051757812500e+02
4.074690556526184082e+01 1.360000000000000098e+00 2.500000037252902985e-02 8.099511108398437500e+02
4.085991859436035156e+01 1.500000000000000000e+00 2.500000037252902985e-02 5.399674072265625000e+02
4.096789765357971191e+01 1.469999999999999973e+00 2.500000037252902985e-02 4.499728393554687500e+02
4.106190347671508789e+01 1.439999999999999947e+00 2.500000037252902985e-02 3.599782714843750000e+02
4.115590190887451172e+01 1.429999999999999938e+00 2.500000037252902985e-02 7.200111694335937500e+02
4.126289796829223633e+01 1.340000000000000080e+00 2.500000037252902985e-02 9.000003051757812500e+02
4.135390090942382812e+01 1.340000000000000080e+00 2.500000037252902985e-02 8.100057373046875000e+02
4.144790101051330566e+01 1.510000000000000009e+00 2.500000037252902985e-02 5.399947509765625000e+02
4.155591988563537598e+01 1.500000000000000000e+00 2.500000037252902985e-02 4.500001525878906250e+02
4.166790127754211426e+01 1.419999999999999929e+00 2.500000037252902985e-02 7.199974975585937500e+02
4.176290130615234375e+01 1.389999999999999902e+00 2.500000037252902985e-02 5.400015869140625000e+02
4.184890460968017578e+01 1.439999999999999947e+00 2.500000037252902985e-02 4.500001525878906250e+02
4.196090483665466309e+01 1.469999999999999973e+00 2.500000037252902985e-02 4.500001525878906250e+02
4.205590701103210449e+01 1.419999999999999929e+00 2.500000037252902985e-02 9.000054168701171875e+01
4.216390943527221680e+01 1.389999999999999902e+00 2.500000037252902985e-02 0.000000000000000000e+00
4.225289678573608398e+01 1.270000000000000018e+00 2.500000037252902985e-02 0.000000000000000000e+00
4.234789729118347168e+01 1.290000000000000036e+00 2.500000037252902985e-02 -2.699999084472656250e+02
4.245989036560058594e+01 3.120000000000000107e+00 2.500000037252902985e-02 -1.529996459960937500e+03
4.256790661811828613e+01 4.009999999999999787e+00 2.500000037252902985e-02 -1.619984130859375000e+03
4.266291213035583496e+01 4.009999999999999787e+00 2.500000037252902985e-02 -1.530016845703125000e+03
4.275290417671203613e+01 3.850000000000000089e+00 2.500000037252902985e-02 -1.439967651367187500e+03
4.286092710494995117e+01 3.950000000000000178e+00 2.500000037252902985e-02 -1.529962280273437500e+03
4.295492982864379883e+01 3.890000000000000124e+00 2.500000037252902985e-02 -1.529962280273437500e+03
4.306791472434997559e+01 3.910000000000000142e+00 2.500000037252902985e-02 -1.260033203125000000e+03
4.315290594100952148e+01 3.819999999999999840e+00 2.500000037252902985e-02 -1.529962280273437500e+03
4.324390721321105957e+01 3.890000000000000124e+00 2.500000037252902985e-02 -1.800000610351562500e+03
4.336090779304504395e+01 3.939999999999999947e+00 2.500000037252902985e-02 -1.890049926757812500e+03
4.346789741516113281e+01 3.830000000000000071e+00 2.500000037252902985e-02 -1.890049926757812500e+03
4.355891251564025879e+01 3.810000000000000053e+00 2.500000037252902985e-02 -1.890159179687500000e+03
4.365290784835815430e+01 3.810000000000000053e+00 2.500000037252902985e-02 -1.979989868164062500e+03
4.376090145111083984e+01 3.850000000000000089e+00 2.500000037252902985e-02 -1.979989868164062500e+03
4.385090541839599609e+01 3.819999999999999840e+00 2.500000037252902985e-02 -1.889940673828125000e+03
4.396790790557861328e+01 3.830000000000000071e+00 2.500000037252902985e-02 -1.799891357421875000e+03
4.405390048027038574e+01 3.810000000000000053e+00 2.500000037252902985e-02 -1.889940673828125000e+03
4.416590929031372070e+01 3.850000000000000089e+00 2.500000037252902985e-02 -2.070039062500000000e+03
4.426090192794799805e+01 3.850000000000000089e+00 2.500000037252902985e-02 -2.160088378906250000e+03
4.434990143775939941e+01 3.830000000000000071e+00 2.500000037252902985e-02 -2.070039062500000000e+03
4.445790171623229980e+01 3.799999999999999822e+00 2.500000037252902985e-02 -2.070039062500000000e+03
4.455289983749389648e+01 3.799999999999999822e+00 2.500000037252902985e-02 -2.249918945312500000e+03
4.466490125656127930e+01 3.870000000000000107e+00 2.500000037252902985e-02 -2.249918945312500000e+03
4.475090384483337402e+01 3.799999999999999822e+00 2.500000037252902985e-02 -2.159869628906250000e+03
4.486790585517883301e+01 3.729999999999999982e+00 2.500000037252902985e-02 -2.069820556640625000e+03
4.495791435241699219e+01 3.729999999999999982e+00 2.500000037252902985e-02 -1.980208496093750000e+03
4.506590342521667480e+01 3.830000000000000071e+00 2.500000037252902985e-02 -1.980208496093750000e+03
4.515989565849304199e+01 3.810000000000000053e+00 2.500000037252902985e-02 -1.800109863281250000e+03
4.525099802017211914e+01 3.759999999999999787e+00 2.500000037252902985e-02 -1.710060668945312500e+03
4.535790538787841797e+01 3.810000000000000053e+00 2.500000037252902985e-02 -1.620011474609375000e+03
4.544889521598815918e+01 3.779999999999999805e+00 2.500000037252902985e-02 -1.439913085937500000e+03
4.556590700149536133e+01 3.759999999999999787e+00 2.500000037252902985e-02 -1.439913085937500000e+03
4.565090250968933105e+01 3.839999999999999858e+00 2.500000037252902985e-02 -1.259814575195312500e+03
4.576390147209167480e+01 3.810000000000000053e+00 2.500000037252902985e-02 -9.901042480468750000e+02
4.585790157318115234e+01 3.879999999999999893e+00 2.500000037252902985e-02 -1.079716308593750000e+03
4.596592020988464355e+01 3.879999999999999893e+00 2.500000037252902985e-02 -9.896671142578125000e+02
4.605590867996215820e+01 3.890000000000000124e+00 2.500000037252902985e-02 -1.260251708984375000e+03
4.615295028686523438e+01 4.009999999999999787e+00 2.500000037252902985e-02 -1.620011474609375000e+03
4.626090312004089355e+01 4.040000000000000036e+00 2.500000037252902985e-02 0.000000000000000000e+00
4.634990239143371582e+01 2.529999999999999805e+00 2.500000037252902985e-02 0.000000000000000000e+00
4.646791124343872070e+01 2.140000000000000124e+00 2.500000037252902985e-02 4.498088989257812500e+02
4.655690240859985352e+01 1.550000000000000044e+00 2.500000037252902985e-02 1.439913085937500000e+03
4.666490101814270020e+01 1.189999999999999947e+00 2.500000037252902985e-02 2.249918945312500000e+03
4.675990176200866699e+01 1.270000000000000018e+00 2.500000037252902985e-02 2.339968017578125000e+03
4.685000872611999512e+01 1.409999999999999920e+00 2.500000037252902985e-02 2.159869628906250000e+03
4.695790243148803711e+01 1.510000000000000009e+00 2.500000037252902985e-02 1.709623535156250000e+03
4.705191636085510254e+01 1.540000000000000036e+00 2.500000037252902985e-02 1.710060668945312500e+03
4.716490125656127930e+01 1.469999999999999973e+00 2.500000037252902985e-02 1.800109863281250000e+03
4.724990677833557129e+01 1.439999999999999947e+00 2.500000037252902985e-02 2.069820556640625000e+03
4.736690735816955566e+01 1.389999999999999902e+00 2.500000037252902985e-02 2.250356201171875000e+03
4.745790362358093262e+01 1.429999999999999938e+00 2.500000037252902985e-02 2.520066406250000000e+03
4.756489777565002441e+01 1.360000000000000098e+00 2.500000037252902985e-02 2.520066406250000000e+03
4.765590596199035645e+01 1.439999999999999947e+00 2.500000037252902985e-02 2.339968017578125000e+03
4.774990153312683105e+01 1.520000000000000018e+00 2.500000037252902985e-02 2.159869628906250000e+03
4.785790252685546875e+01 1.510000000000000009e+00 2.500000037252902985e-02 1.979989868164062500e+03
4.794790124893188477e+01 1.500000000000000000e+00 2.500000037252902985e-02 2.069820556640625000e+03
4.806489443778991699e+01 1.439999999999999947e+00 2.500000037252902985e-02 2.339968017578125000e+03
4.815090298652648926e+01 1.389999999999999902e+00 2.500000037252902985e-02 2.339968017578125000e+03
4.826290416717529297e+01 1.459999999999999964e+00 2.500000037252902985e-02 2.159869628906250000e+03
4.835789370536804199e+01 1.479999999999999982e+00 2.500000037252902985e-02 1.979989868164062500e+03
4.846590709686279297e+01 1.479999999999999982e+00 2.500000037252902985e-02 1.979989868164062500e+03
4.855490326881408691e+01 1.479999999999999982e+00 2.500000037252902985e-02 2.160088378906250000e+03
4.864990448951721191e+01 1.429999999999999938e+00 2.500000037252902985e-02 2.609896972656250000e+03
4.876190376281738281e+01 1.360000000000000098e+00 2.500000037252902985e-02 2.430017089843750000e+03
4.884789490699768066e+01 1.459999999999999964e+00 2.500000037252902985e-02 2.159979003906250000e+03
4.896489429473876953e+01 1.540000000000000036e+00 2.500000037252902985e-02 1.889940673828125000e+03
4.905491375923156738e+01 1.500000000000000000e+00 2.500000037252902985e-02 1.440022338867187500e+03
4.916298007965087891e+01 1.560000000000000053e+00 2.500000037252902985e-02 1.170038574218750000e+03
4.925691032409667969e+01 1.520000000000000018e+00 2.500000037252902985e-02 1.350027709960937500e+03
4.934790182113647461e+01 1.409999999999999920e+00 2.500000037252902985e-02 1.079989501953125000e+03
4.945490384101867676e+01 1.479999999999999982e+00 2.500000037252902985e-02 1.079989501953125000e+03
4.954591107368469238e+01 1.439999999999999947e+00 2.500000037252902985e-02 1.350000488281250000e+03
4.966290187835693359e+01 1.370000000000000107e+00 2.500000037252902985e-02 9.000003051757812500e+02
4.974790239334106445e+01 1.550000000000000044e+00 2.500000037252902985e-02 8.099920654296875000e+02
4.986090016365051270e+01 1.449999999999999956e+00 2.500000037252902985e-02 1.080003173828125000e+03
4.995490288734436035e+01 1.379999999999999893e+00 2.500000037252902985e-02 6.299995727539062500e+02
5.006289386749267578e+01 1.500000000000000000e+00 2.500000037252902985e-02 1.800002441406250000e+02
5.015291213989257812e+01 1.469999999999999973e+00 2.500000037252902985e-02 9.000139617919921875e+01
5.024789714813232422e+01 1.219999999999999973e+00 2.500000037252902985e-02 0.000000000000000000e+00
5.035591125488281250e+01 1.169999999999999929e+00 2.500000037252902985e-02 0.000000000000000000e+00
5.046790218353271484e+01 1.209999999999999964e+00 2.500000037252902985e-02 0.000000000000000000e+00
5.056290173530578613e+01 1.360000000000000098e+00 2.500000037252902985e-02 0.000000000000000000e+00
5.065190362930297852e+01 1.330000000000000071e+00 2.500000037252902985e-02 0.000000000000000000e+00
5.075990080833435059e+01 1.310000000000000053e+00 2.500000037252902985e-02 0.000000000000000000e+00
5.085490608215332031e+01 1.290000000000000036e+00 2.500000037252902985e-02 0.000000000000000000e+00
5.096690845489501953e+01 1.270000000000000018e+00 2.500000037252902985e-02 0.000000000000000000e+00
5.105290102958679199e+01 1.260000000000000009e+00 2.500000037252902985e-02 0.000000000000000000e+00
5.114690542221069336e+01 1.250000000000000000e+00 2.500000037252902985e-02 0.000000000000000000e+00
5.125990676879882812e+01 1.239999999999999991e+00 2.500000037252902985e-02 0.000000000000000000e+00
5.136790084838867188e+01 1.229999999999999982e+00 2.500000037252902985e-02 0.000000000000000000e+00
5.146190047264099121e+01 1.229999999999999982e+00 2.500000037252902985e-02 0.000000000000000000e+00
5.155290246009826660e+01 1.219999999999999973e+00 2.500000037252902985e-02 0.000000000000000000e+00
5.165990424156188965e+01 1.209999999999999964e+00 2.500000037252902985e-02 0.000000000000000000e+00
5.175090622901916504e+01 1.209999999999999964e+00 2.500000037252902985e-02 0.000000000000000000e+00
