3.594970703125000000e-02 2.450000000000000178e+00 4.800000041723251343e-02 0.000000000000000000e+00
1.359474658966064453e-01 2.629999999999999893e+00 4.800000041723251343e-02 0.000000000000000000e+00
2.330024242401123047e-01 3.200000000000000178e+00 4.800000041723251343e-02 0.000000000000000000e+00
3.219459056854248047e-01 3.640000000000000124e+00 4.800000041723251343e-02 0.000000000000000000e+00
4.290032386779785156e-01 3.990000000000000213e+00 4.800000041723251343e-02 0.000000000000000000e+00
5.229499340057373047e-01 4.169999999999999929e+00 4.800000041723251343e-02 0.000000000000000000e+00
6.349489688873291016e-01 4.259999999999999787e+00 4.800000041723251343e-02 0.000000000000000000e+00
7.249848842620849609e-01 4.320000000000000284e+00 4.800000041723251343e-02 0.000000000000000000e+00
8.119473457336425781e-01 3.669999999999999929e+00 4.800000041723251343e-02 0.000000000000000000e+00
9.289906024932861328e-01 4.139999999999999680e+00 4.800000041723251343e-02 0.000000000000000000e+00
1.017950057983398438e+00 4.629999999999999893e+00 4.800000041723251343e-02 0.000000000000000000e+00
1.126938343048095703e+00 4.809999999999999609e+00 4.800000041723251343e-02 0.000000000000000000e+00
1.221948146820068359e+00 4.790000000000000036e+00 4.800000041723251343e-02 0.000000000000000000e+00
1.332986831665039062e+00 5.179999999999999716e+00 4.800000041723251343e-02 0.000000000000000000e+00
1.418967247009277344e+00 4.700000000000000178e+00 4.800000041723251343e-02 0.000000000000000000e+00
1.513953685760498047e+00 5.099999999999999645e+00 4.800000041723251343e-02 0.000000000000000000e+00
1.625948190689086914e+00 5.080000000000000071e+00 4.800000041723251343e-02 0.000000000000000000e+00
1.733947992324829102e+00 5.259999999999999787e+00 4.800000041723251343e-02 0.000000000000000000e+00
1.828991889953613281e+00 5.540000000000000036e+00 4.800000041723251343e-02 0.000000000000000000e+00
1.918948650360107422e+00 5.679999999999999716e+00 4.800000041723251343e-02 0.000000000000000000e+00
2.025952100753784180e+00 5.830000000000000071e+00 4.800000041723251343e-02 0.000000000000000000e+00
2.120990514755249023e+00 5.889999999999999680e+00 4.800000041723251343e-02 0.000000000000000000e+00
2.233947038650512695e+00 5.959999999999999964e+00 4.800000041723251343e-02 0.000000000000000000e+00
2.318950414657592773e+00 5.330000000000000071e+00 2.099999971687793732e-02 -1.349863891601562500e+03
2.419946908950805664e+00 3.660000000000000142e+00 2.099999971687793732e-02 -1.889722045898437500e+03
2.525948047637939453e+00 3.100000000000000089e+00 2.099999971687793732e-02 -8.100057373046875000e+02
2.633948564529418945e+00 3.229999999999999982e+00 2.099999971687793732e-02 0.000000000000000000e+00
2.727963924407958984e+00 3.870000000000000107e+00 2.099999971687793732e-02 -1.800984191894531250e+02
2.818952560424804688e+00 3.939999999999999947e+00 2.099999971687793732e-02 -7.199565429687500000e+02
2.929957151412963867e+00 3.700000000000000178e+00 2.099999971687793732e-02 -1.079716308593750000e+03
3.017002582550048828e+00 3.430000000000000160e+00 2.099999971687793732e-02 -8.100057373046875000e+02
3.133950233459472656e+00 3.490000000000000213e+00 2.099999971687793732e-02 -9.000549316406250000e+02
3.222948074340820312e+00 3.500000000000000000e+00 2.099999971687793732e-02 -7.199565429687500000e+02
3.331949710845947266e+00 3.479999999999999982e+00 2.099999971687793732e-02 -5.398581542968750000e+02
3.426949977874755859e+00 3.520000000000000018e+00 2.099999971687793732e-02 -5.398581542968750000e+02
3.515950441360473633e+00 3.549999999999999822e+00 2.099999971687793732e-02 -7.199565429687500000e+02
3.623946666717529297e+00 3.549999999999999822e+00 2.099999971687793732e-02 -9.000549316406250000e+02
3.718953132629394531e+00 3.490000000000000213e+00 2.099999971687793732e-02 -9.000549316406250000e+02
3.830947399139404297e+00 3.470000000000000195e+00 2.099999971687793732e-02 -7.199565429687500000e+02
3.915945529937744141e+00 3.490000000000000213e+00 2.099999971687793732e-02 -7.199565429687500000e+02
4.033950090408325195e+00 3.490000000000000213e+00 2.099999971687793732e-02 -8.100057373046875000e+02
4.123946428298950195e+00 3.509999999999999787e+00 2.099999971687793732e-02 -8.100057373046875000e+02
4.230946779251098633e+00 3.479999999999999982e+00 2.099999971687793732e-02 -8.100057373046875000e+02
4.325947761535644531e+00 3.509999999999999787e+00 2.099999971687793732e-02 -8.100057373046875000e+02
4.415946722030639648e+00 3.479999999999999982e+00 2.099999971687793732e-02 -8.100057373046875000e+02
4.523948669433593750e+00 3.470000000000000195e+00 2.099999971687793732e-02 -6.299072875976562500e+02
4.617975950241088867e+00 3.549999999999999822e+00 2.099999971687793732e-02 -8.100057373046875000e+02
4.730955839157104492e+00 3.509999999999999787e+00 2.099999971687793732e-02 -6.303444213867187500e+02
4.820055723190307617e+00 3.569999999999999840e+00 2.099999971687793732e-02 -6.303444213867187500e+02
4.932993650436401367e+00 3.549999999999999822e+00 2.099999971687793732e-02 -6.299072875976562500e+02
5.023950576782226562e+00 3.509999999999999787e+00 2.099999971687793732e-02 -8.100057373046875000e+02
5.134949207305908203e+00 3.500000000000000000e+00 2.099999971687793732e-02 -6.299072875976562500e+02
5.221949577331542969e+00 3.459999999999999964e+00 2.099999971687793732e-02 -6.299072875976562500e+02
5.316987514495849609e+00 3.560000000000000053e+00 2.099999971687793732e-02 -4.498088989257812500e+02
5.427957057952880859e+00 3.629999999999999893e+00 2.099999971687793732e-02 -5.402952880859375000e+02
5.520991802215576172e+00 3.580000000000000071e+00 2.099999971687793732e-02 -6.299072875976562500e+02
5.631953954696655273e+00 3.580000000000000071e+00 2.099999971687793732e-02 -7.199565429687500000e+02
5.721001148223876953e+00 3.529999999999999805e+00 2.099999971687793732e-02 -9.000549316406250000e+02
5.828993558883666992e+00 3.490000000000000213e+00 2.099999971687793732e-02 -8.100057373046875000e+02
5.923950195312500000e+00 3.580000000000000071e+00 2.099999971687793732e-02 -9.000549316406250000e+02
6.035947084426879883e+00 3.470000000000000195e+00 2.099999971687793732e-02 -9.000549316406250000e+02
6.120987653732299805e+00 3.430000000000000160e+00 2.099999971687793732e-02 -7.199565429687500000e+02
6.215947628021240234e+00 3.450000000000000178e+00 2.099999971687793732e-02 -5.402952880859375000e+02
6.328992128372192383e+00 3.459999999999999964e+00 2.099999971687793732e-02 -2.701476440429687500e+02
6.435970067977905273e+00 3.560000000000000053e+00 2.099999971687793732e-02 -2.697105102539062500e+02
6.530948162078857422e+00 3.600000000000000089e+00 2.099999971687793732e-02 -1.796612854003906250e+02
6.620985031127929688e+00 3.600000000000000089e+00 2.099999971687793732e-02 -1.800984191894531250e+02
6.728987932205200195e+00 3.649999999999999911e+00 2.099999971687793732e-02 -1.800984191894531250e+02
6.822954177856445312e+00 3.600000000000000089e+00 2.099999971687793732e-02 -9.004920959472656250e+01
6.935946702957153320e+00 3.629999999999999893e+00 2.099999971687793732e-02 -1.800984191894531250e+02
7.024992465972900391e+00 3.569999999999999840e+00 2.099999971687793732e-02 -4.502460327148437500e+02
7.111947536468505859e+00 3.580000000000000071e+00 2.099999971687793732e-02 -3.601968383789062500e+02
7.228992223739624023e+00 3.540000000000000036e+00 2.099999971687793732e-02 -4.498088989257812500e+02
7.317975044250488281e+00 3.569999999999999840e+00 2.099999971687793732e-02 -5.402952880859375000e+02
7.426946163177490234e+00 3.529999999999999805e+00 2.099999971687793732e-02 -4.502460327148437500e+02
7.521950244903564453e+00 3.520000000000000018e+00 2.099999971687793732e-02 -3.601968383789062500e+02
7.632993698120117188e+00 3.609999999999999876e+00 2.099999971687793732e-02 -6.299072875976562500e+02
7.718949317932128906e+00 3.609999999999999876e+00 2.099999971687793732e-02 -7.201751098632812500e+02
7.813948631286621094e+00 3.490000000000000213e+00 2.099999971687793732e-02 -6.301258544921875000e+02
7.925945997238159180e+00 3.430000000000000160e+00 2.099999971687793732e-02 -2.699290771484375000e+02
8.033963918685913086e+00 3.520000000000000018e+00 2.099999971687793732e-02 0.000000000000000000e+00
8.129000663757324219e+00 3.819999999999999840e+00 2.099999971687793732e-02 0.000000000000000000e+00
8.218957424163818359e+00 3.979999999999999982e+00 2.099999971687793732e-02 -2.701476440429687500e+02
8.325947284698486328e+00 3.729999999999999982e+00 2.099999971687793732e-02 -5.398581542968750000e+02
8.420988321304321289e+00 3.609999999999999876e+00 2.099999971687793732e-02 -5.400767211914062500e+02
8.533945798873901367e+00 3.540000000000000036e+00 2.099999971687793732e-02 -6.301258544921875000e+02
8.618950843811035156e+00 3.560000000000000053e+00 2.099999971687793732e-02 -4.500274658203125000e+02
8.734946489334106445e+00 3.529999999999999805e+00 2.099999971687793732e-02 -4.500274658203125000e+02
8.825947284698486328e+00 3.540000000000000036e+00 2.099999971687793732e-02 -5.398581542968750000e+02
8.933946847915649414e+00 3.500000000000000000e+00 2.099999971687793732e-02 -4.500274658203125000e+02
9.027956485748291016e+00 3.540000000000000036e+00 2.099999971687793732e-02 -3.599782714843750000e+02
9.118949174880981445e+00 3.529999999999999805e+00 2.099999971687793732e-02 -2.699290771484375000e+02
9.229951620101928711e+00 3.600000000000000089e+00 2.099999971687793732e-02 -2.699290771484375000e+02
9.316998243331909180e+00 3.540000000000000036e+00 2.099999971687793732e-02 -3.599782714843750000e+02
9.433947324752807617e+00 3.620000000000000107e+00 2.099999971687793732e-02 -5.398581542968750000e+02
9.522950649261474609e+00 3.580000000000000071e+00 2.099999971687793732e-02 -5.398581542968750000e+02
9.631947517395019531e+00 3.509999999999999787e+00 2.099999971687793732e-02 -4.498088989257812500e+02
9.726946115493774414e+00 3.459999999999999964e+00 2.099999971687793732e-02 -3.599782714843750000e+02
9.815957307815551758e+00 3.500000000000000000e+00 2.099999971687793732e-02 -4.500274658203125000e+02
9.923949003219604492e+00 3.540000000000000036e+00 2.099999971687793732e-02 -4.500274658203125000e+02
1.001895332336425781e+01 3.490000000000000213e+00 2.099999971687793732e-02 -4.498088989257812500e+02
1.013094711303710938e+01 3.549999999999999822e+00 2.099999971687793732e-02 -5.400767211914062500e+02
1.021594953536987305e+01 3.589999999999999858e+00 2.099999971687793732e-02 -4.500274658203125000e+02
1.033394718170166016e+01 3.589999999999999858e+00 2.099999971687793732e-02 -4.500274658203125000e+02
1.042394828796386719e+01 3.589999999999999858e+00 2.099999971687793732e-02 -4.500274658203125000e+02
1.053095841407775879e+01 3.560000000000000053e+00 2.099999971687793732e-02 -6.299072875976562500e+02
1.062595033645629883e+01 3.529999999999999805e+00 2.099999971687793732e-02 -5.398581542968750000e+02
1.071595025062561035e+01 3.490000000000000213e+00 2.099999971687793732e-02 -4.500274658203125000e+02
1.082394742965698242e+01 3.540000000000000036e+00 2.099999971687793732e-02 -9.004920959472656250e+01
1.091795063018798828e+01 3.560000000000000053e+00 2.099999971687793732e-02 0.000000000000000000e+00
1.103095149993896484e+01 3.729999999999999982e+00 2.099999971687793732e-02 -2.701476440429687500e+02
1.111994814872741699e+01 3.709999999999999964e+00 2.099999971687793732e-02 -3.599782714843750000e+02
1.123299622535705566e+01 3.649999999999999911e+00 2.099999971687793732e-02 -4.500274658203125000e+02
1.132394671440124512e+01 3.620000000000000107e+00 2.099999971687793732e-02 -5.398581542968750000e+02
1.143494772911071777e+01 3.560000000000000053e+00 2.099999971687793732e-02 -5.398581542968750000e+02
1.152194714546203613e+01 3.459999999999999964e+00 2.099999971687793732e-02 -3.599782714843750000e+02
1.161699390411376953e+01 3.520000000000000018e+00 2.099999971687793732e-02 -2.699290771484375000e+02
1.172795486450195312e+01 3.660000000000000142e+00 2.099999971687793732e-02 -9.004920959472656250e+01
1.182098555564880371e+01 3.649999999999999911e+00 2.099999971687793732e-02 -1.798798522949218750e+02
1.193194961547851562e+01 3.669999999999999929e+00 2.099999971687793732e-02 -4.500274658203125000e+02
1.202099227905273438e+01 3.640000000000000124e+00 2.099999971687793732e-02 -5.398581542968750000e+02
1.212899518013000488e+01 3.600000000000000089e+00 2.099999971687793732e-02 -6.301258544921875000e+02
1.222395968437194824e+01 3.520000000000000018e+00 2.099999971687793732e-02 -7.200657958984375000e+02
1.232098960876464844e+01 3.450000000000000178e+00 2.099999971687793732e-02 -6.299072875976562500e+02
1.242099380493164062e+01 3.490000000000000213e+00 2.099999971687793732e-02 -6.300166015625000000e+02
1.251594495773315430e+01 3.490000000000000213e+00 2.099999971687793732e-02 -5.399674072265625000e+02
1.262899923324584961e+01 3.479999999999999982e+00 2.099999971687793732e-02 -4.500274658203125000e+02
1.273594522476196289e+01 3.560000000000000053e+00 2.099999971687793732e-02 -4.500274658203125000e+02
1.283094763755798340e+01 3.540000000000000036e+00 2.099999971687793732e-02 -3.599782714843750000e+02
1.292099976539611816e+01 3.529999999999999805e+00 2.099999971687793732e-02 -4.499181823730468750e+02
1.302899980545043945e+01 3.540000000000000036e+00 2.099999971687793732e-02 -4.500274658203125000e+02
1.312295007705688477e+01 3.549999999999999822e+00 2.099999971687793732e-02 -3.599782714843750000e+02
1.323594641685485840e+01 3.549999999999999822e+00 2.099999971687793732e-02 -2.699290771484375000e+02
1.332500290870666504e+01 3.620000000000000107e+00 2.099999971687793732e-02 -5.399674072265625000e+02
1.341194653511047363e+01 3.649999999999999911e+00 2.099999971687793732e-02 -6.300166015625000000e+02
1.352899217605590820e+01 3.520000000000000018e+00 2.099999971687793732e-02 -6.300166015625000000e+02
1.361795210838317871e+01 3.549999999999999822e+00 2.099999971687793732e-02 -5.399674072265625000e+02
1.372694587707519531e+01 3.560000000000000053e+00 2.099999971687793732e-02 -5.399674072265625000e+02
1.382194900512695312e+01 3.520000000000000018e+00 2.099999971687793732e-02 -6.300166015625000000e+02
1.393299627304077148e+01 3.529999999999999805e+00 2.099999971687793732e-02 -6.300166015625000000e+02
1.401895117759704590e+01 3.470000000000000195e+00 2.099999971687793732e-02 -6.300166015625000000e+02
1.411394619941711426e+01 3.490000000000000213e+00 2.099999971687793732e-02 -4.499728393554687500e+02
1.422594833374023438e+01 3.560000000000000053e+00 2.099999971687793732e-02 -8.999456787109375000e+01
1.433394813537597656e+01 3.750000000000000000e+00 2.099999971687793732e-02 0.000000000000000000e+00
1.442901158332824707e+01 3.930000000000000160e+00 2.099999971687793732e-02 0.000000000000000000e+00
1.451894760131835938e+01 3.939999999999999947e+00 2.099999971687793732e-02 0.000000000000000000e+00
1.462594938278198242e+01 3.970000000000000195e+00 2.099999971687793732e-02 0.000000000000000000e+00
1.472099351882934570e+01 3.970000000000000195e+00 2.099999971687793732e-02 0.000000000000000000e+00
1.483394765853881836e+01 3.930000000000000160e+00 2.099999971687793732e-02 -1.799891357421875000e+02
1.491894817352294922e+01 3.979999999999999982e+00 2.099999971687793732e-02 -5.400220947265625000e+02
1.501894998550415039e+01 3.560000000000000053e+00 2.099999971687793732e-02 -2.699837036132812500e+02
1.512594556808471680e+01 3.370000000000000107e+00 2.099999971687793732e-02 0.000000000000000000e+00
1.523394966125488281e+01 3.729999999999999982e+00 2.099999971687793732e-02 -2.699837036132812500e+02
1.532795500755310059e+01 3.770000000000000018e+00 2.099999971687793732e-02 -4.500274658203125000e+02
1.541894578933715820e+01 3.569999999999999840e+00 2.099999971687793732e-02 -5.400220947265625000e+02
1.552994799613952637e+01 3.459999999999999964e+00 2.099999971687793732e-02 0.000000000000000000e+00
1.561699485778808594e+01 2.979999999999999982e+00 2.099999971687793732e-02 0.000000000000000000e+00
1.573394560813903809e+01 3.089999999999999858e+00 2.099999971687793732e-02 0.000000000000000000e+00
1.582294535636901855e+01 3.189999999999999947e+00 2.099999971687793732e-02 0.000000000000000000e+00
1.593194794654846191e+01 3.379999999999999893e+00 2.099999971687793732e-02 0.000000000000000000e+00
1.602694606781005859e+01 3.399999999999999911e+00 2.099999971687793732e-02 0.000000000000000000e+00
1.611594533920288086e+01 3.600000000000000089e+00 2.099999971687793732e-02 0.000000000000000000e+00
1.622394466400146484e+01 3.759999999999999787e+00 2.099999971687793732e-02 0.000000000000000000e+00
1.631894636154174805e+01 3.839999999999999858e+00 2.099999971687793732e-02 0.000000000000000000e+00
1.643094444274902344e+01 3.790000000000000036e+00 2.099999971687793732e-02 0.000000000000000000e+00
1.651595020294189453e+01 3.689999999999999947e+00 2.099999971687793732e-02 0.000000000000000000e+00
1.663395881652832031e+01 3.729999999999999982e+00 2.099999971687793732e-02 0.000000000000000000e+00
1.672394609451293945e+01 3.490000000000000213e+00 2.099999971687793732e-02 0.000000000000000000e+00
1.683094620704650879e+01 2.740000000000000213e+00 2.099999971687793732e-02 0.000000000000000000e+00
1.692594742774963379e+01 1.560000000000000053e+00 2.099999971687793732e-02 0.000000000000000000e+00
1.701594614982604980e+01 1.260000000000000009e+00 4.899999871850013733e-02 7.199565429687500000e+02
1.712394523620605469e+01 2.990000000000000213e+00 4.899999871850013733e-02 2.430017089843750000e+03
1.721797132492065430e+01 3.700000000000000178e+00 4.899999871850013733e-02 1.440022338867187500e+03
1.733094549179077148e+01 3.640000000000000124e+00 4.899999871850013733e-02 9.000549316406250000e+02
1.741994857788085938e+01 3.589999999999999858e+00 4.899999871850013733e-02 8.100057373046875000e+02
1.753299570083618164e+01 3.490000000000000213e+00 4.899999871850013733e-02 9.000549316406250000e+02
1.762394714355468750e+01 3.479999999999999982e+00 4.899999871850013733e-02 1.080044189453125000e+03
1.773494887351989746e+01 3.470000000000000195e+00 4.899999871850013733e-02 1.260033203125000000e+03
1.782195067405700684e+01 3.529999999999999805e+00 4.899999871850013733e-02 1.259923950195312500e+03
1.791699266433715820e+01 3.549999999999999822e+00 4.899999871850013733e-02 9.899949340820312500e+02
1.802795457839965820e+01 3.589999999999999858e+00 4.899999871850013733e-02 8.100057373046875000e+02
1.811394762992858887e+01 3.470000000000000195e+00 4.899999871850013733e-02 8.100057373046875000e+02
1.823194646835327148e+01 3.430000000000000160e+00 4.899999871850013733e-02 1.079934814453125000e+03
1.832101821899414062e+01 3.529999999999999805e+00 4.899999871850013733e-02 1.079934814453125000e+03
1.842899227142333984e+01 3.569999999999999840e+00 4.899999871850013733e-02 9.000549316406250000e+02
1.852394628524780273e+01 3.529999999999999805e+00 4.899999871850013733e-02 7.201751098632812500e+02
1.863594675064086914e+01 3.500000000000000000e+00 4.899999871850013733e-02 5.398581542968750000e+02
1.872099232673645020e+01 3.529999999999999805e+00 4.899999871850013733e-02 4.500274658203125000e+02
1.881594800949096680e+01 3.520000000000000018e+00 4.899999871850013733e-02 5.400767211914062500e+02
1.892900538444519043e+01 3.450000000000000178e+00 4.899999871850013733e-02 9.000549316406250000e+02
1.903594470024108887e+01 3.470000000000000195e+00 4.899999871850013733e-02 8.998363647460937500e+02
1.913094663619995117e+01 3.509999999999999787e+00 4.899999871850013733e-02 7.201751098632812500e+02
1.922099733352661133e+01 3.500000000000000000e+00 4.899999871850013733e-02 8.100057373046875000e+02
1.932899451255798340e+01 3.509999999999999787e+00 4.899999871850013733e-02 9.898856811523437500e+02
1.942294716835021973e+01 3.459999999999999964e+00 4.899999871850013733e-02 8.100057373046875000e+02
1.953494691848754883e+01 3.509999999999999787e+00 4.899999871850013733e-02 7.201751098632812500e+02
1.962498855590820312e+01 3.450000000000000178e+00 4.899999871850013733e-02 4.500274658203125000e+02
1.971195030212402344e+01 3.410000000000000142e+00 4.899999871850013733e-02 4.500274658203125000e+02
1.982901358604431152e+01 3.399999999999999911e+00 4.899999871850013733e-02 6.301258544921875000e+02
1.991795659065246582e+01 3.470000000000000195e+00 4.899999871850013733e-02 6.299072875976562500e+02
2.002695536613464355e+01 3.410000000000000142e+00 4.899999871850013733e-02 7.199565429687500000e+02
2.012196087837219238e+01 3.450000000000000178e+00 4.899999871850013733e-02 9.000549316406250000e+02
2.023299431800842285e+01 3.490000000000000213e+00 4.899999871850013733e-02 6.301258544921875000e+02
2.031895589828491211e+01 3.520000000000000018e+00 4.899999871850013733e-02 5.400767211914062500e+02
2.041395115852355957e+01 3.549999999999999822e+00 4.899999871850013733e-02 3.599782714843750000e+02
2.052594852447509766e+01 3.500000000000000000e+00 4.899999871850013733e-02 1.800984191894531250e+02
2.063395237922668457e+01 3.399999999999999911e+00 4.899999871850013733e-02 0.000000000000000000e+00
2.072903013229370117e+01 3.259999999999999787e+00 4.899999871850013733e-02 8.983064270019531250e+01
2.081896185874938965e+01 3.279999999999999805e+00 4.899999871850013733e-02 4.500274658203125000e+02
2.092594599723815918e+01 3.390000000000000124e+00 4.899999871850013733e-02 8.100057373046875000e+02
2.102100181579589844e+01 3.569999999999999840e+00 4.899999871850013733e-02 3.599782714843750000e+02
2.113395714759826660e+01 3.459999999999999964e+00 4.899999871850013733e-02 1.800984191894531250e+02
2.121895146369934082e+01 3.370000000000000107e+00 4.899999871850013733e-02 1.800984191894531250e+02
2.132794666290283203e+01 3.350000000000000089e+00 4.899999871850013733e-02 1.800984191894531250e+02
2.142594790458679199e+01 3.319999999999999840e+00 4.899999871850013733e-02 6.299072875976562500e+02
2.153394961357116699e+01 3.459999999999999964e+00 4.899999871850013733e-02 5.398581542968750000e+02
2.162795972824096680e+01 3.509999999999999787e+00 4.899999871850013733e-02 2.697105102539062500e+02
2.171894717216491699e+01 3.459999999999999964e+00 4.899999871850013733e-02 0.000000000000000000e+00
2.182994961738586426e+01 3.229999999999999982e+00 4.899999871850013733e-02 0.000000000000000000e+00
2.191699433326721191e+01 3.160000000000000142e+00 4.899999871850013733e-02 0.000000000000000000e+00
2.203394937515258789e+01 3.049999999999999822e+00 4.899999871850013733e-02 9.004920959472656250e+01
2.212294888496398926e+01 3.180000000000000160e+00 4.899999871850013733e-02 1.800984191894531250e+02
2.223194599151611328e+01 3.359999999999999876e+00 4.899999871850013733e-02 8.100057373046875000e+02
2.232695460319519043e+01 3.439999999999999947e+00 4.899999871850013733e-02 5.402952880859375000e+02
2.241594576835632324e+01 3.560000000000000053e+00 4.899999871850013733e-02 1.800984191894531250e+02
2.252394771575927734e+01 3.379999999999999893e+00 4.899999871850013733e-02 1.800984191894531250e+02
2.261895155906677246e+01 3.399999999999999911e+00 4.899999871850013733e-02 2.701476440429687500e+02
2.273095202445983887e+01 3.430000000000000160e+00 4.899999871850013733e-02 6.299072875976562500e+02
2.281595611572265625e+01 3.470000000000000195e+00 4.899999871850013733e-02 6.299072875976562500e+02
2.293394851684570312e+01 3.470000000000000195e+00 4.899999871850013733e-02 6.299072875976562500e+02
2.302394890785217285e+01 3.500000000000000000e+00 4.899999871850013733e-02 3.597597045898437500e+02
2.313094902038574219e+01 3.520000000000000018e+00 4.899999871850013733e-02 0.000000000000000000e+00
2.322595167160034180e+01 3.390000000000000124e+00 4.899999871850013733e-02 0.000000000000000000e+00
2.331594610214233398e+01 3.259999999999999787e+00 4.899999871850013733e-02 8.961207580566406250e+01
2.342394948005676270e+01 3.299999999999999822e+00 4.899999871850013733e-02 6.299072875976562500e+02
2.351795244216918945e+01 3.419999999999999929e+00 4.899999871850013733e-02 9.000549316406250000e+02
2.363095021247863770e+01 3.529999999999999805e+00 4.899999871850013733e-02 8.100057373046875000e+02
2.371994805335998535e+01 3.470000000000000195e+00 4.899999871850013733e-02 9.000549316406250000e+02
2.383299541473388672e+01 3.520000000000000018e+00 4.899999871850013733e-02 8.100057373046875000e+02
2.392394709587097168e+01 3.529999999999999805e+00 4.899999871850013733e-02 6.299072875976562500e+02
2.403495049476623535e+01 3.560000000000000053e+00 4.899999871850013733e-02 6.299072875976562500e+02
2.412194800376892090e+01 3.509999999999999787e+00 4.899999871850013733e-02 6.303444213867187500e+02
2.421699452400207520e+01 3.450000000000000178e+00 4.899999871850013733e-02 1.800984191894531250e+02
2.432796788215637207e+01 3.319999999999999840e+00 4.899999871850013733e-02 1.800984191894531250e+02
2.441394925117492676e+01 3.330000000000000071e+00 4.899999871850013733e-02 4.502460327148437500e+02
2.453194737434387207e+01 3.410000000000000142e+00 4.899999871850013733e-02 4.502460327148437500e+02
2.462099051475524902e+01 3.470000000000000195e+00 4.899999871850013733e-02 5.398581542968750000e+02
2.472900080680847168e+01 3.470000000000000195e+00 4.899999871850013733e-02 3.601968383789062500e+02
2.482394719123840332e+01 3.529999999999999805e+00 4.899999871850013733e-02 3.601968383789062500e+02
2.493494772911071777e+01 3.540000000000000036e+00 4.899999871850013733e-02 1.796612854003906250e+02
2.502100133895874023e+01 3.459999999999999964e+00 4.899999871850013733e-02 1.800984191894531250e+02
2.511594796180725098e+01 3.419999999999999929e+00 4.899999871850013733e-02 1.800984191894531250e+02
2.522899293899536133e+01 3.379999999999999893e+00 4.899999871850013733e-02 3.601968383789062500e+02
2.533594703674316406e+01 3.390000000000000124e+00 4.899999871850013733e-02 3.601968383789062500e+02
2.543094563484191895e+01 3.459999999999999964e+00 4.899999871850013733e-02 3.601968383789062500e+02
2.552099442481994629e+01 3.439999999999999947e+00 4.899999871850013733e-02 5.402952880859375000e+02
2.562899160385131836e+01 3.490000000000000213e+00 4.899999871850013733e-02 7.199565429687500000e+02
2.572294950485229492e+01 3.459999999999999964e+00 4.899999871850013733e-02 6.299072875976562500e+02
2.583494663238525391e+01 3.500000000000000000e+00 4.899999871850013733e-02 5.398581542968750000e+02
2.592499279975891113e+01 3.470000000000000195e+00 4.899999871850013733e-02 4.498088989257812500e+02
2.601194882392883301e+01 3.430000000000000160e+00 4.899999871850013733e-02 2.701476440429687500e+02
2.612901234626770020e+01 3.470000000000000195e+00 4.899999871850013733e-02 0.000000000000000000e+00
2.621795773506164551e+01 3.410000000000000142e+00 4.899999871850013733e-02 1.796612854003906250e+02
2.632694792747497559e+01 3.310000000000000053e+00 4.899999871850013733e-02 6.299072875976562500e+02
2.642194795608520508e+01 3.450000000000000178e+00 4.899999871850013733e-02 4.498088989257812500e+02
2.653298854827880859e+01 3.509999999999999787e+00 4.899999871850013733e-02 0.000000000000000000e+00
2.661894655227661133e+01 3.350000000000000089e+00 4.899999871850013733e-02 0.000000000000000000e+00
2.671395039558410645e+01 3.299999999999999822e+00 4.899999871850013733e-02 2.701476440429687500e+02
2.682595849037170410e+01 3.370000000000000107e+00 4.899999871850013733e-02 7.199565429687500000e+02
2.693395161628723145e+01 3.479999999999999982e+00 4.899999871850013733e-02 6.299072875976562500e+02
2.702899527549743652e+01 3.509999999999999787e+00 4.899999871850013733e-02 4.498088989257812500e+02
2.711894965171813965e+01 3.439999999999999947e+00 4.899999871850013733e-02 2.697105102539062500e+02
2.722602963447570801e+01 3.419999999999999929e+00 4.899999871850013733e-02 3.601968383789062500e+02
2.732098841667175293e+01 3.430000000000000160e+00 4.899999871850013733e-02 4.498088989257812500e+02
2.743394947052001953e+01 3.379999999999999893e+00 4.899999871850013733e-02 6.299072875976562500e+02
2.751895308494567871e+01 3.439999999999999947e+00 4.899999871850013733e-02 5.398581542968750000e+02
2.761299109458923340e+01 3.529999999999999805e+00 4.899999871850013733e-02 5.398581542968750000e+02
2.772594738006591797e+01 3.549999999999999822e+00 4.899999871850013733e-02 3.597597045898437500e+02
2.783394718170166016e+01 3.450000000000000178e+00 4.899999871850013733e-02 3.597597045898437500e+02
2.792796683311462402e+01 3.379999999999999893e+00 4.899999871850013733e-02 4.498088989257812500e+02
2.801895213127136230e+01 3.450000000000000178e+00 4.899999871850013733e-02 3.597597045898437500e+02
2.812995457649230957e+01 3.390000000000000124e+00 4.899999871850013733e-02 5.402952880859375000e+02
2.821699762344360352e+01 3.419999999999999929e+00 4.899999871850013733e-02 5.398581542968750000e+02
2.833394646644592285e+01 3.370000000000000107e+00 4.899999871850013733e-02 7.199565429687500000e+02
2.842294859886169434e+01 3.529999999999999805e+00 4.899999871850013733e-02 7.199565429687500000e+02
2.853195166587829590e+01 3.479999999999999982e+00 4.899999871850013733e-02 6.299072875976562500e+02
2.862694716453552246e+01 3.470000000000000195e+00 4.899999871850013733e-02 4.498088989257812500e+02
2.871594643592834473e+01 3.479999999999999982e+00 4.899999871850013733e-02 3.601968383789062500e+02
2.882394695281982422e+01 3.470000000000000195e+00 4.899999871850013733e-02 2.701476440429687500e+02
2.891894984245300293e+01 3.359999999999999876e+00 4.899999871850013733e-02 4.498088989257812500e+02
2.903094601631164551e+01 3.390000000000000124e+00 4.899999871850013733e-02 5.402952880859375000e+02
2.911594676971435547e+01 3.459999999999999964e+00 4.899999871850013733e-02 5.402952880859375000e+02
2.923394799232482910e+01 3.270000000000000018e+00 4.899999871850013733e-02 0.000000000000000000e+00
2.932394695281982422e+01 3.339999999999999858e+00 4.899999871850013733e-02 0.000000000000000000e+00
2.943104124069213867e+01 3.029999999999999805e+00 4.899999871850013733e-02 0.000000000000000000e+00
2.952595472335815430e+01 2.870000000000000107e+00 4.899999871850013733e-02 9.004920959472656250e+01
2.961594963073730469e+01 2.870000000000000107e+00 4.899999871850013733e-02 0.000000000000000000e+00
2.972394895553588867e+01 2.799999999999999822e+00 4.899999871850013733e-02 0.000000000000000000e+00
2.981795024871826172e+01 2.709999999999999964e+00 4.899999871850013733e-02 0.000000000000000000e+00
2.993094873428344727e+01 2.959999999999999964e+00 4.899999871850013733e-02 0.000000000000000000e+00
3.001994848251342773e+01 3.270000000000000018e+00 4.899999871850013733e-02 0.000000000000000000e+00
3.013299632072448730e+01 4.660000000000000142e+00 4.899999871850013733e-02 0.000000000000000000e+00
3.022394609451293945e+01 5.339999999999999858e+00 4.899999871850013733e-02 0.000000000000000000e+00
3.033494663238525391e+01 4.889999999999999680e+00 2.099999971687793732e-02 -1.710060668945312500e+03
3.042194771766662598e+01 3.680000000000000160e+00 2.099999971687793732e-02 -1.980208496093750000e+03
3.051700472831726074e+01 3.250000000000000000e+00 2.099999971687793732e-02 -1.260251708984375000e+03
3.062795448303222656e+01 3.350000000000000089e+00 2.099999971687793732e-02 -9.000549316406250000e+02
3.071394801139831543e+01 3.569999999999999840e+00 2.099999971687793732e-02 -1.080153442382812500e+03
3.083194947242736816e+01 3.520000000000000018e+00 2.099999971687793732e-02 -1.170202514648437500e+03
3.092098879814147949e+01 3.490000000000000213e+00 2.099999971687793732e-02 -1.259814575195312500e+03
3.102908539772033691e+01 3.470000000000000195e+00 2.099999971687793732e-02 -1.080153442382812500e+03
3.112404274940490723e+01 3.399999999999999911e+00 2.099999971687793732e-02 -9.000549316406250000e+02
3.123503994941711426e+01 3.439999999999999947e+00 2.099999971687793732e-02 -5.398581542968750000e+02
3.132098817825317383e+01 3.490000000000000213e+00 2.099999971687793732e-02 -6.299072875976562500e+02
3.141595578193664551e+01 3.629999999999999893e+00 2.099999971687793732e-02 -7.203936767578125000e+02
3.152899909019470215e+01 3.589999999999999858e+00 2.099999971687793732e-02 -9.901042480468750000e+02
3.163598561286926270e+01 3.459999999999999964e+00 2.099999971687793732e-02 -9.896671142578125000e+02
3.173094630241394043e+01 3.479999999999999982e+00 2.099999971687793732e-02 -9.000549316406250000e+02
3.182099223136901855e+01 3.470000000000000195e+00 2.099999971687793732e-02 -7.199565429687500000e+02
3.192899560928344727e+01 3.500000000000000000e+00 2.099999971687793732e-02 -7.199565429687500000e+02
3.202294945716857910e+01 3.540000000000000036e+00 2.099999971687793732e-02 -8.100057373046875000e+02
3.213494801521301270e+01 3.540000000000000036e+00 2.099999971687793732e-02 -7.199565429687500000e+02
3.222499561309814453e+01 3.479999999999999982e+00 2.099999971687793732e-02 -8.996177978515625000e+02
3.231194853782653809e+01 3.589999999999999858e+00 2.099999971687793732e-02 -7.199565429687500000e+02
3.242898988723754883e+01 3.540000000000000036e+00 2.099999971687793732e-02 -8.100057373046875000e+02
3.251795721054077148e+01 3.509999999999999787e+00 2.099999971687793732e-02 -9.000549316406250000e+02
3.262694644927978516e+01 3.490000000000000213e+00 2.099999971687793732e-02 -8.100057373046875000e+02
3.272195148468017578e+01 3.520000000000000018e+00 2.099999971687793732e-02 -8.100057373046875000e+02
3.283299446105957031e+01 3.560000000000000053e+00 2.099999971687793732e-02 -8.100057373046875000e+02
3.291894936561584473e+01 3.540000000000000036e+00 2.099999971687793732e-02 -9.000549316406250000e+02
3.301395058631896973e+01 3.549999999999999822e+00 2.099999971687793732e-02 -1.259814575195312500e+03
3.312594747543334961e+01 3.500000000000000000e+00 2.099999971687793732e-02 -9.901042480468750000e+02
3.323394727706909180e+01 3.359999999999999876e+00 2.099999971687793732e-02 -8.100057373046875000e+02
3.332899451255798340e+01 3.439999999999999947e+00 2.099999971687793732e-02 -6.299072875976562500e+02
3.341895151138305664e+01 3.490000000000000213e+00 2.099999971687793732e-02 -5.398581542968750000e+02
3.352594923973083496e+01 3.500000000000000000e+00 2.099999971687793732e-02 -6.299072875976562500e+02
3.362099146842956543e+01 3.589999999999999858e+00 2.099999971687793732e-02 -7.199565429687500000e+02
3.373395061492919922e+01 3.490000000000000213e+00 2.099999971687793732e-02 -7.203936767578125000e+02
3.381895089149475098e+01 3.459999999999999964e+00 2.099999971687793732e-02 -7.199565429687500000e+02
3.391300034523010254e+01 3.540000000000000036e+00 2.099999971687793732e-02 -8.100057373046875000e+02
3.402595186233520508e+01 3.529999999999999805e+00 2.099999971687793732e-02 -8.100057373046875000e+02
3.413394832611083984e+01 3.529999999999999805e+00 2.099999971687793732e-02 -9.000549316406250000e+02
3.422795462608337402e+01 3.459999999999999964e+00 2.099999971687793732e-02 -7.199565429687500000e+02
3.431894731521606445e+01 3.520000000000000018e+00 2.099999971687793732e-02 -7.199565429687500000e+02
3.442994546890258789e+01 3.529999999999999805e+00 2.099999971687793732e-02 -8.100057373046875000e+02
3.451698613166809082e+01 3.529999999999999805e+00 2.099999971687793732e-02 -7.201751098632812500e+02
3.463394856452941895e+01 3.549999999999999822e+00 2.099999971687793732e-02 -8.998363647460937500e+02
3.472294688224792480e+01 3.509999999999999787e+00 2.099999971687793732e-02 -8.100057373046875000e+02
3.483194994926452637e+01 3.490000000000000213e+00 2.099999971687793732e-02 -8.100057373046875000e+02
3.492694664001464844e+01 3.450000000000000178e+00 2.099999971687793732e-02 -6.299072875976562500e+02
3.501594638824462891e+01 3.500000000000000000e+00 2.099999971687793732e-02 -5.400767211914062500e+02
3.512396240234375000e+01 3.520000000000000018e+00 2.099999971687793732e-02 -6.299072875976562500e+02
3.521895051002502441e+01 3.459999999999999964e+00 2.099999971687793732e-02 -6.301258544921875000e+02
3.533094453811645508e+01 3.500000000000000000e+00 2.099999971687793732e-02 -6.301258544921875000e+02
3.541594576835632324e+01 3.459999999999999964e+00 2.099999971687793732e-02 -6.299072875976562500e+02
3.553394961357116699e+01 3.500000000000000000e+00 2.099999971687793732e-02 -5.398581542968750000e+02
3.562394618988037109e+01 3.600000000000000089e+00 2.099999971687793732e-02 -5.398581542968750000e+02
3.573094701766967773e+01 3.589999999999999858e+00 2.099999971687793732e-02 -8.100057373046875000e+02
3.582594919204711914e+01 3.600000000000000089e+00 2.099999971687793732e-02 -9.901042480468750000e+02
3.591595196723937988e+01 3.479999999999999982e+00 2.099999971687793732e-02 -9.000549316406250000e+02
3.602394771575927734e+01 3.439999999999999947e+00 2.099999971687793732e-02 -6.301258544921875000e+02
3.611795353889465332e+01 3.529999999999999805e+00 2.099999971687793732e-02 -5.398581542968750000e+02
3.623095083236694336e+01 3.580000000000000071e+00 2.099999971687793732e-02 -8.100057373046875000e+02
3.631994843482971191e+01 3.549999999999999822e+00 2.099999971687793732e-02 -9.898856811523437500e+02
3.643299913406372070e+01 3.479999999999999982e+00 2.099999971687793732e-02 -7.199565429687500000e+02
3.652394556999206543e+01 3.430000000000000160e+00 2.099999971687793732e-02 -5.400767211914062500e+02
3.663494634628295898e+01 3.549999999999999822e+00 2.099999971687793732e-02 -4.500274658203125000e+02
3.672194910049438477e+01 3.569999999999999840e+00 2.099999971687793732e-02 -7.200657958984375000e+02
3.681699490547180176e+01 3.529999999999999805e+00 2.099999971687793732e-02 -8.100057373046875000e+02
3.692795228958129883e+01 3.509999999999999787e+00 2.099999971687793732e-02 -8.098964843750000000e+02
3.701394796371459961e+01 3.459999999999999964e+00 2.099999971687793732e-02 -7.199565429687500000e+02
3.713194632530212402e+01 3.470000000000000195e+00 2.099999971687793732e-02 -5.400767211914062500e+02
3.722099637985229492e+01 3.430000000000000160e+00 2.099999971687793732e-02 -4.499181823730468750e+02
3.732899188995361328e+01 3.500000000000000000e+00 2.099999971687793732e-02 -2.700383605957031250e+02
3.742394685745239258e+01 3.560000000000000053e+00 2.099999971687793732e-02 -5.400767211914062500e+02
3.753494620323181152e+01 3.660000000000000142e+00 2.099999971687793732e-02 -7.199565429687500000e+02
3.762099266052246094e+01 3.529999999999999805e+00 2.099999971687793732e-02 -8.100057373046875000e+02
3.771594572067260742e+01 3.479999999999999982e+00 2.099999971687793732e-02 -8.100057373046875000e+02
3.782900524139404297e+01 3.549999999999999822e+00 2.099999971687793732e-02 -9.899949340820312500e+02
3.793596029281616211e+01 3.500000000000000000e+00 2.099999971687793732e-02 -9.899949340820312500e+02
3.803094744682312012e+01 3.439999999999999947e+00 2.099999971687793732e-02 -9.000003051757812500e+02
3.812099385261535645e+01 3.470000000000000195e+00 2.099999971687793732e-02 -5.400220947265625000e+02
3.822899293899536133e+01 3.470000000000000195e+00 2.099999971687793732e-02 -4.499728393554687500e+02
3.832294678688049316e+01 3.609999999999999876e+00 2.099999971687793732e-02 -5.399674072265625000e+02
3.842099714279174805e+01 3.549999999999999822e+00 2.099999971687793732e-02 -4.499728393554687500e+02
3.852498316764831543e+01 3.549999999999999822e+00 2.099999971687793732e-02 -4.500274658203125000e+02
3.861194467544555664e+01 3.240000000000000213e+00 2.099999971687793732e-02 0.000000000000000000e+00
3.872898912429809570e+01 2.950000000000000178e+00 2.099999971687793732e-02 0.000000000000000000e+00
3.881795001029968262e+01 2.990000000000000213e+00 2.099999971687793732e-02 0.000000000000000000e+00
3.892694616317749023e+01 2.979999999999999982e+00 2.099999971687793732e-02 0.000000000000000000e+00
3.902195334434509277e+01 2.939999999999999947e+00 2.099999971687793732e-02 0.000000000000000000e+00
3.913298559188842773e+01 2.720000000000000195e+00 2.099999971687793732e-02 0.000000000000000000e+00
3.921894574165344238e+01 2.310000000000000053e+00 2.099999971687793732e-02 0.000000000000000000e+00
3.931394839286804199e+01 2.089999999999999858e+00 2.099999971687793732e-02 0.000000000000000000e+00
3.942594623565673828e+01 1.820000000000000062e+00 2.099999971687793732e-02 0.000000000000000000e+00
3.953394627571105957e+01 1.510000000000000009e+00 2.099999971687793732e-02 0.000000000000000000e+00
3.962899231910705566e+01 1.399999999999999911e+00 2.099999971687793732e-02 0.000000000000000000e+00
3.971894669532775879e+01 1.300000000000000044e+00 2.099999971687793732e-02 0.000000000000000000e+00
3.982594704627990723e+01 1.229999999999999982e+00 2.099999971687793732e-02 0.000000000000000000e+00
3.992097830772399902e+01 1.270000000000000018e+00 4.899999871850013733e-02 9.000003051757812500e+02
4.003395152091979980e+01 3.200000000000000178e+00 4.899999871850013733e-02 1.619956787109375000e+03
4.011894917488098145e+01 3.680000000000000160e+00 4.899999871850013733e-02 9.000003051757812500e+02
4.022794914245605469e+01 3.629999999999999893e+00 4.899999871850013733e-02 4.500274658203125000e+02
4.032594752311706543e+01 3.430000000000000160e+00 4.899999871850013733e-02 6.300166015625000000e+02
4.043394613265991211e+01 3.399999999999999911e+00 4.899999871850013733e-02 9.000549316406250000e+02
4.052795338630676270e+01 3.379999999999999893e+00 4.899999871850013733e-02 1.439913085937500000e+03
4.061894893646240234e+01 3.419999999999999929e+00 4.899999871850013733e-02 1.710060668945312500e+03
4.072994756698608398e+01 3.509999999999999787e+00 4.899999871850013733e-02 1.979989868164062500e+03
4.081699466705322266e+01 3.580000000000000071e+00 4.899999871850013733e-02 1.620011474609375000e+03
4.093394875526428223e+01 3.700000000000000178e+00 4.899999871850013733e-02 8.998363647460937500e+02
4.102294588088989258e+01 3.569999999999999840e+00 4.899999871850013733e-02 5.400767211914062500e+02
4.113194656372070312e+01 3.500000000000000000e+00 4.899999871850013733e-02 7.201751098632812500e+02
4.122695493698120117e+01 3.470000000000000195e+00 4.899999871850013733e-02 9.901042480468750000e+02
4.131595182418823242e+01 3.509999999999999787e+00 4.899999871850013733e-02 9.901042480468750000e+02
4.142394948005676270e+01 3.569999999999999840e+00 4.899999871850013733e-02 5.398581542968750000e+02
4.151895236968994141e+01 3.470000000000000195e+00 4.899999871850013733e-02 6.299072875976562500e+02
4.163094687461853027e+01 3.529999999999999805e+00 4.899999871850013733e-02 7.199565429687500000e+02
4.171594691276550293e+01 3.520000000000000018e+00 4.899999871850013733e-02 5.398581542968750000e+02
4.183394742012023926e+01 3.459999999999999964e+00 4.899999871850013733e-02 7.199565429687500000e+02
4.192395043373107910e+01 3.430000000000000160e+00 4.899999871850013733e-02 9.898856811523437500e+02
4.203094792366027832e+01 3.439999999999999947e+00 4.899999871850013733e-02 1.170202514648437500e+03
4.212594866752624512e+01 3.529999999999999805e+00 4.899999871850013733e-02 1.260033203125000000e+03
4.221594715118408203e+01 3.490000000000000213e+00 4.899999871850013733e-02 1.169984008789062500e+03
4.232394528388977051e+01 3.490000000000000213e+00 4.899999871850013733e-02 1.169984008789062500e+03
4.241795229911804199e+01 3.540000000000000036e+00 4.899999871850013733e-02 9.898856811523437500e+02
4.253095841407775879e+01 3.589999999999999858e+00 4.899999871850013733e-02 5.398581542968750000e+02
4.261995124816894531e+01 3.520000000000000018e+00 4.899999871850013733e-02 6.299072875976562500e+02
4.273299407958984375e+01 3.459999999999999964e+00 4.899999871850013733e-02 7.199565429687500000e+02
4.282394647598266602e+01 3.439999999999999947e+00 4.899999871850013733e-02 5.398581542968750000e+02
4.293494701385498047e+01 3.490000000000000213e+00 4.899999871850013733e-02 5.400767211914062500e+02
4.302194809913635254e+01 3.520000000000000018e+00 4.899999871850013733e-02 6.299072875976562500e+02
4.311698985099792480e+01 3.490000000000000213e+00 4.899999871850013733e-02 7.201751098632812500e+02
4.322795391082763672e+01 3.520000000000000018e+00 4.899999871850013733e-02 6.301258544921875000e+02
4.331394648551940918e+01 3.490000000000000213e+00 4.899999871850013733e-02 5.402952880859375000e+02
4.343195128440856934e+01 3.430000000000000160e+00 4.899999871850013733e-02 7.199565429687500000e+02
4.352098989486694336e+01 3.410000000000000142e+00 4.899999871850013733e-02 8.996177978515625000e+02
4.362899112701416016e+01 3.479999999999999982e+00 4.899999871850013733e-02 8.100057373046875000e+02
4.372394680976867676e+01 3.549999999999999822e+00 4.899999871850013733e-02 5.398581542968750000e+02
4.383494901657104492e+01 3.500000000000000000e+00 4.899999871850013733e-02 4.502460327148437500e+02
4.392099308967590332e+01 3.459999999999999964e+00 4.899999871850013733e-02 4.498088989257812500e+02
4.401594781875610352e+01 3.439999999999999947e+00 4.899999871850013733e-02 5.398581542968750000e+02
4.412900233268737793e+01 3.490000000000000213e+00 4.899999871850013733e-02 5.398581542968750000e+02
4.423494625091552734e+01 3.490000000000000213e+00 4.899999871850013733e-02 4.498088989257812500e+02
4.433095574378967285e+01 3.399999999999999911e+00 4.899999871850013733e-02 6.299072875976562500e+02
4.442098927497863770e+01 3.430000000000000160e+00 4.899999871850013733e-02 7.199565429687500000e+02
4.452899098396301270e+01 3.470000000000000195e+00 4.899999871850013733e-02 7.199565429687500000e+02
4.462294816970825195e+01 3.529999999999999805e+00 4.899999871850013733e-02 7.199565429687500000e+02
4.473494672775268555e+01 3.500000000000000000e+00 4.899999871850013733e-02 7.199565429687500000e+02
4.482499599456787109e+01 3.419999999999999929e+00 4.899999871850013733e-02 7.199565429687500000e+02
4.491194629669189453e+01 3.520000000000000018e+00 4.899999871850013733e-02 7.199565429687500000e+02
4.502899885177612305e+01 3.520000000000000018e+00 4.899999871850013733e-02 4.498088989257812500e+02
4.511795854568481445e+01 3.470000000000000195e+00 4.899999871850013733e-02 4.498088989257812500e+02
4.522694730758666992e+01 3.520000000000000018e+00 4.899999871850013733e-02 6.299072875976562500e+02
4.532194948196411133e+01 3.439999999999999947e+00 4.899999871850013733e-02 7.199565429687500000e+02
4.543300223350524902e+01 3.410000000000000142e+00 4.899999871850013733e-02 8.100057373046875000e+02
4.551894855499267578e+01 3.479999999999999982e+00 4.899999871850013733e-02 8.100057373046875000e+02
4.561394834518432617e+01 3.529999999999999805e+00 4.899999871850013733e-02 7.203936767578125000e+02
4.572594714164733887e+01 3.569999999999999840e+00 4.899999871850013733e-02 5.398581542968750000e+02
4.583394813537597656e+01 3.490000000000000213e+00 4.899999871850013733e-02 4.502460327148437500e+02
4.592899894714355469e+01 3.419999999999999929e+00 4.899999871850013733e-02 4.498088989257812500e+02
4.601894974708557129e+01 3.450000000000000178e+00 4.899999871850013733e-02 4.498088989257812500e+02
4.612594842910766602e+01 3.500000000000000000e+00 4.899999871850013733e-02 6.299072875976562500e+02
4.622099089622497559e+01 3.450000000000000178e+00 4.899999871850013733e-02 9.901042480468750000e+02
4.633395075798034668e+01 3.430000000000000160e+00 4.899999871850013733e-02 1.349863891601562500e+03
4.641894960403442383e+01 3.470000000000000195e+00 4.899999871850013733e-02 1.260251708984375000e+03
4.653494715690612793e+01 3.580000000000000071e+00 4.899999871850013733e-02 7.199565429687500000e+02
4.662594938278198242e+01 3.470000000000000195e+00 4.899999871850013733e-02 6.303444213867187500e+02
4.673394775390625000e+01 3.430000000000000160e+00 4.899999871850013733e-02 9.000549316406250000e+02
4.682795238494873047e+01 3.379999999999999893e+00 4.899999871850013733e-02 9.000549316406250000e+02
4.691895198822021484e+01 3.529999999999999805e+00 4.899999871850013733e-02 7.203936767578125000e+02
4.702995133399963379e+01 3.470000000000000195e+00 4.899999871850013733e-02 7.199565429687500000e+02
4.711698317527770996e+01 3.439999999999999947e+00 4.899999871850013733e-02 9.901042480468750000e+02
4.723394942283630371e+01 3.509999999999999787e+00 4.899999871850013733e-02 9.000549316406250000e+02
4.732294702529907227e+01 3.549999999999999822e+00 4.899999871850013733e-02 6.299072875976562500e+02
4.743194818496704102e+01 3.520000000000000018e+00 4.899999871850013733e-02 2.701476440429687500e+02
4.752694773674011230e+01 3.430000000000000160e+00 4.899999871850013733e-02 2.701476440429687500e+02
4.761594772338867188e+01 3.299999999999999822e+00 4.899999871850013733e-02 3.601968383789062500e+02
4.772394776344299316e+01 3.450000000000000178e+00 4.899999871850013733e-02 3.601968383789062500e+02
4.781895017623901367e+01 3.479999999999999982e+00 4.899999871850013733e-02 4.498088989257812500e+02
4.793094658851623535e+01 3.509999999999999787e+00 4.899999871850013733e-02 3.601968383789062500e+02
4.801594734191894531e+01 3.410000000000000142e+00 4.899999871850013733e-02 3.601968383789062500e+02
4.813394975662231445e+01 3.419999999999999929e+00 4.899999871850013733e-02 1.800984191894531250e+02
4.822394728660583496e+01 3.359999999999999876e+00 4.899999871850013733e-02 2.697105102539062500e+02
4.833094549179077148e+01 3.299999999999999822e+00 4.899999871850013733e-02 7.199565429687500000e+02
4.842595243453979492e+01 3.450000000000000178e+00 4.899999871850013733e-02 7.199565429687500000e+02
4.851594924926757812e+01 3.560000000000000053e+00 4.899999871850013733e-02 3.597597045898437500e+02
4.862394714355468750e+01 3.459999999999999964e+00 4.899999871850013733e-02 5.398581542968750000e+02
4.871795105934143066e+01 3.299999999999999822e+00 4.899999871850013733e-02 0.000000000000000000e+00
4.883095169067382812e+01 3.379999999999999893e+00 4.899999871850013733e-02 0.000000000000000000e+00
4.891995000839233398e+01 3.089999999999999858e+00 4.899999871850013733e-02 9.004920959472656250e+01
4.903299212455749512e+01 2.979999999999999982e+00 4.899999871850013733e-02 0.000000000000000000e+00
4.912394714355468750e+01 4.209999999999999964e+00 4.899999871850013733e-02 0.000000000000000000e+00
4.923395037651062012e+01 5.019999999999999574e+00 4.899999871850013733e-02 0.000000000000000000e+00
4.932194828987121582e+01 5.509999999999999787e+00 4.899999871850013733e-02 0.000000000000000000e+00
4.941700053215026855e+01 6.139999999999999680e+00 4.899999871850013733e-02 0.000000000000000000e+00
4.952797102928161621e+01 5.120000000000000107e+00 2.099999971687793732e-02 -1.979771362304687500e+03
4.961994671821594238e+01 3.750000000000000000e+00 2.099999971687793732e-02 -2.430017089843750000e+03
4.973194789886474609e+01 3.339999999999999858e+00 2.099999971687793732e-02 -2.070257568359375000e+03
4.982098913192749023e+01 3.250000000000000000e+00 2.099999971687793732e-02 -1.710060668945312500e+03
4.992899131774902344e+01 3.419999999999999929e+00 2.099999971687793732e-02 -1.800109863281250000e+03
5.002395772933959961e+01 3.459999999999999964e+00 2.099999971687793732e-02 -1.980208496093750000e+03
5.013594913482666016e+01 3.359999999999999876e+00 2.099999971687793732e-02 -1.800109863281250000e+03
5.022098994255065918e+01 3.350000000000000089e+00 2.099999971687793732e-02 -1.710060668945312500e+03
5.031594657897949219e+01 3.330000000000000071e+00 2.099999971687793732e-02 -1.529962280273437500e+03
5.042899894714355469e+01 3.370000000000000107e+00 2.099999971687793732e-02 -1.440350219726562500e+03
5.053494763374328613e+01 3.410000000000000142e+00 2.099999971687793732e-02 -1.439913085937500000e+03
5.063094711303710938e+01 3.479999999999999982e+00 2.099999971687793732e-02 -1.350301025390625000e+03
5.072098779678344727e+01 3.439999999999999947e+00 2.099999971687793732e-02 -1.439913085937500000e+03
5.082899260520935059e+01 3.419999999999999929e+00 2.099999971687793732e-02 -1.439913085937500000e+03
5.092295241355895996e+01 3.430000000000000160e+00 2.099999971687793732e-02 -1.349863891601562500e+03
5.102995014190673828e+01 3.470000000000000195e+00 2.099999971687793732e-02 -1.529962280273437500e+03
5.112499117851257324e+01 3.430000000000000160e+00 2.099999971687793732e-02 -1.439913085937500000e+03
5.121194887161254883e+01 3.330000000000000071e+00 2.099999971687793732e-02 -1.259814575195312500e+03
5.132899427413940430e+01 3.430000000000000160e+00 2.099999971687793732e-02 -1.259814575195312500e+03
5.141797804832458496e+01 3.450000000000000178e+00 2.099999971687793732e-02 -1.529962280273437500e+03
5.152695035934448242e+01 3.459999999999999964e+00 2.099999971687793732e-02 -1.439913085937500000e+03
5.162194895744323730e+01 3.430000000000000160e+00 2.099999971687793732e-02 -1.529962280273437500e+03
5.173298740386962891e+01 3.399999999999999911e+00 2.099999971687793732e-02 -1.350082397460937500e+03
5.181894803047180176e+01 3.410000000000000142e+00 2.099999971687793732e-02 -1.169984008789062500e+03
5.191394901275634766e+01 3.459999999999999964e+00 2.099999971687793732e-02 -1.349863891601562500e+03
5.202595210075378418e+01 3.459999999999999964e+00 2.099999971687793732e-02 -1.439913085937500000e+03
5.213394737243652344e+01 3.410000000000000142e+00 2.099999971687793732e-02 -1.350082397460937500e+03
5.222900080680847168e+01 3.370000000000000107e+00 2.099999971687793732e-02 -1.260033203125000000e+03
5.231895327568054199e+01 3.359999999999999876e+00 2.099999971687793732e-02 -9.898856811523437500e+02
5.242594742774963379e+01 3.459999999999999964e+00 2.099999971687793732e-02 -8.100057373046875000e+02
5.252099728584289551e+01 3.529999999999999805e+00 2.099999971687793732e-02 -9.898856811523437500e+02
5.263394975662231445e+01 3.609999999999999876e+00 2.099999971687793732e-02 -1.439913085937500000e+03
5.271895098686218262e+01 3.490000000000000213e+00 2.099999971687793732e-02 -1.440131591796875000e+03
5.281894898414611816e+01 3.390000000000000124e+00 2.099999971687793732e-02 -1.259814575195312500e+03
5.292594957351684570e+01 3.419999999999999929e+00 2.099999971687793732e-02 -1.439913085937500000e+03
5.303395199775695801e+01 3.459999999999999964e+00 2.099999971687793732e-02 -1.620011474609375000e+03
5.312795567512512207e+01 3.379999999999999893e+00 2.099999971687793732e-02 -1.349973144531250000e+03
5.321895051002502441e+01 3.319999999999999840e+00 2.099999971687793732e-02 -8.100057373046875000e+02
5.332995128631591797e+01 3.339999999999999858e+00 2.099999971687793732e-02 -5.400767211914062500e+02
5.341699528694152832e+01 3.520000000000000018e+00 2.099999971687793732e-02 -7.199565429687500000e+02
5.353394818305969238e+01 3.560000000000000053e+00 2.099999971687793732e-02 -9.899949340820312500e+02
5.362294626235961914e+01 3.490000000000000213e+00 2.099999971687793732e-02 -8.100057373046875000e+02
5.373194575309753418e+01 3.490000000000000213e+00 2.099999971687793732e-02 -8.999456787109375000e+02
5.382694578170776367e+01 3.549999999999999822e+00 2.099999971687793732e-02 -8.100057373046875000e+02
5.391594600677490234e+01 3.479999999999999982e+00 2.099999971687793732e-02 -8.100057373046875000e+02
5.402394986152648926e+01 3.490000000000000213e+00 2.099999971687793732e-02 -9.000003051757812500e+02
5.411895060539245605e+01 3.479999999999999982e+00 2.099999971687793732e-02 -6.299619750976562500e+02
5.423095035552978516e+01 3.479999999999999982e+00 2.099999971687793732e-02 -3.600328979492187500e+02
5.431594586372375488e+01 3.549999999999999822e+00 2.099999971687793732e-02 -3.599782714843750000e+02
5.443394970893859863e+01 3.609999999999999876e+00 2.099999971687793732e-02 -5.400220947265625000e+02
5.452394533157348633e+01 3.580000000000000071e+00 2.099999971687793732e-02 -6.300166015625000000e+02
5.463094735145568848e+01 3.129999999999999893e+00 2.099999971687793732e-02 0.000000000000000000e+00
5.472594976425170898e+01 2.459999999999999964e+00 2.099999971687793732e-02 0.000000000000000000e+00
5.481594562530517578e+01 2.339999999999999858e+00 2.099999971687793732e-02 0.000000000000000000e+00
5.492394661903381348e+01 1.820000000000000062e+00 2.099999971687793732e-02 0.000000000000000000e+00
5.501795148849487305e+01 1.620000000000000107e+00 2.099999971687793732e-02 0.000000000000000000e+00
5.513095545768737793e+01 1.270000000000000018e+00 4.899999871850013733e-02 2.699837036132812500e+02
5.521994757652282715e+01 2.209999999999999964e+00 4.899999871850013733e-02 2.069984375000000000e+03
5.533299136161804199e+01 3.450000000000000178e+00 4.899999871850013733e-02 1.620011474609375000e+03
5.542394685745239258e+01 3.649999999999999911e+00 4.899999871850013733e-02 1.439913085937500000e+03
5.553494906425476074e+01 3.509999999999999787e+00 4.899999871850013733e-02 1.440022338867187500e+03
5.562195158004760742e+01 3.520000000000000018e+00 4.899999871850013733e-02 1.529962280273437500e+03
5.571698808670043945e+01 3.540000000000000036e+00 4.899999871850013733e-02 1.440022338867187500e+03
5.582797336578369141e+01 3.500000000000000000e+00 4.899999871850013733e-02 1.620011474609375000e+03
5.591394972801208496e+01 3.509999999999999787e+00 4.899999871850013733e-02 1.710060668945312500e+03
5.603194808959960938e+01 3.540000000000000036e+00 4.899999871850013733e-02 1.620011474609375000e+03
5.612098717689514160e+01 3.520000000000000018e+00 4.899999871850013733e-02 1.800109863281250000e+03
5.622899174690246582e+01 3.509999999999999787e+00 4.899999871850013733e-02 1.800109863281250000e+03
5.632395720481872559e+01 3.509999999999999787e+00 4.899999871850013733e-02 1.890159179687500000e+03
5.643494629859924316e+01 3.540000000000000036e+00 4.899999871850013733e-02 1.799891357421875000e+03
5.652099776268005371e+01 3.600000000000000089e+00 4.899999871850013733e-02 1.800109863281250000e+03
5.661594700813293457e+01 3.560000000000000053e+00 4.899999871850013733e-02 1.710060668945312500e+03
5.672898888587951660e+01 3.569999999999999840e+00 4.899999871850013733e-02 1.620011474609375000e+03
5.683494806289672852e+01 3.540000000000000036e+00 4.899999871850013733e-02 1.439913085937500000e+03
5.693094563484191895e+01 3.540000000000000036e+00 4.899999871850013733e-02 1.259814575195312500e+03
5.702099943161010742e+01 3.600000000000000089e+00 4.899999871850013733e-02 1.260033203125000000e+03
5.712899231910705566e+01 3.450000000000000178e+00 4.899999871850013733e-02 1.620011474609375000e+03
5.722294974327087402e+01 3.479999999999999982e+00 4.899999871850013733e-02 1.709623535156250000e+03
5.732994914054870605e+01 3.549999999999999822e+00 4.899999871850013733e-02 1.800109863281250000e+03
5.742500281333923340e+01 3.500000000000000000e+00 4.899999871850013733e-02 1.890159179687500000e+03
5.751194930076599121e+01 3.490000000000000213e+00 4.899999871850013733e-02 1.980208496093750000e+03
5.762899279594421387e+01 3.529999999999999805e+00 4.899999871850013733e-02 2.159869628906250000e+03
5.771796321868896484e+01 3.589999999999999858e+00 4.899999871850013733e-02 2.069820556640625000e+03
5.782696104049682617e+01 3.629999999999999893e+00 4.899999871850013733e-02 1.440350219726562500e+03
5.792194867134094238e+01 3.600000000000000089e+00 4.899999871850013733e-02 1.439913085937500000e+03
5.803299570083618164e+01 3.540000000000000036e+00 4.899999871850013733e-02 1.529962280273437500e+03
5.811894941329956055e+01 3.549999999999999822e+00 4.899999871850013733e-02 1.529962280273437500e+03
5.821394753456115723e+01 3.540000000000000036e+00 4.899999871850013733e-02 1.529962280273437500e+03
5.832594609260559082e+01 3.649999999999999911e+00 4.899999871850013733e-02 9.901042480468750000e+02
5.843395662307739258e+01 3.520000000000000018e+00 4.899999871850013733e-02 9.901042480468750000e+02
5.852900171279907227e+01 3.509999999999999787e+00 4.899999871850013733e-02 1.170202514648437500e+03
5.861894989013671875e+01 3.459999999999999964e+00 4.899999871850013733e-02 1.350301025390625000e+03
5.872594785690307617e+01 3.459999999999999964e+00 4.899999871850013733e-02 1.440350219726562500e+03
5.882098698616027832e+01 3.560000000000000053e+00 4.899999871850013733e-02 1.259814575195312500e+03
5.893395185470581055e+01 3.520000000000000018e+00 4.899999871850013733e-02 1.350301025390625000e+03
5.901894760131835938e+01 3.470000000000000195e+00 4.899999871850013733e-02 1.259814575195312500e+03
5.913594937324523926e+01 3.560000000000000053e+00 4.899999871850013733e-02 1.260251708984375000e+03
5.922595191001892090e+01 3.560000000000000053e+00 4.899999871850013733e-02 1.169765380859375000e+03
5.933394742012023926e+01 3.540000000000000036e+00 4.899999871850013733e-02 1.080153442382812500e+03
5.942795252799987793e+01 3.410000000000000142e+00 4.899999871850013733e-02 0.000000000000000000e+00
5.951894688606262207e+01 3.810000000000000053e+00 4.899999871850013733e-02 0.000000000000000000e+00
5.962995052337646484e+01 3.569999999999999840e+00 4.899999871850013733e-02 0.000000000000000000e+00
5.971699333190917969e+01 2.899999999999999911e+00 4.899999871850013733e-02 0.000000000000000000e+00
5.983395099639892578e+01 2.729999999999999982e+00 4.899999871850013733e-02 0.000000000000000000e+00
5.992294669151306152e+01 2.680000000000000160e+00 4.899999871850013733e-02 0.000000000000000000e+00
6.003194689750671387e+01 2.660000000000000142e+00 4.899999871850013733e-02 0.000000000000000000e+00
6.012695097923278809e+01 2.649999999999999911e+00 4.899999871850013733e-02 0.000000000000000000e+00
6.021594738960266113e+01 2.640000000000000124e+00 4.899999871850013733e-02 0.000000000000000000e+00
6.032394647598266602e+01 2.629999999999999893e+00 4.899999871850013733e-02 0.000000000000000000e+00
6.041894960403442383e+01 2.609999999999999876e+00 4.899999871850013733e-02 0.000000000000000000e+00
6.053094792366027832e+01 2.609999999999999876e+00 4.899999871850013733e-02 0.000000000000000000e+00
6.061594700813293457e+01 2.609999999999999876e+00 4.899999871850013733e-02 0.000000000000000000e+00
6.073395037651062012e+01 2.609999999999999876e+00 4.899999871850013733e-02 0.000000000000000000e+00
