1.899766921997070312e-02 2.089999999999999858e+00 3.500000014901161194e-02 0.000000000000000000e+00
1.189975738525390625e-01 2.089999999999999858e+00 3.500000014901161194e-02 0.000000000000000000e+00
2.100427150726318359e-01 2.089999999999999858e+00 3.500000014901161194e-02 0.000000000000000000e+00
2.999951839447021484e-01 2.089999999999999858e+00 3.500000014901161194e-02 0.000000000000000000e+00
4.070167541503906250e-01 2.089999999999999858e+00 3.500000014901161194e-02 0.000000000000000000e+00
5.180413722991943359e-01 2.089999999999999858e+00 3.500000014901161194e-02 0.000000000000000000e+00
6.069965362548828125e-01 2.089999999999999858e+00 3.500000014901161194e-02 0.000000000000000000e+00
6.990048885345458984e-01 2.089999999999999858e+00 3.500000014901161194e-02 0.000000000000000000e+00
8.109958171844482422e-01 2.089999999999999858e+00 3.500000014901161194e-02 0.000000000000000000e+00
8.999934196472167969e-01 2.089999999999999858e+00 3.500000014901161194e-02 0.000000000000000000e+00
1.018035173416137695e+00 2.089999999999999858e+00 3.500000014901161194e-02 0.000000000000000000e+00
1.106997489929199219e+00 2.089999999999999858e+00 3.500000014901161194e-02 0.000000000000000000e+00
1.214993476867675781e+00 2.089999999999999858e+00 3.500000014901161194e-02 0.000000000000000000e+00
1.310029268264770508e+00 2.089999999999999858e+00 3.500000014901161194e-02 0.000000000000000000e+00
1.399992465972900391e+00 2.089999999999999858e+00 3.500000014901161194e-02 0.000000000000000000e+00
1.506996870040893555e+00 2.089999999999999858e+00 3.500000014901161194e-02 0.000000000000000000e+00
1.602029800415039062e+00 2.089999999999999858e+00 3.500000014901161194e-02 0.000000000000000000e+00
1.715003728866577148e+00 2.089999999999999858e+00 3.500000014901161194e-02 0.000000000000000000e+00
1.799984216690063477e+00 2.089999999999999858e+00 3.500000014901161194e-02 0.000000000000000000e+00
1.916996002197265625e+00 2.089999999999999858e+00 3.500000014901161194e-02 0.000000000000000000e+00
2.007995128631591797e+00 2.089999999999999858e+00 3.500000014901161194e-02 0.000000000000000000e+00
2.114993333816528320e+00 2.089999999999999858e+00 3.500000014901161194e-02 0.000000000000000000e+00
2.206032991409301758e+00 2.080000000000000071e+00 3.500000014901161194e-02 0.000000000000000000e+00
2.299995660781860352e+00 2.109999999999999876e+00 3.500000014901161194e-02 0.000000000000000000e+00
2.407995939254760742e+00 2.120000000000000107e+00 3.500000014901161194e-02 0.000000000000000000e+00
2.498031139373779297e+00 2.109999999999999876e+00 3.500000014901161194e-02 0.000000000000000000e+00
2.615000486373901367e+00 2.109999999999999876e+00 3.500000014901161194e-02 0.000000000000000000e+00
2.700993776321411133e+00 2.169999999999999929e+00 3.500000014901161194e-02 0.000000000000000000e+00
2.812994956970214844e+00 2.339999999999999858e+00 3.500000014901161194e-02 0.000000000000000000e+00
2.907995462417602539e+00 2.819999999999999840e+00 3.500000014901161194e-02 0.000000000000000000e+00
3.015992641448974609e+00 3.549999999999999822e+00 3.500000014901161194e-02 0.000000000000000000e+00
3.104990959167480469e+00 4.250000000000000000e+00 3.500000014901161194e-02 -9.791758728027343750e+01
3.199993133544921875e+00 4.889999999999999680e+00 3.500000014901161194e-02 0.000000000000000000e+00
3.311994314193725586e+00 5.059999999999999609e+00 3.500000014901161194e-02 -8.392935943603515625e+01
3.396994113922119141e+00 5.219999999999999751e+00 3.500000014901161194e-02 -2.797645568847656250e+02
3.514992713928222656e+00 5.110000000000000320e+00 3.500000014901161194e-02 -2.657763061523437500e+02
3.605004549026489258e+00 5.129999999999999893e+00 3.500000014901161194e-02 -3.636938781738281250e+02
3.711993932723999023e+00 5.179999999999999716e+00 3.500000014901161194e-02 -4.476232604980468750e+02
3.806995153427124023e+00 5.080000000000000071e+00 3.500000014901161194e-02 -4.476232604980468750e+02
3.918997049331665039e+00 5.110000000000000320e+00 3.500000014901161194e-02 -4.476232604980468750e+02
4.004993677139282227e+00 5.120000000000000107e+00 3.500000014901161194e-02 -4.616115112304687500e+02
4.095998048782348633e+00 5.169999999999999929e+00 3.500000014901161194e-02 -4.476232604980468750e+02
4.212995290756225586e+00 5.129999999999999893e+00 3.500000014901161194e-02 -4.476232604980468750e+02
4.298035383224487305e+00 5.209999999999999964e+00 3.500000014901161194e-02 -5.315526123046875000e+02
4.410995244979858398e+00 5.160000000000000142e+00 3.500000014901161194e-02 -6.294701538085937500e+02
4.504993915557861328e+00 5.150000000000000355e+00 3.500000014901161194e-02 -6.294701538085937500e+02
4.612993717193603516e+00 5.150000000000000355e+00 3.500000014901161194e-02 -5.315526123046875000e+02
4.702996730804443359e+00 5.129999999999999893e+00 3.500000014901161194e-02 -4.476232604980468750e+02
4.798031568527221680e+00 5.110000000000000320e+00 3.500000014901161194e-02 -4.476232604980468750e+02
4.906034469604492188e+00 5.139999999999999680e+00 3.500000014901161194e-02 -5.315526123046875000e+02
5.018035650253295898e+00 5.219999999999999751e+00 3.500000014901161194e-02 -5.455408935546875000e+02
5.112993717193603516e+00 5.200000000000000178e+00 3.500000014901161194e-02 -5.455408935546875000e+02
5.202034950256347656e+00 5.179999999999999716e+00 3.500000014901161194e-02 -4.476232604980468750e+02
5.310038805007934570e+00 5.219999999999999751e+00 3.500000014901161194e-02 -5.455408935546875000e+02
5.404994487762451172e+00 5.179999999999999716e+00 3.500000014901161194e-02 -5.315526123046875000e+02
5.516999721527099609e+00 5.219999999999999751e+00 3.500000014901161194e-02 -5.315526123046875000e+02
5.602026939392089844e+00 5.179999999999999716e+00 3.500000014901161194e-02 -5.455408935546875000e+02
5.702994346618652344e+00 5.110000000000000320e+00 3.500000014901161194e-02 -5.455408935546875000e+02
5.810038566589355469e+00 5.080000000000000071e+00 3.500000014901161194e-02 -4.476232604980468750e+02
5.916992664337158203e+00 5.099999999999999645e+00 3.500000014901161194e-02 -4.476232604980468750e+02
6.011995553970336914e+00 5.160000000000000142e+00 3.500000014901161194e-02 -5.315526123046875000e+02
6.102998495101928711e+00 5.190000000000000391e+00 3.500000014901161194e-02 -5.455408935546875000e+02
6.210041046142578125e+00 5.120000000000000107e+00 3.500000014901161194e-02 -4.476232604980468750e+02
6.300995349884033203e+00 5.120000000000000107e+00 3.500000014901161194e-02 -4.476232604980468750e+02
6.418040275573730469e+00 5.150000000000000355e+00 3.500000014901161194e-02 -4.616115112304687500e+02
6.503005504608154297e+00 5.209999999999999964e+00 3.500000014901161194e-02 -5.315526123046875000e+02
6.615992784500122070e+00 5.110000000000000320e+00 3.500000014901161194e-02 -2.657763061523437500e+02
6.710037708282470703e+00 5.040000000000000036e+00 3.500000014901161194e-02 -2.797645568847656250e+02
6.818038463592529297e+00 5.160000000000000142e+00 3.500000014901161194e-02 -2.797645568847656250e+02
6.907996177673339844e+00 5.150000000000000355e+00 3.500000014901161194e-02 -4.616115112304687500e+02
7.002998352050781250e+00 5.280000000000000249e+00 3.500000014901161194e-02 -5.455408935546875000e+02
7.110993623733520508e+00 5.160000000000000142e+00 3.500000014901161194e-02 -4.476232604980468750e+02
7.199993371963500977e+00 5.169999999999999929e+00 3.500000014901161194e-02 -4.476232604980468750e+02
7.318049669265747070e+00 5.150000000000000355e+00 3.500000014901161194e-02 -5.455408935546875000e+02
7.407093286514282227e+00 5.089999999999999858e+00 3.500000014901161194e-02 -5.315526123046875000e+02
7.515002727508544922e+00 5.139999999999999680e+00 3.500000014901161194e-02 -6.294701538085937500e+02
7.610042333602905273e+00 5.169999999999999929e+00 3.500000014901161194e-02 -6.294701538085937500e+02
7.699993848800659180e+00 5.110000000000000320e+00 3.500000014901161194e-02 -5.315526123046875000e+02
7.806995153427124023e+00 5.099999999999999645e+00 3.500000014901161194e-02 -4.476232604980468750e+02
7.902030706405639648e+00 5.200000000000000178e+00 3.500000014901161194e-02 -4.476232604980468750e+02
8.014994144439697266e+00 5.209999999999999964e+00 3.500000014901161194e-02 -4.476232604980468750e+02
8.099994182586669922e+00 5.179999999999999716e+00 3.500000014901161194e-02 -2.797645568847656250e+02
8.216997385025024414e+00 5.269999999999999574e+00 3.500000014901161194e-02 -3.497056579589843750e+02
8.307994842529296875e+00 5.269999999999999574e+00 3.500000014901161194e-02 -3.636938781738281250e+02
8.414994716644287109e+00 5.169999999999999929e+00 3.500000014901161194e-02 -3.636938781738281250e+02
8.506038188934326172e+00 5.230000000000000426e+00 3.500000014901161194e-02 -3.636938781738281250e+02
8.599995136260986328e+00 5.150000000000000355e+00 3.500000014901161194e-02 -2.657763061523437500e+02
8.707998037338256836e+00 5.209999999999999964e+00 3.500000014901161194e-02 -2.657763061523437500e+02
8.798037767410278320e+00 5.219999999999999751e+00 3.500000014901161194e-02 -3.636938781738281250e+02
8.914995193481445312e+00 5.209999999999999964e+00 3.500000014901161194e-02 -4.616115112304687500e+02
9.000993490219116211e+00 5.160000000000000142e+00 3.500000014901161194e-02 -5.455408935546875000e+02
9.112996101379394531e+00 5.120000000000000107e+00 3.500000014901161194e-02 -4.476232604980468750e+02
9.207996129989624023e+00 5.209999999999999964e+00 3.500000014901161194e-02 -3.636938781738281250e+02
9.315993309020996094e+00 5.280000000000000249e+00 3.500000014901161194e-02 -3.636938781738281250e+02
9.404993057250976562e+00 5.219999999999999751e+00 3.500000014901161194e-02 -3.497056579589843750e+02
9.499996185302734375e+00 5.120000000000000107e+00 3.500000014901161194e-02 -4.616115112304687500e+02
9.612011194229125977e+00 5.099999999999999645e+00 3.500000014901161194e-02 -3.497056579589843750e+02
9.718044519424438477e+00 5.099999999999999645e+00 3.500000014901161194e-02 -3.636938781738281250e+02
9.814991235733032227e+00 5.080000000000000071e+00 3.500000014901161194e-02 -4.476232604980468750e+02
9.904996395111083984e+00 5.110000000000000320e+00 3.500000014901161194e-02 -4.476232604980468750e+02
1.001199674606323242e+01 5.150000000000000355e+00 3.500000014901161194e-02 -5.455408935546875000e+02
1.010700249671936035e+01 5.150000000000000355e+00 3.500000014901161194e-02 -5.455408935546875000e+02
1.019804263114929199e+01 5.120000000000000107e+00 3.500000014901161194e-02 -4.476232604980468750e+02
1.030498528480529785e+01 5.139999999999999680e+00 3.500000014901161194e-02 -3.497056579589843750e+02
1.039599514007568359e+01 5.179999999999999716e+00 3.500000014901161194e-02 -3.636938781738281250e+02
1.051299643516540527e+01 5.150000000000000355e+00 3.500000014901161194e-02 -5.315526123046875000e+02
1.061899566650390625e+01 5.150000000000000355e+00 3.500000014901161194e-02 -6.294701538085937500e+02
1.071099209785461426e+01 5.070000000000000284e+00 3.500000014901161194e-02 -4.476232604980468750e+02
1.080500078201293945e+01 5.120000000000000107e+00 3.500000014901161194e-02 -4.616115112304687500e+02
1.091299271583557129e+01 5.080000000000000071e+00 3.500000014901161194e-02 -5.455408935546875000e+02
1.100299906730651855e+01 5.209999999999999964e+00 3.500000014901161194e-02 -4.476232604980468750e+02
1.112000155448913574e+01 5.190000000000000391e+00 3.500000014901161194e-02 -5.315526123046875000e+02
1.120603322982788086e+01 5.259999999999999787e+00 3.500000014901161194e-02 -5.455408935546875000e+02
1.131802320480346680e+01 5.190000000000000391e+00 3.500000014901161194e-02 -5.455408935546875000e+02
1.141299343109130859e+01 5.139999999999999680e+00 3.500000014901161194e-02 -5.315526123046875000e+02
1.150203490257263184e+01 5.120000000000000107e+00 3.500000014901161194e-02 -5.455408935546875000e+02
1.161003732681274414e+01 5.160000000000000142e+00 3.500000014901161194e-02 -4.476232604980468750e+02
1.170499420166015625e+01 5.160000000000000142e+00 3.500000014901161194e-02 -5.455408935546875000e+02
1.181699538230895996e+01 5.110000000000000320e+00 3.500000014901161194e-02 -5.455408935546875000e+02
1.190204215049743652e+01 5.120000000000000107e+00 3.500000014901161194e-02 -6.294701538085937500e+02
1.201899719238281250e+01 5.120000000000000107e+00 3.500000014901161194e-02 -6.434584350585937500e+02
1.211004137992858887e+01 5.089999999999999858e+00 3.500000014901161194e-02 -6.294701538085937500e+02
1.221699476242065430e+01 5.120000000000000107e+00 3.500000014901161194e-02 -6.294701538085937500e+02
1.231199479103088379e+01 5.070000000000000284e+00 3.500000014901161194e-02 -6.294701538085937500e+02
1.240299820899963379e+01 5.040000000000000036e+00 3.500000014901161194e-02 -5.455408935546875000e+02
1.251002717018127441e+01 5.110000000000000320e+00 3.500000014901161194e-02 -5.315526123046875000e+02
1.260100173950195312e+01 5.059999999999999609e+00 3.500000014901161194e-02 -5.455408935546875000e+02
1.271803569793701172e+01 5.110000000000000320e+00 3.500000014901161194e-02 -4.476232604980468750e+02
1.280299520492553711e+01 5.110000000000000320e+00 3.500000014901161194e-02 -5.315526123046875000e+02
1.291599416732788086e+01 5.179999999999999716e+00 3.500000014901161194e-02 -5.315526123046875000e+02
1.301003837585449219e+01 5.169999999999999929e+00 3.500000014901161194e-02 -6.294701538085937500e+02
1.311803269386291504e+01 5.129999999999999893e+00 3.500000014901161194e-02 -7.133995361328125000e+02
1.320799660682678223e+01 5.040000000000000036e+00 3.500000014901161194e-02 -6.294701538085937500e+02
1.330299901962280273e+01 5.129999999999999893e+00 3.500000014901161194e-02 -6.294701538085937500e+02
1.341099524497985840e+01 5.150000000000000355e+00 3.500000014901161194e-02 -7.273877563476562500e+02
1.350007724761962891e+01 5.179999999999999716e+00 3.500000014901161194e-02 -5.455408935546875000e+02
1.361804223060607910e+01 5.120000000000000107e+00 3.500000014901161194e-02 -6.294701538085937500e+02
1.370699167251586914e+01 5.209999999999999964e+00 3.500000014901161194e-02 -7.273877563476562500e+02
1.381498718261718750e+01 5.150000000000000355e+00 3.500000014901161194e-02 -8.113171386718750000e+02
1.391003274917602539e+01 5.059999999999999609e+00 3.500000014901161194e-02 -7.133995361328125000e+02
1.399999403953552246e+01 5.030000000000000249e+00 3.500000014901161194e-02 -5.455408935546875000e+02
1.410699868202209473e+01 5.160000000000000142e+00 3.500000014901161194e-02 -7.273877563476562500e+02
1.420205163955688477e+01 5.139999999999999680e+00 3.500000014901161194e-02 -7.133995361328125000e+02
1.431499552726745605e+01 5.099999999999999645e+00 3.500000014901161194e-02 -9.092347412109375000e+02
1.439999389648437500e+01 5.120000000000000107e+00 3.500000014901161194e-02 -7.273877563476562500e+02
1.451699805259704590e+01 5.009999999999999787e+00 3.500000014901161194e-02 -8.113171386718750000e+02
1.460799717903137207e+01 5.030000000000000249e+00 3.500000014901161194e-02 -4.616115112304687500e+02
1.471499490737915039e+01 5.120000000000000107e+00 3.500000014901161194e-02 -5.315526123046875000e+02
1.480603384971618652e+01 5.150000000000000355e+00 3.500000014901161194e-02 -5.455408935546875000e+02
1.489999294281005859e+01 5.120000000000000107e+00 3.500000014901161194e-02 -6.294701538085937500e+02
1.500799870491027832e+01 5.049999999999999822e+00 3.500000014901161194e-02 -6.294701538085937500e+02
1.509802961349487305e+01 5.059999999999999609e+00 3.500000014901161194e-02 -6.294701538085937500e+02
1.521499300003051758e+01 5.049999999999999822e+00 3.500000014901161194e-02 -6.294701538085937500e+02
1.530099463462829590e+01 5.099999999999999645e+00 3.500000014901161194e-02 -4.476232604980468750e+02
1.541299200057983398e+01 5.089999999999999858e+00 3.500000014901161194e-02 -3.636938781738281250e+02
1.550799560546875000e+01 5.169999999999999929e+00 3.500000014901161194e-02 -3.497056579589843750e+02
1.561599493026733398e+01 5.179999999999999716e+00 3.500000014901161194e-02 -4.476232604980468750e+02
1.570500159263610840e+01 5.259999999999999787e+00 3.500000014901161194e-02 -5.455408935546875000e+02
1.579999399185180664e+01 5.250000000000000000e+00 3.500000014901161194e-02 -7.273877563476562500e+02
1.591199207305908203e+01 5.190000000000000391e+00 3.500000014901161194e-02 -8.113171386718750000e+02
1.601899647712707520e+01 5.070000000000000284e+00 3.500000014901161194e-02 -5.455408935546875000e+02
1.611499691009521484e+01 5.040000000000000036e+00 3.500000014901161194e-02 0.000000000000000000e+00
1.620509147644042969e+01 5.049999999999999822e+00 3.500000014901161194e-02 0.000000000000000000e+00
1.631200265884399414e+01 5.089999999999999858e+00 3.500000014901161194e-02 0.000000000000000000e+00
1.640700650215148926e+01 4.309999999999999609e+00 3.500000014901161194e-02 0.000000000000000000e+00
1.651899552345275879e+01 2.350000000000000089e+00 3.500000014901161194e-02 7.273877563476562500e+02
1.660499453544616699e+01 2.240000000000000213e+00 3.500000014901161194e-02 4.476232604980468750e+02
1.669599533081054688e+01 2.279999999999999805e+00 3.500000014901161194e-02 1.818469390869140625e+02
1.681299471855163574e+01 2.250000000000000000e+00 3.500000014901161194e-02 3.636938781738281250e+02
1.689805150032043457e+01 2.279999999999999805e+00 3.500000014901161194e-02 4.476232604980468750e+02
1.701099586486816406e+01 2.290000000000000036e+00 3.500000014901161194e-02 5.455408935546875000e+02
1.710499715805053711e+01 2.270000000000000018e+00 3.500000014901161194e-02 5.315526123046875000e+02
1.721299219131469727e+01 2.290000000000000036e+00 3.500000014901161194e-02 5.315526123046875000e+02
1.730299806594848633e+01 2.310000000000000053e+00 3.500000014901161194e-02 5.455408935546875000e+02
1.740499281883239746e+01 2.279999999999999805e+00 3.500000014901161194e-02 5.315526123046875000e+02
1.750603175163269043e+01 2.100000000000000089e+00 3.500000014901161194e-02 3.636938781738281250e+02
1.761803436279296875e+01 2.270000000000000018e+00 3.500000014901161194e-02 3.497056579589843750e+02
1.771299505233764648e+01 2.270000000000000018e+00 3.500000014901161194e-02 2.657763061523437500e+02
1.780202937126159668e+01 2.270000000000000018e+00 3.500000014901161194e-02 2.657763061523437500e+02
1.791002941131591797e+01 2.240000000000000213e+00 3.500000014901161194e-02 2.797645568847656250e+02
1.800499320030212402e+01 2.209999999999999964e+00 3.500000014901161194e-02 3.497056579589843750e+02
1.811699557304382324e+01 2.160000000000000142e+00 3.500000014901161194e-02 5.315526123046875000e+02
1.820203185081481934e+01 2.220000000000000195e+00 3.500000014901161194e-02 5.455408935546875000e+02
1.831899714469909668e+01 2.250000000000000000e+00 3.500000014901161194e-02 3.636938781738281250e+02
1.841003584861755371e+01 2.229999999999999982e+00 3.500000014901161194e-02 2.657763061523437500e+02
1.851699686050415039e+01 2.200000000000000178e+00 3.500000014901161194e-02 6.294701538085937500e+02
1.861199998855590820e+01 2.229999999999999982e+00 3.500000014901161194e-02 5.455408935546875000e+02
1.870300650596618652e+01 2.359999999999999876e+00 3.500000014901161194e-02 6.294701538085937500e+02
1.881003189086914062e+01 2.250000000000000000e+00 3.500000014901161194e-02 5.315526123046875000e+02
1.890099644660949707e+01 2.270000000000000018e+00 3.500000014901161194e-02 5.315526123046875000e+02
1.901803874969482422e+01 2.319999999999999840e+00 3.500000014901161194e-02 5.455408935546875000e+02
1.910299992561340332e+01 2.259999999999999787e+00 3.500000014901161194e-02 5.455408935546875000e+02
1.921598553657531738e+01 2.229999999999999982e+00 3.500000014901161194e-02 3.636938781738281250e+02
1.931003785133361816e+01 2.200000000000000178e+00 3.500000014901161194e-02 6.434584350585937500e+02
1.941804265975952148e+01 2.220000000000000195e+00 3.500000014901161194e-02 6.294701538085937500e+02
1.950799560546875000e+01 2.209999999999999964e+00 3.500000014901161194e-02 7.273877563476562500e+02
1.960300207138061523e+01 2.270000000000000018e+00 3.500000014901161194e-02 8.113171386718750000e+02
1.971099352836608887e+01 2.290000000000000036e+00 3.500000014901161194e-02 7.133995361328125000e+02
1.979999208450317383e+01 2.279999999999999805e+00 3.500000014901161194e-02 7.273877563476562500e+02
1.991804289817810059e+01 2.259999999999999787e+00 3.500000014901161194e-02 7.273877563476562500e+02
2.000699734687805176e+01 2.229999999999999982e+00 3.500000014901161194e-02 7.133995361328125000e+02
2.011499452590942383e+01 2.290000000000000036e+00 3.500000014901161194e-02 6.294701538085937500e+02
2.021004199981689453e+01 2.339999999999999858e+00 3.500000014901161194e-02 5.455408935546875000e+02
2.029999351501464844e+01 2.209999999999999964e+00 3.500000014901161194e-02 5.455408935546875000e+02
2.040699410438537598e+01 2.259999999999999787e+00 3.500000014901161194e-02 5.455408935546875000e+02
2.050204372406005859e+01 2.279999999999999805e+00 3.500000014901161194e-02 4.476232604980468750e+02
2.061499428749084473e+01 2.259999999999999787e+00 3.500000014901161194e-02 4.476232604980468750e+02
2.069999885559082031e+01 2.209999999999999964e+00 3.500000014901161194e-02 5.455408935546875000e+02
2.081699943542480469e+01 2.290000000000000036e+00 3.500000014901161194e-02 5.455408935546875000e+02
2.090800428390502930e+01 2.299999999999999822e+00 3.500000014901161194e-02 5.455408935546875000e+02
2.101499676704406738e+01 2.299999999999999822e+00 3.500000014901161194e-02 4.476232604980468750e+02
2.110603165626525879e+01 2.299999999999999822e+00 3.500000014901161194e-02 4.476232604980468750e+02
2.119999170303344727e+01 2.240000000000000213e+00 3.500000014901161194e-02 4.476232604980468750e+02
2.130800008773803711e+01 2.270000000000000018e+00 3.500000014901161194e-02 2.657763061523437500e+02
2.139804339408874512e+01 2.290000000000000036e+00 3.500000014901161194e-02 2.797645568847656250e+02
2.151499533653259277e+01 2.240000000000000213e+00 3.500000014901161194e-02 4.476232604980468750e+02
2.160099411010742188e+01 2.259999999999999787e+00 3.500000014901161194e-02 5.455408935546875000e+02
2.171299242973327637e+01 2.299999999999999822e+00 3.500000014901161194e-02 4.476232604980468750e+02
2.180799746513366699e+01 2.279999999999999805e+00 3.500000014901161194e-02 4.476232604980468750e+02
2.191599345207214355e+01 2.250000000000000000e+00 3.500000014901161194e-02 5.455408935546875000e+02
2.200499129295349121e+01 2.310000000000000053e+00 3.500000014901161194e-02 6.294701538085937500e+02
2.209999489784240723e+01 2.310000000000000053e+00 3.500000014901161194e-02 5.315526123046875000e+02
2.221199488639831543e+01 2.279999999999999805e+00 3.500000014901161194e-02 5.455408935546875000e+02
2.231804108619689941e+01 2.279999999999999805e+00 3.500000014901161194e-02 4.476232604980468750e+02
2.241499900817871094e+01 2.270000000000000018e+00 3.500000014901161194e-02 5.315526123046875000e+02
2.250499439239501953e+01 2.259999999999999787e+00 3.500000014901161194e-02 4.476232604980468750e+02
2.261199498176574707e+01 2.270000000000000018e+00 3.500000014901161194e-02 6.294701538085937500e+02
2.270699572563171387e+01 2.319999999999999840e+00 3.500000014901161194e-02 8.952465209960937500e+02
2.281900167465209961e+01 2.299999999999999822e+00 3.500000014901161194e-02 6.294701538085937500e+02
2.290498590469360352e+01 2.310000000000000053e+00 3.500000014901161194e-02 5.315526123046875000e+02
2.299599552154541016e+01 2.279999999999999805e+00 3.500000014901161194e-02 5.455408935546875000e+02
2.311299228668212891e+01 2.270000000000000018e+00 3.500000014901161194e-02 4.476232604980468750e+02
2.322000336647033691e+01 2.299999999999999822e+00 3.500000014901161194e-02 4.476232604980468750e+02
2.331099557876586914e+01 2.279999999999999805e+00 3.500000014901161194e-02 5.455408935546875000e+02
2.340499329566955566e+01 2.250000000000000000e+00 3.500000014901161194e-02 5.315526123046875000e+02
2.351299262046813965e+01 2.209999999999999964e+00 3.500000014901161194e-02 4.476232604980468750e+02
2.360299682617187500e+01 2.240000000000000213e+00 3.500000014901161194e-02 5.455408935546875000e+02
2.370499300956726074e+01 2.299999999999999822e+00 3.500000014901161194e-02 4.476232604980468750e+02
2.380602908134460449e+01 2.250000000000000000e+00 3.500000014901161194e-02 4.476232604980468750e+02
2.391803598403930664e+01 2.189999999999999947e+00 3.500000014901161194e-02 7.133995361328125000e+02
2.401299452781677246e+01 2.279999999999999805e+00 3.500000014901161194e-02 6.294701538085937500e+02
2.410203504562377930e+01 2.350000000000000089e+00 3.500000014901161194e-02 5.315526123046875000e+02
2.421004629135131836e+01 2.299999999999999822e+00 3.500000014901161194e-02 4.476232604980468750e+02
2.430500555038452148e+01 2.319999999999999840e+00 3.500000014901161194e-02 4.476232604980468750e+02
2.441699481010437012e+01 2.270000000000000018e+00 3.500000014901161194e-02 5.455408935546875000e+02
2.450203275680541992e+01 2.270000000000000018e+00 3.500000014901161194e-02 5.455408935546875000e+02
2.460398387908935547e+01 2.290000000000000036e+00 3.500000014901161194e-02 3.636938781738281250e+02
2.471003198623657227e+01 2.279999999999999805e+00 3.500000014901161194e-02 5.315526123046875000e+02
2.481699514389038086e+01 2.310000000000000053e+00 3.500000014901161194e-02 5.315526123046875000e+02
2.491199350357055664e+01 2.259999999999999787e+00 3.500000014901161194e-02 6.294701538085937500e+02
2.500299620628356934e+01 2.310000000000000053e+00 3.500000014901161194e-02 7.133995361328125000e+02
2.511003136634826660e+01 2.330000000000000071e+00 3.500000014901161194e-02 4.616115112304687500e+02
2.520099401473999023e+01 2.290000000000000036e+00 3.500000014901161194e-02 2.797645568847656250e+02
2.531803870201110840e+01 2.229999999999999982e+00 3.500000014901161194e-02 3.636938781738281250e+02
2.540299510955810547e+01 2.270000000000000018e+00 3.500000014901161194e-02 4.476232604980468750e+02
2.551600122451782227e+01 2.299999999999999822e+00 3.500000014901161194e-02 4.476232604980468750e+02
2.561003947257995605e+01 2.250000000000000000e+00 3.500000014901161194e-02 5.455408935546875000e+02
2.571803736686706543e+01 2.209999999999999964e+00 3.500000014901161194e-02 6.294701538085937500e+02
2.580798888206481934e+01 2.209999999999999964e+00 3.500000014901161194e-02 8.113171386718750000e+02
2.590298676490783691e+01 2.189999999999999947e+00 3.500000014901161194e-02 9.791759033203125000e+02
2.601098918914794922e+01 2.259999999999999787e+00 3.500000014901161194e-02 9.092347412109375000e+02
2.609998464584350586e+01 2.359999999999999876e+00 3.500000014901161194e-02 6.294701538085937500e+02
2.621805882453918457e+01 2.250000000000000000e+00 3.500000014901161194e-02 4.616115112304687500e+02
2.630700325965881348e+01 2.240000000000000213e+00 3.500000014901161194e-02 7.133995361328125000e+02
2.641498661041259766e+01 2.229999999999999982e+00 3.500000014901161194e-02 7.273877563476562500e+02
2.651004648208618164e+01 2.259999999999999787e+00 3.500000014901161194e-02 6.294701538085937500e+02
2.659999227523803711e+01 2.310000000000000053e+00 3.500000014901161194e-02 5.315526123046875000e+02
2.670699429512023926e+01 2.279999999999999805e+00 3.500000014901161194e-02 8.113171386718750000e+02
2.680203557014465332e+01 2.290000000000000036e+00 3.500000014901161194e-02 8.113171386718750000e+02
2.691499781608581543e+01 2.310000000000000053e+00 3.500000014901161194e-02 8.113171386718750000e+02
2.699999308586120605e+01 2.330000000000000071e+00 3.500000014901161194e-02 6.294701538085937500e+02
2.711699843406677246e+01 2.330000000000000071e+00 3.500000014901161194e-02 6.294701538085937500e+02
2.720799708366394043e+01 2.240000000000000213e+00 3.500000014901161194e-02 6.294701538085937500e+02
2.731499385833740234e+01 2.279999999999999805e+00 3.500000014901161194e-02 7.273877563476562500e+02
2.740604019165039062e+01 2.330000000000000071e+00 3.500000014901161194e-02 6.294701538085937500e+02
2.749998712539672852e+01 2.310000000000000053e+00 3.500000014901161194e-02 3.636938781738281250e+02
2.760799574851989746e+01 2.250000000000000000e+00 3.500000014901161194e-02 2.657763061523437500e+02
2.769804596900939941e+01 2.279999999999999805e+00 3.500000014901161194e-02 2.657763061523437500e+02
2.781499433517456055e+01 2.240000000000000213e+00 3.500000014901161194e-02 1.818469390869140625e+02
2.790099453926086426e+01 2.259999999999999787e+00 3.500000014901161194e-02 3.497056579589843750e+02
2.801299190521240234e+01 2.200000000000000178e+00 3.500000014901161194e-02 5.455408935546875000e+02
2.810799717903137207e+01 2.240000000000000213e+00 3.500000014901161194e-02 5.455408935546875000e+02
2.821599817276000977e+01 2.310000000000000053e+00 3.500000014901161194e-02 4.476232604980468750e+02
2.830499243736267090e+01 2.279999999999999805e+00 3.500000014901161194e-02 5.455408935546875000e+02
2.839999485015869141e+01 2.279999999999999805e+00 3.500000014901161194e-02 5.315526123046875000e+02
2.851199269294738770e+01 2.279999999999999805e+00 3.500000014901161194e-02 5.315526123046875000e+02
2.861900019645690918e+01 2.220000000000000195e+00 3.500000014901161194e-02 6.294701538085937500e+02
2.871499538421630859e+01 2.229999999999999982e+00 3.500000014901161194e-02 5.315526123046875000e+02
2.880500149726867676e+01 2.279999999999999805e+00 3.500000014901161194e-02 2.657763061523437500e+02
2.891199278831481934e+01 2.339999999999999858e+00 3.500000014901161194e-02 0.000000000000000000e+00
2.900699996948242188e+01 2.240000000000000213e+00 3.500000014901161194e-02 8.392935943603515625e+01
2.911900091171264648e+01 2.270000000000000018e+00 3.500000014901161194e-02 0.000000000000000000e+00
2.920499205589294434e+01 3.580000000000000071e+00 3.500000014901161194e-02 0.000000000000000000e+00
2.929599547386169434e+01 5.009999999999999787e+00 3.500000014901161194e-02 -9.791758728027343750e+01
2.941299486160278320e+01 5.280000000000000249e+00 3.500000014901161194e-02 -5.455408935546875000e+02
2.950499129295349121e+01 5.129999999999999893e+00 3.500000014901161194e-02 -5.315526123046875000e+02
2.961099410057067871e+01 5.219999999999999751e+00 3.500000014901161194e-02 -9.092347412109375000e+02
2.970499181747436523e+01 5.150000000000000355e+00 3.500000014901161194e-02 -9.931641235351562500e+02
2.981299233436584473e+01 5.099999999999999645e+00 3.500000014901161194e-02 -9.092347412109375000e+02
2.990299701690673828e+01 5.110000000000000320e+00 3.500000014901161194e-02 -9.931641235351562500e+02
3.000499200820922852e+01 5.160000000000000142e+00 3.500000014901161194e-02 -9.931641235351562500e+02
3.010604405403137207e+01 5.099999999999999645e+00 3.500000014901161194e-02 -9.931641235351562500e+02
3.021804761886596680e+01 5.070000000000000284e+00 3.500000014901161194e-02 -9.931641235351562500e+02
3.031299185752868652e+01 5.150000000000000355e+00 3.500000014901161194e-02 -1.077093505859375000e+03
3.040203499794006348e+01 5.179999999999999716e+00 3.500000014901161194e-02 -1.077093505859375000e+03
3.051004052162170410e+01 5.139999999999999680e+00 3.500000014901161194e-02 -8.952465209960937500e+02
3.060499334335327148e+01 5.099999999999999645e+00 3.500000014901161194e-02 -9.931641235351562500e+02
3.071701002120971680e+01 5.049999999999999822e+00 3.500000014901161194e-02 -1.077093505859375000e+03
3.080204033851623535e+01 5.120000000000000107e+00 3.500000014901161194e-02 -9.092347412109375000e+02
3.090398359298706055e+01 5.080000000000000071e+00 3.500000014901161194e-02 -9.092347412109375000e+02
3.101004385948181152e+01 5.110000000000000320e+00 3.500000014901161194e-02 -9.931641235351562500e+02
3.111699485778808594e+01 5.059999999999999609e+00 3.500000014901161194e-02 -1.077093505859375000e+03
3.121199369430541992e+01 5.129999999999999893e+00 3.500000014901161194e-02 -8.952465209960937500e+02
3.130299377441406250e+01 5.129999999999999893e+00 3.500000014901161194e-02 -1.077093505859375000e+03
3.141004204750061035e+01 5.089999999999999858e+00 3.500000014901161194e-02 -1.091081787109375000e+03
3.150100183486938477e+01 5.080000000000000071e+00 3.500000014901161194e-02 -1.077093505859375000e+03
3.161803960800170898e+01 5.099999999999999645e+00 3.500000014901161194e-02 -1.077093505859375000e+03
3.170299935340881348e+01 5.120000000000000107e+00 3.500000014901161194e-02 -1.161022827148437500e+03
3.181599307060241699e+01 5.120000000000000107e+00 3.500000014901161194e-02 -1.077093505859375000e+03
3.191004061698913574e+01 5.089999999999999858e+00 3.500000014901161194e-02 -1.091081787109375000e+03
3.201804113388061523e+01 5.120000000000000107e+00 3.500000014901161194e-02 -1.077093505859375000e+03
3.210799598693847656e+01 5.129999999999999893e+00 3.500000014901161194e-02 -1.175010986328125000e+03
3.220299482345581055e+01 5.110000000000000320e+00 3.500000014901161194e-02 -1.342869750976562500e+03
3.231099438667297363e+01 5.019999999999999574e+00 3.500000014901161194e-02 -1.356857910156250000e+03
3.239999389648437500e+01 5.040000000000000036e+00 3.500000014901161194e-02 -1.272928588867187500e+03
3.251804065704345703e+01 5.070000000000000284e+00 3.500000014901161194e-02 -1.258940307617187500e+03
3.260699701309204102e+01 5.049999999999999822e+00 3.500000014901161194e-02 -1.342869750976562500e+03
3.271499395370483398e+01 5.040000000000000036e+00 3.500000014901161194e-02 -1.356857910156250000e+03
3.281004428863525391e+01 5.139999999999999680e+00 3.500000014901161194e-02 -1.161022827148437500e+03
3.290000271797180176e+01 5.099999999999999645e+00 3.500000014901161194e-02 -1.091081787109375000e+03
3.300702214241027832e+01 5.099999999999999645e+00 3.500000014901161194e-02 -1.258940307617187500e+03
3.310203814506530762e+01 5.049999999999999822e+00 3.500000014901161194e-02 -1.258940307617187500e+03
3.321499395370483398e+01 5.049999999999999822e+00 3.500000014901161194e-02 -1.356857910156250000e+03
3.329999709129333496e+01 5.070000000000000284e+00 3.500000014901161194e-02 -1.161022827148437500e+03
3.341699671745300293e+01 5.030000000000000249e+00 3.500000014901161194e-02 -1.175010986328125000e+03
3.350799465179443359e+01 5.009999999999999787e+00 3.500000014901161194e-02 -1.175010986328125000e+03
3.361502337455749512e+01 5.089999999999999858e+00 3.500000014901161194e-02 -1.161022827148437500e+03
3.370604538917541504e+01 5.070000000000000284e+00 3.500000014901161194e-02 -1.161022827148437500e+03
3.379999256134033203e+01 5.059999999999999609e+00 3.500000014901161194e-02 -1.161022827148437500e+03
3.390799498558044434e+01 5.129999999999999893e+00 3.500000014901161194e-02 -1.175010986328125000e+03
3.399804139137268066e+01 5.110000000000000320e+00 3.500000014901161194e-02 -1.175010986328125000e+03
3.411499428749084473e+01 5.040000000000000036e+00 3.500000014901161194e-02 -1.175010986328125000e+03
3.420099520683288574e+01 5.030000000000000249e+00 3.500000014901161194e-02 -1.077093505859375000e+03
3.431299591064453125e+01 5.129999999999999893e+00 3.500000014901161194e-02 -1.258940307617187500e+03
3.440799617767333984e+01 5.110000000000000320e+00 3.500000014901161194e-02 -1.272928588867187500e+03
3.451599311828613281e+01 5.040000000000000036e+00 3.500000014901161194e-02 -1.175010986328125000e+03
3.460499358177185059e+01 5.030000000000000249e+00 3.500000014901161194e-02 -1.161022827148437500e+03
3.469999194145202637e+01 5.019999999999999574e+00 3.500000014901161194e-02 -9.092347412109375000e+02
3.481199455261230469e+01 5.040000000000000036e+00 3.500000014901161194e-02 -8.952465209960937500e+02
3.491899895668029785e+01 5.049999999999999822e+00 3.500000014901161194e-02 -9.931641235351562500e+02
3.501499676704406738e+01 5.099999999999999645e+00 3.500000014901161194e-02 -1.077093505859375000e+03
3.510499262809753418e+01 5.099999999999999645e+00 3.500000014901161194e-02 -8.952465209960937500e+02
3.521200537681579590e+01 5.120000000000000107e+00 3.500000014901161194e-02 -9.092347412109375000e+02
3.530699539184570312e+01 5.099999999999999645e+00 3.500000014901161194e-02 -9.931641235351562500e+02
3.540499091148376465e+01 5.070000000000000284e+00 3.500000014901161194e-02 -9.791758728027343750e+01
3.550499391555786133e+01 4.179999999999999716e+00 3.500000014901161194e-02 0.000000000000000000e+00
3.559599447250366211e+01 3.930000000000000160e+00 3.500000014901161194e-02 0.000000000000000000e+00
3.571298503875732422e+01 3.069999999999999840e+00 3.500000014901161194e-02 0.000000000000000000e+00
3.581999969482421875e+01 2.299999999999999822e+00 3.500000014901161194e-02 3.497056579589843750e+02
3.591100287437438965e+01 2.220000000000000195e+00 3.500000014901161194e-02 8.113171386718750000e+02
3.600498533248901367e+01 2.229999999999999982e+00 3.500000014901161194e-02 6.294701538085937500e+02
3.611298632621765137e+01 2.259999999999999787e+00 3.500000014901161194e-02 9.931641235351562500e+02
3.620299482345581055e+01 2.270000000000000018e+00 3.500000014901161194e-02 1.091081787109375000e+03
3.631403708457946777e+01 2.339999999999999858e+00 3.500000014901161194e-02 1.077093505859375000e+03
3.640603423118591309e+01 2.270000000000000018e+00 3.500000014901161194e-02 9.791759033203125000e+02
3.651803421974182129e+01 2.319999999999999840e+00 3.500000014901161194e-02 8.952465209960937500e+02
3.661298537254333496e+01 2.250000000000000000e+00 3.500000014901161194e-02 7.973289184570312500e+02
3.670203471183776855e+01 2.250000000000000000e+00 3.500000014901161194e-02 8.113171386718750000e+02
3.681004166603088379e+01 2.250000000000000000e+00 3.500000014901161194e-02 8.113171386718750000e+02
3.690499424934387207e+01 2.310000000000000053e+00 3.500000014901161194e-02 7.973289184570312500e+02
3.701700377464294434e+01 2.330000000000000071e+00 3.500000014901161194e-02 6.294701538085937500e+02
3.710203814506530762e+01 2.279999999999999805e+00 3.500000014901161194e-02 7.133995361328125000e+02
3.720399379730224609e+01 2.350000000000000089e+00 3.500000014901161194e-02 4.476232604980468750e+02
3.731003355979919434e+01 2.259999999999999787e+00 3.500000014901161194e-02 4.476232604980468750e+02
3.741699695587158203e+01 2.209999999999999964e+00 3.500000014901161194e-02 6.294701538085937500e+02
3.751199841499328613e+01 2.250000000000000000e+00 3.500000014901161194e-02 8.113171386718750000e+02
3.760299611091613770e+01 2.310000000000000053e+00 3.500000014901161194e-02 9.092347412109375000e+02
3.771004199981689453e+01 2.290000000000000036e+00 3.500000014901161194e-02 8.952465209960937500e+02
3.780099296569824219e+01 2.279999999999999805e+00 3.500000014901161194e-02 9.092347412109375000e+02
3.791804742813110352e+01 2.290000000000000036e+00 3.500000014901161194e-02 8.952465209960937500e+02
3.800299501419067383e+01 2.259999999999999787e+00 3.500000014901161194e-02 9.092347412109375000e+02
3.811599302291870117e+01 2.250000000000000000e+00 3.500000014901161194e-02 8.952465209960937500e+02
3.821003913879394531e+01 2.299999999999999822e+00 3.500000014901161194e-02 8.113171386718750000e+02
3.831803965568542480e+01 2.229999999999999982e+00 3.500000014901161194e-02 7.133995361328125000e+02
3.840799593925476074e+01 2.290000000000000036e+00 3.500000014901161194e-02 6.294701538085937500e+02
3.850299763679504395e+01 2.250000000000000000e+00 3.500000014901161194e-02 8.113171386718750000e+02
3.861099910736083984e+01 2.279999999999999805e+00 3.500000014901161194e-02 8.952465209960937500e+02
3.869999289512634277e+01 2.290000000000000036e+00 3.500000014901161194e-02 9.092347412109375000e+02
3.881803035736083984e+01 2.299999999999999822e+00 3.500000014901161194e-02 9.931641235351562500e+02
3.890706610679626465e+01 2.259999999999999787e+00 3.500000014901161194e-02 9.092347412109375000e+02
3.901501011848449707e+01 2.330000000000000071e+00 3.500000014901161194e-02 8.113171386718750000e+02
3.911005854606628418e+01 2.299999999999999822e+00 3.500000014901161194e-02 8.952465209960937500e+02
3.919998693466186523e+01 2.319999999999999840e+00 3.500000014901161194e-02 1.091081787109375000e+03
3.930699563026428223e+01 2.339999999999999858e+00 3.500000014901161194e-02 1.175010986328125000e+03
3.940203881263732910e+01 2.319999999999999840e+00 3.500000014901161194e-02 1.077093505859375000e+03
3.951499295234680176e+01 2.350000000000000089e+00 3.500000014901161194e-02 1.077093505859375000e+03
3.959999132156372070e+01 2.379999999999999893e+00 3.500000014901161194e-02 8.113171386718750000e+02
3.971699285507202148e+01 2.279999999999999805e+00 3.500000014901161194e-02 8.113171386718750000e+02
3.980799961090087891e+01 2.290000000000000036e+00 3.500000014901161194e-02 8.113171386718750000e+02
3.991499543190002441e+01 2.229999999999999982e+00 3.500000014901161194e-02 1.077093505859375000e+03
4.000603628158569336e+01 2.270000000000000018e+00 3.500000014901161194e-02 1.077093505859375000e+03
4.009999227523803711e+01 2.229999999999999982e+00 3.500000014901161194e-02 9.931641235351562500e+02
4.020799756050109863e+01 2.310000000000000053e+00 3.500000014901161194e-02 9.931641235351562500e+02
4.029804301261901855e+01 2.350000000000000089e+00 3.500000014901161194e-02 9.931641235351562500e+02
4.041500401496887207e+01 2.310000000000000053e+00 3.500000014901161194e-02 8.113171386718750000e+02
4.050100064277648926e+01 2.339999999999999858e+00 3.500000014901161194e-02 6.294701538085937500e+02
4.061299395561218262e+01 2.299999999999999822e+00 3.500000014901161194e-02 6.294701538085937500e+02
4.070799684524536133e+01 2.259999999999999787e+00 3.500000014901161194e-02 7.133995361328125000e+02
4.081598424911499023e+01 2.299999999999999822e+00 3.500000014901161194e-02 7.133995361328125000e+02
4.090499234199523926e+01 2.310000000000000053e+00 3.500000014901161194e-02 8.113171386718750000e+02
4.099999380111694336e+01 2.330000000000000071e+00 3.500000014901161194e-02 8.952465209960937500e+02
4.111199498176574707e+01 2.240000000000000213e+00 3.500000014901161194e-02 9.092347412109375000e+02
4.121899867057800293e+01 2.310000000000000053e+00 3.500000014901161194e-02 8.113171386718750000e+02
4.131499767303466797e+01 2.330000000000000071e+00 3.500000014901161194e-02 7.133995361328125000e+02
4.140499138832092285e+01 2.259999999999999787e+00 3.500000014901161194e-02 8.113171386718750000e+02
4.151199221611022949e+01 2.189999999999999947e+00 3.500000014901161194e-02 8.952465209960937500e+02
4.160700011253356934e+01 2.270000000000000018e+00 3.500000014901161194e-02 9.931641235351562500e+02
4.171805882453918457e+01 2.299999999999999822e+00 3.500000014901161194e-02 9.931641235351562500e+02
4.180498361587524414e+01 2.299999999999999822e+00 3.500000014901161194e-02 8.952465209960937500e+02
4.189599394798278809e+01 2.259999999999999787e+00 3.500000014901161194e-02 8.113171386718750000e+02
4.201299452781677246e+01 2.310000000000000053e+00 3.500000014901161194e-02 8.113171386718750000e+02
4.211402893066406250e+01 2.290000000000000036e+00 3.500000014901161194e-02 8.952465209960937500e+02
4.221099448204040527e+01 2.290000000000000036e+00 3.500000014901161194e-02 1.077093505859375000e+03
4.230499434471130371e+01 2.310000000000000053e+00 3.500000014901161194e-02 9.092347412109375000e+02
4.241299414634704590e+01 2.359999999999999876e+00 3.500000014901161194e-02 8.113171386718750000e+02
4.250299620628356934e+01 2.259999999999999787e+00 3.500000014901161194e-02 9.931641235351562500e+02
4.261404013633728027e+01 2.290000000000000036e+00 3.500000014901161194e-02 1.175010986328125000e+03
4.270603251457214355e+01 2.299999999999999822e+00 3.500000014901161194e-02 8.952465209960937500e+02
4.281804013252258301e+01 2.310000000000000053e+00 3.500000014901161194e-02 7.273877563476562500e+02
4.291299414634704590e+01 2.250000000000000000e+00 3.500000014901161194e-02 7.133995361328125000e+02
4.300204634666442871e+01 2.299999999999999822e+00 3.500000014901161194e-02 7.133995361328125000e+02
4.311003589630126953e+01 2.279999999999999805e+00 3.500000014901161194e-02 8.113171386718750000e+02
4.320499300956726074e+01 2.299999999999999822e+00 3.500000014901161194e-02 7.133995361328125000e+02
4.331699347496032715e+01 2.240000000000000213e+00 3.500000014901161194e-02 6.294701538085937500e+02
4.340204024314880371e+01 2.200000000000000178e+00 3.500000014901161194e-02 7.133995361328125000e+02
4.349699544906616211e+01 2.299999999999999822e+00 3.500000014901161194e-02 8.392935943603515625e+01
4.361003351211547852e+01 2.560000000000000053e+00 3.500000014901161194e-02 0.000000000000000000e+00
4.371699261665344238e+01 2.459999999999999964e+00 3.500000014901161194e-02 0.000000000000000000e+00
4.381199431419372559e+01 2.359999999999999876e+00 3.500000014901161194e-02 0.000000000000000000e+00
4.390300250053405762e+01 2.290000000000000036e+00 3.500000014901161194e-02 0.000000000000000000e+00
4.401003098487854004e+01 2.270000000000000018e+00 3.500000014901161194e-02 0.000000000000000000e+00
4.410099291801452637e+01 2.279999999999999805e+00 3.500000014901161194e-02 0.000000000000000000e+00
4.421804308891296387e+01 2.350000000000000089e+00 3.500000014901161194e-02 0.000000000000000000e+00
4.430299758911132812e+01 2.720000000000000195e+00 3.500000014901161194e-02 0.000000000000000000e+00
4.441599416732788086e+01 3.580000000000000071e+00 3.500000014901161194e-02 0.000000000000000000e+00
4.451003503799438477e+01 4.360000000000000320e+00 3.500000014901161194e-02 0.000000000000000000e+00
4.461804389953613281e+01 4.790000000000000036e+00 3.500000014901161194e-02 0.000000000000000000e+00
4.470799779891967773e+01 5.230000000000000426e+00 3.500000014901161194e-02 -9.791758728027343750e+01
4.480299568176269531e+01 5.290000000000000036e+00 3.500000014901161194e-02 -3.636938781738281250e+02
4.491099452972412109e+01 5.269999999999999574e+00 3.500000014901161194e-02 -9.092347412109375000e+02
4.499999165534973145e+01 5.200000000000000178e+00 3.500000014901161194e-02 -9.931641235351562500e+02
4.511803674697875977e+01 5.169999999999999929e+00 3.500000014901161194e-02 -1.356857910156250000e+03
4.520699667930603027e+01 5.129999999999999893e+00 3.500000014901161194e-02 -1.356857910156250000e+03
4.531499528884887695e+01 5.139999999999999680e+00 3.500000014901161194e-02 -1.706563598632812500e+03
4.541003298759460449e+01 5.160000000000000142e+00 3.500000014901161194e-02 -1.888410644531250000e+03
4.549999332427978516e+01 5.099999999999999645e+00 3.500000014901161194e-02 -1.790493041992187500e+03
4.560699510574340820e+01 5.080000000000000071e+00 3.500000014901161194e-02 -1.706563598632812500e+03
4.570203423500061035e+01 5.000000000000000000e+00 3.500000014901161194e-02 -1.706563598632812500e+03
4.581499528884887695e+01 5.139999999999999680e+00 3.500000014901161194e-02 -1.804481201171875000e+03
4.589999413490295410e+01 5.019999999999999574e+00 3.500000014901161194e-02 -1.720551879882812500e+03
4.601699566841125488e+01 5.049999999999999822e+00 3.500000014901161194e-02 -1.706563598632812500e+03
4.610799765586853027e+01 5.049999999999999822e+00 3.500000014901161194e-02 -1.524716674804687500e+03
4.621499896049499512e+01 5.070000000000000284e+00 3.500000014901161194e-02 -1.720551879882812500e+03
4.630604267120361328e+01 5.099999999999999645e+00 3.500000014901161194e-02 -1.706563598632812500e+03
4.639999341964721680e+01 5.080000000000000071e+00 3.500000014901161194e-02 -1.706563598632812500e+03
4.650799584388732910e+01 5.110000000000000320e+00 3.500000014901161194e-02 -1.986328247070312500e+03
4.660499095916748047e+01 5.059999999999999609e+00 3.500000014901161194e-02 -2.070257568359375000e+03
4.671499609947204590e+01 4.929999999999999716e+00 3.500000014901161194e-02 -1.888410644531250000e+03
4.680098462104797363e+01 5.030000000000000249e+00 3.500000014901161194e-02 -1.888410644531250000e+03
4.691299223899841309e+01 5.089999999999999858e+00 3.500000014901161194e-02 -2.070257568359375000e+03
4.700799894332885742e+01 5.139999999999999680e+00 3.500000014901161194e-02 -2.336033691406250000e+03
4.711599564552307129e+01 5.099999999999999645e+00 3.500000014901161194e-02 -2.699727783203125000e+03
4.720499277114868164e+01 5.000000000000000000e+00 3.500000014901161194e-02 -2.699727783203125000e+03
4.729999470710754395e+01 4.860000000000000320e+00 3.500000014901161194e-02 -2.350021972656250000e+03
4.741199016571044922e+01 4.879999999999999893e+00 3.500000014901161194e-02 -1.804481201171875000e+03
4.751899743080139160e+01 4.889999999999999680e+00 3.500000014901161194e-02 -1.622634277343750000e+03
4.761499738693237305e+01 5.070000000000000284e+00 3.500000014901161194e-02 -1.622634277343750000e+03
4.770499253273010254e+01 5.129999999999999893e+00 3.500000014901161194e-02 -1.720551879882812500e+03
4.781199288368225098e+01 5.019999999999999574e+00 3.500000014901161194e-02 -1.622634277343750000e+03
4.790700173377990723e+01 5.099999999999999645e+00 3.500000014901161194e-02 -1.804481201171875000e+03
4.801899695396423340e+01 5.030000000000000249e+00 3.500000014901161194e-02 -1.804481201171875000e+03
4.810499286651611328e+01 5.019999999999999574e+00 3.500000014901161194e-02 -1.524716674804687500e+03
4.819599270820617676e+01 5.009999999999999787e+00 3.500000014901161194e-02 -1.440787353515625000e+03
4.831299233436584473e+01 5.049999999999999822e+00 3.500000014901161194e-02 -1.440787353515625000e+03
4.841898608207702637e+01 5.030000000000000249e+00 3.500000014901161194e-02 -1.175010986328125000e+03
4.851099419593811035e+01 5.059999999999999609e+00 3.500000014901161194e-02 -1.091081787109375000e+03
4.860499262809753418e+01 5.049999999999999822e+00 3.500000014901161194e-02 -7.273877563476562500e+02
4.871299195289611816e+01 5.080000000000000071e+00 3.500000014901161194e-02 0.000000000000000000e+00
4.880299496650695801e+01 4.209999999999999964e+00 3.500000014901161194e-02 0.000000000000000000e+00
4.891899514198303223e+01 4.059999999999999609e+00 3.500000014901161194e-02 0.000000000000000000e+00
4.900603628158569336e+01 2.790000000000000036e+00 3.500000014901161194e-02 4.616115112304687500e+02
4.911803102493286133e+01 2.149999999999999911e+00 3.500000014901161194e-02 1.258940307617187500e+03
4.921299219131469727e+01 2.160000000000000142e+00 3.500000014901161194e-02 1.440787353515625000e+03
4.930203795433044434e+01 2.279999999999999805e+00 3.500000014901161194e-02 1.622634277343750000e+03
4.941003727912902832e+01 2.279999999999999805e+00 3.500000014901161194e-02 1.622634277343750000e+03
4.950500059127807617e+01 2.290000000000000036e+00 3.500000014901161194e-02 1.524716674804687500e+03
4.961699914932250977e+01 2.259999999999999787e+00 3.500000014901161194e-02 1.608645996093750000e+03
4.970203447341918945e+01 2.290000000000000036e+00 3.500000014901161194e-02 1.622634277343750000e+03
4.980399107933044434e+01 2.290000000000000036e+00 3.500000014901161194e-02 1.706563598632812500e+03
4.991003251075744629e+01 2.240000000000000213e+00 3.500000014901161194e-02 2.056269531250000000e+03
5.001699471473693848e+01 2.299999999999999822e+00 3.500000014901161194e-02 2.238116455078125000e+03
5.011199259757995605e+01 2.310000000000000053e+00 3.500000014901161194e-02 2.154187011718750000e+03
5.020299458503723145e+01 2.379999999999999893e+00 3.500000014901161194e-02 1.986328247070312500e+03
5.031004166603088379e+01 2.350000000000000089e+00 3.500000014901161194e-02 1.706563598632812500e+03
5.040099501609802246e+01 2.310000000000000053e+00 3.500000014901161194e-02 1.706563598632812500e+03
5.051804351806640625e+01 2.299999999999999822e+00 3.500000014901161194e-02 1.706563598632812500e+03
5.060299468040466309e+01 2.359999999999999876e+00 3.500000014901161194e-02 1.706563598632812500e+03
5.071600198745727539e+01 2.370000000000000107e+00 3.500000014901161194e-02 1.342869750976562500e+03
5.081003713607788086e+01 2.339999999999999858e+00 3.500000014901161194e-02 1.440787353515625000e+03
5.091804265975952148e+01 2.370000000000000107e+00 3.500000014901161194e-02 1.440787353515625000e+03
5.103100419044494629e+01 2.270000000000000018e+00 3.500000014901161194e-02 1.622634277343750000e+03
5.112500905990600586e+01 2.279999999999999805e+00 3.500000014901161194e-02 1.622634277343750000e+03
5.123300576210021973e+01 2.220000000000000195e+00 3.500000014901161194e-02 1.720551879882812500e+03
5.132300710678100586e+01 2.299999999999999822e+00 3.500000014901161194e-02 1.888410644531250000e+03
5.141804385185241699e+01 2.339999999999999858e+00 3.500000014901161194e-02 1.706563598632812500e+03
5.152604889869689941e+01 2.339999999999999858e+00 3.500000014901161194e-02 1.622634277343750000e+03
5.163804697990417480e+01 2.350000000000000089e+00 3.500000014901161194e-02 1.440787353515625000e+03
5.173300313949584961e+01 2.359999999999999876e+00 3.500000014901161194e-02 1.440787353515625000e+03
5.182204151153564453e+01 2.299999999999999822e+00 3.500000014901161194e-02 1.440787353515625000e+03
5.193004488945007324e+01 2.290000000000000036e+00 3.500000014901161194e-02 1.440787353515625000e+03
5.202500057220458984e+01 2.229999999999999982e+00 3.500000014901161194e-02 1.538704956054687500e+03
5.213700842857360840e+01 2.310000000000000053e+00 3.500000014901161194e-02 1.440787353515625000e+03
5.222203826904296875e+01 2.310000000000000053e+00 3.500000014901161194e-02 1.356857910156250000e+03
5.233199405670166016e+01 2.339999999999999858e+00 3.500000014901161194e-02 1.258940307617187500e+03
5.243004083633422852e+01 2.339999999999999858e+00 3.500000014901161194e-02 1.258940307617187500e+03
5.253699779510498047e+01 2.299999999999999822e+00 3.500000014901161194e-02 1.342869750976562500e+03
5.263199806213378906e+01 2.270000000000000018e+00 3.500000014901161194e-02 1.356857910156250000e+03
5.272299718856811523e+01 2.330000000000000071e+00 3.500000014901161194e-02 1.440787353515625000e+03
5.283003282546997070e+01 2.290000000000000036e+00 3.500000014901161194e-02 1.175010986328125000e+03
5.292099452018737793e+01 2.339999999999999858e+00 3.500000014901161194e-02 8.952465209960937500e+02
5.303803443908691406e+01 2.330000000000000071e+00 3.500000014901161194e-02 8.952465209960937500e+02
5.312299537658691406e+01 2.290000000000000036e+00 3.500000014901161194e-02 8.952465209960937500e+02
5.323599433898925781e+01 2.259999999999999787e+00 3.500000014901161194e-02 7.133995361328125000e+02
5.333004736900329590e+01 2.250000000000000000e+00 3.500000014901161194e-02 4.476232604980468750e+02
5.343803191184997559e+01 2.350000000000000089e+00 3.500000014901161194e-02 0.000000000000000000e+00
5.352800011634826660e+01 2.390000000000000124e+00 3.500000014901161194e-02 8.392935943603515625e+01
5.362299585342407227e+01 2.330000000000000071e+00 3.500000014901161194e-02 0.000000000000000000e+00
5.373099613189697266e+01 2.339999999999999858e+00 3.500000014901161194e-02 0.000000000000000000e+00
5.381999397277832031e+01 2.370000000000000107e+00 3.500000014901161194e-02 0.000000000000000000e+00
5.393803763389587402e+01 2.319999999999999840e+00 3.500000014901161194e-02 0.000000000000000000e+00
5.402701854705810547e+01 2.299999999999999822e+00 3.500000014901161194e-02 0.000000000000000000e+00
5.413499402999877930e+01 2.299999999999999822e+00 3.500000014901161194e-02 0.000000000000000000e+00
5.423002791404724121e+01 2.299999999999999822e+00 3.500000014901161194e-02 0.000000000000000000e+00
5.431999349594116211e+01 2.350000000000000089e+00 3.500000014901161194e-02 0.000000000000000000e+00
5.442699551582336426e+01 2.339999999999999858e+00 3.500000014901161194e-02 0.000000000000000000e+00
5.452204632759094238e+01 2.339999999999999858e+00 3.500000014901161194e-02 0.000000000000000000e+00
5.463499546051025391e+01 2.310000000000000053e+00 3.500000014901161194e-02 0.000000000000000000e+00
5.471999359130859375e+01 2.279999999999999805e+00 3.500000014901161194e-02 0.000000000000000000e+00
5.483699703216552734e+01 2.270000000000000018e+00 3.500000014901161194e-02 0.000000000000000000e+00
5.492799806594848633e+01 2.279999999999999805e+00 3.500000014901161194e-02 0.000000000000000000e+00
5.503499650955200195e+01 2.270000000000000018e+00 3.500000014901161194e-02 0.000000000000000000e+00
5.512603139877319336e+01 2.270000000000000018e+00 3.500000014901161194e-02 0.000000000000000000e+00
5.521999359130859375e+01 2.259999999999999787e+00 3.500000014901161194e-02 0.000000000000000000e+00
5.532799530029296875e+01 2.250000000000000000e+00 3.500000014901161194e-02 0.000000000000000000e+00
5.541804432868957520e+01 2.240000000000000213e+00 3.500000014901161194e-02 0.000000000000000000e+00
5.553500080108642578e+01 2.229999999999999982e+00 3.500000014901161194e-02 0.000000000000000000e+00
5.562099432945251465e+01 2.220000000000000195e+00 3.500000014901161194e-02 0.000000000000000000e+00
5.573299574851989746e+01 2.220000000000000195e+00 3.500000014901161194e-02 0.000000000000000000e+00
5.582799673080444336e+01 2.209999999999999964e+00 3.500000014901161194e-02 0.000000000000000000e+00
5.593600130081176758e+01 2.209999999999999964e+00 3.500000014901161194e-02 0.000000000000000000e+00
5.602499270439147949e+01 2.200000000000000178e+00 3.500000014901161194e-02 0.000000000000000000e+00
5.612003016471862793e+01 2.200000000000000178e+00 3.500000014901161194e-02 0.000000000000000000e+00
5.623199295997619629e+01 2.189999999999999947e+00 3.500000014901161194e-02 0.000000000000000000e+00
5.633899688720703125e+01 2.189999999999999947e+00 3.500000014901161194e-02 0.000000000000000000e+00
5.643499326705932617e+01 2.180000000000000160e+00 3.500000014901161194e-02 0.000000000000000000e+00
5.652499294281005859e+01 2.180000000000000160e+00 3.500000014901161194e-02 0.000000000000000000e+00
5.663199472427368164e+01 2.180000000000000160e+00 3.500000014901161194e-02 0.000000000000000000e+00
5.672699928283691406e+01 2.169999999999999929e+00 3.500000014901161194e-02 0.000000000000000000e+00
