2.094721794128417969e-02 1.969999999999999973e+00 3.400000184774398804e-02 0.000000000000000000e+00
1.209452152252197266e-01 1.959999999999999964e+00 3.400000184774398804e-02 0.000000000000000000e+00
2.069509029388427734e-01 1.959999999999999964e+00 3.400000184774398804e-02 0.000000000000000000e+00
3.189508914947509766e-01 1.959999999999999964e+00 3.400000184774398804e-02 0.000000000000000000e+00
4.089465141296386719e-01 1.959999999999999964e+00 3.400000184774398804e-02 0.000000000000000000e+00
5.009474754333496094e-01 1.959999999999999964e+00 3.400000184774398804e-02 0.000000000000000000e+00
6.109476089477539062e-01 1.959999999999999964e+00 3.400000184774398804e-02 0.000000000000000000e+00
7.009491920471191406e-01 1.959999999999999964e+00 3.400000184774398804e-02 0.000000000000000000e+00
8.159475326538085938e-01 1.959999999999999964e+00 3.400000184774398804e-02 0.000000000000000000e+00
9.039468765258789062e-01 1.959999999999999964e+00 3.400000184774398804e-02 0.000000000000000000e+00
1.015946626663208008e+00 1.959999999999999964e+00 3.400000184774398804e-02 0.000000000000000000e+00
1.107946157455444336e+00 1.969999999999999973e+00 3.400000184774398804e-02 0.000000000000000000e+00
1.218947649002075195e+00 1.969999999999999973e+00 3.400000184774398804e-02 0.000000000000000000e+00
1.307948112487792969e+00 1.969999999999999973e+00 3.400000184774398804e-02 0.000000000000000000e+00
1.399947166442871094e+00 1.959999999999999964e+00 3.400000184774398804e-02 0.000000000000000000e+00
1.511946916580200195e+00 2.000000000000000000e+00 3.400000184774398804e-02 0.000000000000000000e+00
1.600948333740234375e+00 2.129999999999999893e+00 3.400000184774398804e-02 0.000000000000000000e+00
1.714951992034912109e+00 2.609999999999999876e+00 3.400000184774398804e-02 0.000000000000000000e+00
1.804946899414062500e+00 3.450000000000000178e+00 3.400000184774398804e-02 0.000000000000000000e+00
1.915949344635009766e+00 4.129999999999999893e+00 3.400000184774398804e-02 0.000000000000000000e+00
2.006947278976440430e+00 4.679999999999999716e+00 9.999999776482582092e-03 -7.199565429687500000e+02
2.119947433471679688e+00 2.689999999999999947e+00 9.999999776482582092e-03 -3.601968383789062500e+02
2.208946943283081055e+00 2.049999999999999822e+00 9.999999776482582092e-03 0.000000000000000000e+00
2.321994543075561523e+00 2.209999999999999964e+00 9.999999776482582092e-03 -9.004920959472656250e+01
2.412948608398437500e+00 2.339999999999999858e+00 9.999999776482582092e-03 -3.597597045898437500e+02
2.500952243804931641e+00 2.310000000000000053e+00 9.999999776482582092e-03 -2.701476440429687500e+02
2.614001274108886719e+00 2.270000000000000018e+00 9.999999776482582092e-03 -4.502460327148437500e+02
2.705996751785278320e+00 2.279999999999999805e+00 9.999999776482582092e-03 -3.597597045898437500e+02
2.815944910049438477e+00 2.240000000000000213e+00 9.999999776482582092e-03 -3.597597045898437500e+02
2.905985355377197266e+00 2.259999999999999787e+00 9.999999776482582092e-03 -2.701476440429687500e+02
3.020946979522705078e+00 2.209999999999999964e+00 9.999999776482582092e-03 0.000000000000000000e+00
3.108948707580566406e+00 2.339999999999999858e+00 9.999999776482582092e-03 -1.800984191894531250e+02
3.220945119857788086e+00 2.209999999999999964e+00 9.999999776482582092e-03 -2.697105102539062500e+02
3.312949657440185547e+00 2.330000000000000071e+00 9.999999776482582092e-03 -2.697105102539062500e+02
3.401988267898559570e+00 2.310000000000000053e+00 9.999999776482582092e-03 -4.502460327148437500e+02
3.512949943542480469e+00 2.250000000000000000e+00 9.999999776482582092e-03 -3.597597045898437500e+02
3.604947328567504883e+00 2.229999999999999982e+00 9.999999776482582092e-03 -1.796612854003906250e+02
3.716947078704833984e+00 2.200000000000000178e+00 9.999999776482582092e-03 -1.800984191894531250e+02
3.805987834930419922e+00 2.310000000000000053e+00 9.999999776482582092e-03 -3.597597045898437500e+02
3.919947624206542969e+00 2.250000000000000000e+00 9.999999776482582092e-03 -4.502460327148437500e+02
4.009989023208618164e+00 2.209999999999999964e+00 9.999999776482582092e-03 -3.597597045898437500e+02
4.120944976806640625e+00 2.149999999999999911e+00 9.999999776482582092e-03 -2.701476440429687500e+02
4.211946487426757812e+00 2.270000000000000018e+00 9.999999776482582092e-03 -9.004920959472656250e+01
4.302950143814086914e+00 2.299999999999999822e+00 9.999999776482582092e-03 0.000000000000000000e+00
4.413982391357421875e+00 2.350000000000000089e+00 9.999999776482582092e-03 0.000000000000000000e+00
4.503950119018554688e+00 2.430000000000000160e+00 9.999999776482582092e-03 0.000000000000000000e+00
4.617992162704467773e+00 2.450000000000000178e+00 9.999999776482582092e-03 -2.697105102539062500e+02
4.705987930297851562e+00 2.379999999999999893e+00 9.999999776482582092e-03 -4.498088989257812500e+02
4.818958044052124023e+00 2.290000000000000036e+00 9.999999776482582092e-03 -5.398581542968750000e+02
4.910957098007202148e+00 2.299999999999999822e+00 9.999999776482582092e-03 -3.601968383789062500e+02
5.020946979522705078e+00 2.299999999999999822e+00 9.999999776482582092e-03 -4.500274658203125000e+02
5.110948324203491211e+00 2.299999999999999822e+00 9.999999776482582092e-03 -5.400767211914062500e+02
5.202958106994628906e+00 2.310000000000000053e+00 9.999999776482582092e-03 -5.398581542968750000e+02
5.313986778259277344e+00 2.259999999999999787e+00 9.999999776482582092e-03 -4.500274658203125000e+02
5.402956247329711914e+00 2.200000000000000178e+00 9.999999776482582092e-03 -4.500274658203125000e+02
5.517998933792114258e+00 2.209999999999999964e+00 9.999999776482582092e-03 -3.599782714843750000e+02
5.606951713562011719e+00 2.250000000000000000e+00 9.999999776482582092e-03 -4.498088989257812500e+02
5.717995166778564453e+00 2.259999999999999787e+00 9.999999776482582092e-03 -5.400767211914062500e+02
5.809995174407958984e+00 2.339999999999999858e+00 9.999999776482582092e-03 -5.400767211914062500e+02
5.915946960449218750e+00 2.189999999999999947e+00 9.999999776482582092e-03 -2.699290771484375000e+02
6.010956048965454102e+00 2.200000000000000178e+00 9.999999776482582092e-03 -1.800984191894531250e+02
6.101989030838012695e+00 2.209999999999999964e+00 9.999999776482582092e-03 -9.004920959472656250e+01
6.214948415756225586e+00 2.279999999999999805e+00 9.999999776482582092e-03 0.000000000000000000e+00
6.303948163986206055e+00 2.270000000000000018e+00 9.999999776482582092e-03 0.000000000000000000e+00
6.416946649551391602e+00 2.279999999999999805e+00 9.999999776482582092e-03 -1.800984191894531250e+02
6.507946729660034180e+00 2.250000000000000000e+00 9.999999776482582092e-03 -1.798798522949218750e+02
6.618948698043823242e+00 2.229999999999999982e+00 9.999999776482582092e-03 -2.699290771484375000e+02
6.708947658538818359e+00 2.240000000000000213e+00 9.999999776482582092e-03 -3.599782714843750000e+02
6.800949335098266602e+00 2.200000000000000178e+00 9.999999776482582092e-03 -2.699290771484375000e+02
6.910948276519775391e+00 2.209999999999999964e+00 9.999999776482582092e-03 -2.701476440429687500e+02
7.000945568084716797e+00 2.200000000000000178e+00 9.999999776482582092e-03 -2.699290771484375000e+02
7.115947008132934570e+00 2.149999999999999911e+00 9.999999776482582092e-03 -3.599782714843750000e+02
7.203948497772216797e+00 2.310000000000000053e+00 9.999999776482582092e-03 -4.500274658203125000e+02
7.315947055816650391e+00 2.259999999999999787e+00 9.999999776482582092e-03 -5.398581542968750000e+02
7.407946348190307617e+00 2.209999999999999964e+00 9.999999776482582092e-03 -4.500274658203125000e+02
7.518946886062622070e+00 2.229999999999999982e+00 9.999999776482582092e-03 -4.500274658203125000e+02
7.607949256896972656e+00 2.270000000000000018e+00 9.999999776482582092e-03 -6.299072875976562500e+02
7.710948944091796875e+00 2.209999999999999964e+00 9.999999776482582092e-03 -3.599782714843750000e+02
7.811948299407958984e+00 2.089999999999999858e+00 9.999999776482582092e-03 -8.983064270019531250e+01
7.900946140289306641e+00 2.250000000000000000e+00 9.999999776482582092e-03 -2.699290771484375000e+02
8.014952182769775391e+00 2.330000000000000071e+00 9.999999776482582092e-03 -2.699290771484375000e+02
8.104948997497558594e+00 2.250000000000000000e+00 9.999999776482582092e-03 -2.701476440429687500e+02
8.215944766998291016e+00 2.279999999999999805e+00 9.999999776482582092e-03 -3.599782714843750000e+02
8.306949377059936523e+00 2.200000000000000178e+00 9.999999776482582092e-03 -2.699290771484375000e+02
8.419946193695068359e+00 2.279999999999999805e+00 9.999999776482582092e-03 -3.599782714843750000e+02
8.508945226669311523e+00 2.310000000000000053e+00 9.999999776482582092e-03 -4.500274658203125000e+02
8.620946645736694336e+00 2.209999999999999964e+00 9.999999776482582092e-03 -3.599782714843750000e+02
8.712985277175903320e+00 2.339999999999999858e+00 9.999999776482582092e-03 -2.699290771484375000e+02
8.800946474075317383e+00 2.250000000000000000e+00 9.999999776482582092e-03 -3.601968383789062500e+02
8.913993120193481445e+00 2.299999999999999822e+00 9.999999776482582092e-03 -3.601968383789062500e+02
9.005996227264404297e+00 2.299999999999999822e+00 9.999999776482582092e-03 -3.599782714843750000e+02
9.115945816040039062e+00 2.290000000000000036e+00 9.999999776482582092e-03 -3.599782714843750000e+02
9.206044197082519531e+00 2.270000000000000018e+00 9.999999776482582092e-03 -3.599782714843750000e+02
9.320946455001831055e+00 2.229999999999999982e+00 9.999999776482582092e-03 -4.500274658203125000e+02
9.408945798873901367e+00 2.259999999999999787e+00 9.999999776482582092e-03 -3.599782714843750000e+02
9.520948648452758789e+00 2.259999999999999787e+00 9.999999776482582092e-03 -3.599782714843750000e+02
9.612954616546630859e+00 2.270000000000000018e+00 9.999999776482582092e-03 -5.398581542968750000e+02
9.701989173889160156e+00 2.350000000000000089e+00 9.999999776482582092e-03 -4.500274658203125000e+02
9.812969207763671875e+00 2.200000000000000178e+00 9.999999776482582092e-03 -1.798798522949218750e+02
9.904959201812744141e+00 2.319999999999999840e+00 9.999999776482582092e-03 -2.699290771484375000e+02
1.001694583892822266e+01 2.339999999999999858e+00 9.999999776482582092e-03 -4.500274658203125000e+02
1.010599517822265625e+01 2.310000000000000053e+00 9.999999776482582092e-03 -3.599782714843750000e+02
1.021994948387145996e+01 2.240000000000000213e+00 9.999999776482582092e-03 -3.599782714843750000e+02
1.030998110771179199e+01 2.209999999999999964e+00 9.999999776482582092e-03 -3.599782714843750000e+02
1.042094850540161133e+01 2.270000000000000018e+00 9.999999776482582092e-03 -5.399674072265625000e+02
1.051195311546325684e+01 2.220000000000000195e+00 9.999999776482582092e-03 -3.599782714843750000e+02
1.060295248031616211e+01 2.209999999999999964e+00 9.999999776482582092e-03 -3.599782714843750000e+02
1.071399378776550293e+01 2.200000000000000178e+00 9.999999776482582092e-03 -3.600875549316406250e+02
1.080395436286926270e+01 2.259999999999999787e+00 9.999999776482582092e-03 -3.599782714843750000e+02
1.091798162460327148e+01 2.229999999999999982e+00 9.999999776482582092e-03 -3.599782714843750000e+02
1.100599122047424316e+01 2.220000000000000195e+00 9.999999776482582092e-03 -2.700383605957031250e+02
1.111894869804382324e+01 2.229999999999999982e+00 9.999999776482582092e-03 -2.700383605957031250e+02
1.121095132827758789e+01 2.240000000000000213e+00 9.999999776482582092e-03 -2.699290771484375000e+02
1.132094740867614746e+01 2.279999999999999805e+00 9.999999776482582092e-03 -3.600875549316406250e+02
1.141094899177551270e+01 2.250000000000000000e+00 9.999999776482582092e-03 -4.499181823730468750e+02
1.150295281410217285e+01 2.220000000000000195e+00 9.999999776482582092e-03 -4.499181823730468750e+02
1.161399745941162109e+01 2.220000000000000195e+00 9.999999776482582092e-03 -2.699290771484375000e+02
1.170295858383178711e+01 2.209999999999999964e+00 9.999999776482582092e-03 -3.600875549316406250e+02
1.181798434257507324e+01 2.220000000000000195e+00 9.999999776482582092e-03 -3.599782714843750000e+02
1.190694999694824219e+01 2.259999999999999787e+00 9.999999776482582092e-03 -4.500274658203125000e+02
1.201798844337463379e+01 2.200000000000000178e+00 9.999999776482582092e-03 -2.700383605957031250e+02
1.210999274253845215e+01 2.200000000000000178e+00 9.999999776482582092e-03 -3.599782714843750000e+02
1.219994592666625977e+01 2.290000000000000036e+00 9.999999776482582092e-03 -3.600875549316406250e+02
1.231094884872436523e+01 2.209999999999999964e+00 9.999999776482582092e-03 -3.600875549316406250e+02
1.240198636054992676e+01 2.299999999999999822e+00 9.999999776482582092e-03 -2.700383605957031250e+02
1.251495075225830078e+01 2.279999999999999805e+00 9.999999776482582092e-03 -2.699290771484375000e+02
1.260394978523254395e+01 2.250000000000000000e+00 9.999999776482582092e-03 -2.699290771484375000e+02
1.271694684028625488e+01 2.290000000000000036e+00 9.999999776482582092e-03 -2.700383605957031250e+02
1.280794596672058105e+01 2.259999999999999787e+00 9.999999776482582092e-03 -2.699837036132812500e+02
1.291895008087158203e+01 2.270000000000000018e+00 9.999999776482582092e-03 -4.500274658203125000e+02
1.300894570350646973e+01 2.250000000000000000e+00 9.999999776482582092e-03 -5.399674072265625000e+02
1.310094785690307617e+01 2.180000000000000160e+00 9.999999776482582092e-03 -4.499728393554687500e+02
1.321094632148742676e+01 2.220000000000000195e+00 9.999999776482582092e-03 -3.599782714843750000e+02
1.330096507072448730e+01 2.189999999999999947e+00 9.999999776482582092e-03 -1.800437774658203125e+02
1.341594290733337402e+01 2.209999999999999964e+00 9.999999776482582092e-03 -1.799891357421875000e+02
1.350395011901855469e+01 2.310000000000000053e+00 9.999999776482582092e-03 -4.500274658203125000e+02
1.361594462394714355e+01 2.279999999999999805e+00 9.999999776482582092e-03 -3.599782714843750000e+02
1.370794439315795898e+01 2.169999999999999929e+00 9.999999776482582092e-03 -2.700383605957031250e+02
1.381894683837890625e+01 2.270000000000000018e+00 9.999999776482582092e-03 -3.599782714843750000e+02
1.390794396400451660e+01 2.209999999999999964e+00 9.999999776482582092e-03 -4.500274658203125000e+02
1.399994540214538574e+01 2.270000000000000018e+00 9.999999776482582092e-03 -4.500274658203125000e+02
1.411194300651550293e+01 2.220000000000000195e+00 9.999999776482582092e-03 -4.500001525878906250e+02
1.421294832229614258e+01 2.209999999999999964e+00 9.999999776482582092e-03 -4.500001525878906250e+02
1.431495857238769531e+01 2.160000000000000142e+00 9.999999776482582092e-03 -5.400220947265625000e+02
1.440494680404663086e+01 2.149999999999999911e+00 9.999999776482582092e-03 -3.600055847167968750e+02
1.451594519615173340e+01 2.129999999999999893e+00 9.999999776482582092e-03 0.000000000000000000e+00
1.460694861412048340e+01 2.089999999999999858e+00 9.999999776482582092e-03 -1.799891357421875000e+02
1.471994543075561523e+01 2.250000000000000000e+00 9.999999776482582092e-03 -2.699973754882812500e+02
1.480894660949707031e+01 2.279999999999999805e+00 9.999999776482582092e-03 -4.500001525878906250e+02
1.492094588279724121e+01 2.160000000000000142e+00 9.999999776482582092e-03 -3.600055847167968750e+02
1.501305294036865234e+01 2.209999999999999964e+00 9.999999776482582092e-03 -3.600055847167968750e+02
1.510094475746154785e+01 2.250000000000000000e+00 9.999999776482582092e-03 -4.500001525878906250e+02
1.521400022506713867e+01 2.259999999999999787e+00 9.999999776482582092e-03 -5.399998168945312500e+02
1.530599331855773926e+01 2.149999999999999911e+00 9.999999776482582092e-03 -3.599987487792968750e+02
1.541594624519348145e+01 2.250000000000000000e+00 9.999999776482582092e-03 -2.700007934570312500e+02
1.550598645210266113e+01 2.209999999999999964e+00 9.999999776482582092e-03 -4.500001525878906250e+02
1.562094640731811523e+01 2.229999999999999982e+00 9.999999776482582092e-03 -5.400084228515625000e+02
1.570894837379455566e+01 2.209999999999999964e+00 9.999999776482582092e-03 -3.600055847167968750e+02
1.582094812393188477e+01 2.149999999999999911e+00 9.999999776482582092e-03 -9.000822448730468750e+01
1.591296911239624023e+01 2.220000000000000195e+00 9.999999776482582092e-03 -2.700110473632812500e+02
1.600198721885681152e+01 2.279999999999999805e+00 9.999999776482582092e-03 -3.599782714843750000e+02
1.611299514770507812e+01 2.299999999999999822e+00 9.999999776482582092e-03 -3.600055847167968750e+02
1.620494747161865234e+01 2.229999999999999982e+00 9.999999776482582092e-03 -2.699837036132812500e+02
1.631694841384887695e+01 2.189999999999999947e+00 9.999999776482582092e-03 -1.800164489746093750e+02
1.640598344802856445e+01 2.209999999999999964e+00 9.999999776482582092e-03 -2.700110473632812500e+02
1.651994562149047852e+01 2.240000000000000213e+00 9.999999776482582092e-03 -2.700110473632812500e+02
1.660998368263244629e+01 2.270000000000000018e+00 9.999999776482582092e-03 -2.700110473632812500e+02
1.672094559669494629e+01 2.240000000000000213e+00 9.999999776482582092e-03 -8.999456787109375000e+01
1.681194639205932617e+01 2.229999999999999982e+00 9.999999776482582092e-03 -8.999456787109375000e+01
1.690295124053955078e+01 2.189999999999999947e+00 9.999999776482582092e-03 -3.600328979492187500e+02
1.701398968696594238e+01 2.350000000000000089e+00 9.999999776482582092e-03 -5.399674072265625000e+02
1.710394787788391113e+01 2.180000000000000160e+00 9.999999776482582092e-03 -3.599782714843750000e+02
1.721799397468566895e+01 2.220000000000000195e+00 9.999999776482582092e-03 -4.499728393554687500e+02
1.730598783493041992e+01 2.250000000000000000e+00 9.999999776482582092e-03 -5.399674072265625000e+02
1.741894483566284180e+01 2.279999999999999805e+00 9.999999776482582092e-03 -6.300166015625000000e+02
1.751095104217529297e+01 2.240000000000000213e+00 9.999999776482582092e-03 -5.400220947265625000e+02
1.762094545364379883e+01 2.229999999999999982e+00 9.999999776482582092e-03 -2.699837036132812500e+02
1.771095156669616699e+01 2.200000000000000178e+00 9.999999776482582092e-03 -3.599782714843750000e+02
1.780294895172119141e+01 2.240000000000000213e+00 9.999999776482582092e-03 -3.599782714843750000e+02
1.791398000717163086e+01 2.229999999999999982e+00 9.999999776482582092e-03 -2.699837036132812500e+02
1.800294876098632812e+01 2.169999999999999929e+00 9.999999776482582092e-03 -2.700383605957031250e+02
1.811798858642578125e+01 2.240000000000000213e+00 9.999999776482582092e-03 -2.699290771484375000e+02
1.820694851875305176e+01 2.180000000000000160e+00 9.999999776482582092e-03 -1.800984191894531250e+02
1.831798911094665527e+01 2.140000000000000124e+00 9.999999776482582092e-03 -8.993992614746093750e+01
1.840999054908752441e+01 2.209999999999999964e+00 9.999999776482582092e-03 -1.799891357421875000e+02
1.851194715499877930e+01 2.279999999999999805e+00 9.999999776482582092e-03 -4.500274658203125000e+02
1.861094975471496582e+01 2.209999999999999964e+00 9.999999776482582092e-03 -4.500274658203125000e+02
1.870198798179626465e+01 2.250000000000000000e+00 9.999999776482582092e-03 -4.500274658203125000e+02
1.881494665145874023e+01 2.229999999999999982e+00 9.999999776482582092e-03 -3.600875549316406250e+02
1.890394711494445801e+01 2.220000000000000195e+00 9.999999776482582092e-03 -3.599782714843750000e+02
1.901694536209106445e+01 2.250000000000000000e+00 9.999999776482582092e-03 -3.599782714843750000e+02
1.910794663429260254e+01 2.160000000000000142e+00 9.999999776482582092e-03 -2.700383605957031250e+02
1.921895265579223633e+01 2.189999999999999947e+00 9.999999776482582092e-03 -4.500274658203125000e+02
1.930894589424133301e+01 2.180000000000000160e+00 9.999999776482582092e-03 -4.500274658203125000e+02
1.940095114707946777e+01 2.220000000000000195e+00 9.999999776482582092e-03 -2.699290771484375000e+02
1.951095080375671387e+01 2.209999999999999964e+00 9.999999776482582092e-03 -3.599782714843750000e+02
1.960094881057739258e+01 2.240000000000000213e+00 9.999999776482582092e-03 -3.599782714843750000e+02
1.971594738960266113e+01 2.209999999999999964e+00 9.999999776482582092e-03 -3.599782714843750000e+02
1.980395555496215820e+01 2.220000000000000195e+00 9.999999776482582092e-03 -3.600875549316406250e+02
1.991594862937927246e+01 2.220000000000000195e+00 9.999999776482582092e-03 -2.699290771484375000e+02
2.000794672966003418e+01 2.180000000000000160e+00 9.999999776482582092e-03 -3.599782714843750000e+02
2.011894917488098145e+01 2.259999999999999787e+00 9.999999776482582092e-03 -4.500274658203125000e+02
2.020795226097106934e+01 2.220000000000000195e+00 9.999999776482582092e-03 -2.700383605957031250e+02
2.029994630813598633e+01 2.209999999999999964e+00 9.999999776482582092e-03 -9.004920959472656250e+01
2.041194605827331543e+01 2.299999999999999822e+00 9.999999776482582092e-03 -2.700383605957031250e+02
2.051194691658020020e+01 2.299999999999999822e+00 9.999999776482582092e-03 -1.799891357421875000e+02
2.061494970321655273e+01 2.299999999999999822e+00 9.999999776482582092e-03 -5.399674072265625000e+02
2.070495080947875977e+01 2.310000000000000053e+00 9.999999776482582092e-03 -5.400767211914062500e+02
2.081594586372375488e+01 2.189999999999999947e+00 9.999999776482582092e-03 -3.599782714843750000e+02
2.090694952011108398e+01 2.250000000000000000e+00 9.999999776482582092e-03 -4.500274658203125000e+02
2.101995062828063965e+01 2.240000000000000213e+00 9.999999776482582092e-03 -1.798798522949218750e+02
2.110894751548767090e+01 2.140000000000000124e+00 9.999999776482582092e-03 -2.699290771484375000e+02
2.120999050140380859e+01 2.270000000000000018e+00 9.999999776482582092e-03 -2.699290771484375000e+02
2.131295204162597656e+01 2.129999999999999893e+00 9.999999776482582092e-03 0.000000000000000000e+00
2.140095210075378418e+01 2.109999999999999876e+00 9.999999776482582092e-03 0.000000000000000000e+00
2.151398253440856934e+01 2.220000000000000195e+00 9.999999776482582092e-03 0.000000000000000000e+00
2.160599136352539062e+01 2.240000000000000213e+00 9.999999776482582092e-03 0.000000000000000000e+00
2.171593856811523438e+01 2.020000000000000018e+00 9.999999776482582092e-03 0.000000000000000000e+00
2.180598998069763184e+01 1.469999999999999973e+00 9.999999776482582092e-03 0.000000000000000000e+00
2.192094707489013672e+01 8.900000000000000133e-01 9.999999776482582092e-03 0.000000000000000000e+00
2.200895023345947266e+01 5.100000000000000089e-01 9.999999776482582092e-03 9.004920959472656250e+01
2.212094783782958984e+01 9.699999999999999734e-01 3.400000184774398804e-02 6.299072875976562500e+02
2.221298789978027344e+01 2.229999999999999982e+00 3.400000184774398804e-02 9.004920959472656250e+01
2.230198836326599121e+01 2.290000000000000036e+00 3.400000184774398804e-02 9.004920959472656250e+01
2.241295123100280762e+01 2.140000000000000124e+00 3.400000184774398804e-02 8.983064270019531250e+01
2.250494861602783203e+01 2.129999999999999893e+00 3.400000184774398804e-02 2.699290771484375000e+02
2.261694598197937012e+01 2.220000000000000195e+00 3.400000184774398804e-02 8.993992614746093750e+01
2.270598459243774414e+01 2.209999999999999964e+00 3.400000184774398804e-02 0.000000000000000000e+00
2.281994652748107910e+01 2.240000000000000213e+00 3.400000184774398804e-02 8.993992614746093750e+01
2.291000699996948242e+01 2.160000000000000142e+00 3.400000184774398804e-02 2.700383605957031250e+02
2.302094936370849609e+01 2.279999999999999805e+00 3.400000184774398804e-02 1.799891357421875000e+02
2.311194705963134766e+01 2.270000000000000018e+00 3.400000184774398804e-02 1.799891357421875000e+02
2.320295524597167969e+01 2.259999999999999787e+00 3.400000184774398804e-02 8.993992614746093750e+01
2.331398677825927734e+01 2.270000000000000018e+00 3.400000184774398804e-02 1.799891357421875000e+02
2.340394878387451172e+01 2.270000000000000018e+00 3.400000184774398804e-02 1.800984191894531250e+02
2.351799273490905762e+01 2.229999999999999982e+00 3.400000184774398804e-02 3.599782714843750000e+02
2.360599184036254883e+01 2.209999999999999964e+00 3.400000184774398804e-02 3.599782714843750000e+02
2.371894979476928711e+01 2.259999999999999787e+00 3.400000184774398804e-02 1.799891357421875000e+02
2.381095242500305176e+01 2.279999999999999805e+00 3.400000184774398804e-02 1.800984191894531250e+02
2.392094850540161133e+01 2.189999999999999947e+00 3.400000184774398804e-02 1.799891357421875000e+02
2.401094937324523926e+01 2.209999999999999964e+00 3.400000184774398804e-02 2.699290771484375000e+02
2.410295677185058594e+01 2.220000000000000195e+00 3.400000184774398804e-02 4.500274658203125000e+02
2.421398687362670898e+01 2.189999999999999947e+00 3.400000184774398804e-02 5.399674072265625000e+02
2.430302214622497559e+01 2.229999999999999982e+00 3.400000184774398804e-02 3.599782714843750000e+02
2.441799283027648926e+01 2.240000000000000213e+00 3.400000184774398804e-02 2.700383605957031250e+02
2.450695419311523438e+01 2.259999999999999787e+00 3.400000184774398804e-02 4.500274658203125000e+02
2.461799097061157227e+01 2.220000000000000195e+00 3.400000184774398804e-02 3.599782714843750000e+02
2.471000862121582031e+01 2.169999999999999929e+00 3.400000184774398804e-02 5.400767211914062500e+02
2.481594634056091309e+01 2.200000000000000178e+00 3.400000184774398804e-02 4.499181823730468750e+02
2.491094970703125000e+01 2.209999999999999964e+00 3.400000184774398804e-02 5.399674072265625000e+02
2.500198698043823242e+01 2.209999999999999964e+00 3.400000184774398804e-02 4.500274658203125000e+02
2.511495018005371094e+01 2.229999999999999982e+00 3.400000184774398804e-02 5.399674072265625000e+02
2.520395016670227051e+01 2.310000000000000053e+00 3.400000184774398804e-02 3.599782714843750000e+02
2.531694817543029785e+01 2.259999999999999787e+00 3.400000184774398804e-02 3.599782714843750000e+02
2.540794968605041504e+01 2.220000000000000195e+00 3.400000184774398804e-02 1.799891357421875000e+02
2.551894783973693848e+01 2.229999999999999982e+00 3.400000184774398804e-02 3.599782714843750000e+02
2.560896015167236328e+01 2.279999999999999805e+00 3.400000184774398804e-02 2.699837036132812500e+02
2.572198104858398438e+01 2.229999999999999982e+00 3.400000184774398804e-02 3.599782714843750000e+02
2.581094813346862793e+01 2.229999999999999982e+00 3.400000184774398804e-02 3.600328979492187500e+02
2.590095973014831543e+01 2.109999999999999876e+00 3.400000184774398804e-02 4.500274658203125000e+02
2.601594686508178711e+01 2.089999999999999858e+00 3.400000184774398804e-02 6.300166015625000000e+02
2.610394906997680664e+01 2.189999999999999947e+00 3.400000184774398804e-02 7.200111694335937500e+02
2.621594429016113281e+01 2.229999999999999982e+00 3.400000184774398804e-02 6.300166015625000000e+02
2.630803394317626953e+01 2.220000000000000195e+00 3.400000184774398804e-02 6.300166015625000000e+02
2.641894912719726562e+01 2.229999999999999982e+00 3.400000184774398804e-02 4.500001525878906250e+02
2.650794577598571777e+01 2.209999999999999964e+00 3.400000184774398804e-02 4.500001525878906250e+02
2.659994482994079590e+01 2.209999999999999964e+00 3.400000184774398804e-02 2.700110473632812500e+02
2.671194815635681152e+01 2.229999999999999982e+00 3.400000184774398804e-02 8.999456787109375000e+01
2.680094838142395020e+01 2.189999999999999947e+00 3.400000184774398804e-02 1.799891357421875000e+02
2.691494679450988770e+01 2.180000000000000160e+00 3.400000184774398804e-02 3.600055847167968750e+02
2.700494980812072754e+01 2.200000000000000178e+00 3.400000184774398804e-02 2.700110473632812500e+02
2.711594653129577637e+01 2.209999999999999964e+00 3.400000184774398804e-02 3.600055847167968750e+02
2.720695304870605469e+01 2.180000000000000160e+00 3.400000184774398804e-02 4.500001525878906250e+02
2.731994652748107910e+01 2.209999999999999964e+00 3.400000184774398804e-02 4.500001525878906250e+02
2.740894770622253418e+01 2.229999999999999982e+00 3.400000184774398804e-02 3.599919128417968750e+02
2.752094626426696777e+01 2.299999999999999822e+00 3.400000184774398804e-02 3.599987487792968750e+02
2.761295509338378906e+01 2.299999999999999822e+00 3.400000184774398804e-02 4.500001525878906250e+02
2.770094633102416992e+01 2.209999999999999964e+00 3.400000184774398804e-02 4.500001525878906250e+02
2.781399297714233398e+01 2.189999999999999947e+00 3.400000184774398804e-02 4.499984741210937500e+02
2.790598654747009277e+01 2.220000000000000195e+00 3.400000184774398804e-02 6.300029296875000000e+02
2.801594591140747070e+01 2.229999999999999982e+00 3.400000184774398804e-02 4.500001525878906250e+02
2.810599780082702637e+01 2.220000000000000195e+00 3.400000184774398804e-02 5.399947509765625000e+02
2.822094511985778809e+01 2.220000000000000195e+00 3.400000184774398804e-02 7.200111694335937500e+02
2.830894494056701660e+01 2.220000000000000195e+00 3.400000184774398804e-02 7.199838256835937500e+02
2.842094469070434570e+01 2.240000000000000213e+00 3.400000184774398804e-02 6.299892578125000000e+02
2.851298141479492188e+01 2.270000000000000018e+00 3.400000184774398804e-02 4.500001525878906250e+02
2.860198569297790527e+01 2.240000000000000213e+00 3.400000184774398804e-02 4.500274658203125000e+02
2.871296954154968262e+01 2.209999999999999964e+00 3.400000184774398804e-02 4.499728393554687500e+02
2.880494523048400879e+01 2.209999999999999964e+00 3.400000184774398804e-02 5.400220947265625000e+02
2.891694521903991699e+01 2.220000000000000195e+00 3.400000184774398804e-02 6.299619750976562500e+02
2.900598812103271484e+01 2.220000000000000195e+00 3.400000184774398804e-02 6.299619750976562500e+02
2.911994576454162598e+01 2.310000000000000053e+00 3.400000184774398804e-02 6.300166015625000000e+02
2.920998668670654297e+01 2.350000000000000089e+00 3.400000184774398804e-02 4.499728393554687500e+02
2.932094573974609375e+01 2.270000000000000018e+00 3.400000184774398804e-02 3.599782714843750000e+02
2.941194725036621094e+01 2.209999999999999964e+00 3.400000184774398804e-02 3.599782714843750000e+02
2.950295782089233398e+01 2.220000000000000195e+00 3.400000184774398804e-02 3.600328979492187500e+02
2.961399507522583008e+01 2.229999999999999982e+00 3.400000184774398804e-02 2.700383605957031250e+02
2.970395231246948242e+01 2.220000000000000195e+00 3.400000184774398804e-02 3.599782714843750000e+02
2.981799459457397461e+01 2.240000000000000213e+00 3.400000184774398804e-02 2.700383605957031250e+02
2.990599250793457031e+01 2.209999999999999964e+00 3.400000184774398804e-02 3.599782714843750000e+02
3.001896023750305176e+01 2.220000000000000195e+00 3.400000184774398804e-02 4.499181823730468750e+02
3.011095929145812988e+01 2.250000000000000000e+00 3.400000184774398804e-02 6.299072875976562500e+02
3.022094535827636719e+01 2.370000000000000107e+00 3.400000184774398804e-02 4.500274658203125000e+02
3.031094980239868164e+01 2.229999999999999982e+00 3.400000184774398804e-02 4.500274658203125000e+02
3.040295839309692383e+01 2.189999999999999947e+00 3.400000184774398804e-02 7.199565429687500000e+02
3.051399850845336914e+01 2.270000000000000018e+00 3.400000184774398804e-02 5.399674072265625000e+02
3.060295414924621582e+01 2.279999999999999805e+00 3.400000184774398804e-02 5.399674072265625000e+02
3.071798729896545410e+01 2.250000000000000000e+00 3.400000184774398804e-02 4.500274658203125000e+02
3.080694866180419922e+01 2.250000000000000000e+00 3.400000184774398804e-02 5.399674072265625000e+02
3.091799354553222656e+01 2.229999999999999982e+00 3.400000184774398804e-02 5.399674072265625000e+02
3.100999999046325684e+01 2.220000000000000195e+00 3.400000184774398804e-02 6.300166015625000000e+02
3.112200117111206055e+01 2.160000000000000142e+00 3.400000184774398804e-02 5.399674072265625000e+02
3.121094727516174316e+01 2.259999999999999787e+00 3.400000184774398804e-02 4.500274658203125000e+02
3.130199360847473145e+01 2.220000000000000195e+00 3.400000184774398804e-02 4.500274658203125000e+02
3.141494989395141602e+01 2.169999999999999929e+00 3.400000184774398804e-02 6.300166015625000000e+02
3.150394916534423828e+01 2.209999999999999964e+00 3.400000184774398804e-02 5.399674072265625000e+02
3.161694669723510742e+01 2.279999999999999805e+00 3.400000184774398804e-02 4.498088989257812500e+02
3.170794558525085449e+01 2.279999999999999805e+00 3.400000184774398804e-02 3.599782714843750000e+02
3.181894969940185547e+01 2.250000000000000000e+00 3.400000184774398804e-02 5.400767211914062500e+02
3.190894722938537598e+01 2.209999999999999964e+00 3.400000184774398804e-02 8.100057373046875000e+02
3.200094652175903320e+01 2.240000000000000213e+00 3.400000184774398804e-02 8.100057373046875000e+02
3.211094951629638672e+01 2.270000000000000018e+00 3.400000184774398804e-02 5.400767211914062500e+02
3.220094561576843262e+01 2.270000000000000018e+00 3.400000184774398804e-02 5.398581542968750000e+02
3.231594586372375488e+01 2.270000000000000018e+00 3.400000184774398804e-02 5.400767211914062500e+02
3.240394949913024902e+01 2.270000000000000018e+00 3.400000184774398804e-02 5.400767211914062500e+02
3.251594829559326172e+01 2.319999999999999840e+00 3.400000184774398804e-02 3.599782714843750000e+02
3.260794854164123535e+01 2.310000000000000053e+00 3.400000184774398804e-02 3.601968383789062500e+02
3.271894788742065430e+01 2.259999999999999787e+00 3.400000184774398804e-02 2.701476440429687500e+02
3.280794477462768555e+01 2.240000000000000213e+00 3.400000184774398804e-02 2.699290771484375000e+02
3.289994621276855469e+01 2.209999999999999964e+00 3.400000184774398804e-02 4.500274658203125000e+02
3.301194477081298828e+01 2.270000000000000018e+00 3.400000184774398804e-02 3.599782714843750000e+02
3.310094976425170898e+01 2.270000000000000018e+00 3.400000184774398804e-02 3.601968383789062500e+02
3.321495127677917480e+01 2.270000000000000018e+00 3.400000184774398804e-02 2.699290771484375000e+02
3.330494832992553711e+01 2.279999999999999805e+00 3.400000184774398804e-02 3.599782714843750000e+02
3.341594696044921875e+01 2.220000000000000195e+00 3.400000184774398804e-02 5.400767211914062500e+02
3.350694870948791504e+01 2.220000000000000195e+00 3.400000184774398804e-02 5.400767211914062500e+02
3.361995506286621094e+01 2.209999999999999964e+00 3.400000184774398804e-02 4.498088989257812500e+02
3.370894765853881836e+01 2.209999999999999964e+00 3.400000184774398804e-02 5.398581542968750000e+02
3.380494642257690430e+01 2.240000000000000213e+00 3.400000184774398804e-02 5.400767211914062500e+02
3.391295123100280762e+01 2.270000000000000018e+00 3.400000184774398804e-02 6.301258544921875000e+02
3.400094866752624512e+01 2.209999999999999964e+00 3.400000184774398804e-02 6.301258544921875000e+02
3.411399483680725098e+01 2.259999999999999787e+00 3.400000184774398804e-02 5.400767211914062500e+02
3.420598864555358887e+01 2.229999999999999982e+00 3.400000184774398804e-02 5.400767211914062500e+02
3.431594610214233398e+01 2.209999999999999964e+00 3.400000184774398804e-02 3.599782714843750000e+02
3.440598344802856445e+01 2.200000000000000178e+00 3.400000184774398804e-02 3.599782714843750000e+02
3.452094483375549316e+01 2.229999999999999982e+00 3.400000184774398804e-02 6.301258544921875000e+02
3.460894489288330078e+01 2.259999999999999787e+00 3.400000184774398804e-02 6.301258544921875000e+02
3.472094964981079102e+01 2.310000000000000053e+00 3.400000184774398804e-02 4.500274658203125000e+02
3.481296873092651367e+01 2.319999999999999840e+00 3.400000184774398804e-02 4.500274658203125000e+02
3.490198755264282227e+01 2.270000000000000018e+00 3.400000184774398804e-02 5.400767211914062500e+02
3.501301026344299316e+01 2.250000000000000000e+00 3.400000184774398804e-02 5.398581542968750000e+02
3.510495376586914062e+01 2.290000000000000036e+00 3.400000184774398804e-02 5.400767211914062500e+02
3.521694564819335938e+01 2.290000000000000036e+00 3.400000184774398804e-02 3.601968383789062500e+02
3.530600881576538086e+01 2.270000000000000018e+00 3.400000184774398804e-02 2.697105102539062500e+02
3.541994619369506836e+01 2.229999999999999982e+00 3.400000184774398804e-02 4.502460327148437500e+02
3.550998687744140625e+01 2.220000000000000195e+00 3.400000184774398804e-02 4.502460327148437500e+02
3.561994600296020508e+01 2.279999999999999805e+00 3.400000184774398804e-02 4.502460327148437500e+02
3.571194791793823242e+01 2.290000000000000036e+00 3.400000184774398804e-02 3.601968383789062500e+02
3.580295753479003906e+01 2.229999999999999982e+00 3.400000184774398804e-02 4.502460327148437500e+02
3.591398763656616211e+01 2.189999999999999947e+00 3.400000184774398804e-02 4.498088989257812500e+02
3.600394845008850098e+01 2.240000000000000213e+00 3.400000184774398804e-02 3.601968383789062500e+02
3.611799526214599609e+01 2.220000000000000195e+00 3.400000184774398804e-02 5.402952880859375000e+02
3.620599746704101562e+01 2.209999999999999964e+00 3.400000184774398804e-02 6.299072875976562500e+02
3.631895112991333008e+01 2.259999999999999787e+00 3.400000184774398804e-02 4.502460327148437500e+02
3.641094875335693359e+01 2.290000000000000036e+00 3.400000184774398804e-02 3.601968383789062500e+02
3.652094984054565430e+01 2.259999999999999787e+00 3.400000184774398804e-02 1.800984191894531250e+02
3.661094999313354492e+01 2.270000000000000018e+00 3.400000184774398804e-02 9.004920959472656250e+01
3.670295476913452148e+01 2.129999999999999893e+00 3.400000184774398804e-02 5.402952880859375000e+02
3.681399464607238770e+01 2.240000000000000213e+00 3.400000184774398804e-02 5.402952880859375000e+02
3.690295338630676270e+01 2.250000000000000000e+00 3.400000184774398804e-02 4.502460327148437500e+02
3.701799249649047852e+01 2.250000000000000000e+00 3.400000184774398804e-02 0.000000000000000000e+00
3.710694742202758789e+01 2.220000000000000195e+00 3.400000184774398804e-02 9.004920959472656250e+01
3.721799993515014648e+01 2.149999999999999911e+00 3.400000184774398804e-02 2.697105102539062500e+02
3.730998301506042480e+01 2.209999999999999964e+00 3.400000184774398804e-02 0.000000000000000000e+00
3.739994835853576660e+01 2.180000000000000160e+00 3.400000184774398804e-02 8.961207580566406250e+01
3.751094961166381836e+01 2.250000000000000000e+00 3.400000184774398804e-02 9.004920959472656250e+01
3.760199570655822754e+01 2.149999999999999911e+00 3.400000184774398804e-02 0.000000000000000000e+00
3.771495103836059570e+01 2.240000000000000213e+00 3.400000184774398804e-02 0.000000000000000000e+00
3.780397891998291016e+01 3.180000000000000160e+00 3.400000184774398804e-02 0.000000000000000000e+00
3.791695046424865723e+01 3.620000000000000107e+00 9.999999776482582092e-03 -9.000549316406250000e+02
3.800796341896057129e+01 2.270000000000000018e+00 9.999999776482582092e-03 -8.100057373046875000e+02
3.811895251274108887e+01 2.049999999999999822e+00 9.999999776482582092e-03 -9.004920959472656250e+01
3.820895409584045410e+01 2.080000000000000071e+00 9.999999776482582092e-03 0.000000000000000000e+00
3.830094695091247559e+01 2.270000000000000018e+00 9.999999776482582092e-03 -1.800984191894531250e+02
3.841094994544982910e+01 2.350000000000000089e+00 9.999999776482582092e-03 -5.402952880859375000e+02
3.850094652175903320e+01 2.370000000000000107e+00 9.999999776482582092e-03 -7.199565429687500000e+02
3.861595296859741211e+01 2.279999999999999805e+00 9.999999776482582092e-03 -7.199565429687500000e+02
3.870394897460937500e+01 2.250000000000000000e+00 9.999999776482582092e-03 -7.203936767578125000e+02
3.881594562530517578e+01 2.220000000000000195e+00 9.999999776482582092e-03 -6.299072875976562500e+02
3.890794658660888672e+01 2.189999999999999947e+00 9.999999776482582092e-03 -5.402952880859375000e+02
3.901894903182983398e+01 2.209999999999999964e+00 9.999999776482582092e-03 -6.299072875976562500e+02
3.910794615745544434e+01 2.259999999999999787e+00 9.999999776482582092e-03 -5.402952880859375000e+02
3.919994544982910156e+01 2.250000000000000000e+00 9.999999776482582092e-03 -5.402952880859375000e+02
3.931194543838500977e+01 2.270000000000000018e+00 9.999999776482582092e-03 -4.502460327148437500e+02
3.940094399452209473e+01 2.310000000000000053e+00 9.999999776482582092e-03 -7.199565429687500000e+02
3.951495003700256348e+01 2.250000000000000000e+00 9.999999776482582092e-03 -7.201751098632812500e+02
3.960494875907897949e+01 2.250000000000000000e+00 9.999999776482582092e-03 -6.299072875976562500e+02
3.971594595909118652e+01 2.240000000000000213e+00 9.999999776482582092e-03 -6.299072875976562500e+02
3.980695152282714844e+01 2.220000000000000195e+00 9.999999776482582092e-03 -6.301258544921875000e+02
3.991994690895080566e+01 2.250000000000000000e+00 9.999999776482582092e-03 -6.299072875976562500e+02
4.000894880294799805e+01 2.250000000000000000e+00 9.999999776482582092e-03 -5.398581542968750000e+02
4.010494995117187500e+01 2.200000000000000178e+00 9.999999776482582092e-03 -4.498088989257812500e+02
4.021295237541198730e+01 2.339999999999999858e+00 9.999999776482582092e-03 -9.000549316406250000e+02
4.030094861984252930e+01 2.270000000000000018e+00 9.999999776482582092e-03 -9.898856811523437500e+02
4.041399526596069336e+01 2.160000000000000142e+00 9.999999776482582092e-03 -9.000549316406250000e+02
4.050598645210266113e+01 2.100000000000000089e+00 9.999999776482582092e-03 -7.199565429687500000e+02
4.061594748497009277e+01 2.169999999999999929e+00 9.999999776482582092e-03 -4.500274658203125000e+02
4.070599102973937988e+01 2.209999999999999964e+00 9.999999776482582092e-03 -4.500274658203125000e+02
4.082094979286193848e+01 2.240000000000000213e+00 9.999999776482582092e-03 -4.500274658203125000e+02
4.090894937515258789e+01 2.169999999999999929e+00 9.999999776482582092e-03 -3.599782714843750000e+02
4.102094936370849609e+01 2.250000000000000000e+00 9.999999776482582092e-03 -4.500274658203125000e+02
4.111296486854553223e+01 2.250000000000000000e+00 9.999999776482582092e-03 -5.398581542968750000e+02
4.120198106765747070e+01 2.240000000000000213e+00 9.999999776482582092e-03 -6.301258544921875000e+02
4.131295394897460938e+01 2.220000000000000195e+00 9.999999776482582092e-03 -7.199565429687500000e+02
4.140494799613952637e+01 2.209999999999999964e+00 9.999999776482582092e-03 -6.299072875976562500e+02
4.151694655418395996e+01 2.250000000000000000e+00 9.999999776482582092e-03 -5.400767211914062500e+02
4.160598826408386230e+01 2.279999999999999805e+00 9.999999776482582092e-03 -8.100057373046875000e+02
4.171994948387145996e+01 2.209999999999999964e+00 9.999999776482582092e-03 -7.199565429687500000e+02
4.180998659133911133e+01 2.200000000000000178e+00 9.999999776482582092e-03 -7.199565429687500000e+02
4.192094564437866211e+01 2.220000000000000195e+00 9.999999776482582092e-03 -7.199565429687500000e+02
4.201194477081298828e+01 2.279999999999999805e+00 9.999999776482582092e-03 -8.100057373046875000e+02
4.210295295715332031e+01 2.250000000000000000e+00 9.999999776482582092e-03 -9.901042480468750000e+02
4.221399521827697754e+01 2.240000000000000213e+00 9.999999776482582092e-03 -9.000549316406250000e+02
4.230394840240478516e+01 2.169999999999999929e+00 9.999999776482582092e-03 -9.000549316406250000e+02
4.241798067092895508e+01 2.109999999999999876e+00 9.999999776482582092e-03 -6.299072875976562500e+02
4.250598478317260742e+01 2.220000000000000195e+00 9.999999776482582092e-03 -7.200657958984375000e+02
4.261894941329956055e+01 2.330000000000000071e+00 9.999999776482582092e-03 -8.100057373046875000e+02
4.271095108985900879e+01 2.200000000000000178e+00 9.999999776482582092e-03 -8.100057373046875000e+02
4.282094621658325195e+01 2.229999999999999982e+00 9.999999776482582092e-03 -8.999456787109375000e+02
4.291094565391540527e+01 2.250000000000000000e+00 9.999999776482582092e-03 -9.899949340820312500e+02
4.300296783447265625e+01 2.189999999999999947e+00 9.999999776482582092e-03 -8.999456787109375000e+02
4.311398673057556152e+01 2.220000000000000195e+00 9.999999776482582092e-03 -9.899949340820312500e+02
4.320296931266784668e+01 2.220000000000000195e+00 9.999999776482582092e-03 -1.080044189453125000e+03
4.331798076629638672e+01 2.189999999999999947e+00 9.999999776482582092e-03 -9.000003051757812500e+02
4.340694928169250488e+01 2.169999999999999929e+00 9.999999776482582092e-03 -9.000003051757812500e+02
4.351798081398010254e+01 2.189999999999999947e+00 9.999999776482582092e-03 -9.000003051757812500e+02
4.360998511314392090e+01 2.209999999999999964e+00 9.999999776482582092e-03 -9.000003051757812500e+02
4.372199368476867676e+01 2.160000000000000142e+00 9.999999776482582092e-03 -8.100057373046875000e+02
4.381094717979431152e+01 2.189999999999999947e+00 9.999999776482582092e-03 -8.100057373046875000e+02
4.390199780464172363e+01 2.209999999999999964e+00 9.999999776482582092e-03 -9.000003051757812500e+02
4.401495671272277832e+01 2.160000000000000142e+00 9.999999776482582092e-03 -9.000003051757812500e+02
4.410394740104675293e+01 2.140000000000000124e+00 9.999999776482582092e-03 -8.100057373046875000e+02
4.421694540977478027e+01 2.169999999999999929e+00 9.999999776482582092e-03 -7.199974975585937500e+02
4.430794596672058105e+01 2.200000000000000178e+00 9.999999776482582092e-03 -8.099989013671875000e+02
4.441895055770874023e+01 2.259999999999999787e+00 9.999999776482582092e-03 -9.900017089843750000e+02
4.450894665718078613e+01 2.129999999999999893e+00 9.999999776482582092e-03 -8.999866333007812500e+02
4.462198662757873535e+01 2.169999999999999929e+00 9.999999776482582092e-03 -8.099783935546875000e+02
4.471094918251037598e+01 2.220000000000000195e+00 9.999999776482582092e-03 -8.100057373046875000e+02
4.480094528198242188e+01 2.220000000000000195e+00 9.999999776482582092e-03 -9.000003051757812500e+02
4.491594552993774414e+01 2.209999999999999964e+00 9.999999776482582092e-03 -9.000003051757812500e+02
4.500394654273986816e+01 2.189999999999999947e+00 9.999999776482582092e-03 -8.100057373046875000e+02
4.511594557762145996e+01 2.149999999999999911e+00 9.999999776482582092e-03 -7.200111694335937500e+02
4.520794486999511719e+01 2.200000000000000178e+00 9.999999776482582092e-03 -7.200111694335937500e+02
4.531894874572753906e+01 2.209999999999999964e+00 9.999999776482582092e-03 -9.000003051757812500e+02
4.540794634819030762e+01 2.209999999999999964e+00 9.999999776482582092e-03 -8.100057373046875000e+02
4.549994564056396484e+01 2.169999999999999929e+00 9.999999776482582092e-03 -7.199565429687500000e+02
4.561195087432861328e+01 2.160000000000000142e+00 9.999999776482582092e-03 -6.300166015625000000e+02
4.570094490051269531e+01 2.180000000000000160e+00 9.999999776482582092e-03 -8.100057373046875000e+02
4.581494569778442383e+01 2.180000000000000160e+00 9.999999776482582092e-03 -6.300166015625000000e+02
4.590494704246520996e+01 2.229999999999999982e+00 9.999999776482582092e-03 -6.300166015625000000e+02
4.601594614982604980e+01 2.180000000000000160e+00 9.999999776482582092e-03 -4.499181823730468750e+02
4.610694956779479980e+01 2.209999999999999964e+00 9.999999776482582092e-03 -5.399674072265625000e+02
4.621994805335998535e+01 2.240000000000000213e+00 9.999999776482582092e-03 -4.500274658203125000e+02
4.630894613265991211e+01 2.169999999999999929e+00 9.999999776482582092e-03 -2.700383605957031250e+02
4.639894866943359375e+01 2.160000000000000142e+00 9.999999776482582092e-03 -3.599782714843750000e+02
4.651306438446044922e+01 2.240000000000000213e+00 9.999999776482582092e-03 -2.700383605957031250e+02
4.660095453262329102e+01 2.229999999999999982e+00 9.999999776482582092e-03 -2.700383605957031250e+02
4.671399855613708496e+01 2.209999999999999964e+00 9.999999776482582092e-03 -3.599782714843750000e+02
4.680599117279052734e+01 2.250000000000000000e+00 9.999999776482582092e-03 -4.499181823730468750e+02
4.691594529151916504e+01 2.270000000000000018e+00 9.999999776482582092e-03 -5.399674072265625000e+02
4.700599265098571777e+01 2.229999999999999982e+00 9.999999776482582092e-03 -4.500274658203125000e+02
4.712094688415527344e+01 2.220000000000000195e+00 9.999999776482582092e-03 -5.399674072265625000e+02
4.720895218849182129e+01 2.290000000000000036e+00 9.999999776482582092e-03 -6.300166015625000000e+02
4.732094669342041016e+01 2.209999999999999964e+00 9.999999776482582092e-03 -6.299072875976562500e+02
4.741296482086181641e+01 2.200000000000000178e+00 9.999999776482582092e-03 -5.398581542968750000e+02
4.750198793411254883e+01 1.939999999999999947e+00 9.999999776482582092e-03 0.000000000000000000e+00
4.761294770240783691e+01 1.729999999999999982e+00 9.999999776482582092e-03 0.000000000000000000e+00
4.770494723320007324e+01 1.709999999999999964e+00 9.999999776482582092e-03 0.000000000000000000e+00
4.781694626808166504e+01 1.179999999999999938e+00 9.999999776482582092e-03 0.000000000000000000e+00
4.790598559379577637e+01 9.699999999999999734e-01 3.400000184774398804e-02 1.169984008789062500e+03
4.801994705200195312e+01 2.080000000000000071e+00 3.400000184774398804e-02 1.080044189453125000e+03
4.810999989509582520e+01 2.390000000000000124e+00 3.400000184774398804e-02 9.000549316406250000e+02
4.822094631195068359e+01 2.279999999999999805e+00 3.400000184774398804e-02 1.080044189453125000e+03
4.831194996833801270e+01 2.209999999999999964e+00 3.400000184774398804e-02 1.169984008789062500e+03
4.840295338630676270e+01 2.270000000000000018e+00 3.400000184774398804e-02 1.080044189453125000e+03
4.851399135589599609e+01 2.240000000000000213e+00 3.400000184774398804e-02 9.899949340820312500e+02
4.860394954681396484e+01 2.229999999999999982e+00 3.400000184774398804e-02 8.999456787109375000e+02
4.871799182891845703e+01 2.240000000000000213e+00 3.400000184774398804e-02 8.999456787109375000e+02
4.880599427223205566e+01 2.310000000000000053e+00 3.400000184774398804e-02 8.100057373046875000e+02
4.891894960403442383e+01 2.229999999999999982e+00 3.400000184774398804e-02 9.000003051757812500e+02
4.901095080375671387e+01 2.259999999999999787e+00 3.400000184774398804e-02 9.899949340820312500e+02
4.912094664573669434e+01 2.209999999999999964e+00 3.400000184774398804e-02 9.899949340820312500e+02
4.921094942092895508e+01 2.270000000000000018e+00 3.400000184774398804e-02 9.899949340820312500e+02
4.930295753479003906e+01 2.290000000000000036e+00 3.400000184774398804e-02 9.000003051757812500e+02
4.941398501396179199e+01 2.310000000000000053e+00 3.400000184774398804e-02 7.200111694335937500e+02
4.950294756889343262e+01 2.279999999999999805e+00 3.400000184774398804e-02 8.100057373046875000e+02
4.961798453330993652e+01 2.259999999999999787e+00 3.400000184774398804e-02 8.100057373046875000e+02
4.970694804191589355e+01 2.240000000000000213e+00 3.400000184774398804e-02 9.000003051757812500e+02
4.981798529624938965e+01 2.299999999999999822e+00 3.400000184774398804e-02 9.000003051757812500e+02
4.990998911857604980e+01 2.259999999999999787e+00 3.400000184774398804e-02 8.999998779296875000e+02
5.002094411849975586e+01 2.200000000000000178e+00 3.400000184774398804e-02 1.080003173828125000e+03
5.011095881462097168e+01 2.209999999999999964e+00 3.400000184774398804e-02 1.170011352539062500e+03
5.020199084281921387e+01 2.279999999999999805e+00 3.400000184774398804e-02 1.079989501953125000e+03
5.031495046615600586e+01 2.270000000000000018e+00 3.400000184774398804e-02 1.080016845703125000e+03
5.040394854545593262e+01 2.229999999999999982e+00 3.400000184774398804e-02 9.000003051757812500e+02
5.051694464683532715e+01 2.250000000000000000e+00 3.400000184774398804e-02 9.899949340820312500e+02
5.060794544219970703e+01 2.270000000000000018e+00 3.400000184774398804e-02 9.899949340820312500e+02
5.071894764900207520e+01 2.310000000000000053e+00 3.400000184774398804e-02 1.169984008789062500e+03
5.080894660949707031e+01 2.240000000000000213e+00 3.400000184774398804e-02 9.899949340820312500e+02
5.090094757080078125e+01 2.250000000000000000e+00 3.400000184774398804e-02 1.079934814453125000e+03
5.101094770431518555e+01 2.250000000000000000e+00 3.400000184774398804e-02 1.260033203125000000e+03
5.110094833374023438e+01 2.250000000000000000e+00 3.400000184774398804e-02 1.260033203125000000e+03
5.121596360206604004e+01 2.310000000000000053e+00 3.400000184774398804e-02 9.899949340820312500e+02
5.130394864082336426e+01 2.279999999999999805e+00 3.400000184774398804e-02 8.999456787109375000e+02
5.141596364974975586e+01 2.279999999999999805e+00 3.400000184774398804e-02 8.100057373046875000e+02
5.150794649124145508e+01 2.209999999999999964e+00 3.400000184774398804e-02 9.000549316406250000e+02
5.161894941329956055e+01 2.250000000000000000e+00 3.400000184774398804e-02 8.100057373046875000e+02
5.170794677734375000e+01 2.259999999999999787e+00 3.400000184774398804e-02 5.400767211914062500e+02
5.179994654655456543e+01 2.279999999999999805e+00 3.400000184774398804e-02 7.199565429687500000e+02
5.191194462776184082e+01 2.240000000000000213e+00 3.400000184774398804e-02 7.201751098632812500e+02
5.200094389915466309e+01 2.259999999999999787e+00 3.400000184774398804e-02 8.100057373046875000e+02
5.211495232582092285e+01 2.259999999999999787e+00 3.400000184774398804e-02 8.100057373046875000e+02
5.220494914054870605e+01 2.200000000000000178e+00 3.400000184774398804e-02 7.199565429687500000e+02
5.231594634056091309e+01 2.270000000000000018e+00 3.400000184774398804e-02 7.199565429687500000e+02
5.240694880485534668e+01 2.290000000000000036e+00 3.400000184774398804e-02 9.898856811523437500e+02
5.251994538307189941e+01 2.299999999999999822e+00 3.400000184774398804e-02 9.000549316406250000e+02
5.260894536972045898e+01 2.279999999999999805e+00 3.400000184774398804e-02 8.100057373046875000e+02
5.272094488143920898e+01 2.250000000000000000e+00 3.400000184774398804e-02 9.898856811523437500e+02
5.281295776367187500e+01 2.259999999999999787e+00 3.400000184774398804e-02 9.898856811523437500e+02
5.290094685554504395e+01 2.279999999999999805e+00 3.400000184774398804e-02 9.000549316406250000e+02
5.301400089263916016e+01 2.180000000000000160e+00 3.400000184774398804e-02 9.901042480468750000e+02
5.310600471496582031e+01 2.020000000000000018e+00 3.400000184774398804e-02 9.000549316406250000e+02
5.321594929695129395e+01 2.209999999999999964e+00 3.400000184774398804e-02 8.100057373046875000e+02
5.330599188804626465e+01 2.279999999999999805e+00 3.400000184774398804e-02 8.100057373046875000e+02
5.340394806861877441e+01 2.209999999999999964e+00 3.400000184774398804e-02 8.100057373046875000e+02
5.350894832611083984e+01 2.259999999999999787e+00 3.400000184774398804e-02 7.201751098632812500e+02
5.360394978523254395e+01 2.270000000000000018e+00 3.400000184774398804e-02 8.100057373046875000e+02
5.371296787261962891e+01 2.310000000000000053e+00 3.400000184774398804e-02 7.199565429687500000e+02
5.380199623107910156e+01 2.319999999999999840e+00 3.400000184774398804e-02 6.301258544921875000e+02
5.391295313835144043e+01 2.310000000000000053e+00 3.400000184774398804e-02 5.400767211914062500e+02
5.400494742393493652e+01 2.220000000000000195e+00 3.400000184774398804e-02 7.199565429687500000e+02
5.411695885658264160e+01 2.240000000000000213e+00 3.400000184774398804e-02 8.100057373046875000e+02
5.420598959922790527e+01 2.290000000000000036e+00 3.400000184774398804e-02 7.199565429687500000e+02
5.431994438171386719e+01 2.290000000000000036e+00 3.400000184774398804e-02 7.199565429687500000e+02
5.440997481346130371e+01 2.299999999999999822e+00 3.400000184774398804e-02 5.402952880859375000e+02
5.452094554901123047e+01 2.180000000000000160e+00 3.400000184774398804e-02 6.299072875976562500e+02
5.461194539070129395e+01 2.209999999999999964e+00 3.400000184774398804e-02 7.199565429687500000e+02
5.470295214653015137e+01 2.240000000000000213e+00 3.400000184774398804e-02 6.299072875976562500e+02
5.481399011611938477e+01 2.250000000000000000e+00 3.400000184774398804e-02 6.299072875976562500e+02
5.490394759178161621e+01 2.299999999999999822e+00 3.400000184774398804e-02 4.502460327148437500e+02
5.501798987388610840e+01 2.220000000000000195e+00 3.400000184774398804e-02 5.402952880859375000e+02
5.510599231719970703e+01 2.180000000000000160e+00 3.400000184774398804e-02 8.100057373046875000e+02
5.521894860267639160e+01 2.180000000000000160e+00 3.400000184774398804e-02 7.199565429687500000e+02
5.531094837188720703e+01 2.310000000000000053e+00 3.400000184774398804e-02 0.000000000000000000e+00
5.541994905471801758e+01 2.259999999999999787e+00 3.400000184774398804e-02 0.000000000000000000e+00
5.551094675064086914e+01 2.169999999999999929e+00 3.400000184774398804e-02 0.000000000000000000e+00
5.560294795036315918e+01 2.220000000000000195e+00 3.400000184774398804e-02 0.000000000000000000e+00
5.571401119232177734e+01 2.419999999999999929e+00 3.400000184774398804e-02 0.000000000000000000e+00
5.580295896530151367e+01 2.830000000000000071e+00 3.400000184774398804e-02 0.000000000000000000e+00
5.591798591613769531e+01 3.759999999999999787e+00 9.999999776482582092e-03 -4.498088989257812500e+02
5.600694894790649414e+01 2.859999999999999876e+00 9.999999776482582092e-03 -6.299072875976562500e+02
5.611798334121704102e+01 2.279999999999999805e+00 9.999999776482582092e-03 -7.199565429687500000e+02
5.620998883247375488e+01 2.279999999999999805e+00 9.999999776482582092e-03 -1.079716308593750000e+03
5.630694794654846191e+01 2.319999999999999840e+00 9.999999776482582092e-03 -1.529962280273437500e+03
5.641094803810119629e+01 2.240000000000000213e+00 9.999999776482582092e-03 -1.620011474609375000e+03
5.650198864936828613e+01 2.200000000000000178e+00 9.999999776482582092e-03 -1.799672729492187500e+03
5.661494779586791992e+01 2.180000000000000160e+00 9.999999776482582092e-03 -1.890159179687500000e+03
5.670394873619079590e+01 2.200000000000000178e+00 9.999999776482582092e-03 -1.889940673828125000e+03
5.681694436073303223e+01 2.149999999999999911e+00 9.999999776482582092e-03 -2.070039062500000000e+03
5.690794420242309570e+01 2.200000000000000178e+00 9.999999776482582092e-03 -2.160088378906250000e+03
5.701894950866699219e+01 2.290000000000000036e+00 9.999999776482582092e-03 -2.430017089843750000e+03
5.710894703865051270e+01 2.410000000000000142e+00 9.999999776482582092e-03 -2.520066406250000000e+03
5.720094966888427734e+01 2.270000000000000018e+00 9.999999776482582092e-03 -2.250137451171875000e+03
5.731094694137573242e+01 2.319999999999999840e+00 9.999999776482582092e-03 -2.430017089843750000e+03
5.740094685554504395e+01 2.339999999999999858e+00 9.999999776482582092e-03 -2.339968017578125000e+03
5.751594567298889160e+01 2.370000000000000107e+00 9.999999776482582092e-03 -2.340077148437500000e+03
5.760394787788391113e+01 2.379999999999999893e+00 9.999999776482582092e-03 -2.429907958984375000e+03
5.771594548225402832e+01 2.350000000000000089e+00 9.999999776482582092e-03 -2.340077148437500000e+03
5.780794477462768555e+01 2.319999999999999840e+00 9.999999776482582092e-03 -2.249973632812500000e+03
5.791894984245300293e+01 2.310000000000000053e+00 9.999999776482582092e-03 -2.520011718750000000e+03
5.800794672966003418e+01 2.299999999999999822e+00 9.999999776482582092e-03 -2.250000976562500000e+03
5.809994530677795410e+01 2.339999999999999858e+00 9.999999776482582092e-03 -2.429989746093750000e+03
5.821194410324096680e+01 2.319999999999999840e+00 9.999999776482582092e-03 -2.429996826171875000e+03
5.830094480514526367e+01 2.259999999999999787e+00 9.999999776482582092e-03 -2.160006347656250000e+03
5.841495037078857422e+01 2.270000000000000018e+00 9.999999776482582092e-03 -2.070039062500000000e+03
5.850494790077209473e+01 2.250000000000000000e+00 9.999999776482582092e-03 -1.800000610351562500e+03
5.861594510078430176e+01 2.319999999999999840e+00 9.999999776482582092e-03 -1.800000610351562500e+03
5.870694613456726074e+01 2.270000000000000018e+00 9.999999776482582092e-03 -1.710060668945312500e+03
5.881994485855102539e+01 2.290000000000000036e+00 9.999999776482582092e-03 -1.529962280273437500e+03
5.890894913673400879e+01 2.259999999999999787e+00 9.999999776482582092e-03 -1.349973144531250000e+03
5.900599527359008789e+01 2.279999999999999805e+00 9.999999776482582092e-03 -1.169984008789062500e+03
5.911297082901000977e+01 2.250000000000000000e+00 9.999999776482582092e-03 -1.169984008789062500e+03
5.920094585418701172e+01 2.339999999999999858e+00 9.999999776482582092e-03 -1.259923950195312500e+03
5.931398773193359375e+01 2.299999999999999822e+00 9.999999776482582092e-03 -1.169984008789062500e+03
5.940598034858703613e+01 2.290000000000000036e+00 9.999999776482582092e-03 -7.199565429687500000e+02
5.951594686508178711e+01 1.750000000000000000e+00 9.999999776482582092e-03 0.000000000000000000e+00
5.960599088668823242e+01 1.500000000000000000e+00 9.999999776482582092e-03 0.000000000000000000e+00
5.971994781494140625e+01 7.099999999999999645e-01 3.400000184774398804e-02 1.439913085937500000e+03
5.980894923210144043e+01 2.020000000000000018e+00 3.400000184774398804e-02 2.159979003906250000e+03
5.992094540596008301e+01 2.209999999999999964e+00 3.400000184774398804e-02 2.159979003906250000e+03
6.001295399665832520e+01 2.350000000000000089e+00 3.400000184774398804e-02 1.800000610351562500e+03
6.010199379920959473e+01 2.279999999999999805e+00 3.400000184774398804e-02 1.800000610351562500e+03
6.021295356750488281e+01 2.240000000000000213e+00 3.400000184774398804e-02 1.800000610351562500e+03
6.030495071411132812e+01 2.259999999999999787e+00 3.400000184774398804e-02 1.889995361328125000e+03
6.041694664955139160e+01 2.209999999999999964e+00 3.400000184774398804e-02 2.069984375000000000e+03
6.050598645210266113e+01 2.279999999999999805e+00 3.400000184774398804e-02 1.979989868164062500e+03
6.061994600296020508e+01 2.270000000000000018e+00 3.400000184774398804e-02 1.889995361328125000e+03
6.070998215675354004e+01 2.339999999999999858e+00 3.400000184774398804e-02 1.619997802734375000e+03
6.081994557380676270e+01 2.250000000000000000e+00 3.400000184774398804e-02 1.619997802734375000e+03
6.091194486618041992e+01 2.259999999999999787e+00 3.400000184774398804e-02 1.529989624023437500e+03
6.100296854972839355e+01 2.250000000000000000e+00 3.400000184774398804e-02 1.800000610351562500e+03
6.111398720741271973e+01 2.220000000000000195e+00 3.400000184774398804e-02 1.889995361328125000e+03
6.120394754409790039e+01 2.229999999999999982e+00 3.400000184774398804e-02 1.889995361328125000e+03
6.131798887252807617e+01 2.169999999999999929e+00 3.400000184774398804e-02 2.159979003906250000e+03
6.140598034858703613e+01 2.209999999999999964e+00 3.400000184774398804e-02 2.519957031250000000e+03
6.151894712448120117e+01 2.240000000000000213e+00 3.400000184774398804e-02 2.519957031250000000e+03
6.161094999313354492e+01 2.270000000000000018e+00 3.400000184774398804e-02 2.430017089843750000e+03
6.172094511985778809e+01 2.330000000000000071e+00 3.400000184774398804e-02 2.070039062500000000e+03
6.181094813346862793e+01 2.290000000000000036e+00 3.400000184774398804e-02 2.159869628906250000e+03
6.190295028686523438e+01 2.310000000000000053e+00 3.400000184774398804e-02 1.979989868164062500e+03
6.201399612426757812e+01 2.339999999999999858e+00 3.400000184774398804e-02 1.710060668945312500e+03
6.210301280021667480e+01 2.339999999999999858e+00 3.400000184774398804e-02 1.709842163085937500e+03
6.221799564361572266e+01 2.229999999999999982e+00 3.400000184774398804e-02 1.620011474609375000e+03
6.230694818496704102e+01 2.259999999999999787e+00 3.400000184774398804e-02 1.710060668945312500e+03
6.241798686981201172e+01 2.259999999999999787e+00 3.400000184774398804e-02 1.529962280273437500e+03
6.251000475883483887e+01 2.299999999999999822e+00 3.400000184774398804e-02 1.529962280273437500e+03
6.260694670677185059e+01 2.270000000000000018e+00 3.400000184774398804e-02 1.619792968750000000e+03
6.271094965934753418e+01 2.259999999999999787e+00 3.400000184774398804e-02 1.620011474609375000e+03
6.280198550224304199e+01 2.229999999999999982e+00 3.400000184774398804e-02 1.710060668945312500e+03
6.291495037078857422e+01 2.259999999999999787e+00 3.400000184774398804e-02 1.620011474609375000e+03
6.300394773483276367e+01 2.299999999999999822e+00 3.400000184774398804e-02 1.620011474609375000e+03
6.311694622039794922e+01 2.259999999999999787e+00 3.400000184774398804e-02 1.620011474609375000e+03
6.320794844627380371e+01 2.370000000000000107e+00 3.400000184774398804e-02 0.000000000000000000e+00
6.331894969940185547e+01 2.620000000000000107e+00 3.400000184774398804e-02 0.000000000000000000e+00
6.340903329849243164e+01 2.540000000000000036e+00 3.400000184774398804e-02 0.000000000000000000e+00
6.350094938278198242e+01 2.370000000000000107e+00 3.400000184774398804e-02 0.000000000000000000e+00
6.361095523834228516e+01 2.220000000000000195e+00 3.400000184774398804e-02 0.000000000000000000e+00
6.370094227790832520e+01 2.180000000000000160e+00 3.400000184774398804e-02 0.000000000000000000e+00
6.381594944000244141e+01 2.160000000000000142e+00 3.400000184774398804e-02 0.000000000000000000e+00
6.390394949913024902e+01 2.149999999999999911e+00 3.400000184774398804e-02 0.000000000000000000e+00
6.401594638824462891e+01 2.160000000000000142e+00 3.400000184774398804e-02 0.000000000000000000e+00
6.410794734954833984e+01 2.160000000000000142e+00 3.400000184774398804e-02 0.000000000000000000e+00
6.421894836425781250e+01 2.169999999999999929e+00 3.400000184774398804e-02 0.000000000000000000e+00
6.430794763565063477e+01 2.169999999999999929e+00 3.400000184774398804e-02 0.000000000000000000e+00
6.439994549751281738e+01 2.169999999999999929e+00 3.400000184774398804e-02 0.000000000000000000e+00
6.451195001602172852e+01 2.180000000000000160e+00 3.400000184774398804e-02 0.000000000000000000e+00
6.460094904899597168e+01 2.169999999999999929e+00 3.400000184774398804e-02 0.000000000000000000e+00
6.471494960784912109e+01 2.180000000000000160e+00 3.400000184774398804e-02 0.000000000000000000e+00
6.480494642257690430e+01 2.180000000000000160e+00 3.400000184774398804e-02 0.000000000000000000e+00
6.491594624519348145e+01 2.180000000000000160e+00 3.400000184774398804e-02 0.000000000000000000e+00
6.500694942474365234e+01 2.169999999999999929e+00 3.400000184774398804e-02 0.000000000000000000e+00
6.511994719505310059e+01 2.160000000000000142e+00 3.400000184774398804e-02 0.000000000000000000e+00
6.520894694328308105e+01 2.160000000000000142e+00 3.400000184774398804e-02 0.000000000000000000e+00
6.530598974227905273e+01 2.160000000000000142e+00 3.400000184774398804e-02 0.000000000000000000e+00
6.541295671463012695e+01 2.160000000000000142e+00 3.400000184774398804e-02 0.000000000000000000e+00
6.550094723701477051e+01 2.169999999999999929e+00 3.400000184774398804e-02 0.000000000000000000e+00
6.561399340629577637e+01 2.169999999999999929e+00 3.400000184774398804e-02 0.000000000000000000e+00
6.570598864555358887e+01 2.169999999999999929e+00 3.400000184774398804e-02 0.000000000000000000e+00
6.581594634056091309e+01 2.169999999999999929e+00 3.400000184774398804e-02 0.000000000000000000e+00
6.590599822998046875e+01 2.169999999999999929e+00 3.400000184774398804e-02 0.000000000000000000e+00
6.601994466781616211e+01 2.169999999999999929e+00 3.400000184774398804e-02 0.000000000000000000e+00
