8.993411064147949219e-02 2.330000000000000071e+00 3.799999877810478210e-02 0.000000000000000000e+00
1.839346885681152344e-01 2.330000000000000071e+00 3.799999877810478210e-02 0.000000000000000000e+00
2.749755382537841797e-01 2.330000000000000071e+00 3.799999877810478210e-02 0.000000000000000000e+00
3.899335861206054688e-01 2.330000000000000071e+00 3.799999877810478210e-02 0.000000000000000000e+00
4.799401760101318359e-01 2.319999999999999840e+00 3.799999877810478210e-02 0.000000000000000000e+00
5.849332809448242188e-01 2.330000000000000071e+00 3.799999877810478210e-02 0.000000000000000000e+00
6.829743385314941406e-01 2.339999999999999858e+00 3.799999877810478210e-02 0.000000000000000000e+00
7.730319499969482422e-01 2.339999999999999858e+00 3.799999877810478210e-02 0.000000000000000000e+00
8.839337825775146484e-01 2.339999999999999858e+00 3.799999877810478210e-02 0.000000000000000000e+00
9.729337692260742188e-01 2.319999999999999840e+00 3.799999877810478210e-02 0.000000000000000000e+00
1.085927248001098633e+00 2.350000000000000089e+00 3.799999877810478210e-02 0.000000000000000000e+00
1.180938482284545898e+00 2.439999999999999947e+00 3.799999877810478210e-02 0.000000000000000000e+00
1.284934520721435547e+00 2.419999999999999929e+00 3.799999877810478210e-02 0.000000000000000000e+00
1.378985643386840820e+00 2.819999999999999840e+00 3.799999877810478210e-02 0.000000000000000000e+00
1.473934412002563477e+00 3.009999999999999787e+00 3.799999877810478210e-02 0.000000000000000000e+00
1.581935405731201172e+00 3.490000000000000213e+00 3.799999877810478210e-02 0.000000000000000000e+00
1.675937414169311523e+00 4.660000000000000142e+00 3.799999877810478210e-02 -1.800984191894531250e+02
1.787935018539428711e+00 3.770000000000000018e+00 1.200000010430812836e-02 -8.100057373046875000e+02
1.874970912933349609e+00 2.330000000000000071e+00 1.200000010430812836e-02 -2.701476440429687500e+02
1.969941377639770508e+00 2.350000000000000089e+00 1.200000010430812836e-02 0.000000000000000000e+00
2.080932617187500000e+00 2.479999999999999982e+00 1.200000010430812836e-02 -1.800984191894531250e+02
2.189933538436889648e+00 2.549999999999999822e+00 1.200000010430812836e-02 -3.597597045898437500e+02
2.284935474395751953e+00 2.410000000000000142e+00 1.200000010430812836e-02 -2.697105102539062500e+02
2.373933076858520508e+00 2.479999999999999982e+00 1.200000010430812836e-02 -2.701476440429687500e+02
2.481935977935791016e+00 2.520000000000000018e+00 1.200000010430812836e-02 -4.502460327148437500e+02
2.576936006546020508e+00 2.529999999999999805e+00 1.200000010430812836e-02 -4.502460327148437500e+02
2.688935041427612305e+00 2.490000000000000213e+00 1.200000010430812836e-02 -4.502460327148437500e+02
2.773932456970214844e+00 2.430000000000000160e+00 1.200000010430812836e-02 -3.601968383789062500e+02
2.868936061859130859e+00 2.529999999999999805e+00 1.200000010430812836e-02 -3.601968383789062500e+02
2.981936454772949219e+00 2.540000000000000036e+00 1.200000010430812836e-02 -4.498088989257812500e+02
3.088931322097778320e+00 2.529999999999999805e+00 1.200000010430812836e-02 -5.398581542968750000e+02
3.183937549591064453e+00 2.459999999999999964e+00 1.200000010430812836e-02 -5.398581542968750000e+02
3.273940801620483398e+00 2.450000000000000178e+00 1.200000010430812836e-02 -4.502460327148437500e+02
3.381935119628906250e+00 2.430000000000000160e+00 1.200000010430812836e-02 -5.398581542968750000e+02
3.475935697555541992e+00 2.549999999999999822e+00 1.200000010430812836e-02 -5.398581542968750000e+02
3.588934898376464844e+00 2.459999999999999964e+00 1.200000010430812836e-02 -3.601968383789062500e+02
3.677932500839233398e+00 2.529999999999999805e+00 1.200000010430812836e-02 -3.597597045898437500e+02
3.764931917190551758e+00 2.540000000000000036e+00 1.200000010430812836e-02 -4.502460327148437500e+02
3.881935119628906250e+00 2.509999999999999787e+00 1.200000010430812836e-02 -3.599782714843750000e+02
3.970978498458862305e+00 2.490000000000000213e+00 1.200000010430812836e-02 -3.599782714843750000e+02
4.079933881759643555e+00 2.520000000000000018e+00 1.200000010430812836e-02 -3.599782714843750000e+02
4.174986362457275391e+00 2.430000000000000160e+00 1.200000010430812836e-02 -9.004920959472656250e+01
4.285938978195190430e+00 2.540000000000000036e+00 1.200000010430812836e-02 -2.699290771484375000e+02
4.371939897537231445e+00 2.589999999999999858e+00 1.200000010430812836e-02 -4.500274658203125000e+02
4.489935159683227539e+00 2.490000000000000213e+00 1.200000010430812836e-02 -4.500274658203125000e+02
4.578973293304443359e+00 2.439999999999999947e+00 1.200000010430812836e-02 -3.599782714843750000e+02
4.686970710754394531e+00 2.470000000000000195e+00 1.200000010430812836e-02 -4.500274658203125000e+02
4.781938552856445312e+00 2.540000000000000036e+00 1.200000010430812836e-02 -5.398581542968750000e+02
4.871935844421386719e+00 2.529999999999999805e+00 1.200000010430812836e-02 -6.301258544921875000e+02
4.978975057601928711e+00 2.470000000000000195e+00 1.200000010430812836e-02 -4.500274658203125000e+02
5.073935270309448242e+00 2.419999999999999929e+00 1.200000010430812836e-02 -3.601968383789062500e+02
5.186970949172973633e+00 2.439999999999999947e+00 1.200000010430812836e-02 -2.699290771484375000e+02
5.271940946578979492e+00 2.430000000000000160e+00 1.200000010430812836e-02 -2.699290771484375000e+02
5.388933420181274414e+00 2.490000000000000213e+00 1.200000010430812836e-02 -4.500274658203125000e+02
5.478972911834716797e+00 2.479999999999999982e+00 1.200000010430812836e-02 -5.400767211914062500e+02
5.586970329284667969e+00 2.359999999999999876e+00 1.200000010430812836e-02 -4.500274658203125000e+02
5.680940151214599609e+00 2.350000000000000089e+00 1.200000010430812836e-02 -3.601968383789062500e+02
5.771937847137451172e+00 2.509999999999999787e+00 1.200000010430812836e-02 -3.599782714843750000e+02
5.882986068725585938e+00 2.450000000000000178e+00 1.200000010430812836e-02 -3.601968383789062500e+02
5.969932794570922852e+00 2.490000000000000213e+00 1.200000010430812836e-02 -2.699290771484375000e+02
6.086967706680297852e+00 2.479999999999999982e+00 1.200000010430812836e-02 -2.701476440429687500e+02
6.175936460494995117e+00 2.450000000000000178e+00 1.200000010430812836e-02 -2.701476440429687500e+02
6.284941911697387695e+00 2.459999999999999964e+00 1.200000010430812836e-02 -2.701476440429687500e+02
6.379937171936035156e+00 2.450000000000000178e+00 1.200000010430812836e-02 -3.601968383789062500e+02
6.468934774398803711e+00 2.450000000000000178e+00 1.200000010430812836e-02 -3.601968383789062500e+02
6.576932191848754883e+00 2.470000000000000195e+00 1.200000010430812836e-02 -3.599782714843750000e+02
6.671938657760620117e+00 2.490000000000000213e+00 1.200000010430812836e-02 -4.500274658203125000e+02
6.783933639526367188e+00 2.479999999999999982e+00 1.200000010430812836e-02 -5.398581542968750000e+02
6.868934392929077148e+00 2.450000000000000178e+00 1.200000010430812836e-02 -3.599782714843750000e+02
6.986981391906738281e+00 2.479999999999999982e+00 1.200000010430812836e-02 -5.400767211914062500e+02
7.076932907104492188e+00 2.509999999999999787e+00 1.200000010430812836e-02 -4.500274658203125000e+02
7.183933258056640625e+00 2.490000000000000213e+00 1.200000010430812836e-02 -3.599782714843750000e+02
7.278979539871215820e+00 2.529999999999999805e+00 1.200000010430812836e-02 -4.500274658203125000e+02
7.368933439254760742e+00 2.500000000000000000e+00 1.200000010430812836e-02 -3.601968383789062500e+02
7.476937770843505859e+00 2.450000000000000178e+00 1.200000010430812836e-02 -2.701476440429687500e+02
7.570987462997436523e+00 2.490000000000000213e+00 1.200000010430812836e-02 -2.699290771484375000e+02
7.683933734893798828e+00 2.470000000000000195e+00 1.200000010430812836e-02 -2.699290771484375000e+02
7.772939205169677734e+00 2.509999999999999787e+00 1.200000010430812836e-02 -4.498088989257812500e+02
7.885936737060546875e+00 2.500000000000000000e+00 1.200000010430812836e-02 -3.599782714843750000e+02
7.976933717727661133e+00 2.479999999999999982e+00 1.200000010430812836e-02 -3.599782714843750000e+02
8.087934494018554688e+00 2.419999999999999929e+00 1.200000010430812836e-02 -2.701476440429687500e+02
8.174973487854003906e+00 2.529999999999999805e+00 1.200000010430812836e-02 -3.599782714843750000e+02
8.269932746887207031e+00 2.479999999999999982e+00 1.200000010430812836e-02 -2.699290771484375000e+02
8.380935192108154297e+00 2.459999999999999964e+00 1.200000010430812836e-02 -3.599782714843750000e+02
8.489933967590332031e+00 2.520000000000000018e+00 1.200000010430812836e-02 -3.599782714843750000e+02
8.584933519363403320e+00 2.540000000000000036e+00 1.200000010430812836e-02 -4.498088989257812500e+02
8.673933982849121094e+00 2.479999999999999982e+00 1.200000010430812836e-02 -5.400767211914062500e+02
8.781936168670654297e+00 2.450000000000000178e+00 1.200000010430812836e-02 -5.399674072265625000e+02
8.876935005187988281e+00 2.430000000000000160e+00 0.000000000000000000e+00 -7.200657958984375000e+02
8.988934993743896484e+00 2.290000000000000036e+00 1.200000010430812836e-02 -4.500274658203125000e+02
9.073933124542236328e+00 2.359999999999999876e+00 1.200000010430812836e-02 -4.500274658203125000e+02
9.168935298919677734e+00 2.470000000000000195e+00 1.200000010430812836e-02 -3.599782714843750000e+02
9.281937599182128906e+00 2.450000000000000178e+00 1.200000010430812836e-02 -3.600875549316406250e+02
9.388934612274169922e+00 2.470000000000000195e+00 1.200000010430812836e-02 -3.599782714843750000e+02
9.483934879302978516e+00 2.479999999999999982e+00 1.200000010430812836e-02 -4.500274658203125000e+02
9.573941707611083984e+00 2.509999999999999787e+00 1.200000010430812836e-02 -4.500274658203125000e+02
9.681937694549560547e+00 2.470000000000000195e+00 1.200000010430812836e-02 -3.599782714843750000e+02
9.775936365127563477e+00 2.399999999999999911e+00 1.200000010430812836e-02 -1.799891357421875000e+02
9.888936996459960938e+00 2.470000000000000195e+00 1.200000010430812836e-02 -2.700383605957031250e+02
9.977935075759887695e+00 2.540000000000000036e+00 1.200000010430812836e-02 -4.500274658203125000e+02
1.006493306159973145e+01 2.490000000000000213e+00 1.200000010430812836e-02 -4.500274658203125000e+02
1.018193697929382324e+01 2.500000000000000000e+00 1.200000010430812836e-02 -5.400767211914062500e+02
1.027098464965820312e+01 2.479999999999999982e+00 1.200000010430812836e-02 -5.399674072265625000e+02
1.037993311882019043e+01 2.490000000000000213e+00 1.200000010430812836e-02 -5.399674072265625000e+02
1.047497677803039551e+01 2.490000000000000213e+00 1.200000010430812836e-02 -5.399674072265625000e+02
1.058603239059448242e+01 2.509999999999999787e+00 1.200000010430812836e-02 -5.399674072265625000e+02
1.067194223403930664e+01 2.450000000000000178e+00 1.200000010430812836e-02 -5.400220947265625000e+02
1.078893184661865234e+01 2.439999999999999947e+00 1.200000010430812836e-02 -3.599782714843750000e+02
1.087897896766662598e+01 2.450000000000000178e+00 1.200000010430812836e-02 -3.599782714843750000e+02
1.098698258399963379e+01 2.459999999999999964e+00 1.200000010430812836e-02 -4.499728393554687500e+02
1.108193421363830566e+01 2.470000000000000195e+00 1.200000010430812836e-02 -4.500274658203125000e+02
1.117193627357482910e+01 2.439999999999999947e+00 1.200000010430812836e-02 -3.600328979492187500e+02
1.127897095680236816e+01 2.470000000000000195e+00 1.200000010430812836e-02 -3.599782714843750000e+02
1.137393617630004883e+01 2.470000000000000195e+00 1.200000010430812836e-02 -3.600328979492187500e+02
1.148699164390563965e+01 2.439999999999999947e+00 1.200000010430812836e-02 -4.499728393554687500e+02
1.157193732261657715e+01 2.450000000000000178e+00 1.200000010430812836e-02 -4.500274658203125000e+02
1.168893051147460938e+01 2.500000000000000000e+00 1.200000010430812836e-02 -4.500001525878906250e+02
1.177896666526794434e+01 2.430000000000000160e+00 1.200000010430812836e-02 -4.500001525878906250e+02
1.188697004318237305e+01 2.459999999999999964e+00 1.200000010430812836e-02 -5.400220947265625000e+02
1.198093867301940918e+01 2.399999999999999911e+00 1.200000010430812836e-02 -4.500001525878906250e+02
1.207193708419799805e+01 2.450000000000000178e+00 1.200000010430812836e-02 -3.600055847167968750e+02
1.218298006057739258e+01 2.419999999999999929e+00 1.200000010430812836e-02 -4.500001525878906250e+02
1.226993179321289062e+01 2.399999999999999911e+00 1.200000010430812836e-02 -3.600055847167968750e+02
1.238697576522827148e+01 2.430000000000000160e+00 1.200000010430812836e-02 -2.699973754882812500e+02
1.247593283653259277e+01 2.470000000000000195e+00 1.200000010430812836e-02 -4.500001525878906250e+02
1.258493447303771973e+01 2.479999999999999982e+00 1.200000010430812836e-02 -4.500001525878906250e+02
1.267993545532226562e+01 2.470000000000000195e+00 1.200000010430812836e-02 -4.500001525878906250e+02
1.278993201255798340e+01 2.479999999999999982e+00 1.200000010430812836e-02 -3.600000305175781250e+02
1.287693166732788086e+01 2.479999999999999982e+00 1.200000010430812836e-02 -4.500001525878906250e+02
1.297193956375122070e+01 2.410000000000000142e+00 1.200000010430812836e-02 -3.599987487792968750e+02
1.308393406867980957e+01 2.410000000000000142e+00 1.200000010430812836e-02 -5.399947509765625000e+02
1.318993306159973145e+01 2.520000000000000018e+00 1.200000010430812836e-02 -5.400084228515625000e+02
1.328697323799133301e+01 2.470000000000000195e+00 1.200000010430812836e-02 -4.500001525878906250e+02
1.337693452835083008e+01 2.479999999999999982e+00 1.200000010430812836e-02 -5.399947509765625000e+02
1.348393511772155762e+01 2.540000000000000036e+00 1.200000010430812836e-02 -5.400220947265625000e+02
1.357896947860717773e+01 2.430000000000000160e+00 1.200000010430812836e-02 -4.500001525878906250e+02
1.366893815994262695e+01 2.479999999999999982e+00 1.200000010430812836e-02 -3.600055847167968750e+02
1.377693343162536621e+01 2.529999999999999805e+00 1.200000010430812836e-02 -3.599782714843750000e+02
1.387102532386779785e+01 2.419999999999999929e+00 1.200000010430812836e-02 -3.600328979492187500e+02
1.398393440246582031e+01 2.399999999999999911e+00 1.200000010430812836e-02 -2.700383605957031250e+02
1.407294225692749023e+01 2.479999999999999982e+00 1.200000010430812836e-02 -3.600328979492187500e+02
1.418593144416809082e+01 2.500000000000000000e+00 1.200000010430812836e-02 -5.400220947265625000e+02
1.427693700790405273e+01 2.470000000000000195e+00 1.200000010430812836e-02 -3.599782714843750000e+02
1.438793230056762695e+01 2.509999999999999787e+00 1.200000010430812836e-02 -3.600328979492187500e+02
1.447497606277465820e+01 2.430000000000000160e+00 1.200000010430812836e-02 -3.600328979492187500e+02
1.456993389129638672e+01 2.529999999999999805e+00 1.200000010430812836e-02 -4.500274658203125000e+02
1.468093800544738770e+01 2.479999999999999982e+00 1.200000010430812836e-02 -4.499728393554687500e+02
1.478993296623229980e+01 2.410000000000000142e+00 1.200000010430812836e-02 -3.600328979492187500e+02
1.488494229316711426e+01 2.430000000000000160e+00 1.200000010430812836e-02 -2.700383605957031250e+02
1.497394108772277832e+01 2.439999999999999947e+00 1.200000010430812836e-02 -2.700383605957031250e+02
1.508195376396179199e+01 2.439999999999999947e+00 1.200000010430812836e-02 -3.599782714843750000e+02
1.517693853378295898e+01 2.450000000000000178e+00 1.200000010430812836e-02 -4.499181823730468750e+02
1.528893852233886719e+01 2.419999999999999929e+00 1.200000010430812836e-02 -4.500274658203125000e+02
1.537393665313720703e+01 2.430000000000000160e+00 1.200000010430812836e-02 -4.500274658203125000e+02
1.546893858909606934e+01 2.500000000000000000e+00 1.200000010430812836e-02 -3.599782714843750000e+02
1.558194899559020996e+01 2.490000000000000213e+00 1.200000010430812836e-02 -3.599782714843750000e+02
1.568894100189208984e+01 2.399999999999999911e+00 1.200000010430812836e-02 -3.600875549316406250e+02
1.578394532203674316e+01 2.479999999999999982e+00 1.200000010430812836e-02 -1.799891357421875000e+02
1.587393879890441895e+01 2.359999999999999876e+00 1.200000010430812836e-02 -2.700383605957031250e+02
1.598193573951721191e+01 2.479999999999999982e+00 1.200000010430812836e-02 -3.599782714843750000e+02
1.607593464851379395e+01 2.399999999999999911e+00 1.200000010430812836e-02 -4.499181823730468750e+02
1.618893289566040039e+01 2.459999999999999964e+00 1.200000010430812836e-02 -3.599782714843750000e+02
1.627793526649475098e+01 2.470000000000000195e+00 1.200000010430812836e-02 -3.600875549316406250e+02
1.636493563652038574e+01 2.430000000000000160e+00 1.200000010430812836e-02 -4.499181823730468750e+02
1.648193860054016113e+01 2.470000000000000195e+00 1.200000010430812836e-02 -4.500274658203125000e+02
1.657108640670776367e+01 2.439999999999999947e+00 1.200000010430812836e-02 -3.600875549316406250e+02
1.667993879318237305e+01 2.410000000000000142e+00 1.200000010430812836e-02 -3.599782714843750000e+02
1.677497172355651855e+01 2.520000000000000018e+00 1.200000010430812836e-02 -4.499181823730468750e+02
1.688594365119934082e+01 2.490000000000000213e+00 1.200000010430812836e-02 -4.500274658203125000e+02
1.697194075584411621e+01 2.479999999999999982e+00 1.200000010430812836e-02 -4.500274658203125000e+02
1.708993697166442871e+01 2.509999999999999787e+00 1.200000010430812836e-02 -3.599782714843750000e+02
1.717896628379821777e+01 2.439999999999999947e+00 1.200000010430812836e-02 -2.700383605957031250e+02
1.728697276115417480e+01 2.439999999999999947e+00 1.200000010430812836e-02 -1.800984191894531250e+02
1.738193917274475098e+01 2.479999999999999982e+00 1.200000010430812836e-02 -2.700383605957031250e+02
1.747193837165832520e+01 2.520000000000000018e+00 1.200000010430812836e-02 -2.701476440429687500e+02
1.757898044586181641e+01 2.540000000000000036e+00 1.200000010430812836e-02 -4.500274658203125000e+02
1.767393541336059570e+01 2.459999999999999964e+00 1.200000010430812836e-02 -3.599782714843750000e+02
1.778698039054870605e+01 2.370000000000000107e+00 1.200000010430812836e-02 0.000000000000000000e+00
1.787193942070007324e+01 2.299999999999999822e+00 1.200000010430812836e-02 -9.004920959472656250e+01
1.798793578147888184e+01 2.509999999999999787e+00 1.200000010430812836e-02 0.000000000000000000e+00
1.810193514823913574e+01 2.299999999999999822e+00 1.200000010430812836e-02 0.000000000000000000e+00
1.820893645286560059e+01 1.260000000000000009e+00 1.200000010430812836e-02 0.000000000000000000e+00
1.830393671989440918e+01 5.699999999999999512e-01 3.799999877810478210e-02 3.599782714843750000e+02
1.839393663406372070e+01 2.479999999999999982e+00 3.799999877810478210e-02 1.798798522949218750e+02
1.850194811820983887e+01 2.669999999999999929e+00 3.799999877810478210e-02 1.798798522949218750e+02
1.859594655036926270e+01 2.450000000000000178e+00 3.799999877810478210e-02 3.599782714843750000e+02
1.870893406867980957e+01 2.600000000000000089e+00 3.799999877810478210e-02 9.004920959472656250e+01
1.879793453216552734e+01 2.529999999999999805e+00 3.799999877810478210e-02 1.799891357421875000e+02
1.890993380546569824e+01 2.490000000000000213e+00 3.799999877810478210e-02 9.004920959472656250e+01
1.900194025039672852e+01 2.529999999999999805e+00 3.799999877810478210e-02 0.000000000000000000e+00
1.909098148345947266e+01 2.640000000000000124e+00 3.799999877810478210e-02 9.004920959472656250e+01
1.919993805885314941e+01 2.529999999999999805e+00 3.799999877810478210e-02 4.500274658203125000e+02
1.929497981071472168e+01 2.600000000000000089e+00 3.799999877810478210e-02 3.599782714843750000e+02
1.940594887733459473e+01 2.589999999999999858e+00 3.799999877810478210e-02 4.500274658203125000e+02
1.949193549156188965e+01 2.560000000000000053e+00 3.799999877810478210e-02 4.500274658203125000e+02
1.959293484687805176e+01 2.669999999999999929e+00 3.799999877810478210e-02 3.600875549316406250e+02
1.969897961616516113e+01 2.569999999999999840e+00 3.799999877810478210e-02 3.599782714843750000e+02
1.980697703361511230e+01 2.580000000000000071e+00 3.799999877810478210e-02 3.600875549316406250e+02
1.990193629264831543e+01 2.529999999999999805e+00 3.799999877810478210e-02 4.500274658203125000e+02
1.999194025993347168e+01 2.509999999999999787e+00 3.799999877810478210e-02 4.500274658203125000e+02
2.009897112846374512e+01 2.560000000000000053e+00 3.799999877810478210e-02 4.500274658203125000e+02
2.019393467903137207e+01 2.600000000000000089e+00 3.799999877810478210e-02 3.599782714843750000e+02
2.030697417259216309e+01 2.580000000000000071e+00 3.799999877810478210e-02 4.500274658203125000e+02
2.039194583892822266e+01 2.529999999999999805e+00 3.799999877810478210e-02 3.599782714843750000e+02
2.050893425941467285e+01 2.520000000000000018e+00 3.799999877810478210e-02 3.599782714843750000e+02
2.059897065162658691e+01 2.529999999999999805e+00 3.799999877810478210e-02 4.500274658203125000e+02
2.070698189735412598e+01 2.529999999999999805e+00 3.799999877810478210e-02 4.499181823730468750e+02
2.080094504356384277e+01 2.560000000000000053e+00 3.799999877810478210e-02 3.599782714843750000e+02
2.089193487167358398e+01 2.580000000000000071e+00 3.799999877810478210e-02 3.599782714843750000e+02
2.100298595428466797e+01 2.600000000000000089e+00 3.799999877810478210e-02 4.500274658203125000e+02
2.108993434906005859e+01 2.560000000000000053e+00 3.799999877810478210e-02 3.599782714843750000e+02
2.120697021484375000e+01 2.569999999999999840e+00 3.799999877810478210e-02 4.500274658203125000e+02
2.129593610763549805e+01 2.540000000000000036e+00 3.799999877810478210e-02 5.399674072265625000e+02
2.140493345260620117e+01 2.560000000000000053e+00 3.799999877810478210e-02 4.500274658203125000e+02
2.149994993209838867e+01 2.560000000000000053e+00 3.799999877810478210e-02 4.499728393554687500e+02
2.158893847465515137e+01 2.529999999999999805e+00 3.799999877810478210e-02 3.599782714843750000e+02
2.169693398475646973e+01 2.529999999999999805e+00 3.799999877810478210e-02 3.600328979492187500e+02
2.179193401336669922e+01 2.580000000000000071e+00 3.799999877810478210e-02 5.399674072265625000e+02
2.190393400192260742e+01 2.569999999999999840e+00 3.799999877810478210e-02 3.599782714843750000e+02
2.198893547058105469e+01 2.609999999999999876e+00 3.799999877810478210e-02 2.699837036132812500e+02
2.210697221755981445e+01 2.520000000000000018e+00 3.799999877810478210e-02 4.499728393554687500e+02
2.219693350791931152e+01 2.500000000000000000e+00 3.799999877810478210e-02 5.400220947265625000e+02
2.230393671989440918e+01 2.589999999999999858e+00 3.799999877810478210e-02 4.500274658203125000e+02
2.239897847175598145e+01 2.640000000000000124e+00 3.799999877810478210e-02 3.600055847167968750e+02
2.248893308639526367e+01 2.600000000000000089e+00 3.799999877810478210e-02 4.500001525878906250e+02
2.259693503379821777e+01 2.569999999999999840e+00 3.799999877810478210e-02 5.399947509765625000e+02
2.269100165367126465e+01 2.580000000000000071e+00 3.799999877810478210e-02 5.399947509765625000e+02
2.280393910408020020e+01 2.600000000000000089e+00 3.799999877810478210e-02 4.500001525878906250e+02
2.289293861389160156e+01 2.600000000000000089e+00 3.799999877810478210e-02 3.599919128417968750e+02
2.300593543052673340e+01 2.549999999999999822e+00 3.799999877810478210e-02 4.500001525878906250e+02
2.309693503379821777e+01 2.589999999999999858e+00 3.799999877810478210e-02 5.400015869140625000e+02
2.320793318748474121e+01 2.649999999999999911e+00 3.799999877810478210e-02 6.299995727539062500e+02
2.329497885704040527e+01 2.520000000000000018e+00 3.799999877810478210e-02 6.300000000000000000e+02
2.338993263244628906e+01 2.569999999999999840e+00 3.799999877810478210e-02 6.300029296875000000e+02
2.350093984603881836e+01 2.589999999999999858e+00 3.799999877810478210e-02 4.500001525878906250e+02
2.359793233871459961e+01 2.560000000000000053e+00 3.799999877810478210e-02 3.600055847167968750e+02
2.370493245124816895e+01 2.540000000000000036e+00 3.799999877810478210e-02 5.400084228515625000e+02
2.379394626617431641e+01 2.580000000000000071e+00 3.799999877810478210e-02 5.399947509765625000e+02
2.390193581581115723e+01 2.589999999999999858e+00 3.799999877810478210e-02 5.399947509765625000e+02
2.399693441390991211e+01 2.560000000000000053e+00 3.799999877810478210e-02 5.399947509765625000e+02
2.410893154144287109e+01 2.600000000000000089e+00 3.799999877810478210e-02 5.399947509765625000e+02
2.419393134117126465e+01 2.620000000000000107e+00 3.799999877810478210e-02 3.599782714843750000e+02
2.428893041610717773e+01 2.569999999999999840e+00 3.799999877810478210e-02 4.499728393554687500e+02
2.440193867683410645e+01 2.580000000000000071e+00 3.799999877810478210e-02 4.500274658203125000e+02
2.450893259048461914e+01 2.589999999999999858e+00 3.799999877810478210e-02 4.500274658203125000e+02
2.460393834114074707e+01 2.600000000000000089e+00 3.799999877810478210e-02 4.500274658203125000e+02
2.469393229484558105e+01 2.629999999999999893e+00 3.799999877810478210e-02 5.400220947265625000e+02
2.480194473266601562e+01 2.600000000000000089e+00 3.799999877810478210e-02 4.499728393554687500e+02
2.489593410491943359e+01 2.640000000000000124e+00 3.799999877810478210e-02 5.400220947265625000e+02
2.500893425941467285e+01 2.669999999999999929e+00 3.799999877810478210e-02 4.499728393554687500e+02
2.509793663024902344e+01 2.609999999999999876e+00 3.799999877810478210e-02 3.599782714843750000e+02
2.519393372535705566e+01 2.549999999999999822e+00 3.799999877810478210e-02 4.499728393554687500e+02
2.530193376541137695e+01 2.529999999999999805e+00 3.799999877810478210e-02 6.299072875976562500e+02
2.539097452163696289e+01 2.569999999999999840e+00 3.799999877810478210e-02 6.299072875976562500e+02
2.549993491172790527e+01 2.549999999999999822e+00 3.799999877810478210e-02 9.000549316406250000e+02
2.559497070312500000e+01 2.620000000000000107e+00 3.799999877810478210e-02 8.100057373046875000e+02
2.570593380928039551e+01 2.680000000000000160e+00 3.799999877810478210e-02 5.399674072265625000e+02
2.579193663597106934e+01 2.609999999999999876e+00 3.799999877810478210e-02 8.100057373046875000e+02
2.590993309020996094e+01 2.580000000000000071e+00 3.799999877810478210e-02 6.300166015625000000e+02
2.599897241592407227e+01 2.569999999999999840e+00 3.799999877810478210e-02 6.300166015625000000e+02
2.610698390007019043e+01 2.629999999999999893e+00 3.799999877810478210e-02 3.599782714843750000e+02
2.620193529129028320e+01 2.580000000000000071e+00 3.799999877810478210e-02 4.500274658203125000e+02
2.629193973541259766e+01 2.140000000000000124e+00 3.799999877810478210e-02 7.199565429687500000e+02
2.639897990226745605e+01 2.209999999999999964e+00 3.799999877810478210e-02 8.100057373046875000e+02
2.649393725395202637e+01 2.580000000000000071e+00 3.799999877810478210e-02 6.300166015625000000e+02
2.660697007179260254e+01 2.589999999999999858e+00 3.799999877810478210e-02 5.400767211914062500e+02
2.669193863868713379e+01 2.600000000000000089e+00 3.799999877810478210e-02 5.399674072265625000e+02
2.680893278121948242e+01 2.620000000000000107e+00 3.799999877810478210e-02 5.400767211914062500e+02
2.689897060394287109e+01 2.600000000000000089e+00 3.799999877810478210e-02 6.299072875976562500e+02
2.700702738761901855e+01 2.609999999999999876e+00 3.799999877810478210e-02 6.299072875976562500e+02
2.710093736648559570e+01 2.629999999999999893e+00 3.799999877810478210e-02 5.400767211914062500e+02
2.719193863868713379e+01 2.660000000000000142e+00 3.799999877810478210e-02 3.599782714843750000e+02
2.730297684669494629e+01 2.580000000000000071e+00 3.799999877810478210e-02 4.498088989257812500e+02
2.738993310928344727e+01 2.589999999999999858e+00 3.799999877810478210e-02 5.400767211914062500e+02
2.750698256492614746e+01 2.580000000000000071e+00 3.799999877810478210e-02 6.301258544921875000e+02
2.759593343734741211e+01 2.640000000000000124e+00 3.799999877810478210e-02 6.299072875976562500e+02
2.770493197441101074e+01 2.640000000000000124e+00 3.799999877810478210e-02 4.500274658203125000e+02
2.779994726181030273e+01 2.669999999999999929e+00 3.799999877810478210e-02 2.701476440429687500e+02
2.788893342018127441e+01 2.600000000000000089e+00 3.799999877810478210e-02 4.500274658203125000e+02
2.799693179130554199e+01 2.549999999999999822e+00 3.799999877810478210e-02 5.400767211914062500e+02
2.809193873405456543e+01 2.540000000000000036e+00 3.799999877810478210e-02 7.199565429687500000e+02
2.820393323898315430e+01 2.640000000000000124e+00 3.799999877810478210e-02 6.299072875976562500e+02
2.828894019126892090e+01 2.620000000000000107e+00 3.799999877810478210e-02 7.199565429687500000e+02
2.840697336196899414e+01 2.620000000000000107e+00 3.799999877810478210e-02 4.500274658203125000e+02
2.849693489074707031e+01 2.620000000000000107e+00 3.799999877810478210e-02 3.601968383789062500e+02
2.860393571853637695e+01 2.549999999999999822e+00 3.799999877810478210e-02 4.500274658203125000e+02
2.869897627830505371e+01 2.509999999999999787e+00 3.799999877810478210e-02 3.599782714843750000e+02
2.878893280029296875e+01 2.529999999999999805e+00 3.799999877810478210e-02 3.599782714843750000e+02
2.889693284034729004e+01 2.569999999999999840e+00 3.799999877810478210e-02 6.301258544921875000e+02
2.899096393585205078e+01 2.620000000000000107e+00 3.799999877810478210e-02 6.299072875976562500e+02
2.910393643379211426e+01 2.549999999999999822e+00 3.799999877810478210e-02 6.301258544921875000e+02
2.919293522834777832e+01 2.600000000000000089e+00 3.799999877810478210e-02 5.400767211914062500e+02
2.930593562126159668e+01 2.609999999999999876e+00 3.799999877810478210e-02 3.599782714843750000e+02
2.939693474769592285e+01 2.549999999999999822e+00 3.799999877810478210e-02 3.599782714843750000e+02
2.950793409347534180e+01 2.549999999999999822e+00 3.799999877810478210e-02 5.400767211914062500e+02
2.959497928619384766e+01 2.620000000000000107e+00 3.799999877810478210e-02 5.398581542968750000e+02
2.968993616104125977e+01 2.640000000000000124e+00 3.799999877810478210e-02 3.599782714843750000e+02
2.980096268653869629e+01 2.669999999999999929e+00 3.799999877810478210e-02 2.699290771484375000e+02
2.990993475914001465e+01 2.620000000000000107e+00 3.799999877810478210e-02 9.004920959472656250e+01
3.000493478775024414e+01 2.649999999999999911e+00 3.799999877810478210e-02 9.004920959472656250e+01
3.009393787384033203e+01 2.660000000000000142e+00 3.799999877810478210e-02 9.004920959472656250e+01
3.020193696022033691e+01 2.540000000000000036e+00 3.799999877810478210e-02 9.000549316406250000e+02
3.029693698883056641e+01 2.649999999999999911e+00 3.799999877810478210e-02 5.398581542968750000e+02
3.040893268585205078e+01 2.629999999999999893e+00 3.799999877810478210e-02 5.398581542968750000e+02
3.049394226074218750e+01 2.620000000000000107e+00 3.799999877810478210e-02 7.203936767578125000e+02
3.058893227577209473e+01 2.580000000000000071e+00 3.799999877810478210e-02 7.199565429687500000e+02
3.070194029808044434e+01 2.560000000000000053e+00 3.799999877810478210e-02 8.100057373046875000e+02
3.080893588066101074e+01 2.660000000000000142e+00 3.799999877810478210e-02 6.299072875976562500e+02
3.090393590927124023e+01 2.620000000000000107e+00 3.799999877810478210e-02 5.402952880859375000e+02
3.099393224716186523e+01 2.560000000000000053e+00 3.799999877810478210e-02 6.299072875976562500e+02
3.110193395614624023e+01 2.609999999999999876e+00 3.799999877810478210e-02 4.502460327148437500e+02
3.119594335556030273e+01 2.580000000000000071e+00 3.799999877810478210e-02 4.498088989257812500e+02
3.130893445014953613e+01 2.580000000000000071e+00 3.799999877810478210e-02 4.502460327148437500e+02
3.139793372154235840e+01 2.580000000000000071e+00 3.799999877810478210e-02 4.498088989257812500e+02
3.150993299484252930e+01 2.600000000000000089e+00 3.799999877810478210e-02 5.402952880859375000e+02
3.160194110870361328e+01 2.569999999999999840e+00 3.799999877810478210e-02 6.299072875976562500e+02
3.169096446037292480e+01 2.640000000000000124e+00 3.799999877810478210e-02 4.498088989257812500e+02
3.179993724822998047e+01 2.560000000000000053e+00 3.799999877810478210e-02 2.697105102539062500e+02
3.189498543739318848e+01 2.549999999999999822e+00 3.799999877810478210e-02 4.498088989257812500e+02
3.200593304634094238e+01 2.509999999999999787e+00 3.799999877810478210e-02 2.701476440429687500e+02
3.209193515777587891e+01 2.589999999999999858e+00 3.799999877810478210e-02 0.000000000000000000e+00
3.220994234085083008e+01 2.529999999999999805e+00 3.799999877810478210e-02 0.000000000000000000e+00
3.229897093772888184e+01 2.529999999999999805e+00 3.799999877810478210e-02 0.000000000000000000e+00
3.240697526931762695e+01 2.500000000000000000e+00 3.799999877810478210e-02 0.000000000000000000e+00
3.250193357467651367e+01 2.649999999999999911e+00 3.799999877810478210e-02 0.000000000000000000e+00
3.259193396568298340e+01 4.059999999999999609e+00 3.799999877810478210e-02 -9.004920959472656250e+01
3.269897150993347168e+01 4.040000000000000036e+00 1.200000010430812836e-02 -7.203936767578125000e+02
3.279393482208251953e+01 2.399999999999999911e+00 1.200000010430812836e-02 -1.796612854003906250e+02
3.290697622299194336e+01 2.430000000000000160e+00 1.200000010430812836e-02 -2.701476440429687500e+02
3.299193572998046875e+01 2.569999999999999840e+00 1.200000010430812836e-02 -4.498088989257812500e+02
3.310894203186035156e+01 2.490000000000000213e+00 1.200000010430812836e-02 -5.398581542968750000e+02
3.319897532463073730e+01 2.479999999999999982e+00 1.200000010430812836e-02 -4.502460327148437500e+02
3.330698966979980469e+01 2.490000000000000213e+00 1.200000010430812836e-02 -4.502460327148437500e+02
3.340094065666198730e+01 2.500000000000000000e+00 1.200000010430812836e-02 -3.601968383789062500e+02
3.349193596839904785e+01 2.509999999999999787e+00 1.200000010430812836e-02 -5.402952880859375000e+02
3.360297942161560059e+01 2.549999999999999822e+00 1.200000010430812836e-02 -5.398581542968750000e+02
3.368993210792541504e+01 2.470000000000000195e+00 1.200000010430812836e-02 -5.398581542968750000e+02
3.380696916580200195e+01 2.529999999999999805e+00 1.200000010430812836e-02 -5.398581542968750000e+02
3.389593505859375000e+01 2.490000000000000213e+00 1.200000010430812836e-02 -7.199565429687500000e+02
3.400493407249450684e+01 2.439999999999999947e+00 1.200000010430812836e-02 -5.402952880859375000e+02
3.409993410110473633e+01 2.529999999999999805e+00 1.200000010430812836e-02 -6.299072875976562500e+02
3.419193720817565918e+01 2.529999999999999805e+00 1.200000010430812836e-02 -6.299072875976562500e+02
3.429693222045898438e+01 2.549999999999999822e+00 1.200000010430812836e-02 -6.299072875976562500e+02
3.439193725585937500e+01 2.540000000000000036e+00 1.200000010430812836e-02 -8.100057373046875000e+02
3.450393390655517578e+01 2.529999999999999805e+00 1.200000010430812836e-02 -8.100057373046875000e+02
3.461097908020019531e+01 2.430000000000000160e+00 1.200000010430812836e-02 -9.000549316406250000e+02
3.470697665214538574e+01 2.459999999999999964e+00 1.200000010430812836e-02 -8.100057373046875000e+02
3.479693460464477539e+01 2.500000000000000000e+00 1.200000010430812836e-02 -9.000549316406250000e+02
3.490393519401550293e+01 2.459999999999999964e+00 1.200000010430812836e-02 -8.998363647460937500e+02
3.499897360801696777e+01 2.379999999999999893e+00 1.200000010430812836e-02 -7.199565429687500000e+02
3.510393428802490234e+01 2.390000000000000124e+00 1.200000010430812836e-02 -7.199565429687500000e+02
3.519693303108215332e+01 2.419999999999999929e+00 1.200000010430812836e-02 -7.201751098632812500e+02
3.529097628593444824e+01 2.430000000000000160e+00 1.200000010430812836e-02 -5.400767211914062500e+02
3.540393447875976562e+01 2.459999999999999964e+00 1.200000010430812836e-02 -5.400767211914062500e+02
3.549793267250061035e+01 2.479999999999999982e+00 1.200000010430812836e-02 -5.400767211914062500e+02
3.560593318939208984e+01 2.430000000000000160e+00 1.200000010430812836e-02 -6.301258544921875000e+02
3.569693613052368164e+01 2.470000000000000195e+00 1.200000010430812836e-02 -4.500274658203125000e+02
3.580793452262878418e+01 2.479999999999999982e+00 1.200000010430812836e-02 -6.299072875976562500e+02
3.589497780799865723e+01 2.520000000000000018e+00 1.200000010430812836e-02 -5.400767211914062500e+02
3.598993468284606934e+01 2.549999999999999822e+00 1.200000010430812836e-02 -6.301258544921875000e+02
3.610093688964843750e+01 2.560000000000000053e+00 1.200000010430812836e-02 -8.100057373046875000e+02
3.620993256568908691e+01 2.560000000000000053e+00 1.200000010430812836e-02 -9.000549316406250000e+02
3.630493354797363281e+01 2.490000000000000213e+00 1.200000010430812836e-02 -8.998363647460937500e+02
3.639393258094787598e+01 2.430000000000000160e+00 1.200000010430812836e-02 -9.898856811523437500e+02
3.650193524360656738e+01 2.470000000000000195e+00 1.200000010430812836e-02 -9.898856811523437500e+02
3.659693145751953125e+01 2.430000000000000160e+00 1.200000010430812836e-02 -8.097871704101562500e+02
3.670893359184265137e+01 2.319999999999999840e+00 1.200000010430812836e-02 -9.000549316406250000e+02
3.679393362998962402e+01 2.379999999999999893e+00 1.200000010430812836e-02 -8.100057373046875000e+02
3.691098499298095703e+01 2.370000000000000107e+00 1.200000010430812836e-02 -7.200657958984375000e+02
3.700193595886230469e+01 2.419999999999999929e+00 1.200000010430812836e-02 -6.300166015625000000e+02
3.710893321037292480e+01 2.430000000000000160e+00 1.200000010430812836e-02 -5.399674072265625000e+02
3.720393395423889160e+01 2.479999999999999982e+00 1.200000010430812836e-02 -7.199565429687500000e+02
3.729393172264099121e+01 2.500000000000000000e+00 1.200000010430812836e-02 -6.300166015625000000e+02
3.740193414688110352e+01 2.479999999999999982e+00 1.200000010430812836e-02 -6.299072875976562500e+02
3.749593520164489746e+01 2.459999999999999964e+00 1.200000010430812836e-02 -6.300166015625000000e+02
3.760893249511718750e+01 2.540000000000000036e+00 1.200000010430812836e-02 -7.200657958984375000e+02
3.769793486595153809e+01 2.459999999999999964e+00 1.200000010430812836e-02 -6.299072875976562500e+02
3.779393243789672852e+01 2.490000000000000213e+00 1.200000010430812836e-02 -6.300166015625000000e+02
3.790193629264831543e+01 2.540000000000000036e+00 1.200000010430812836e-02 -7.199565429687500000e+02
3.799098014831542969e+01 2.479999999999999982e+00 1.200000010430812836e-02 -6.299619750976562500e+02
3.809993553161621094e+01 2.490000000000000213e+00 1.200000010430812836e-02 -7.200111694335937500e+02
3.819497060775756836e+01 2.479999999999999982e+00 1.200000010430812836e-02 -9.000003051757812500e+02
3.830593323707580566e+01 2.450000000000000178e+00 1.200000010430812836e-02 -8.100057373046875000e+02
3.839193677902221680e+01 2.439999999999999947e+00 1.200000010430812836e-02 -9.000003051757812500e+02
3.850893187522888184e+01 2.399999999999999911e+00 1.200000010430812836e-02 -8.100057373046875000e+02
3.859897685050964355e+01 2.430000000000000160e+00 1.200000010430812836e-02 -8.100057373046875000e+02
3.870698285102844238e+01 2.390000000000000124e+00 1.200000010430812836e-02 -7.199838256835937500e+02
3.880194139480590820e+01 2.370000000000000107e+00 1.200000010430812836e-02 -7.200111694335937500e+02
3.889193868637084961e+01 2.419999999999999929e+00 1.200000010430812836e-02 -7.199974975585937500e+02
3.899898242950439453e+01 2.439999999999999947e+00 1.200000010430812836e-02 -6.299892578125000000e+02
3.909393477439880371e+01 2.459999999999999964e+00 1.200000010430812836e-02 -6.300029296875000000e+02
3.920698046684265137e+01 2.500000000000000000e+00 1.200000010430812836e-02 -7.200000610351562500e+02
3.929193973541259766e+01 2.459999999999999964e+00 1.200000010430812836e-02 -6.300029296875000000e+02
3.940893292427062988e+01 2.399999999999999911e+00 1.200000010430812836e-02 -6.300029296875000000e+02
3.949898266792297363e+01 2.410000000000000142e+00 1.200000010430812836e-02 -7.200111694335937500e+02
3.960697555541992188e+01 2.479999999999999982e+00 1.200000010430812836e-02 -8.099783935546875000e+02
3.970093774795532227e+01 2.490000000000000213e+00 1.200000010430812836e-02 -7.200111694335937500e+02
3.979193878173828125e+01 2.419999999999999929e+00 1.200000010430812836e-02 -8.100057373046875000e+02
3.990298032760620117e+01 2.529999999999999805e+00 1.200000010430812836e-02 -9.000003051757812500e+02
3.998993492126464844e+01 2.399999999999999911e+00 1.200000010430812836e-02 -8.100057373046875000e+02
4.010698795318603516e+01 2.390000000000000124e+00 1.200000010430812836e-02 -7.200111694335937500e+02
4.019593381881713867e+01 2.450000000000000178e+00 1.200000010430812836e-02 -7.199565429687500000e+02
4.030493497848510742e+01 2.500000000000000000e+00 1.200000010430812836e-02 -7.200111694335937500e+02
4.039993500709533691e+01 2.410000000000000142e+00 1.200000010430812836e-02 -8.100057373046875000e+02
4.048893404006958008e+01 2.439999999999999947e+00 1.200000010430812836e-02 -7.200657958984375000e+02
4.059693360328674316e+01 2.379999999999999893e+00 1.200000010430812836e-02 -7.200657958984375000e+02
4.069193506240844727e+01 2.390000000000000124e+00 1.200000010430812836e-02 -8.100057373046875000e+02
4.080393505096435547e+01 2.459999999999999964e+00 1.200000010430812836e-02 -8.098964843750000000e+02
4.088893485069274902e+01 2.410000000000000142e+00 1.200000010430812836e-02 -6.300166015625000000e+02
4.100697565078735352e+01 2.410000000000000142e+00 1.200000010430812836e-02 -8.100057373046875000e+02
4.109696125984191895e+01 2.450000000000000178e+00 1.200000010430812836e-02 -7.199565429687500000e+02
4.120393657684326172e+01 2.410000000000000142e+00 1.200000010430812836e-02 -7.199565429687500000e+02
4.129898285865783691e+01 2.459999999999999964e+00 1.200000010430812836e-02 -7.200657958984375000e+02
4.138893508911132812e+01 2.470000000000000195e+00 1.200000010430812836e-02 -8.100057373046875000e+02
4.149693894386291504e+01 2.470000000000000195e+00 1.200000010430812836e-02 -7.199565429687500000e+02
4.159098768234252930e+01 2.419999999999999929e+00 1.200000010430812836e-02 -6.299072875976562500e+02
4.170393586158752441e+01 2.450000000000000178e+00 1.200000010430812836e-02 -5.400767211914062500e+02
4.179293513298034668e+01 2.500000000000000000e+00 1.200000010430812836e-02 -6.299072875976562500e+02
4.190593743324279785e+01 2.470000000000000195e+00 1.200000010430812836e-02 -1.800984191894531250e+02
4.199693346023559570e+01 2.060000000000000053e+00 1.200000010430812836e-02 0.000000000000000000e+00
4.210794138908386230e+01 2.140000000000000124e+00 1.200000010430812836e-02 0.000000000000000000e+00
4.219497942924499512e+01 2.270000000000000018e+00 1.200000010430812836e-02 0.000000000000000000e+00
4.228993606567382812e+01 1.540000000000000036e+00 1.200000010430812836e-02 0.000000000000000000e+00
4.240093994140625000e+01 5.799999999999999600e-01 3.799999877810478210e-02 3.601968383789062500e+02
4.250893640518188477e+01 2.319999999999999840e+00 3.799999877810478210e-02 9.000549316406250000e+02
4.260493588447570801e+01 2.609999999999999876e+00 3.799999877810478210e-02 6.299072875976562500e+02
4.269393610954284668e+01 2.609999999999999876e+00 3.799999877810478210e-02 8.100057373046875000e+02
4.280193972587585449e+01 2.609999999999999876e+00 3.799999877810478210e-02 7.200657958984375000e+02
4.289693427085876465e+01 2.660000000000000142e+00 3.799999877810478210e-02 7.200657958984375000e+02
4.300893354415893555e+01 2.589999999999999858e+00 3.799999877810478210e-02 6.300166015625000000e+02
4.309393596649169922e+01 2.569999999999999840e+00 3.799999877810478210e-02 7.199565429687500000e+02
4.318893313407897949e+01 2.330000000000000071e+00 3.799999877810478210e-02 8.999456787109375000e+02
4.330193710327148438e+01 2.520000000000000018e+00 3.799999877810478210e-02 8.999456787109375000e+02
4.340893268585205078e+01 2.569999999999999840e+00 3.799999877810478210e-02 8.100057373046875000e+02
4.350394058227539062e+01 2.540000000000000036e+00 3.799999877810478210e-02 9.000549316406250000e+02
4.359394240379333496e+01 2.640000000000000124e+00 3.799999877810478210e-02 9.899949340820312500e+02
4.370193696022033691e+01 2.589999999999999858e+00 3.799999877810478210e-02 9.000003051757812500e+02
4.379594206809997559e+01 2.649999999999999911e+00 3.799999877810478210e-02 9.000003051757812500e+02
4.390893554687500000e+01 2.569999999999999840e+00 3.799999877810478210e-02 7.200111694335937500e+02
4.399793243408203125e+01 2.620000000000000107e+00 3.799999877810478210e-02 8.100057373046875000e+02
4.408493399620056152e+01 2.609999999999999876e+00 3.799999877810478210e-02 7.200111694335937500e+02
4.420193457603454590e+01 2.580000000000000071e+00 3.799999877810478210e-02 8.100057373046875000e+02
4.429098320007324219e+01 2.569999999999999840e+00 3.799999877810478210e-02 8.100057373046875000e+02
4.439993500709533691e+01 2.589999999999999858e+00 3.799999877810478210e-02 8.100057373046875000e+02
4.449497342109680176e+01 2.560000000000000053e+00 3.799999877810478210e-02 8.100057373046875000e+02
4.460593295097351074e+01 2.549999999999999822e+00 3.799999877810478210e-02 7.199974975585937500e+02
4.469193887710571289e+01 2.609999999999999876e+00 3.799999877810478210e-02 8.099989013671875000e+02
4.480893707275390625e+01 2.600000000000000089e+00 3.799999877810478210e-02 8.100002441406250000e+02
4.489897656440734863e+01 2.549999999999999822e+00 3.799999877810478210e-02 9.000003051757812500e+02
4.500697755813598633e+01 2.600000000000000089e+00 3.799999877810478210e-02 7.199974975585937500e+02
4.510193443298339844e+01 2.589999999999999858e+00 3.799999877810478210e-02 8.100057373046875000e+02
4.519193649291992188e+01 2.589999999999999858e+00 3.799999877810478210e-02 9.000003051757812500e+02
4.529897570610046387e+01 2.620000000000000107e+00 3.799999877810478210e-02 8.099783935546875000e+02
4.539393210411071777e+01 2.609999999999999876e+00 3.799999877810478210e-02 7.199838256835937500e+02
4.550698065757751465e+01 2.549999999999999822e+00 3.799999877810478210e-02 7.200111694335937500e+02
4.559194040298461914e+01 2.589999999999999858e+00 3.799999877810478210e-02 9.000003051757812500e+02
4.570893263816833496e+01 2.580000000000000071e+00 3.799999877810478210e-02 9.000003051757812500e+02
4.579897904396057129e+01 2.649999999999999911e+00 3.799999877810478210e-02 9.899949340820312500e+02
4.590697622299194336e+01 2.660000000000000142e+00 3.799999877810478210e-02 9.000003051757812500e+02
4.600105786323547363e+01 2.580000000000000071e+00 3.799999877810478210e-02 8.100057373046875000e+02
4.609193968772888184e+01 2.600000000000000089e+00 3.799999877810478210e-02 8.100057373046875000e+02
4.620297527313232422e+01 2.649999999999999911e+00 3.799999877810478210e-02 7.200657958984375000e+02
4.628993272781372070e+01 2.669999999999999929e+00 3.799999877810478210e-02 8.098964843750000000e+02
4.640697550773620605e+01 2.560000000000000053e+00 3.799999877810478210e-02 9.000549316406250000e+02
4.649593472480773926e+01 2.609999999999999876e+00 3.799999877810478210e-02 9.899949340820312500e+02
4.660493588447570801e+01 2.520000000000000018e+00 3.799999877810478210e-02 1.080044189453125000e+03
4.669993710517883301e+01 2.589999999999999858e+00 3.799999877810478210e-02 1.080044189453125000e+03
4.678893423080444336e+01 2.609999999999999876e+00 3.799999877810478210e-02 7.199565429687500000e+02
4.689693307876586914e+01 2.600000000000000089e+00 3.799999877810478210e-02 7.199565429687500000e+02
4.699193763732910156e+01 2.540000000000000036e+00 3.799999877810478210e-02 8.100057373046875000e+02
4.710393524169921875e+01 2.629999999999999893e+00 3.799999877810478210e-02 8.100057373046875000e+02
4.720994019508361816e+01 2.620000000000000107e+00 3.799999877810478210e-02 8.100057373046875000e+02
4.730697154998779297e+01 2.640000000000000124e+00 3.799999877810478210e-02 7.199565429687500000e+02
4.739693236351013184e+01 2.649999999999999911e+00 3.799999877810478210e-02 5.400767211914062500e+02
4.750393509864807129e+01 2.500000000000000000e+00 3.799999877810478210e-02 6.299072875976562500e+02
4.759897041320800781e+01 2.490000000000000213e+00 3.799999877810478210e-02 8.100057373046875000e+02
4.768893337249755859e+01 2.520000000000000018e+00 3.799999877810478210e-02 9.901042480468750000e+02
4.779693245887756348e+01 2.569999999999999840e+00 3.799999877810478210e-02 8.100057373046875000e+02
4.789107394218444824e+01 2.589999999999999858e+00 3.799999877810478210e-02 8.100057373046875000e+02
4.800393462181091309e+01 2.580000000000000071e+00 3.799999877810478210e-02 7.201751098632812500e+02
4.809293437004089355e+01 2.560000000000000053e+00 3.799999877810478210e-02 7.199565429687500000e+02
4.820593452453613281e+01 2.580000000000000071e+00 3.799999877810478210e-02 8.100057373046875000e+02
4.829693341255187988e+01 2.589999999999999858e+00 3.799999877810478210e-02 7.199565429687500000e+02
4.840793824195861816e+01 2.529999999999999805e+00 3.799999877810478210e-02 9.000549316406250000e+02
4.849497771263122559e+01 2.540000000000000036e+00 3.799999877810478210e-02 1.079934814453125000e+03
4.858993339538574219e+01 2.609999999999999876e+00 3.799999877810478210e-02 9.898856811523437500e+02
4.870093607902526855e+01 2.629999999999999893e+00 3.799999877810478210e-02 8.998363647460937500e+02
4.880993533134460449e+01 2.560000000000000053e+00 3.799999877810478210e-02 9.000549316406250000e+02
4.890493488311767578e+01 2.649999999999999911e+00 3.799999877810478210e-02 8.100057373046875000e+02
4.899393343925476074e+01 2.680000000000000160e+00 3.799999877810478210e-02 7.201751098632812500e+02
4.910194802284240723e+01 2.640000000000000124e+00 3.799999877810478210e-02 9.000549316406250000e+02
4.919694590568542480e+01 2.620000000000000107e+00 3.799999877810478210e-02 7.199565429687500000e+02
4.930893301963806152e+01 2.660000000000000142e+00 3.799999877810478210e-02 5.400767211914062500e+02
4.939393258094787598e+01 2.609999999999999876e+00 3.799999877810478210e-02 7.199565429687500000e+02
4.948893427848815918e+01 2.569999999999999840e+00 3.799999877810478210e-02 7.199565429687500000e+02
4.960193681716918945e+01 2.609999999999999876e+00 3.799999877810478210e-02 8.100057373046875000e+02
4.970893359184265137e+01 2.580000000000000071e+00 3.799999877810478210e-02 9.901042480468750000e+02
4.980393624305725098e+01 2.549999999999999822e+00 3.799999877810478210e-02 9.000549316406250000e+02
4.989393639564514160e+01 2.620000000000000107e+00 3.799999877810478210e-02 7.203936767578125000e+02
5.000193381309509277e+01 2.600000000000000089e+00 3.799999877810478210e-02 6.299072875976562500e+02
5.009593749046325684e+01 2.589999999999999858e+00 3.799999877810478210e-02 7.199565429687500000e+02
5.020893311500549316e+01 2.589999999999999858e+00 3.799999877810478210e-02 6.299072875976562500e+02
5.029793524742126465e+01 2.620000000000000107e+00 3.799999877810478210e-02 6.299072875976562500e+02
5.038493847846984863e+01 2.520000000000000018e+00 3.799999877810478210e-02 7.199565429687500000e+02
5.050193738937377930e+01 2.580000000000000071e+00 3.799999877810478210e-02 1.800984191894531250e+02
5.059098243713378906e+01 2.600000000000000089e+00 3.799999877810478210e-02 8.961207580566406250e+01
5.069993734359741211e+01 2.600000000000000089e+00 3.799999877810478210e-02 0.000000000000000000e+00
5.079497671127319336e+01 2.870000000000000107e+00 3.799999877810478210e-02 0.000000000000000000e+00
5.090593433380126953e+01 4.360000000000000320e+00 3.799999877810478210e-02 0.000000000000000000e+00
5.099203991889953613e+01 4.719999999999999751e+00 1.200000010430812836e-02 -8.100057373046875000e+02
5.110893535614013672e+01 2.580000000000000071e+00 1.200000010430812836e-02 -9.000549316406250000e+02
5.119896864891052246e+01 2.490000000000000213e+00 1.200000010430812836e-02 -1.079716308593750000e+03
5.130697774887084961e+01 2.439999999999999947e+00 1.200000010430812836e-02 -9.901042480468750000e+02
5.140193748474121094e+01 2.450000000000000178e+00 1.200000010430812836e-02 -9.901042480468750000e+02
5.149193763732910156e+01 2.470000000000000195e+00 1.200000010430812836e-02 -1.259814575195312500e+03
5.159897089004516602e+01 2.490000000000000213e+00 1.200000010430812836e-02 -1.439913085937500000e+03
5.169393587112426758e+01 2.459999999999999964e+00 1.200000010430812836e-02 -1.439913085937500000e+03
5.180697369575500488e+01 2.479999999999999982e+00 1.200000010430812836e-02 -1.709842163085937500e+03
5.189193606376647949e+01 2.399999999999999911e+00 1.200000010430812836e-02 -1.889940673828125000e+03
5.200893354415893555e+01 2.419999999999999929e+00 1.200000010430812836e-02 -1.889940673828125000e+03
5.209899377822875977e+01 2.430000000000000160e+00 1.200000010430812836e-02 -2.160088378906250000e+03
5.220699095726013184e+01 2.350000000000000089e+00 1.200000010430812836e-02 -2.250137451171875000e+03
5.230094075202941895e+01 2.399999999999999911e+00 1.200000010430812836e-02 -2.339968017578125000e+03
5.239193677902221680e+01 2.640000000000000124e+00 1.200000010430812836e-02 -2.610115478515625000e+03
5.250297379493713379e+01 2.529999999999999805e+00 1.200000010430812836e-02 -2.430017089843750000e+03
5.258994293212890625e+01 2.600000000000000089e+00 1.200000010430812836e-02 -2.339968017578125000e+03
5.270697808265686035e+01 2.560000000000000053e+00 1.200000010430812836e-02 -2.519957031250000000e+03
5.279596281051635742e+01 2.600000000000000089e+00 1.200000010430812836e-02 -2.610006347656250000e+03
5.290493178367614746e+01 2.580000000000000071e+00 1.200000010430812836e-02 -2.339968017578125000e+03
5.299993443489074707e+01 2.529999999999999805e+00 1.200000010430812836e-02 -2.520011718750000000e+03
5.308894944190979004e+01 2.569999999999999840e+00 1.200000010430812836e-02 -2.250028320312500000e+03
5.319693160057067871e+01 2.479999999999999982e+00 1.200000010430812836e-02 -1.890022583007812500e+03
5.329193735122680664e+01 2.479999999999999982e+00 1.200000010430812836e-02 -2.069998046875000000e+03
5.340393543243408203e+01 2.479999999999999982e+00 1.200000010430812836e-02 -1.620001342773437500e+03
5.348893523216247559e+01 2.500000000000000000e+00 1.200000010430812836e-02 -1.440008666992187500e+03
5.360698008537292480e+01 2.560000000000000053e+00 1.200000010430812836e-02 -1.440022338867187500e+03
5.369693636894226074e+01 2.560000000000000053e+00 1.200000010430812836e-02 -1.350000488281250000e+03
5.380393385887145996e+01 2.600000000000000089e+00 1.200000010430812836e-02 -1.710006103515625000e+03
5.389897179603576660e+01 2.609999999999999876e+00 1.200000010430812836e-02 -1.800000610351562500e+03
5.398894119262695312e+01 2.609999999999999876e+00 1.200000010430812836e-02 -1.620011474609375000e+03
5.409693503379821777e+01 2.490000000000000213e+00 1.200000010430812836e-02 -1.529962280273437500e+03
5.419097542762756348e+01 2.490000000000000213e+00 1.200000010430812836e-02 -1.350082397460937500e+03
5.430393862724304199e+01 2.509999999999999787e+00 1.200000010430812836e-02 -1.260033203125000000e+03
5.439294433593750000e+01 2.520000000000000018e+00 1.200000010430812836e-02 -9.899949340820312500e+02
5.450593471527099609e+01 2.549999999999999822e+00 1.200000010430812836e-02 -9.899949340820312500e+02
5.459693598747253418e+01 2.589999999999999858e+00 1.200000010430812836e-02 -9.000549316406250000e+02
5.470793724060058594e+01 2.549999999999999822e+00 1.200000010430812836e-02 -8.999456787109375000e+02
5.479497289657592773e+01 2.600000000000000089e+00 1.200000010430812836e-02 -9.898856811523437500e+02
5.488993430137634277e+01 2.609999999999999876e+00 1.200000010430812836e-02 -1.079934814453125000e+03
5.500093793869018555e+01 1.510000000000000009e+00 1.200000010430812836e-02 0.000000000000000000e+00
5.509393429756164551e+01 1.209999999999999964e+00 1.200000010430812836e-02 0.000000000000000000e+00
5.520493316650390625e+01 8.299999999999999600e-01 3.799999877810478210e-02 1.800984191894531250e+02
5.529393339157104492e+01 1.540000000000000036e+00 3.799999877810478210e-02 1.169984008789062500e+03
5.540193533897399902e+01 2.410000000000000142e+00 3.799999877810478210e-02 1.620011474609375000e+03
5.549693393707275391e+01 2.580000000000000071e+00 3.799999877810478210e-02 1.619902221679687500e+03
5.560893416404724121e+01 2.660000000000000142e+00 3.799999877810478210e-02 1.530071533203125000e+03
5.569393301010131836e+01 2.569999999999999840e+00 3.799999877810478210e-02 1.709951416015625000e+03
5.578893136978149414e+01 2.520000000000000018e+00 3.799999877810478210e-02 1.710060668945312500e+03
5.590193653106689453e+01 2.620000000000000107e+00 3.799999877810478210e-02 1.710006103515625000e+03
5.600893259048461914e+01 2.609999999999999876e+00 3.799999877810478210e-02 1.710006103515625000e+03
5.610394501686096191e+01 2.569999999999999840e+00 3.799999877810478210e-02 1.979989868164062500e+03
5.619393348693847656e+01 2.589999999999999858e+00 3.799999877810478210e-02 2.070011718750000000e+03
5.630193543434143066e+01 2.640000000000000124e+00 3.799999877810478210e-02 1.980003417968750000e+03
5.639594101905822754e+01 2.720000000000000195e+00 3.799999877810478210e-02 1.889998535156250000e+03
5.650893354415893555e+01 2.600000000000000089e+00 3.799999877810478210e-02 1.530003295898437500e+03
5.659793162345886230e+01 2.640000000000000124e+00 3.799999877810478210e-02 1.529989624023437500e+03
5.668493199348449707e+01 2.649999999999999911e+00 3.799999877810478210e-02 1.440022338867187500e+03
5.680193972587585449e+01 2.589999999999999858e+00 3.799999877810478210e-02 1.620011474609375000e+03
5.689098119735717773e+01 2.660000000000000142e+00 3.799999877810478210e-02 1.440022338867187500e+03
5.699993515014648438e+01 2.609999999999999876e+00 3.799999877810478210e-02 1.530071533203125000e+03
5.709497618675231934e+01 2.600000000000000089e+00 3.799999877810478210e-02 1.529962280273437500e+03
5.720593547821044922e+01 2.629999999999999893e+00 3.799999877810478210e-02 1.709951416015625000e+03
5.729193925857543945e+01 2.569999999999999840e+00 3.799999877810478210e-02 1.979989868164062500e+03
5.740193653106689453e+01 2.580000000000000071e+00 3.799999877810478210e-02 1.620011474609375000e+03
5.749897551536560059e+01 2.620000000000000107e+00 3.799999877810478210e-02 1.530071533203125000e+03
5.760705113410949707e+01 2.600000000000000089e+00 3.799999877810478210e-02 1.799891357421875000e+03
5.770193886756896973e+01 2.620000000000000107e+00 3.799999877810478210e-02 1.620011474609375000e+03
5.779193949699401855e+01 2.609999999999999876e+00 3.799999877810478210e-02 1.800109863281250000e+03
5.789897441864013672e+01 2.589999999999999858e+00 3.799999877810478210e-02 1.890159179687500000e+03
5.799393701553344727e+01 2.680000000000000160e+00 3.799999877810478210e-02 1.799891357421875000e+03
5.810697317123413086e+01 2.629999999999999893e+00 3.799999877810478210e-02 1.889940673828125000e+03
5.819193863868713379e+01 2.560000000000000053e+00 3.799999877810478210e-02 1.890159179687500000e+03
5.830893373489379883e+01 2.660000000000000142e+00 3.799999877810478210e-02 1.529962280273437500e+03
5.839897346496582031e+01 2.600000000000000089e+00 3.799999877810478210e-02 1.529962280273437500e+03
5.850698351860046387e+01 2.660000000000000142e+00 3.799999877810478210e-02 1.439913085937500000e+03
5.860093641281127930e+01 2.589999999999999858e+00 3.799999877810478210e-02 1.620011474609375000e+03
5.869193792343139648e+01 2.569999999999999840e+00 3.799999877810478210e-02 1.800109863281250000e+03
5.880297732353210449e+01 2.649999999999999911e+00 3.799999877810478210e-02 1.529962280273437500e+03
5.888993239402770996e+01 2.600000000000000089e+00 3.799999877810478210e-02 1.529962280273437500e+03
5.900697875022888184e+01 2.629999999999999893e+00 3.799999877810478210e-02 1.440350219726562500e+03
5.909593534469604492e+01 2.649999999999999911e+00 3.799999877810478210e-02 1.529962280273437500e+03
5.920493531227111816e+01 2.629999999999999893e+00 3.799999877810478210e-02 5.398581542968750000e+02
5.929993629455566406e+01 2.740000000000000213e+00 3.799999877810478210e-02 0.000000000000000000e+00
5.938893485069274902e+01 2.470000000000000195e+00 3.799999877810478210e-02 0.000000000000000000e+00
5.949693346023559570e+01 2.529999999999999805e+00 3.799999877810478210e-02 0.000000000000000000e+00
5.959193587303161621e+01 2.450000000000000178e+00 3.799999877810478210e-02 0.000000000000000000e+00
5.970393610000610352e+01 2.419999999999999929e+00 3.799999877810478210e-02 0.000000000000000000e+00
5.979593729972839355e+01 2.399999999999999911e+00 3.799999877810478210e-02 0.000000000000000000e+00
5.990697765350341797e+01 2.390000000000000124e+00 3.799999877810478210e-02 0.000000000000000000e+00
5.999698686599731445e+01 2.379999999999999893e+00 3.799999877810478210e-02 0.000000000000000000e+00
6.010393667221069336e+01 2.370000000000000107e+00 3.799999877810478210e-02 0.000000000000000000e+00
6.019897985458374023e+01 2.370000000000000107e+00 3.799999877810478210e-02 0.000000000000000000e+00
6.028893494606018066e+01 2.359999999999999876e+00 3.799999877810478210e-02 0.000000000000000000e+00
6.039693546295166016e+01 2.359999999999999876e+00 3.799999877810478210e-02 0.000000000000000000e+00
6.049098300933837891e+01 2.350000000000000089e+00 3.799999877810478210e-02 0.000000000000000000e+00
6.060393714904785156e+01 2.339999999999999858e+00 3.799999877810478210e-02 0.000000000000000000e+00
6.069293427467346191e+01 2.319999999999999840e+00 3.799999877810478210e-02 0.000000000000000000e+00
6.080593490600585938e+01 2.299999999999999822e+00 3.799999877810478210e-02 0.000000000000000000e+00
6.089694333076477051e+01 2.290000000000000036e+00 3.799999877810478210e-02 0.000000000000000000e+00
6.100794553756713867e+01 2.290000000000000036e+00 3.799999877810478210e-02 0.000000000000000000e+00
6.109497928619384766e+01 2.279999999999999805e+00 3.799999877810478210e-02 0.000000000000000000e+00
6.118993353843688965e+01 2.279999999999999805e+00 3.799999877810478210e-02 0.000000000000000000e+00
6.130093646049499512e+01 2.279999999999999805e+00 3.799999877810478210e-02 0.000000000000000000e+00
6.140893411636352539e+01 2.279999999999999805e+00 3.799999877810478210e-02 0.000000000000000000e+00
6.150493454933166504e+01 2.279999999999999805e+00 3.799999877810478210e-02 0.000000000000000000e+00
6.159393358230590820e+01 2.270000000000000018e+00 3.799999877810478210e-02 0.000000000000000000e+00
6.170193672180175781e+01 2.279999999999999805e+00 3.799999877810478210e-02 0.000000000000000000e+00
6.179693293571472168e+01 2.279999999999999805e+00 3.799999877810478210e-02 0.000000000000000000e+00
6.190893411636352539e+01 2.279999999999999805e+00 3.799999877810478210e-02 0.000000000000000000e+00
6.199393272399902344e+01 2.290000000000000036e+00 3.799999877810478210e-02 0.000000000000000000e+00
6.208893370628356934e+01 2.290000000000000036e+00 3.799999877810478210e-02 0.000000000000000000e+00
6.220193386077880859e+01 2.299999999999999822e+00 3.799999877810478210e-02 0.000000000000000000e+00
6.230893778800964355e+01 2.299999999999999822e+00 3.799999877810478210e-02 0.000000000000000000e+00
6.240393567085266113e+01 2.310000000000000053e+00 3.799999877810478210e-02 0.000000000000000000e+00
6.249393153190612793e+01 2.310000000000000053e+00 3.799999877810478210e-02 0.000000000000000000e+00
