6.793427467346191406e-02 4.549999999999999822e+00 6.599999964237213135e-02 0.000000000000000000e+00
1.639320850372314453e-01 4.549999999999999822e+00 6.599999964237213135e-02 0.000000000000000000e+00
2.549326419830322266e-01 4.549999999999999822e+00 6.599999964237213135e-02 0.000000000000000000e+00
3.529772758483886719e-01 4.549999999999999822e+00 6.599999964237213135e-02 0.000000000000000000e+00
4.579370021820068359e-01 4.549999999999999822e+00 6.599999964237213135e-02 0.000000000000000000e+00
5.479369163513183594e-01 4.540000000000000036e+00 6.599999964237213135e-02 0.000000000000000000e+00
6.609721183776855469e-01 4.549999999999999822e+00 6.599999964237213135e-02 0.000000000000000000e+00
7.509341239929199219e-01 4.559999999999999609e+00 6.599999964237213135e-02 0.000000000000000000e+00
8.649740219116210938e-01 4.559999999999999609e+00 6.599999964237213135e-02 0.000000000000000000e+00
9.539346694946289062e-01 4.559999999999999609e+00 6.599999964237213135e-02 0.000000000000000000e+00
1.066935062408447266e+00 4.559999999999999609e+00 6.599999964237213135e-02 0.000000000000000000e+00
1.156973838806152344e+00 4.549999999999999822e+00 6.599999964237213135e-02 0.000000000000000000e+00
1.261935472488403320e+00 4.559999999999999609e+00 6.599999964237213135e-02 0.000000000000000000e+00
1.358933925628662109e+00 4.559999999999999609e+00 6.599999964237213135e-02 0.000000000000000000e+00
1.448972225189208984e+00 4.559999999999999609e+00 6.599999964237213135e-02 0.000000000000000000e+00
1.561934947967529297e+00 4.570000000000000284e+00 6.599999964237213135e-02 0.000000000000000000e+00
1.651933670043945312e+00 4.639999999999999680e+00 6.599999964237213135e-02 0.000000000000000000e+00
1.763931512832641602e+00 4.679999999999999716e+00 6.599999964237213135e-02 0.000000000000000000e+00
1.854934215545654297e+00 4.990000000000000213e+00 6.599999964237213135e-02 0.000000000000000000e+00
1.966938495635986328e+00 5.769999999999999574e+00 6.599999964237213135e-02 0.000000000000000000e+00
2.055932998657226562e+00 6.879999999999999893e+00 6.599999964237213135e-02 0.000000000000000000e+00
2.163932800292968750e+00 7.580000000000000071e+00 6.599999964237213135e-02 0.000000000000000000e+00
2.259933710098266602e+00 8.230000000000000426e+00 6.599999964237213135e-02 0.000000000000000000e+00
2.348978042602539062e+00 8.710000000000000853e+00 3.400000184774398804e-02 -6.294701538085937500e+02
2.462935686111450195e+00 6.030000000000000249e+00 3.400000184774398804e-02 -7.273877563476562500e+02
2.552970886230468750e+00 4.900000000000000355e+00 3.400000184774398804e-02 -5.315526123046875000e+02
2.663932800292968750e+00 5.049999999999999822e+00 3.400000184774398804e-02 -3.636938781738281250e+02
2.754934310913085938e+00 5.040000000000000036e+00 3.400000184774398804e-02 -7.133995361328125000e+02
2.867936134338378906e+00 5.000000000000000000e+00 3.400000184774398804e-02 -6.294701538085937500e+02
2.956976413726806641e+00 4.889999999999999680e+00 3.400000184774398804e-02 -4.476232604980468750e+02
3.046933174133300781e+00 5.009999999999999787e+00 3.400000184774398804e-02 -2.797645568847656250e+02
3.159934759140014648e+00 5.110000000000000320e+00 3.400000184774398804e-02 -3.497056579589843750e+02
3.248975276947021484e+00 5.099999999999999645e+00 3.400000184774398804e-02 -4.476232604980468750e+02
3.361937046051025391e+00 5.080000000000000071e+00 3.400000184774398804e-02 -5.455408935546875000e+02
3.451941728591918945e+00 5.049999999999999822e+00 3.400000184774398804e-02 -5.455408935546875000e+02
3.563936233520507812e+00 5.009999999999999787e+00 3.400000184774398804e-02 -6.294701538085937500e+02
3.653937816619873047e+00 4.919999999999999929e+00 3.400000184774398804e-02 -5.455408935546875000e+02
3.766932964324951172e+00 5.059999999999999609e+00 3.400000184774398804e-02 -5.455408935546875000e+02
3.856973409652709961e+00 5.070000000000000284e+00 3.400000184774398804e-02 -5.315526123046875000e+02
3.968981027603149414e+00 5.099999999999999645e+00 3.400000184774398804e-02 -4.476232604980468750e+02
4.059936046600341797e+00 5.129999999999999893e+00 3.400000184774398804e-02 -5.455408935546875000e+02
4.149938106536865234e+00 5.070000000000000284e+00 3.400000184774398804e-02 -5.315526123046875000e+02
4.260968685150146484e+00 5.030000000000000249e+00 3.400000184774398804e-02 -4.616115112304687500e+02
4.352974653244018555e+00 5.099999999999999645e+00 3.400000184774398804e-02 -3.636938781738281250e+02
4.464976787567138672e+00 5.080000000000000071e+00 3.400000184774398804e-02 -3.636938781738281250e+02
4.553945302963256836e+00 5.019999999999999574e+00 3.400000184774398804e-02 -2.657763061523437500e+02
4.668044567108154297e+00 5.019999999999999574e+00 3.400000184774398804e-02 -5.455408935546875000e+02
4.758046865463256836e+00 5.040000000000000036e+00 3.400000184774398804e-02 -5.315526123046875000e+02
4.868972063064575195e+00 4.950000000000000178e+00 3.400000184774398804e-02 -4.476232604980468750e+02
4.959933519363403320e+00 5.030000000000000249e+00 3.400000184774398804e-02 -2.797645568847656250e+02
5.049937009811401367e+00 5.059999999999999609e+00 3.400000184774398804e-02 -2.797645568847656250e+02
5.161933183670043945e+00 5.040000000000000036e+00 3.400000184774398804e-02 -2.797645568847656250e+02
5.251934766769409180e+00 5.059999999999999609e+00 3.400000184774398804e-02 -4.476232604980468750e+02
5.365004301071166992e+00 4.980000000000000426e+00 3.400000184774398804e-02 -2.657763061523437500e+02
5.453948020935058594e+00 4.950000000000000178e+00 3.400000184774398804e-02 -2.657763061523437500e+02
5.566935539245605469e+00 5.049999999999999822e+00 3.400000184774398804e-02 -8.392935943603515625e+01
5.656989574432373047e+00 5.059999999999999609e+00 3.400000184774398804e-02 0.000000000000000000e+00
5.768981456756591797e+00 5.169999999999999929e+00 3.400000184774398804e-02 0.000000000000000000e+00
5.858951091766357422e+00 5.299999999999999822e+00 3.400000184774398804e-02 -2.797645568847656250e+02
5.949939966201782227e+00 5.059999999999999609e+00 3.400000184774398804e-02 -4.476232604980468750e+02
6.061934232711791992e+00 4.950000000000000178e+00 3.400000184774398804e-02 -5.455408935546875000e+02
6.150933027267456055e+00 4.879999999999999893e+00 3.400000184774398804e-02 -3.636938781738281250e+02
6.264971017837524414e+00 4.980000000000000426e+00 3.400000184774398804e-02 -2.657763061523437500e+02
6.354933261871337891e+00 5.019999999999999574e+00 3.400000184774398804e-02 -3.497056579589843750e+02
6.465933322906494141e+00 5.120000000000000107e+00 3.400000184774398804e-02 -3.636938781738281250e+02
6.557985305786132812e+00 5.059999999999999609e+00 3.400000184774398804e-02 -3.636938781738281250e+02
6.669939756393432617e+00 5.059999999999999609e+00 3.400000184774398804e-02 -4.616115112304687500e+02
6.758934497833251953e+00 5.030000000000000249e+00 3.400000184774398804e-02 -5.455408935546875000e+02
6.849938154220581055e+00 4.940000000000000391e+00 3.400000184774398804e-02 -5.455408935546875000e+02
6.962939977645874023e+00 4.990000000000000213e+00 3.400000184774398804e-02 -4.476232604980468750e+02
7.051935672760009766e+00 5.009999999999999787e+00 3.400000184774398804e-02 -3.636938781738281250e+02
7.164976835250854492e+00 5.019999999999999574e+00 3.400000184774398804e-02 -3.636938781738281250e+02
7.254933834075927734e+00 5.030000000000000249e+00 3.400000184774398804e-02 -2.797645568847656250e+02
7.366934537887573242e+00 5.089999999999999858e+00 3.400000184774398804e-02 -2.657763061523437500e+02
7.456976652145385742e+00 5.089999999999999858e+00 3.400000184774398804e-02 0.000000000000000000e+00
7.569938182830810547e+00 5.230000000000000426e+00 3.400000184774398804e-02 -8.392935943603515625e+01
7.658934593200683594e+00 5.190000000000000391e+00 3.400000184774398804e-02 0.000000000000000000e+00
7.748988389968872070e+00 5.269999999999999574e+00 3.400000184774398804e-02 -2.657763061523437500e+02
7.861936569213867188e+00 5.169999999999999929e+00 3.400000184774398804e-02 -4.616115112304687500e+02
7.951944828033447266e+00 5.139999999999999680e+00 3.400000184774398804e-02 -2.657763061523437500e+02
8.063932180404663086e+00 5.139999999999999680e+00 3.400000184774398804e-02 -4.476232604980468750e+02
8.154933452606201172e+00 5.139999999999999680e+00 3.400000184774398804e-02 -4.476232604980468750e+02
8.266933679580688477e+00 5.070000000000000284e+00 3.400000184774398804e-02 -3.497056579589843750e+02
8.355932950973510742e+00 5.059999999999999609e+00 3.400000184774398804e-02 -3.636938781738281250e+02
8.447937726974487305e+00 5.019999999999999574e+00 3.400000184774398804e-02 -3.497056579589843750e+02
8.559942007064819336e+00 5.099999999999999645e+00 3.400000184774398804e-02 -4.476232604980468750e+02
8.648981332778930664e+00 5.059999999999999609e+00 3.400000184774398804e-02 -3.636938781738281250e+02
8.762932300567626953e+00 5.009999999999999787e+00 3.400000184774398804e-02 -2.797645568847656250e+02
8.852973699569702148e+00 5.120000000000000107e+00 3.400000184774398804e-02 -4.476232604980468750e+02
8.963932752609252930e+00 5.040000000000000036e+00 3.400000184774398804e-02 -3.636938781738281250e+02
9.054933309555053711e+00 5.059999999999999609e+00 3.400000184774398804e-02 -3.636938781738281250e+02
9.167939662933349609e+00 5.139999999999999680e+00 3.400000184774398804e-02 -5.455408935546875000e+02
9.256969451904296875e+00 5.030000000000000249e+00 3.400000184774398804e-02 -5.315526123046875000e+02
9.346932411193847656e+00 4.940000000000000391e+00 3.400000184774398804e-02 -4.476232604980468750e+02
9.459935188293457031e+00 4.990000000000000213e+00 3.400000184774398804e-02 -6.294701538085937500e+02
9.548991680145263672e+00 4.889999999999999680e+00 3.400000184774398804e-02 -5.315526123046875000e+02
9.661933898925781250e+00 4.910000000000000142e+00 3.400000184774398804e-02 -3.497056579589843750e+02
9.751933574676513672e+00 5.000000000000000000e+00 3.400000184774398804e-02 -2.657763061523437500e+02
9.863932609558105469e+00 5.070000000000000284e+00 3.400000184774398804e-02 -3.636938781738281250e+02
9.953935384750366211e+00 5.009999999999999787e+00 3.400000184774398804e-02 -3.636938781738281250e+02
1.006693172454833984e+01 5.089999999999999858e+00 3.400000184774398804e-02 -3.636938781738281250e+02
1.015696954727172852e+01 5.040000000000000036e+00 3.400000184774398804e-02 -3.636938781738281250e+02
1.026898169517517090e+01 5.120000000000000107e+00 3.400000184774398804e-02 -4.476232604980468750e+02
1.035993409156799316e+01 5.009999999999999787e+00 3.400000184774398804e-02 -2.657763061523437500e+02
1.044993567466735840e+01 5.040000000000000036e+00 3.400000184774398804e-02 -4.616115112304687500e+02
1.056096887588500977e+01 5.009999999999999787e+00 3.400000184774398804e-02 -4.476232604980468750e+02
1.065297174453735352e+01 5.070000000000000284e+00 3.400000184774398804e-02 -5.455408935546875000e+02
1.076498055458068848e+01 4.980000000000000426e+00 3.400000184774398804e-02 -4.616115112304687500e+02
1.085393476486206055e+01 5.059999999999999609e+00 3.400000184774398804e-02 -4.476232604980468750e+02
1.096793675422668457e+01 5.099999999999999645e+00 3.400000184774398804e-02 -4.476232604980468750e+02
1.105794548988342285e+01 5.160000000000000142e+00 3.400000184774398804e-02 -4.616115112304687500e+02
1.115393781661987305e+01 5.129999999999999893e+00 3.400000184774398804e-02 -5.455408935546875000e+02
1.125994658470153809e+01 5.059999999999999609e+00 3.400000184774398804e-02 -4.476232604980468750e+02
1.134993815422058105e+01 4.969999999999999751e+00 3.400000184774398804e-02 -4.476232604980468750e+02
1.146193671226501465e+01 5.009999999999999787e+00 3.400000184774398804e-02 -5.455408935546875000e+02
1.155193305015563965e+01 5.089999999999999858e+00 3.400000184774398804e-02 -5.315526123046875000e+02
1.166498160362243652e+01 5.070000000000000284e+00 3.400000184774398804e-02 -5.315526123046875000e+02
1.175393581390380859e+01 5.009999999999999787e+00 3.400000184774398804e-02 -5.455408935546875000e+02
1.186693739891052246e+01 5.009999999999999787e+00 3.400000184774398804e-02 -4.476232604980468750e+02
1.195697784423828125e+01 5.019999999999999574e+00 3.400000184774398804e-02 -4.476232604980468750e+02
1.204693460464477539e+01 4.950000000000000178e+00 3.400000184774398804e-02 -3.636938781738281250e+02
1.215894055366516113e+01 4.980000000000000426e+00 3.400000184774398804e-02 -2.657763061523437500e+02
1.224993801116943359e+01 5.019999999999999574e+00 3.400000184774398804e-02 -2.797645568847656250e+02
1.236194515228271484e+01 5.080000000000000071e+00 3.400000184774398804e-02 -3.636938781738281250e+02
1.245093345642089844e+01 5.009999999999999787e+00 3.400000184774398804e-02 -5.315526123046875000e+02
1.256497192382812500e+01 5.000000000000000000e+00 3.400000184774398804e-02 -6.294701538085937500e+02
1.265493392944335938e+01 4.969999999999999751e+00 3.400000184774398804e-02 -6.294701538085937500e+02
1.276593542098999023e+01 4.889999999999999680e+00 3.400000184774398804e-02 -7.273877563476562500e+02
1.285794353485107422e+01 4.969999999999999751e+00 3.400000184774398804e-02 -6.294701538085937500e+02
1.294793486595153809e+01 5.000000000000000000e+00 3.400000184774398804e-02 -5.315526123046875000e+02
1.305893731117248535e+01 5.030000000000000249e+00 3.400000184774398804e-02 -4.476232604980468750e+02
1.314993810653686523e+01 5.070000000000000284e+00 3.400000184774398804e-02 -5.315526123046875000e+02
1.326293301582336426e+01 5.009999999999999787e+00 3.400000184774398804e-02 -6.294701538085937500e+02
1.335193419456481934e+01 4.940000000000000391e+00 3.400000184774398804e-02 -5.455408935546875000e+02
1.346496868133544922e+01 5.040000000000000036e+00 3.400000184774398804e-02 -5.315526123046875000e+02
1.355493640899658203e+01 5.019999999999999574e+00 3.400000184774398804e-02 -4.616115112304687500e+02
1.366693449020385742e+01 5.040000000000000036e+00 3.400000184774398804e-02 -4.476232604980468750e+02
1.375697374343872070e+01 5.139999999999999680e+00 3.400000184774398804e-02 -5.315526123046875000e+02
1.384693646430969238e+01 5.099999999999999645e+00 3.400000184774398804e-02 -6.294701538085937500e+02
1.395894408226013184e+01 5.049999999999999822e+00 3.400000184774398804e-02 -4.476232604980468750e+02
1.404896497726440430e+01 5.070000000000000284e+00 3.400000184774398804e-02 -5.315526123046875000e+02
1.416193389892578125e+01 5.089999999999999858e+00 3.400000184774398804e-02 -6.294701538085937500e+02
1.425193691253662109e+01 5.019999999999999574e+00 3.400000184774398804e-02 -6.294701538085937500e+02
1.436393737792968750e+01 4.990000000000000213e+00 3.400000184774398804e-02 -5.315526123046875000e+02
1.445493531227111816e+01 5.099999999999999645e+00 3.400000184774398804e-02 -5.455408935546875000e+02
1.456693410873413086e+01 5.030000000000000249e+00 3.400000184774398804e-02 -5.455408935546875000e+02
1.465593385696411133e+01 5.009999999999999787e+00 3.400000184774398804e-02 -6.294701538085937500e+02
1.474793744087219238e+01 4.959999999999999964e+00 3.400000184774398804e-02 -5.315526123046875000e+02
1.485993838310241699e+01 4.990000000000000213e+00 3.400000184774398804e-02 -4.476232604980468750e+02
1.494897699356079102e+01 4.990000000000000213e+00 3.400000184774398804e-02 -6.294701538085937500e+02
1.506293177604675293e+01 4.919999999999999929e+00 3.400000184774398804e-02 -6.294701538085937500e+02
1.515296721458435059e+01 4.929999999999999716e+00 3.400000184774398804e-02 -4.476232604980468750e+02
1.526393461227416992e+01 5.059999999999999609e+00 3.400000184774398804e-02 -6.294701538085937500e+02
1.535493516921997070e+01 5.089999999999999858e+00 3.400000184774398804e-02 -7.273877563476562500e+02
1.546793365478515625e+01 4.969999999999999751e+00 3.400000184774398804e-02 -7.273877563476562500e+02
1.555696988105773926e+01 4.919999999999999929e+00 3.400000184774398804e-02 -6.294701538085937500e+02
1.564693427085876465e+01 4.919999999999999929e+00 3.400000184774398804e-02 -4.476232604980468750e+02
1.575993299484252930e+01 4.969999999999999751e+00 3.400000184774398804e-02 -5.315526123046875000e+02
1.584898161888122559e+01 5.030000000000000249e+00 3.400000184774398804e-02 -5.455408935546875000e+02
1.596196103096008301e+01 5.030000000000000249e+00 3.400000184774398804e-02 -4.616115112304687500e+02
1.605193209648132324e+01 5.019999999999999574e+00 3.400000184774398804e-02 -3.636938781738281250e+02
1.616394448280334473e+01 5.070000000000000284e+00 3.400000184774398804e-02 -1.818469390869140625e+02
1.625393986701965332e+01 5.219999999999999751e+00 3.400000184774398804e-02 -4.476232604980468750e+02
1.636693286895751953e+01 5.200000000000000178e+00 3.400000184774398804e-02 -7.133995361328125000e+02
1.645698142051696777e+01 5.040000000000000036e+00 3.400000184774398804e-02 -4.476232604980468750e+02
1.655193233489990234e+01 5.009999999999999787e+00 3.400000184774398804e-02 -4.476232604980468750e+02
1.665993523597717285e+01 5.059999999999999609e+00 3.400000184774398804e-02 -4.476232604980468750e+02
1.674993777275085449e+01 4.980000000000000426e+00 3.400000184774398804e-02 -2.657763061523437500e+02
1.686096692085266113e+01 4.849999999999999645e+00 3.400000184774398804e-02 0.000000000000000000e+00
1.695298528671264648e+01 4.990000000000000213e+00 3.400000184774398804e-02 0.000000000000000000e+00
1.706497764587402344e+01 4.969999999999999751e+00 3.400000184774398804e-02 0.000000000000000000e+00
1.715393424034118652e+01 4.190000000000000391e+00 6.599999964237213135e-02 9.092347412109375000e+02
1.726794028282165527e+01 5.019999999999999574e+00 6.599999964237213135e-02 2.797645568847656250e+02
1.735794162750244141e+01 5.070000000000000284e+00 6.599999964237213135e-02 0.000000000000000000e+00
1.746292543411254883e+01 5.040000000000000036e+00 6.599999964237213135e-02 9.791758728027343750e+01
1.755993461608886719e+01 4.929999999999999716e+00 6.599999964237213135e-02 1.678587188720703125e+02
1.764993762969970703e+01 5.070000000000000284e+00 6.599999964237213135e-02 0.000000000000000000e+00
1.776193833351135254e+01 4.820000000000000284e+00 6.599999964237213135e-02 0.000000000000000000e+00
1.785193538665771484e+01 4.750000000000000000e+00 6.599999964237213135e-02 1.818469390869140625e+02
1.796497297286987305e+01 4.839999999999999858e+00 6.599999964237213135e-02 5.455408935546875000e+02
1.805393481254577637e+01 5.040000000000000036e+00 6.599999964237213135e-02 4.616115112304687500e+02
1.816693282127380371e+01 5.000000000000000000e+00 6.599999964237213135e-02 3.497056579589843750e+02
1.825697755813598633e+01 5.030000000000000249e+00 6.599999964237213135e-02 3.636938781738281250e+02
1.836693215370178223e+01 4.940000000000000391e+00 6.599999964237213135e-02 3.497056579589843750e+02
1.845893979072570801e+01 4.990000000000000213e+00 6.599999964237213135e-02 5.455408935546875000e+02
1.854993796348571777e+01 4.910000000000000142e+00 6.599999964237213135e-02 5.455408935546875000e+02
1.866193509101867676e+01 4.969999999999999751e+00 6.599999964237213135e-02 4.476232604980468750e+02
1.875093483924865723e+01 4.940000000000000391e+00 6.599999964237213135e-02 3.636938781738281250e+02
1.886497735977172852e+01 4.929999999999999716e+00 6.599999964237213135e-02 3.497056579589843750e+02
1.895493555068969727e+01 4.950000000000000178e+00 6.599999964237213135e-02 1.818469390869140625e+02
1.906593441963195801e+01 4.849999999999999645e+00 6.599999964237213135e-02 3.636938781738281250e+02
1.915794324874877930e+01 4.730000000000000426e+00 6.599999964237213135e-02 5.455408935546875000e+02
1.924796032905578613e+01 4.900000000000000355e+00 6.599999964237213135e-02 5.315526123046875000e+02
1.935894203186035156e+01 4.950000000000000178e+00 6.599999964237213135e-02 3.636938781738281250e+02
1.944993853569030762e+01 4.889999999999999680e+00 6.599999964237213135e-02 4.476232604980468750e+02
1.956293439865112305e+01 4.940000000000000391e+00 6.599999964237213135e-02 4.476232604980468750e+02
1.965194535255432129e+01 4.940000000000000391e+00 6.599999964237213135e-02 6.294701538085937500e+02
1.976497745513916016e+01 4.980000000000000426e+00 6.599999964237213135e-02 6.294701538085937500e+02
1.985493755340576172e+01 4.969999999999999751e+00 6.599999964237213135e-02 4.616115112304687500e+02
1.996693420410156250e+01 5.009999999999999787e+00 6.599999964237213135e-02 5.315526123046875000e+02
2.005697560310363770e+01 4.980000000000000426e+00 6.599999964237213135e-02 5.315526123046875000e+02
2.014693427085876465e+01 4.950000000000000178e+00 6.599999964237213135e-02 3.497056579589843750e+02
2.025894355773925781e+01 4.940000000000000391e+00 6.599999964237213135e-02 1.818469390869140625e+02
2.034897971153259277e+01 4.839999999999999858e+00 6.599999964237213135e-02 3.636938781738281250e+02
2.046193456649780273e+01 4.969999999999999751e+00 6.599999964237213135e-02 5.455408935546875000e+02
2.055193376541137695e+01 5.030000000000000249e+00 6.599999964237213135e-02 4.616115112304687500e+02
2.066393375396728516e+01 4.980000000000000426e+00 6.599999964237213135e-02 4.476232604980468750e+02
2.075493264198303223e+01 5.009999999999999787e+00 6.599999964237213135e-02 4.616115112304687500e+02
2.086693310737609863e+01 5.040000000000000036e+00 6.599999964237213135e-02 5.455408935546875000e+02
2.095593619346618652e+01 5.049999999999999822e+00 6.599999964237213135e-02 5.455408935546875000e+02
2.104793477058410645e+01 4.980000000000000426e+00 6.599999964237213135e-02 6.294701538085937500e+02
2.115993905067443848e+01 4.990000000000000213e+00 6.599999964237213135e-02 4.476232604980468750e+02
2.124897742271423340e+01 4.990000000000000213e+00 6.599999964237213135e-02 4.476232604980468750e+02
2.136293292045593262e+01 4.929999999999999716e+00 6.599999964237213135e-02 5.455408935546875000e+02
2.145296812057495117e+01 4.950000000000000178e+00 6.599999964237213135e-02 7.133995361328125000e+02
2.156394171714782715e+01 5.009999999999999787e+00 6.599999964237213135e-02 7.133995361328125000e+02
2.165493178367614746e+01 4.870000000000000107e+00 6.599999964237213135e-02 5.315526123046875000e+02
2.176793479919433594e+01 4.919999999999999929e+00 6.599999964237213135e-02 5.455408935546875000e+02
2.185696840286254883e+01 4.950000000000000178e+00 6.599999964237213135e-02 5.315526123046875000e+02
2.196193528175354004e+01 4.910000000000000142e+00 6.599999964237213135e-02 3.636938781738281250e+02
2.205994033813476562e+01 4.900000000000000355e+00 6.599999964237213135e-02 5.315526123046875000e+02
2.214898276329040527e+01 5.000000000000000000e+00 6.599999964237213135e-02 4.476232604980468750e+02
2.226193594932556152e+01 4.990000000000000213e+00 6.599999964237213135e-02 3.636938781738281250e+02
2.235193419456481934e+01 4.959999999999999964e+00 6.599999964237213135e-02 4.476232604980468750e+02
2.246393418312072754e+01 4.900000000000000355e+00 6.599999964237213135e-02 5.315526123046875000e+02
2.255393552780151367e+01 4.959999999999999964e+00 6.599999964237213135e-02 6.294701538085937500e+02
2.266693377494812012e+01 4.959999999999999964e+00 6.599999964237213135e-02 5.455408935546875000e+02
2.275697684288024902e+01 4.950000000000000178e+00 6.599999964237213135e-02 6.294701538085937500e+02
2.286795711517333984e+01 4.990000000000000213e+00 6.599999964237213135e-02 4.476232604980468750e+02
2.295993661880493164e+01 5.070000000000000284e+00 6.599999964237213135e-02 4.476232604980468750e+02
2.304993820190429688e+01 5.040000000000000036e+00 6.599999964237213135e-02 4.476232604980468750e+02
2.316097927093505859e+01 5.070000000000000284e+00 6.599999964237213135e-02 4.476232604980468750e+02
2.325297236442565918e+01 5.120000000000000107e+00 6.599999964237213135e-02 4.476232604980468750e+02
2.336496901512145996e+01 5.049999999999999822e+00 6.599999964237213135e-02 2.657763061523437500e+02
2.345393848419189453e+01 4.980000000000000426e+00 6.599999964237213135e-02 3.636938781738281250e+02
2.356794595718383789e+01 4.870000000000000107e+00 6.599999964237213135e-02 3.636938781738281250e+02
2.365794181823730469e+01 4.950000000000000178e+00 6.599999964237213135e-02 4.476232604980468750e+02
2.375393462181091309e+01 4.969999999999999751e+00 6.599999964237213135e-02 4.616115112304687500e+02
2.385993432998657227e+01 4.969999999999999751e+00 6.599999964237213135e-02 4.476232604980468750e+02
2.394993710517883301e+01 5.040000000000000036e+00 6.599999964237213135e-02 5.315526123046875000e+02
2.406193637847900391e+01 5.139999999999999680e+00 6.599999964237213135e-02 6.294701538085937500e+02
2.415194034576416016e+01 4.969999999999999751e+00 6.599999964237213135e-02 5.455408935546875000e+02
2.426497626304626465e+01 4.959999999999999964e+00 6.599999964237213135e-02 5.455408935546875000e+02
2.435393309593200684e+01 4.990000000000000213e+00 6.599999964237213135e-02 4.616115112304687500e+02
2.446693992614746094e+01 4.990000000000000213e+00 6.599999964237213135e-02 3.636938781738281250e+02
2.455697393417358398e+01 4.929999999999999716e+00 6.599999964237213135e-02 4.476232604980468750e+02
2.465393519401550293e+01 4.889999999999999680e+00 6.599999964237213135e-02 6.294701538085937500e+02
2.475894093513488770e+01 5.000000000000000000e+00 6.599999964237213135e-02 5.455408935546875000e+02
2.484993767738342285e+01 4.940000000000000391e+00 6.599999964237213135e-02 5.315526123046875000e+02
2.496193408966064453e+01 4.889999999999999680e+00 6.599999964237213135e-02 3.636938781738281250e+02
2.505093359947204590e+01 4.860000000000000320e+00 6.599999964237213135e-02 4.476232604980468750e+02
2.516497159004211426e+01 4.900000000000000355e+00 6.599999964237213135e-02 6.294701538085937500e+02
2.525493192672729492e+01 4.919999999999999929e+00 6.599999964237213135e-02 5.315526123046875000e+02
2.536593604087829590e+01 4.889999999999999680e+00 6.599999964237213135e-02 5.315526123046875000e+02
2.545795869827270508e+01 5.000000000000000000e+00 6.599999964237213135e-02 4.476232604980468750e+02
2.554793381690979004e+01 5.019999999999999574e+00 6.599999964237213135e-02 5.315526123046875000e+02
2.565894103050231934e+01 5.000000000000000000e+00 6.599999964237213135e-02 5.455408935546875000e+02
2.574993753433227539e+01 4.959999999999999964e+00 6.599999964237213135e-02 4.476232604980468750e+02
2.586293435096740723e+01 5.059999999999999609e+00 6.599999964237213135e-02 4.616115112304687500e+02
2.595193409919738770e+01 5.030000000000000249e+00 6.599999964237213135e-02 4.616115112304687500e+02
2.606498146057128906e+01 4.950000000000000178e+00 6.599999964237213135e-02 3.636938781738281250e+02
2.615493488311767578e+01 4.929999999999999716e+00 6.599999964237213135e-02 3.636938781738281250e+02
2.626693606376647949e+01 5.009999999999999787e+00 6.599999964237213135e-02 4.476232604980468750e+02
2.635698556900024414e+01 5.030000000000000249e+00 6.599999964237213135e-02 5.455408935546875000e+02
2.644693255424499512e+01 5.019999999999999574e+00 6.599999964237213135e-02 6.294701538085937500e+02
2.655894398689270020e+01 5.059999999999999609e+00 6.599999964237213135e-02 6.294701538085937500e+02
2.664897322654724121e+01 5.089999999999999858e+00 6.599999964237213135e-02 2.657763061523437500e+02
2.676193547248840332e+01 4.969999999999999751e+00 6.599999964237213135e-02 4.476232604980468750e+02
2.685193419456481934e+01 4.950000000000000178e+00 6.599999964237213135e-02 5.315526123046875000e+02
2.696394205093383789e+01 5.000000000000000000e+00 6.599999964237213135e-02 6.294701538085937500e+02
2.705493593215942383e+01 5.030000000000000249e+00 6.599999964237213135e-02 4.476232604980468750e+02
2.716693353652954102e+01 4.990000000000000213e+00 6.599999964237213135e-02 4.476232604980468750e+02
2.725593185424804688e+01 4.950000000000000178e+00 6.599999964237213135e-02 3.636938781738281250e+02
2.734794259071350098e+01 4.940000000000000391e+00 6.599999964237213135e-02 4.476232604980468750e+02
2.745993685722351074e+01 4.889999999999999680e+00 6.599999964237213135e-02 4.616115112304687500e+02
2.754898071289062500e+01 4.889999999999999680e+00 6.599999964237213135e-02 4.616115112304687500e+02
2.766293549537658691e+01 4.929999999999999716e+00 6.599999964237213135e-02 5.455408935546875000e+02
2.775296783447265625e+01 4.990000000000000213e+00 6.599999964237213135e-02 4.476232604980468750e+02
2.786393690109252930e+01 4.980000000000000426e+00 6.599999964237213135e-02 4.616115112304687500e+02
2.795493268966674805e+01 4.820000000000000284e+00 6.599999964237213135e-02 4.476232604980468750e+02
2.806793522834777832e+01 4.910000000000000142e+00 6.599999964237213135e-02 5.455408935546875000e+02
2.815697526931762695e+01 5.000000000000000000e+00 6.599999964237213135e-02 3.636938781738281250e+02
2.825393271446228027e+01 4.849999999999999645e+00 6.599999964237213135e-02 3.636938781738281250e+02
2.835993766784667969e+01 4.860000000000000320e+00 6.599999964237213135e-02 5.315526123046875000e+02
2.844898271560668945e+01 4.910000000000000142e+00 6.599999964237213135e-02 5.315526123046875000e+02
2.856193685531616211e+01 5.030000000000000249e+00 6.599999964237213135e-02 3.636938781738281250e+02
2.865193891525268555e+01 5.000000000000000000e+00 6.599999964237213135e-02 4.476232604980468750e+02
2.876393198966979980e+01 4.950000000000000178e+00 6.599999964237213135e-02 6.294701538085937500e+02
2.885393786430358887e+01 5.009999999999999787e+00 6.599999964237213135e-02 8.113171386718750000e+02
2.896693420410156250e+01 5.059999999999999609e+00 6.599999964237213135e-02 6.294701538085937500e+02
2.905697178840637207e+01 5.049999999999999822e+00 6.599999964237213135e-02 4.476232604980468750e+02
2.916097879409790039e+01 5.059999999999999609e+00 6.599999964237213135e-02 2.657763061523437500e+02
2.925993514060974121e+01 4.950000000000000178e+00 6.599999964237213135e-02 4.476232604980468750e+02
2.934993743896484375e+01 4.929999999999999716e+00 6.599999964237213135e-02 4.476232604980468750e+02
2.946097993850708008e+01 4.929999999999999716e+00 6.599999964237213135e-02 3.636938781738281250e+02
2.955297541618347168e+01 4.969999999999999751e+00 6.599999964237213135e-02 3.636938781738281250e+02
2.966498517990112305e+01 4.969999999999999751e+00 6.599999964237213135e-02 3.497056579589843750e+02
2.975393652915954590e+01 4.969999999999999751e+00 6.599999964237213135e-02 3.497056579589843750e+02
2.986795163154602051e+01 4.959999999999999964e+00 6.599999964237213135e-02 3.636938781738281250e+02
2.995799899101257324e+01 4.830000000000000071e+00 6.599999964237213135e-02 5.315526123046875000e+02
3.006798362731933594e+01 4.900000000000000355e+00 6.599999964237213135e-02 5.455408935546875000e+02
3.016003084182739258e+01 4.959999999999999964e+00 6.599999964237213135e-02 4.616115112304687500e+02
3.024993944168090820e+01 4.910000000000000142e+00 6.599999964237213135e-02 4.476232604980468750e+02
3.036193633079528809e+01 4.860000000000000320e+00 6.599999964237213135e-02 6.294701538085937500e+02
3.045193266868591309e+01 4.950000000000000178e+00 6.599999964237213135e-02 6.294701538085937500e+02
3.056497693061828613e+01 5.000000000000000000e+00 6.599999964237213135e-02 5.315526123046875000e+02
3.065393567085266113e+01 4.969999999999999751e+00 6.599999964237213135e-02 6.294701538085937500e+02
3.076693320274353027e+01 4.969999999999999751e+00 6.599999964237213135e-02 4.476232604980468750e+02
3.085697388648986816e+01 4.900000000000000355e+00 6.599999964237213135e-02 4.476232604980468750e+02
3.096293354034423828e+01 4.870000000000000107e+00 6.599999964237213135e-02 4.476232604980468750e+02
3.105894470214843750e+01 4.900000000000000355e+00 6.599999964237213135e-02 4.476232604980468750e+02
3.114993858337402344e+01 4.969999999999999751e+00 6.599999964237213135e-02 9.791758728027343750e+01
3.126193380355834961e+01 4.959999999999999964e+00 6.599999964237213135e-02 8.392935943603515625e+01
3.135093307495117188e+01 4.940000000000000391e+00 6.599999964237213135e-02 1.818469390869140625e+02
3.146497297286987305e+01 4.889999999999999680e+00 6.599999964237213135e-02 0.000000000000000000e+00
3.155493211746215820e+01 4.910000000000000142e+00 6.599999964237213135e-02 0.000000000000000000e+00
3.166593885421752930e+01 5.650000000000000355e+00 6.599999964237213135e-02 0.000000000000000000e+00
3.175794243812561035e+01 7.290000000000000036e+00 6.599999964237213135e-02 0.000000000000000000e+00
3.184795665740966797e+01 8.339999999999999858e+00 3.400000184774398804e-02 -7.273877563476562500e+02
3.195894265174865723e+01 5.809999999999999609e+00 3.400000184774398804e-02 -7.133995361328125000e+02
3.204994010925292969e+01 4.910000000000000142e+00 3.400000184774398804e-02 -8.392935943603515625e+01
3.216293478012084961e+01 5.080000000000000071e+00 3.400000184774398804e-02 -9.791758728027343750e+01
3.225193166732788086e+01 5.349999999999999645e+00 3.400000184774398804e-02 -5.315526123046875000e+02
3.236497640609741211e+01 5.070000000000000284e+00 3.400000184774398804e-02 -5.455408935546875000e+02
3.245493149757385254e+01 5.009999999999999787e+00 3.400000184774398804e-02 -7.133995361328125000e+02
3.256693649291992188e+01 5.040000000000000036e+00 3.400000184774398804e-02 -7.273877563476562500e+02
3.265698456764221191e+01 4.940000000000000391e+00 3.400000184774398804e-02 -7.273877563476562500e+02
3.274693226814270020e+01 5.030000000000000249e+00 3.400000184774398804e-02 -5.315526123046875000e+02
3.285893869400024414e+01 5.059999999999999609e+00 3.400000184774398804e-02 -6.294701538085937500e+02
3.294897294044494629e+01 5.009999999999999787e+00 3.400000184774398804e-02 -4.476232604980468750e+02
3.306193685531616211e+01 5.000000000000000000e+00 3.400000184774398804e-02 -7.273877563476562500e+02
3.315193390846252441e+01 4.980000000000000426e+00 3.400000184774398804e-02 -5.315526123046875000e+02
3.326393294334411621e+01 5.139999999999999680e+00 3.400000184774398804e-02 -7.273877563476562500e+02
3.335493254661560059e+01 5.150000000000000355e+00 3.400000184774398804e-02 -7.133995361328125000e+02
3.346693277359008789e+01 5.099999999999999645e+00 3.400000184774398804e-02 -6.294701538085937500e+02
3.355594253540039062e+01 5.059999999999999609e+00 3.400000184774398804e-02 -5.315526123046875000e+02
3.364793968200683594e+01 5.080000000000000071e+00 3.400000184774398804e-02 -5.455408935546875000e+02
3.375994658470153809e+01 5.099999999999999645e+00 3.400000184774398804e-02 -6.294701538085937500e+02
3.384897375106811523e+01 5.030000000000000249e+00 3.400000184774398804e-02 -6.294701538085937500e+02
3.396293258666992188e+01 4.980000000000000426e+00 3.400000184774398804e-02 -7.133995361328125000e+02
3.405297064781188965e+01 4.969999999999999751e+00 3.400000184774398804e-02 -6.294701538085937500e+02
3.416393518447875977e+01 5.070000000000000284e+00 3.400000184774398804e-02 -6.294701538085937500e+02
3.425493335723876953e+01 5.030000000000000249e+00 3.400000184774398804e-02 -7.133995361328125000e+02
3.436793398857116699e+01 4.990000000000000213e+00 3.400000184774398804e-02 -7.273877563476562500e+02
3.445697093009948730e+01 4.980000000000000426e+00 3.400000184774398804e-02 -6.294701538085937500e+02
3.456898593902587891e+01 4.919999999999999929e+00 3.400000184774398804e-02 -7.273877563476562500e+02
3.465993714332580566e+01 4.959999999999999964e+00 3.400000184774398804e-02 -7.133995361328125000e+02
3.474897313117980957e+01 5.059999999999999609e+00 3.400000184774398804e-02 -7.133995361328125000e+02
3.486193728446960449e+01 5.049999999999999822e+00 3.400000184774398804e-02 -8.952465209960937500e+02
3.495193266868591309e+01 4.969999999999999751e+00 3.400000184774398804e-02 -8.952465209960937500e+02
3.506394052505493164e+01 5.009999999999999787e+00 3.400000184774398804e-02 -9.092347412109375000e+02
3.515393376350402832e+01 4.969999999999999751e+00 3.400000184774398804e-02 -8.113171386718750000e+02
3.526693630218505859e+01 4.959999999999999964e+00 3.400000184774398804e-02 -6.294701538085937500e+02
3.535697603225708008e+01 5.080000000000000071e+00 3.400000184774398804e-02 -7.273877563476562500e+02
3.546793365478515625e+01 5.099999999999999645e+00 3.400000184774398804e-02 -7.273877563476562500e+02
3.555993700027465820e+01 5.040000000000000036e+00 3.400000184774398804e-02 -6.294701538085937500e+02
3.564994072914123535e+01 5.000000000000000000e+00 3.400000184774398804e-02 -6.294701538085937500e+02
3.576097893714904785e+01 5.080000000000000071e+00 3.400000184774398804e-02 -8.952465209960937500e+02
3.585297560691833496e+01 5.019999999999999574e+00 3.400000184774398804e-02 -8.113171386718750000e+02
3.596497178077697754e+01 5.019999999999999574e+00 3.400000184774398804e-02 -6.294701538085937500e+02
3.605393648147583008e+01 4.990000000000000213e+00 3.400000184774398804e-02 -7.133995361328125000e+02
3.616793870925903320e+01 4.969999999999999751e+00 3.400000184774398804e-02 -7.973289184570312500e+02
3.625793743133544922e+01 4.919999999999999929e+00 3.400000184774398804e-02 -8.113171386718750000e+02
3.636294245719909668e+01 4.940000000000000391e+00 3.400000184774398804e-02 -8.113171386718750000e+02
3.645993471145629883e+01 5.009999999999999787e+00 3.400000184774398804e-02 -8.113171386718750000e+02
3.654993867874145508e+01 5.009999999999999787e+00 3.400000184774398804e-02 -7.273877563476562500e+02
3.666193509101867676e+01 5.049999999999999822e+00 3.400000184774398804e-02 -7.273877563476562500e+02
3.675193428993225098e+01 5.049999999999999822e+00 3.400000184774398804e-02 -8.113171386718750000e+02
3.686496615409851074e+01 5.040000000000000036e+00 3.400000184774398804e-02 -9.092347412109375000e+02
3.695393776893615723e+01 4.990000000000000213e+00 3.400000184774398804e-02 -8.952465209960937500e+02
3.706693410873413086e+01 5.120000000000000107e+00 3.400000184774398804e-02 -8.952465209960937500e+02
3.715696763992309570e+01 5.080000000000000071e+00 3.400000184774398804e-02 -8.952465209960937500e+02
3.724693298339843750e+01 4.940000000000000391e+00 3.400000184774398804e-02 -6.294701538085937500e+02
3.735893630981445312e+01 4.980000000000000426e+00 3.400000184774398804e-02 -6.294701538085937500e+02
3.744993948936462402e+01 5.030000000000000249e+00 3.400000184774398804e-02 -7.133995361328125000e+02
3.756193685531616211e+01 5.059999999999999609e+00 3.400000184774398804e-02 -8.952465209960937500e+02
3.765093374252319336e+01 5.000000000000000000e+00 3.400000184774398804e-02 -8.113171386718750000e+02
3.776497220993041992e+01 4.969999999999999751e+00 3.400000184774398804e-02 -9.092347412109375000e+02
3.785493421554565430e+01 4.980000000000000426e+00 3.400000184774398804e-02 -8.113171386718750000e+02
3.796593570709228516e+01 4.969999999999999751e+00 3.400000184774398804e-02 -9.931641235351562500e+02
3.805803871154785156e+01 4.910000000000000142e+00 3.400000184774398804e-02 -9.931641235351562500e+02
3.815493392944335938e+01 5.000000000000000000e+00 3.400000184774398804e-02 -8.952465209960937500e+02
3.825893521308898926e+01 4.980000000000000426e+00 3.400000184774398804e-02 -8.113171386718750000e+02
3.834993791580200195e+01 4.959999999999999964e+00 3.400000184774398804e-02 -8.113171386718750000e+02
3.846293640136718750e+01 4.980000000000000426e+00 3.400000184774398804e-02 -8.113171386718750000e+02
3.855193281173706055e+01 5.019999999999999574e+00 3.400000184774398804e-02 -8.113171386718750000e+02
3.866496801376342773e+01 5.030000000000000249e+00 3.400000184774398804e-02 -7.133995361328125000e+02
3.875493264198303223e+01 5.049999999999999822e+00 3.400000184774398804e-02 -7.133995361328125000e+02
3.886693310737609863e+01 5.110000000000000320e+00 3.400000184774398804e-02 -7.973289184570312500e+02
3.895697045326232910e+01 5.019999999999999574e+00 3.400000184774398804e-02 -8.952465209960937500e+02
3.904693484306335449e+01 4.950000000000000178e+00 3.400000184774398804e-02 -8.113171386718750000e+02
3.915894007682800293e+01 5.030000000000000249e+00 3.400000184774398804e-02 -8.113171386718750000e+02
3.924898123741149902e+01 5.009999999999999787e+00 3.400000184774398804e-02 -8.952465209960937500e+02
3.936194324493408203e+01 4.990000000000000213e+00 3.400000184774398804e-02 -8.952465209960937500e+02
3.945193696022033691e+01 4.910000000000000142e+00 3.400000184774398804e-02 -8.113171386718750000e+02
3.956393384933471680e+01 4.889999999999999680e+00 3.400000184774398804e-02 -7.133995361328125000e+02
3.965493535995483398e+01 5.030000000000000249e+00 3.400000184774398804e-02 -6.294701538085937500e+02
3.976693367958068848e+01 5.040000000000000036e+00 3.400000184774398804e-02 -5.315526123046875000e+02
3.985593366622924805e+01 4.950000000000000178e+00 3.400000184774398804e-02 -6.294701538085937500e+02
3.994793915748596191e+01 4.950000000000000178e+00 3.400000184774398804e-02 -6.294701538085937500e+02
4.005993676185607910e+01 4.980000000000000426e+00 3.400000184774398804e-02 -7.273877563476562500e+02
4.014898467063903809e+01 4.990000000000000213e+00 3.400000184774398804e-02 -7.133995361328125000e+02
4.026293349266052246e+01 5.019999999999999574e+00 3.400000184774398804e-02 -6.294701538085937500e+02
4.035297226905822754e+01 5.000000000000000000e+00 3.400000184774398804e-02 -6.294701538085937500e+02
4.046393108367919922e+01 5.070000000000000284e+00 3.400000184774398804e-02 -8.113171386718750000e+02
4.055493521690368652e+01 5.089999999999999858e+00 3.400000184774398804e-02 -8.113171386718750000e+02
4.066793894767761230e+01 5.000000000000000000e+00 3.400000184774398804e-02 -8.113171386718750000e+02
4.075698113441467285e+01 4.780000000000000249e+00 3.400000184774398804e-02 0.000000000000000000e+00
4.084693384170532227e+01 4.480000000000000426e+00 3.400000184774398804e-02 0.000000000000000000e+00
4.095993399620056152e+01 4.629999999999999893e+00 3.400000184774398804e-02 0.000000000000000000e+00
4.104897904396057129e+01 3.910000000000000142e+00 3.400000184774398804e-02 0.000000000000000000e+00
4.116193485260009766e+01 2.549999999999999822e+00 6.599999964237213135e-02 2.657763061523437500e+02
4.125193524360656738e+01 3.709999999999999964e+00 6.599999964237213135e-02 9.931641235351562500e+02
4.136393189430236816e+01 5.009999999999999787e+00 6.599999964237213135e-02 8.952465209960937500e+02
4.145393514633178711e+01 5.099999999999999645e+00 6.599999964237213135e-02 9.791759033203125000e+02
4.156693840026855469e+01 5.070000000000000284e+00 6.599999964237213135e-02 8.952465209960937500e+02
4.165697240829467773e+01 4.950000000000000178e+00 6.599999964237213135e-02 1.077093505859375000e+03
4.176097178459167480e+01 5.000000000000000000e+00 6.599999964237213135e-02 8.952465209960937500e+02
4.185993623733520508e+01 5.040000000000000036e+00 6.599999964237213135e-02 8.113171386718750000e+02
4.194993901252746582e+01 4.919999999999999929e+00 6.599999964237213135e-02 7.273877563476562500e+02
4.206097626686096191e+01 4.929999999999999716e+00 6.599999964237213135e-02 6.294701538085937500e+02
4.215297865867614746e+01 4.900000000000000355e+00 6.599999964237213135e-02 6.294701538085937500e+02
4.226498007774353027e+01 4.990000000000000213e+00 6.599999964237213135e-02 6.294701538085937500e+02
4.235393571853637695e+01 4.980000000000000426e+00 6.599999964237213135e-02 7.273877563476562500e+02
4.246793556213378906e+01 4.940000000000000391e+00 6.599999964237213135e-02 9.092347412109375000e+02
4.255793690681457520e+01 5.009999999999999787e+00 6.599999964237213135e-02 8.952465209960937500e+02
4.266693282127380371e+01 4.919999999999999929e+00 6.599999964237213135e-02 7.273877563476562500e+02
4.275993466377258301e+01 5.040000000000000036e+00 6.599999964237213135e-02 7.273877563476562500e+02
4.284993648529052734e+01 5.030000000000000249e+00 6.599999964237213135e-02 6.294701538085937500e+02
4.296193838119506836e+01 5.000000000000000000e+00 6.599999964237213135e-02 9.092347412109375000e+02
4.305193305015563965e+01 5.019999999999999574e+00 6.599999964237213135e-02 9.931641235351562500e+02
4.316497468948364258e+01 5.040000000000000036e+00 6.599999964237213135e-02 1.091081787109375000e+03
4.325394463539123535e+01 5.000000000000000000e+00 6.599999964237213135e-02 1.077093505859375000e+03
4.336693286895751953e+01 5.059999999999999609e+00 6.599999964237213135e-02 9.931641235351562500e+02
4.345697784423828125e+01 5.019999999999999574e+00 6.599999964237213135e-02 1.077093505859375000e+03
4.356897473335266113e+01 4.950000000000000178e+00 6.599999964237213135e-02 9.931641235351562500e+02
4.365893721580505371e+01 4.950000000000000178e+00 6.599999964237213135e-02 9.092347412109375000e+02
4.374993896484375000e+01 5.070000000000000284e+00 6.599999964237213135e-02 7.973289184570312500e+02
4.386193418502807617e+01 5.009999999999999787e+00 6.599999964237213135e-02 8.113171386718750000e+02
4.395093369483947754e+01 4.969999999999999751e+00 6.599999964237213135e-02 7.273877563476562500e+02
4.406497526168823242e+01 4.950000000000000178e+00 6.599999964237213135e-02 7.273877563476562500e+02
4.415493321418762207e+01 5.030000000000000249e+00 6.599999964237213135e-02 7.133995361328125000e+02
4.426594758033752441e+01 5.059999999999999609e+00 6.599999964237213135e-02 7.273877563476562500e+02
4.435793972015380859e+01 5.110000000000000320e+00 6.599999964237213135e-02 7.273877563476562500e+02
4.444793558120727539e+01 5.070000000000000284e+00 6.599999964237213135e-02 6.294701538085937500e+02
4.455893778800964355e+01 4.959999999999999964e+00 6.599999964237213135e-02 4.476232604980468750e+02
4.464993762969970703e+01 4.969999999999999751e+00 6.599999964237213135e-02 4.476232604980468750e+02
4.476293683052062988e+01 4.950000000000000178e+00 6.599999964237213135e-02 5.315526123046875000e+02
4.485193419456481934e+01 4.929999999999999716e+00 6.599999964237213135e-02 8.113171386718750000e+02
4.496498131752014160e+01 5.059999999999999609e+00 6.599999964237213135e-02 7.133995361328125000e+02
4.505493092536926270e+01 5.120000000000000107e+00 6.599999964237213135e-02 5.455408935546875000e+02
4.516693377494812012e+01 4.950000000000000178e+00 6.599999964237213135e-02 4.476232604980468750e+02
4.525697016716003418e+01 4.950000000000000178e+00 6.599999964237213135e-02 6.294701538085937500e+02
4.534695172309875488e+01 4.959999999999999964e+00 6.599999964237213135e-02 7.133995361328125000e+02
4.545894432067871094e+01 4.959999999999999964e+00 6.599999964237213135e-02 7.973289184570312500e+02
4.554896903038024902e+01 5.019999999999999574e+00 6.599999964237213135e-02 6.294701538085937500e+02
4.566193747520446777e+01 4.950000000000000178e+00 6.599999964237213135e-02 4.476232604980468750e+02
4.575193500518798828e+01 4.839999999999999858e+00 6.599999964237213135e-02 5.455408935546875000e+02
4.586393237113952637e+01 4.879999999999999893e+00 6.599999964237213135e-02 6.294701538085937500e+02
4.595493412017822266e+01 4.929999999999999716e+00 6.599999964237213135e-02 5.455408935546875000e+02
4.606693553924560547e+01 4.929999999999999716e+00 6.599999964237213135e-02 6.294701538085937500e+02
4.615593719482421875e+01 4.990000000000000213e+00 6.599999964237213135e-02 7.133995361328125000e+02
4.625493335723876953e+01 5.019999999999999574e+00 6.599999964237213135e-02 8.113171386718750000e+02
4.635993576049804688e+01 5.009999999999999787e+00 6.599999964237213135e-02 8.113171386718750000e+02
4.644897532463073730e+01 5.070000000000000284e+00 6.599999964237213135e-02 6.294701538085937500e+02
4.656293416023254395e+01 4.959999999999999964e+00 6.599999964237213135e-02 8.113171386718750000e+02
4.665297698974609375e+01 5.030000000000000249e+00 6.599999964237213135e-02 7.133995361328125000e+02
4.676393675804138184e+01 5.070000000000000284e+00 6.599999964237213135e-02 7.273877563476562500e+02
4.685493373870849609e+01 5.059999999999999609e+00 6.599999964237213135e-02 7.273877563476562500e+02
4.696802616119384766e+01 5.030000000000000249e+00 6.599999964237213135e-02 8.113171386718750000e+02
4.705697917938232422e+01 5.019999999999999574e+00 6.599999964237213135e-02 7.273877563476562500e+02
4.714693665504455566e+01 5.009999999999999787e+00 6.599999964237213135e-02 8.113171386718750000e+02
4.725993561744689941e+01 5.000000000000000000e+00 6.599999964237213135e-02 8.113171386718750000e+02
4.734897756576538086e+01 4.950000000000000178e+00 6.599999964237213135e-02 6.294701538085937500e+02
4.746193623542785645e+01 4.910000000000000142e+00 6.599999964237213135e-02 4.476232604980468750e+02
4.755193424224853516e+01 4.889999999999999680e+00 6.599999964237213135e-02 6.294701538085937500e+02
4.766393280029296875e+01 4.959999999999999964e+00 6.599999964237213135e-02 7.273877563476562500e+02
4.775394058227539062e+01 4.900000000000000355e+00 6.599999964237213135e-02 7.273877563476562500e+02
4.786693239212036133e+01 4.950000000000000178e+00 6.599999964237213135e-02 7.273877563476562500e+02
4.795697641372680664e+01 4.879999999999999893e+00 6.599999964237213135e-02 7.133995361328125000e+02
4.804593348503112793e+01 4.910000000000000142e+00 6.599999964237213135e-02 8.952465209960937500e+02
4.815993380546569824e+01 4.980000000000000426e+00 6.599999964237213135e-02 1.077093505859375000e+03
4.824993729591369629e+01 5.059999999999999609e+00 6.599999964237213135e-02 1.161022827148437500e+03
4.836097764968872070e+01 5.120000000000000107e+00 6.599999964237213135e-02 8.113171386718750000e+02
4.845298123359680176e+01 5.049999999999999822e+00 6.599999964237213135e-02 8.113171386718750000e+02
4.856496882438659668e+01 4.959999999999999964e+00 6.599999964237213135e-02 7.273877563476562500e+02
4.865393495559692383e+01 4.980000000000000426e+00 6.599999964237213135e-02 9.092347412109375000e+02
4.876793503761291504e+01 5.059999999999999609e+00 6.599999964237213135e-02 8.113171386718750000e+02
4.885793757438659668e+01 4.950000000000000178e+00 6.599999964237213135e-02 7.133995361328125000e+02
4.896793484687805176e+01 4.969999999999999751e+00 6.599999964237213135e-02 6.294701538085937500e+02
4.905993437767028809e+01 4.860000000000000320e+00 6.599999964237213135e-02 8.113171386718750000e+02
4.914993882179260254e+01 4.959999999999999964e+00 6.599999964237213135e-02 9.931641235351562500e+02
4.926193547248840332e+01 5.000000000000000000e+00 6.599999964237213135e-02 8.113171386718750000e+02
4.935193204879760742e+01 5.019999999999999574e+00 6.599999964237213135e-02 5.455408935546875000e+02
4.946497344970703125e+01 4.919999999999999929e+00 6.599999964237213135e-02 4.616115112304687500e+02
4.955393433570861816e+01 4.839999999999999858e+00 6.599999964237213135e-02 6.294701538085937500e+02
4.966693115234375000e+01 4.919999999999999929e+00 6.599999964237213135e-02 9.791758728027343750e+01
4.975697112083435059e+01 4.969999999999999751e+00 6.599999964237213135e-02 0.000000000000000000e+00
4.985393309593200684e+01 4.780000000000000249e+00 6.599999964237213135e-02 1.678587188720703125e+02
4.995893239974975586e+01 4.860000000000000320e+00 6.599999964237213135e-02 1.818469390869140625e+02
5.004993581771850586e+01 4.809999999999999609e+00 6.599999964237213135e-02 8.392935943603515625e+01
5.016193985939025879e+01 4.830000000000000071e+00 6.599999964237213135e-02 0.000000000000000000e+00
5.025093364715576172e+01 4.889999999999999680e+00 6.599999964237213135e-02 0.000000000000000000e+00
5.036497211456298828e+01 4.809999999999999609e+00 6.599999964237213135e-02 0.000000000000000000e+00
5.045493412017822266e+01 4.730000000000000426e+00 6.599999964237213135e-02 0.000000000000000000e+00
5.056593418121337891e+01 4.690000000000000391e+00 6.599999964237213135e-02 0.000000000000000000e+00
5.065795421600341797e+01 4.679999999999999716e+00 6.599999964237213135e-02 0.000000000000000000e+00
5.074793767929077148e+01 4.799999999999999822e+00 6.599999964237213135e-02 0.000000000000000000e+00
5.085893440246582031e+01 5.610000000000000320e+00 6.599999964237213135e-02 0.000000000000000000e+00
5.094993615150451660e+01 6.019999999999999574e+00 6.599999964237213135e-02 0.000000000000000000e+00
5.106293725967407227e+01 7.139999999999999680e+00 6.599999964237213135e-02 0.000000000000000000e+00
5.115193176269531250e+01 8.269999999999999574e+00 6.599999964237213135e-02 0.000000000000000000e+00
5.126497340202331543e+01 8.660000000000000142e+00 3.400000184774398804e-02 -1.077093505859375000e+03
5.135493516921997070e+01 6.129999999999999893e+00 3.400000184774398804e-02 -1.440787353515625000e+03
5.146693277359008789e+01 4.969999999999999751e+00 3.400000184774398804e-02 -1.342869750976562500e+03
5.155697131156921387e+01 4.990000000000000213e+00 3.400000184774398804e-02 -1.804481201171875000e+03
5.166897463798522949e+01 5.040000000000000036e+00 3.400000184774398804e-02 -1.972340087890625000e+03
5.175893831253051758e+01 4.919999999999999929e+00 3.400000184774398804e-02 -1.790493041992187500e+03
5.184898495674133301e+01 4.959999999999999964e+00 3.400000184774398804e-02 -1.622634277343750000e+03
5.196193671226501465e+01 4.959999999999999964e+00 3.400000184774398804e-02 -1.622634277343750000e+03
5.205193257331848145e+01 4.900000000000000355e+00 3.400000184774398804e-02 -1.706563598632812500e+03
5.216393136978149414e+01 5.040000000000000036e+00 3.400000184774398804e-02 -1.888410644531250000e+03
5.225493216514587402e+01 4.860000000000000320e+00 3.400000184774398804e-02 -1.804481201171875000e+03
5.236694002151489258e+01 4.910000000000000142e+00 3.400000184774398804e-02 -1.622634277343750000e+03
5.245593500137329102e+01 4.940000000000000391e+00 3.400000184774398804e-02 -1.804481201171875000e+03
5.254793620109558105e+01 4.929999999999999716e+00 3.400000184774398804e-02 -1.790493041992187500e+03
5.265993571281433105e+01 4.950000000000000178e+00 3.400000184774398804e-02 -1.790493041992187500e+03
5.274898052215576172e+01 4.929999999999999716e+00 3.400000184774398804e-02 -1.888410644531250000e+03
5.286293244361877441e+01 4.940000000000000391e+00 3.400000184774398804e-02 -1.720551879882812500e+03
5.295298147201538086e+01 4.870000000000000107e+00 3.400000184774398804e-02 -1.706563598632812500e+03
5.306393051147460938e+01 4.950000000000000178e+00 3.400000184774398804e-02 -1.790493041992187500e+03
5.315493154525756836e+01 4.959999999999999964e+00 3.400000184774398804e-02 -1.720551879882812500e+03
5.326797437667846680e+01 4.940000000000000391e+00 3.400000184774398804e-02 -1.888410644531250000e+03
5.335697102546691895e+01 4.980000000000000426e+00 3.400000184774398804e-02 -1.902398925781250000e+03
5.344693231582641602e+01 4.959999999999999964e+00 3.400000184774398804e-02 -1.888410644531250000e+03
5.355993747711181641e+01 4.929999999999999716e+00 3.400000184774398804e-02 -2.252104736328125000e+03
5.364898610115051270e+01 4.919999999999999929e+00 3.400000184774398804e-02 -2.336033691406250000e+03
5.376193523406982422e+01 4.799999999999999822e+00 3.400000184774398804e-02 -2.336033691406250000e+03
5.385193252563476562e+01 4.809999999999999609e+00 3.400000184774398804e-02 -2.070257568359375000e+03
5.396393275260925293e+01 4.799999999999999822e+00 3.400000184774398804e-02 -1.622634277343750000e+03
5.405393409729003906e+01 4.849999999999999645e+00 3.400000184774398804e-02 -1.258940307617187500e+03
5.416693115234375000e+01 4.889999999999999680e+00 3.400000184774398804e-02 -1.077093505859375000e+03
5.425697660446166992e+01 4.950000000000000178e+00 3.400000184774398804e-02 -1.077093505859375000e+03
5.436793351173400879e+01 4.990000000000000213e+00 3.400000184774398804e-02 -9.931641235351562500e+02
5.445993375778198242e+01 4.980000000000000426e+00 3.400000184774398804e-02 -1.077093505859375000e+03
5.454994010925292969e+01 4.980000000000000426e+00 3.400000184774398804e-02 -1.356857910156250000e+03
5.466098809242248535e+01 4.950000000000000178e+00 3.400000184774398804e-02 -1.440787353515625000e+03
5.475307607650756836e+01 5.030000000000000249e+00 3.400000184774398804e-02 -1.538704956054687500e+03
5.486497068405151367e+01 4.839999999999999858e+00 3.400000184774398804e-02 -1.077093505859375000e+03
5.495393538475036621e+01 4.900000000000000355e+00 3.400000184774398804e-02 -1.258940307617187500e+03
5.506793212890625000e+01 5.059999999999999609e+00 3.400000184774398804e-02 -1.342869750976562500e+03
5.515793275833129883e+01 4.940000000000000391e+00 3.400000184774398804e-02 -1.077093505859375000e+03
5.526693177223205566e+01 5.009999999999999787e+00 3.400000184774398804e-02 9.791758728027343750e+01
5.535993504524230957e+01 3.339999999999999858e+00 3.400000184774398804e-02 0.000000000000000000e+00
5.544993972778320312e+01 3.189999999999999947e+00 3.400000184774398804e-02 0.000000000000000000e+00
5.556193399429321289e+01 2.600000000000000089e+00 6.599999964237213135e-02 1.077093505859375000e+03
5.565194129943847656e+01 4.679999999999999716e+00 6.599999964237213135e-02 2.252104736328125000e+03
5.576497077941894531e+01 5.190000000000000391e+00 6.599999964237213135e-02 1.888410644531250000e+03
5.585393595695495605e+01 5.059999999999999609e+00 6.599999964237213135e-02 1.804481201171875000e+03
5.596694517135620117e+01 5.019999999999999574e+00 6.599999964237213135e-02 1.356857910156250000e+03
5.605697870254516602e+01 5.019999999999999574e+00 6.599999964237213135e-02 1.258940307617187500e+03
5.616898941993713379e+01 5.049999999999999822e+00 6.599999964237213135e-02 1.440787353515625000e+03
5.625893783569335938e+01 4.990000000000000213e+00 6.599999964237213135e-02 1.440787353515625000e+03
5.634993577003479004e+01 4.969999999999999751e+00 6.599999964237213135e-02 1.706563598632812500e+03
5.646193623542785645e+01 5.019999999999999574e+00 6.599999964237213135e-02 1.972340087890625000e+03
5.655093169212341309e+01 5.070000000000000284e+00 6.599999964237213135e-02 1.888410644531250000e+03
5.666497302055358887e+01 5.120000000000000107e+00 6.599999964237213135e-02 1.804481201171875000e+03
5.675493264198303223e+01 5.040000000000000036e+00 6.599999964237213135e-02 1.608645996093750000e+03
5.686593604087829590e+01 5.049999999999999822e+00 6.599999964237213135e-02 1.622634277343750000e+03
5.695795512199401855e+01 5.059999999999999609e+00 6.599999964237213135e-02 1.706563598632812500e+03
5.704794454574584961e+01 5.009999999999999787e+00 6.599999964237213135e-02 1.440787353515625000e+03
5.715893816947937012e+01 5.070000000000000284e+00 6.599999964237213135e-02 1.622634277343750000e+03
5.724993777275085449e+01 5.059999999999999609e+00 6.599999964237213135e-02 1.888410644531250000e+03
5.736293649673461914e+01 5.019999999999999574e+00 6.599999964237213135e-02 1.720551879882812500e+03
5.745193147659301758e+01 5.139999999999999680e+00 6.599999964237213135e-02 1.720551879882812500e+03
5.756497406959533691e+01 5.059999999999999609e+00 6.599999964237213135e-02 1.608645996093750000e+03
5.765493416786193848e+01 5.059999999999999609e+00 6.599999964237213135e-02 1.356857910156250000e+03
5.776693344116210938e+01 5.000000000000000000e+00 6.599999964237213135e-02 1.077093505859375000e+03
5.785698556900024414e+01 4.990000000000000213e+00 6.599999964237213135e-02 1.161022827148437500e+03
5.794693279266357422e+01 4.980000000000000426e+00 6.599999964237213135e-02 1.342869750976562500e+03
5.805893564224243164e+01 5.000000000000000000e+00 6.599999964237213135e-02 1.440787353515625000e+03
5.814898228645324707e+01 5.019999999999999574e+00 6.599999964237213135e-02 1.622634277343750000e+03
5.826193332672119141e+01 5.049999999999999822e+00 6.599999964237213135e-02 1.888410644531250000e+03
5.835193419456481934e+01 5.059999999999999609e+00 6.599999964237213135e-02 1.972340087890625000e+03
5.846393370628356934e+01 5.080000000000000071e+00 6.599999964237213135e-02 1.986328247070312500e+03
5.855493497848510742e+01 5.030000000000000249e+00 6.599999964237213135e-02 1.706563598632812500e+03
5.866693186759948730e+01 5.110000000000000320e+00 6.599999964237213135e-02 1.161022827148437500e+03
5.875593376159667969e+01 5.019999999999999574e+00 6.599999964237213135e-02 1.175010986328125000e+03
5.884793734550476074e+01 5.009999999999999787e+00 6.599999964237213135e-02 1.091081787109375000e+03
5.895993447303771973e+01 5.030000000000000249e+00 6.599999964237213135e-02 1.356857910156250000e+03
5.904898381233215332e+01 5.070000000000000284e+00 6.599999964237213135e-02 1.356857910156250000e+03
5.916293120384216309e+01 5.030000000000000249e+00 6.599999964237213135e-02 1.258940307617187500e+03
5.925298237800598145e+01 5.059999999999999609e+00 6.599999964237213135e-02 1.356857910156250000e+03
5.936393356323242188e+01 5.049999999999999822e+00 6.599999964237213135e-02 9.092347412109375000e+02
5.945493292808532715e+01 4.990000000000000213e+00 6.599999964237213135e-02 8.113171386718750000e+02
5.956793260574340820e+01 4.929999999999999716e+00 6.599999964237213135e-02 9.931641235351562500e+02
5.965697336196899414e+01 5.040000000000000036e+00 6.599999964237213135e-02 8.952465209960937500e+02
5.974693274497985840e+01 5.009999999999999787e+00 6.599999964237213135e-02 7.133995361328125000e+02
5.985993623733520508e+01 4.959999999999999964e+00 6.599999964237213135e-02 6.294701538085937500e+02
5.994907355308532715e+01 4.839999999999999858e+00 6.599999964237213135e-02 8.952465209960937500e+02
6.006193494796752930e+01 5.000000000000000000e+00 6.599999964237213135e-02 0.000000000000000000e+00
6.015193510055541992e+01 5.360000000000000320e+00 6.599999964237213135e-02 0.000000000000000000e+00
6.026393580436706543e+01 5.080000000000000071e+00 6.599999964237213135e-02 0.000000000000000000e+00
6.035394597053527832e+01 4.610000000000000320e+00 6.599999964237213135e-02 9.791758728027343750e+01
6.046693229675292969e+01 4.830000000000000071e+00 6.599999964237213135e-02 0.000000000000000000e+00
6.055697441101074219e+01 4.679999999999999716e+00 6.599999964237213135e-02 0.000000000000000000e+00
6.066898798942565918e+01 4.650000000000000355e+00 6.599999964237213135e-02 0.000000000000000000e+00
6.075994062423706055e+01 4.650000000000000355e+00 6.599999964237213135e-02 0.000000000000000000e+00
6.084993505477905273e+01 4.620000000000000107e+00 6.599999964237213135e-02 0.000000000000000000e+00
6.096097588539123535e+01 4.599999999999999645e+00 6.599999964237213135e-02 0.000000000000000000e+00
6.105297780036926270e+01 4.599999999999999645e+00 6.599999964237213135e-02 0.000000000000000000e+00
6.116498017311096191e+01 4.599999999999999645e+00 6.599999964237213135e-02 0.000000000000000000e+00
6.125393104553222656e+01 4.599999999999999645e+00 6.599999964237213135e-02 0.000000000000000000e+00
6.136794567108154297e+01 4.599999999999999645e+00 6.599999964237213135e-02 0.000000000000000000e+00
6.145793843269348145e+01 4.610000000000000320e+00 6.599999964237213135e-02 0.000000000000000000e+00
6.156897330284118652e+01 4.589999999999999858e+00 6.599999964237213135e-02 0.000000000000000000e+00
6.165998911857604980e+01 4.599999999999999645e+00 6.599999964237213135e-02 0.000000000000000000e+00
6.174993395805358887e+01 4.589999999999999858e+00 6.599999964237213135e-02 0.000000000000000000e+00
6.186193346977233887e+01 4.599999999999999645e+00 6.599999964237213135e-02 0.000000000000000000e+00
6.195193505287170410e+01 4.589999999999999858e+00 6.599999964237213135e-02 0.000000000000000000e+00
6.206498646736145020e+01 4.599999999999999645e+00 6.599999964237213135e-02 0.000000000000000000e+00
6.215393519401550293e+01 4.589999999999999858e+00 6.599999964237213135e-02 0.000000000000000000e+00
6.226693248748779297e+01 4.599999999999999645e+00 6.599999964237213135e-02 0.000000000000000000e+00
6.235696911811828613e+01 4.599999999999999645e+00 6.599999964237213135e-02 0.000000000000000000e+00
6.246793317794799805e+01 4.599999999999999645e+00 6.599999964237213135e-02 0.000000000000000000e+00
6.255893492698669434e+01 4.599999999999999645e+00 6.599999964237213135e-02 0.000000000000000000e+00
6.264993500709533691e+01 4.610000000000000320e+00 6.599999964237213135e-02 0.000000000000000000e+00
6.276193451881408691e+01 4.599999999999999645e+00 6.599999964237213135e-02 0.000000000000000000e+00
6.285093259811401367e+01 4.610000000000000320e+00 6.599999964237213135e-02 0.000000000000000000e+00
