3.003406524658203125e-02 3.660000000000000142e+00 5.000000074505805969e-02 0.000000000000000000e+00
1.309947967529296875e-01 3.629999999999999893e+00 5.000000074505805969e-02 0.000000000000000000e+00
2.269964218139648438e-01 3.609999999999999876e+00 5.000000074505805969e-02 0.000000000000000000e+00
3.220391273498535156e-01 3.600000000000000089e+00 5.000000074505805969e-02 0.000000000000000000e+00
4.300360679626464844e-01 3.589999999999999858e+00 5.000000074505805969e-02 0.000000000000000000e+00
5.190198421478271484e-01 3.580000000000000071e+00 5.000000074505805969e-02 0.000000000000000000e+00
6.140570640563964844e-01 3.580000000000000071e+00 5.000000074505805969e-02 0.000000000000000000e+00
7.260262966156005859e-01 3.569999999999999840e+00 5.000000074505805969e-02 0.000000000000000000e+00
8.119940757751464844e-01 3.569999999999999840e+00 5.000000074505805969e-02 0.000000000000000000e+00
9.289939403533935547e-01 3.580000000000000071e+00 5.000000074505805969e-02 0.000000000000000000e+00
1.018997669219970703e+00 3.560000000000000053e+00 5.000000074505805969e-02 0.000000000000000000e+00
1.127008199691772461e+00 3.569999999999999840e+00 5.000000074505805969e-02 0.000000000000000000e+00
1.220995903015136719e+00 3.600000000000000089e+00 5.000000074505805969e-02 0.000000000000000000e+00
1.311993598937988281e+00 3.609999999999999876e+00 5.000000074505805969e-02 0.000000000000000000e+00
1.418996810913085938e+00 3.589999999999999858e+00 5.000000074505805969e-02 0.000000000000000000e+00
1.510042428970336914e+00 3.580000000000000071e+00 5.000000074505805969e-02 0.000000000000000000e+00
1.626994371414184570e+00 3.560000000000000053e+00 5.000000074505805969e-02 0.000000000000000000e+00
1.711993932723999023e+00 3.560000000000000053e+00 5.000000074505805969e-02 0.000000000000000000e+00
1.824993848800659180e+00 3.549999999999999822e+00 5.000000074505805969e-02 0.000000000000000000e+00
1.918996095657348633e+00 3.549999999999999822e+00 5.000000074505805969e-02 0.000000000000000000e+00
2.027017593383789062e+00 3.540000000000000036e+00 5.000000074505805969e-02 0.000000000000000000e+00
2.116994380950927734e+00 3.540000000000000036e+00 5.000000074505805969e-02 0.000000000000000000e+00
2.211994409561157227e+00 3.529999999999999805e+00 5.000000074505805969e-02 0.000000000000000000e+00
2.319995403289794922e+00 3.529999999999999805e+00 5.000000074505805969e-02 0.000000000000000000e+00
2.408986568450927734e+00 3.529999999999999805e+00 5.000000074505805969e-02 0.000000000000000000e+00
2.526985406875610352e+00 3.520000000000000018e+00 5.000000074505805969e-02 0.000000000000000000e+00
2.615993738174438477e+00 3.549999999999999822e+00 5.000000074505805969e-02 0.000000000000000000e+00
2.723996400833129883e+00 3.589999999999999858e+00 5.000000074505805969e-02 0.000000000000000000e+00
2.818995237350463867e+00 3.680000000000000160e+00 5.000000074505805969e-02 0.000000000000000000e+00
2.908994436264038086e+00 3.729999999999999982e+00 5.000000074505805969e-02 0.000000000000000000e+00
3.016994714736938477e+00 3.529999999999999805e+00 5.000000074505805969e-02 0.000000000000000000e+00
3.110996484756469727e+00 3.529999999999999805e+00 5.000000074505805969e-02 0.000000000000000000e+00
3.223994016647338867e+00 3.600000000000000089e+00 5.000000074505805969e-02 0.000000000000000000e+00
3.308999538421630859e+00 3.759999999999999787e+00 5.000000074505805969e-02 0.000000000000000000e+00
3.426036119461059570e+00 3.919999999999999929e+00 5.000000074505805969e-02 0.000000000000000000e+00
3.516992092132568359e+00 4.080000000000000071e+00 5.000000074505805969e-02 0.000000000000000000e+00
3.623994350433349609e+00 4.769999999999999574e+00 5.000000074505805969e-02 0.000000000000000000e+00
3.714997529983520508e+00 4.980000000000000426e+00 5.000000074505805969e-02 0.000000000000000000e+00
3.808997392654418945e+00 5.480000000000000426e+00 5.000000074505805969e-02 0.000000000000000000e+00
3.916992902755737305e+00 5.809999999999999609e+00 5.000000074505805969e-02 0.000000000000000000e+00
4.030028343200683594e+00 6.490000000000000213e+00 5.000000074505805969e-02 0.000000000000000000e+00
4.123995542526245117e+00 7.019999999999999574e+00 1.999999955296516418e-02 -9.901042480468750000e+02
4.210038185119628906e+00 3.839999999999999858e+00 1.999999955296516418e-02 -1.080153442382812500e+03
4.322045326232910156e+00 3.330000000000000071e+00 1.999999955296516418e-02 -7.203936767578125000e+02
4.416992187500000000e+00 3.350000000000000089e+00 1.999999955296516418e-02 -7.199565429687500000e+02
4.527992725372314453e+00 3.410000000000000142e+00 1.999999955296516418e-02 -5.402952880859375000e+02
4.616992950439453125e+00 3.430000000000000160e+00 1.999999955296516418e-02 -4.502460327148437500e+02
4.711992979049682617e+00 3.430000000000000160e+00 1.999999955296516418e-02 -3.597597045898437500e+02
4.823997020721435547e+00 3.430000000000000160e+00 1.999999955296516418e-02 -4.498088989257812500e+02
4.910033464431762695e+00 3.450000000000000178e+00 1.999999955296516418e-02 -4.498088989257812500e+02
5.026993989944458008e+00 3.490000000000000213e+00 1.999999955296516418e-02 -4.502460327148437500e+02
5.116993188858032227e+00 3.390000000000000124e+00 1.999999955296516418e-02 -4.502460327148437500e+02
5.224995374679565430e+00 3.390000000000000124e+00 1.999999955296516418e-02 -2.697105102539062500e+02
5.318995475769042969e+00 3.439999999999999947e+00 1.999999955296516418e-02 -4.498088989257812500e+02
5.410036563873291016e+00 3.450000000000000178e+00 1.999999955296516418e-02 -4.498088989257812500e+02
5.516992807388305664e+00 3.500000000000000000e+00 1.999999955296516418e-02 -3.597597045898437500e+02
5.607993125915527344e+00 3.490000000000000213e+00 1.999999955296516418e-02 -3.597597045898437500e+02
5.724997043609619141e+00 3.549999999999999822e+00 1.999999955296516418e-02 -6.299072875976562500e+02
5.810043096542358398e+00 3.509999999999999787e+00 1.999999955296516418e-02 -5.398581542968750000e+02
5.923013448715209961e+00 3.419999999999999929e+00 1.999999955296516418e-02 -4.500274658203125000e+02
6.016993522644042969e+00 3.470000000000000195e+00 1.999999955296516418e-02 -4.500274658203125000e+02
6.124995231628417969e+00 3.500000000000000000e+00 1.999999955296516418e-02 -4.498088989257812500e+02
6.214996576309204102e+00 3.410000000000000142e+00 1.999999955296516418e-02 -5.398581542968750000e+02
6.310044765472412109e+00 3.399999999999999911e+00 1.999999955296516418e-02 -4.500274658203125000e+02
6.418036460876464844e+00 3.379999999999999893e+00 1.999999955296516418e-02 -3.599782714843750000e+02
6.528996467590332031e+00 3.390000000000000124e+00 1.999999955296516418e-02 -4.500274658203125000e+02
6.624994277954101562e+00 3.450000000000000178e+00 1.999999955296516418e-02 -4.500274658203125000e+02
6.714046001434326172e+00 3.470000000000000195e+00 1.999999955296516418e-02 -5.400767211914062500e+02
6.822034597396850586e+00 3.470000000000000195e+00 1.999999955296516418e-02 -5.398581542968750000e+02
6.916993379592895508e+00 3.410000000000000142e+00 1.999999955296516418e-02 -5.400767211914062500e+02
7.028994321823120117e+00 3.359999999999999876e+00 1.999999955296516418e-02 -3.599782714843750000e+02
7.114998340606689453e+00 3.399999999999999911e+00 1.999999955296516418e-02 -3.599782714843750000e+02
7.208994150161743164e+00 3.399999999999999911e+00 1.999999955296516418e-02 -3.599782714843750000e+02
7.322046041488647461e+00 3.319999999999999840e+00 1.999999955296516418e-02 -3.599782714843750000e+02
7.430042266845703125e+00 3.430000000000000160e+00 1.999999955296516418e-02 -3.599782714843750000e+02
7.523998975753784180e+00 3.410000000000000142e+00 1.999999955296516418e-02 -4.500274658203125000e+02
7.615000486373901367e+00 3.450000000000000178e+00 1.999999955296516418e-02 -4.500274658203125000e+02
7.722035884857177734e+00 3.430000000000000160e+00 1.999999955296516418e-02 -3.599782714843750000e+02
7.812996387481689453e+00 3.439999999999999947e+00 1.999999955296516418e-02 -3.599782714843750000e+02
7.930030822753906250e+00 3.370000000000000107e+00 1.999999955296516418e-02 -3.601968383789062500e+02
8.014997482299804688e+00 3.459999999999999964e+00 1.999999955296516418e-02 -4.500274658203125000e+02
8.127994060516357422e+00 3.319999999999999840e+00 1.999999955296516418e-02 -4.500274658203125000e+02
8.222032546997070312e+00 3.419999999999999929e+00 1.999999955296516418e-02 -3.599782714843750000e+02
8.324000597000122070e+00 3.490000000000000213e+00 1.999999955296516418e-02 -4.500274658203125000e+02
8.419992685317993164e+00 3.479999999999999982e+00 1.999999955296516418e-02 -4.500274658203125000e+02
8.514997243881225586e+00 3.379999999999999893e+00 1.999999955296516418e-02 -5.398581542968750000e+02
8.622993707656860352e+00 3.410000000000000142e+00 1.999999955296516418e-02 -4.500274658203125000e+02
8.711993455886840820e+00 3.470000000000000195e+00 1.999999955296516418e-02 -4.500274658203125000e+02
8.828996658325195312e+00 3.459999999999999964e+00 1.999999955296516418e-02 -3.599782714843750000e+02
8.918998003005981445e+00 3.410000000000000142e+00 1.999999955296516418e-02 -3.599782714843750000e+02
9.026993989944458008e+00 3.500000000000000000e+00 1.999999955296516418e-02 -3.599782714843750000e+02
9.122047424316406250e+00 3.479999999999999982e+00 1.999999955296516418e-02 -3.599782714843750000e+02
9.211992979049682617e+00 3.520000000000000018e+00 1.999999955296516418e-02 -5.400767211914062500e+02
9.319994211196899414e+00 3.450000000000000178e+00 1.999999955296516418e-02 -4.500274658203125000e+02
9.414050817489624023e+00 3.379999999999999893e+00 1.999999955296516418e-02 -5.400767211914062500e+02
9.527004241943359375e+00 3.479999999999999982e+00 1.999999955296516418e-02 -6.299072875976562500e+02
9.611994266510009766e+00 3.439999999999999947e+00 1.999999955296516418e-02 -4.500274658203125000e+02
9.728991985321044922e+00 3.330000000000000071e+00 1.999999955296516418e-02 -2.699290771484375000e+02
9.819998741149902344e+00 3.410000000000000142e+00 1.999999955296516418e-02 -2.699290771484375000e+02
9.926995992660522461e+00 3.479999999999999982e+00 1.999999955296516418e-02 -3.599782714843750000e+02
1.001804494857788086e+01 3.549999999999999822e+00 1.999999955296516418e-02 -5.398581542968750000e+02
1.011199307441711426e+01 3.450000000000000178e+00 1.999999955296516418e-02 -3.599782714843750000e+02
1.021999883651733398e+01 3.339999999999999858e+00 1.999999955296516418e-02 -1.799891357421875000e+02
1.031003522872924805e+01 3.399999999999999911e+00 1.999999955296516418e-02 -1.799891357421875000e+02
1.042699480056762695e+01 3.419999999999999929e+00 1.999999955296516418e-02 -3.600875549316406250e+02
1.051299452781677246e+01 3.410000000000000142e+00 1.999999955296516418e-02 -4.499181823730468750e+02
1.062499737739562988e+01 3.390000000000000124e+00 1.999999955296516418e-02 -4.500274658203125000e+02
1.071999287605285645e+01 3.370000000000000107e+00 1.999999955296516418e-02 -2.700383605957031250e+02
1.082799363136291504e+01 3.350000000000000089e+00 1.999999955296516418e-02 -3.599782714843750000e+02
1.091699385643005371e+01 3.450000000000000178e+00 1.999999955296516418e-02 -3.599782714843750000e+02
1.101199340820312500e+01 3.359999999999999876e+00 1.999999955296516418e-02 -2.700383605957031250e+02
1.112399578094482422e+01 3.430000000000000160e+00 1.999999955296516418e-02 -3.599782714843750000e+02
1.121003413200378418e+01 3.470000000000000195e+00 1.999999955296516418e-02 -2.699290771484375000e+02
1.132702207565307617e+01 3.410000000000000142e+00 1.999999955296516418e-02 -3.599782714843750000e+02
1.141699433326721191e+01 3.439999999999999947e+00 1.999999955296516418e-02 -3.599782714843750000e+02
1.152499723434448242e+01 3.479999999999999982e+00 1.999999955296516418e-02 -2.700383605957031250e+02
1.161899662017822266e+01 3.439999999999999947e+00 1.999999955296516418e-02 -3.599782714843750000e+02
1.171003222465515137e+01 3.459999999999999964e+00 1.999999955296516418e-02 -3.600875549316406250e+02
1.181699275970458984e+01 3.439999999999999947e+00 1.999999955296516418e-02 -3.599782714843750000e+02
1.190799736976623535e+01 3.419999999999999929e+00 1.999999955296516418e-02 -3.600875549316406250e+02
1.202499461174011230e+01 3.470000000000000195e+00 1.999999955296516418e-02 -4.499181823730468750e+02
1.211003041267395020e+01 3.419999999999999929e+00 1.999999955296516418e-02 -3.599782714843750000e+02
1.222299313545227051e+01 3.439999999999999947e+00 1.999999955296516418e-02 -2.699290771484375000e+02
1.231699299812316895e+01 3.520000000000000018e+00 1.999999955296516418e-02 -2.700383605957031250e+02
1.242499518394470215e+01 3.439999999999999947e+00 1.999999955296516418e-02 -1.799891357421875000e+02
1.251500034332275391e+01 3.529999999999999805e+00 1.999999955296516418e-02 -2.699290771484375000e+02
1.261002349853515625e+01 3.549999999999999822e+00 1.999999955296516418e-02 -2.700383605957031250e+02
1.271803379058837891e+01 3.490000000000000213e+00 1.999999955296516418e-02 -3.599782714843750000e+02
1.282899188995361328e+01 3.450000000000000178e+00 1.999999955296516418e-02 -3.600875549316406250e+02
1.292499351501464844e+01 3.450000000000000178e+00 1.999999955296516418e-02 -4.500274658203125000e+02
1.301403737068176270e+01 3.399999999999999911e+00 1.999999955296516418e-02 -3.599782714843750000e+02
1.312204670906066895e+01 3.379999999999999893e+00 1.999999955296516418e-02 -3.600328979492187500e+02
1.321699762344360352e+01 3.450000000000000178e+00 1.999999955296516418e-02 -2.699837036132812500e+02
1.332899260520935059e+01 3.430000000000000160e+00 1.999999955296516418e-02 -2.699837036132812500e+02
1.341499781608581543e+01 3.459999999999999964e+00 1.999999955296516418e-02 -2.699837036132812500e+02
1.350899720191955566e+01 3.450000000000000178e+00 1.999999955296516418e-02 -4.499728393554687500e+02
1.362203574180603027e+01 3.470000000000000195e+00 1.999999955296516418e-02 -5.399674072265625000e+02
1.372899127006530762e+01 3.370000000000000107e+00 1.999999955296516418e-02 -4.499728393554687500e+02
1.382400202751159668e+01 3.370000000000000107e+00 1.999999955296516418e-02 -3.599782714843750000e+02
1.391499805450439453e+01 3.390000000000000124e+00 1.999999955296516418e-02 -3.600328979492187500e+02
1.402202701568603516e+01 3.370000000000000107e+00 1.999999955296516418e-02 -2.699837036132812500e+02
1.411300492286682129e+01 3.439999999999999947e+00 1.999999955296516418e-02 -1.799891357421875000e+02
1.422204661369323730e+01 3.419999999999999929e+00 1.999999955296516418e-02 -2.700383605957031250e+02
1.431499505043029785e+01 3.459999999999999964e+00 1.999999955296516418e-02 -3.600055847167968750e+02
1.442799425125122070e+01 3.370000000000000107e+00 1.999999955296516418e-02 -2.700110473632812500e+02
1.452204084396362305e+01 3.419999999999999929e+00 1.999999955296516418e-02 -3.600055847167968750e+02
1.463002896308898926e+01 3.370000000000000107e+00 1.999999955296516418e-02 -3.599782714843750000e+02
1.471999382972717285e+01 3.410000000000000142e+00 1.999999955296516418e-02 -4.500001525878906250e+02
1.481499743461608887e+01 3.410000000000000142e+00 1.999999955296516418e-02 -4.500001525878906250e+02
1.492300939559936523e+01 3.279999999999999805e+00 1.999999955296516418e-02 -8.999456787109375000e+01
1.501199340820312500e+01 3.379999999999999893e+00 1.999999955296516418e-02 -9.000822448730468750e+01
1.513004159927368164e+01 3.529999999999999805e+00 1.999999955296516418e-02 -3.599919128417968750e+02
1.521902847290039062e+01 3.479999999999999982e+00 1.999999955296516418e-02 -5.400084228515625000e+02
1.532699608802795410e+01 3.410000000000000142e+00 1.999999955296516418e-02 -5.400084228515625000e+02
1.542202782630920410e+01 3.439999999999999947e+00 1.999999955296516418e-02 -4.500001525878906250e+02
1.551199388504028320e+01 3.419999999999999929e+00 1.999999955296516418e-02 -4.500001525878906250e+02
1.561999273300170898e+01 3.419999999999999929e+00 1.999999955296516418e-02 -3.600004882812500000e+02
1.571404147148132324e+01 3.430000000000000160e+00 1.999999955296516418e-02 -4.500001525878906250e+02
1.582699441909790039e+01 3.350000000000000089e+00 1.999999955296516418e-02 -3.599987487792968750e+02
1.591199660301208496e+01 3.330000000000000071e+00 1.999999955296516418e-02 -3.600055847167968750e+02
1.602899980545043945e+01 3.459999999999999964e+00 1.999999955296516418e-02 -3.600055847167968750e+02
1.611999773979187012e+01 3.450000000000000178e+00 1.999999955296516418e-02 -2.699973754882812500e+02
1.622700691223144531e+01 3.470000000000000195e+00 1.999999955296516418e-02 -2.700110473632812500e+02
1.631804180145263672e+01 3.490000000000000213e+00 1.999999955296516418e-02 -3.600055847167968750e+02
1.641199684143066406e+01 3.479999999999999982e+00 1.999999955296516418e-02 -2.700110473632812500e+02
1.651999330520629883e+01 3.479999999999999982e+00 1.999999955296516418e-02 -2.699837036132812500e+02
1.661002969741821289e+01 3.470000000000000195e+00 1.999999955296516418e-02 -3.600055847167968750e+02
1.672699403762817383e+01 3.479999999999999982e+00 1.999999955296516418e-02 -4.500001525878906250e+02
1.681310820579528809e+01 3.430000000000000160e+00 1.999999955296516418e-02 -3.600055847167968750e+02
1.692499876022338867e+01 3.490000000000000213e+00 1.999999955296516418e-02 -3.600328979492187500e+02
1.701999306678771973e+01 3.450000000000000178e+00 1.999999955296516418e-02 -3.599782714843750000e+02
1.712799596786499023e+01 3.359999999999999876e+00 1.999999955296516418e-02 -1.799891357421875000e+02
1.721699261665344238e+01 3.430000000000000160e+00 1.999999955296516418e-02 -3.600328979492187500e+02
1.731199383735656738e+01 3.439999999999999947e+00 1.999999955296516418e-02 -3.599782714843750000e+02
1.742399907112121582e+01 3.439999999999999947e+00 1.999999955296516418e-02 -3.600328979492187500e+02
1.751003217697143555e+01 3.439999999999999947e+00 1.999999955296516418e-02 -3.599782714843750000e+02
1.762699460983276367e+01 3.450000000000000178e+00 1.999999955296516418e-02 -3.599782714843750000e+02
1.771699523925781250e+01 3.430000000000000160e+00 1.999999955296516418e-02 -2.699837036132812500e+02
1.782499384880065918e+01 3.459999999999999964e+00 1.999999955296516418e-02 -4.499728393554687500e+02
1.791899585723876953e+01 3.459999999999999964e+00 1.999999955296516418e-02 -3.600328979492187500e+02
1.801004958152770996e+01 3.319999999999999840e+00 1.999999955296516418e-02 -2.700383605957031250e+02
1.811699247360229492e+01 3.470000000000000195e+00 1.999999955296516418e-02 -2.700383605957031250e+02
1.820799565315246582e+01 3.439999999999999947e+00 1.999999955296516418e-02 -3.599782714843750000e+02
1.832509183883666992e+01 3.459999999999999964e+00 1.999999955296516418e-02 -4.500274658203125000e+02
1.841003060340881348e+01 3.410000000000000142e+00 1.999999955296516418e-02 -5.399674072265625000e+02
1.852302527427673340e+01 3.330000000000000071e+00 1.999999955296516418e-02 -5.400767211914062500e+02
1.861699652671813965e+01 3.379999999999999893e+00 1.999999955296516418e-02 -5.400767211914062500e+02
1.872499465942382812e+01 3.410000000000000142e+00 1.999999955296516418e-02 -3.599782714843750000e+02
1.881500029563903809e+01 3.470000000000000195e+00 1.999999955296516418e-02 -5.399674072265625000e+02
1.891003489494323730e+01 3.419999999999999929e+00 1.999999955296516418e-02 -4.500274658203125000e+02
1.901803421974182129e+01 3.299999999999999822e+00 1.999999955296516418e-02 -2.700383605957031250e+02
1.912202906608581543e+01 3.410000000000000142e+00 1.999999955296516418e-02 -3.599782714843750000e+02
1.922499799728393555e+01 3.419999999999999929e+00 1.999999955296516418e-02 -3.599782714843750000e+02
1.931403732299804688e+01 3.410000000000000142e+00 1.999999955296516418e-02 -4.500274658203125000e+02
1.942203497886657715e+01 3.419999999999999929e+00 1.999999955296516418e-02 -2.700383605957031250e+02
1.951699614524841309e+01 3.319999999999999840e+00 1.999999955296516418e-02 -8.993992614746093750e+01
1.962899494171142578e+01 3.410000000000000142e+00 1.999999955296516418e-02 0.000000000000000000e+00
1.971499729156494141e+01 3.589999999999999858e+00 1.999999955296516418e-02 0.000000000000000000e+00
1.980900621414184570e+01 3.580000000000000071e+00 1.999999955296516418e-02 0.000000000000000000e+00
1.992202782630920410e+01 3.580000000000000071e+00 1.999999955296516418e-02 -4.500274658203125000e+02
2.003002834320068359e+01 3.439999999999999947e+00 1.999999955296516418e-02 -2.699290771484375000e+02
2.012400031089782715e+01 3.410000000000000142e+00 1.999999955296516418e-02 -2.700383605957031250e+02
2.021499776840209961e+01 3.450000000000000178e+00 1.999999955296516418e-02 -4.499181823730468750e+02
2.032204127311706543e+01 3.450000000000000178e+00 1.999999955296516418e-02 -3.599782714843750000e+02
2.041299629211425781e+01 3.470000000000000195e+00 1.999999955296516418e-02 -3.599782714843750000e+02
2.053004336357116699e+01 3.479999999999999982e+00 1.999999955296516418e-02 -3.599782714843750000e+02
2.061500215530395508e+01 3.459999999999999964e+00 1.999999955296516418e-02 -4.499181823730468750e+02
2.072799301147460938e+01 3.470000000000000195e+00 1.999999955296516418e-02 -3.600875549316406250e+02
2.082203483581542969e+01 3.459999999999999964e+00 1.999999955296516418e-02 -4.499181823730468750e+02
2.093003225326538086e+01 3.439999999999999947e+00 1.999999955296516418e-02 -4.500274658203125000e+02
2.101999402046203613e+01 3.419999999999999929e+00 1.999999955296516418e-02 -2.699290771484375000e+02
2.111499834060668945e+01 3.430000000000000160e+00 1.999999955296516418e-02 -3.599782714843750000e+02
2.122299528121948242e+01 3.399999999999999911e+00 1.999999955296516418e-02 0.000000000000000000e+00
2.131199455261230469e+01 3.140000000000000124e+00 1.999999955296516418e-02 0.000000000000000000e+00
2.143003296852111816e+01 3.240000000000000213e+00 1.999999955296516418e-02 0.000000000000000000e+00
2.151899552345275879e+01 3.339999999999999858e+00 1.999999955296516418e-02 0.000000000000000000e+00
2.162699985504150391e+01 3.149999999999999911e+00 1.999999955296516418e-02 0.000000000000000000e+00
2.172203660011291504e+01 2.439999999999999947e+00 1.999999955296516418e-02 0.000000000000000000e+00
2.181198620796203613e+01 2.009999999999999787e+00 1.999999955296516418e-02 0.000000000000000000e+00
2.191999316215515137e+01 1.629999999999999893e+00 1.999999955296516418e-02 0.000000000000000000e+00
2.201403045654296875e+01 1.419999999999999929e+00 1.999999955296516418e-02 0.000000000000000000e+00
2.212699675559997559e+01 2.290000000000000036e+00 5.000000074505805969e-02 7.199565429687500000e+02
2.221199369430541992e+01 3.640000000000000124e+00 5.000000074505805969e-02 1.798798522949218750e+02
2.232909345626831055e+01 3.589999999999999858e+00 5.000000074505805969e-02 9.004920959472656250e+01
2.241999578475952148e+01 3.560000000000000053e+00 5.000000074505805969e-02 1.800984191894531250e+02
2.252699613571166992e+01 3.520000000000000018e+00 5.000000074505805969e-02 9.004920959472656250e+01
2.261803531646728516e+01 3.620000000000000107e+00 5.000000074505805969e-02 8.993992614746093750e+01
2.271199369430541992e+01 3.660000000000000142e+00 5.000000074505805969e-02 2.699290771484375000e+02
2.281999659538269043e+01 3.589999999999999858e+00 5.000000074505805969e-02 5.399674072265625000e+02
2.291004705429077148e+01 3.680000000000000160e+00 5.000000074505805969e-02 3.599782714843750000e+02
2.302699732780456543e+01 3.729999999999999982e+00 5.000000074505805969e-02 0.000000000000000000e+00
2.311300826072692871e+01 3.600000000000000089e+00 5.000000074505805969e-02 8.993992614746093750e+01
2.322509527206420898e+01 3.529999999999999805e+00 5.000000074505805969e-02 5.399674072265625000e+02
2.331999707221984863e+01 3.649999999999999911e+00 5.000000074505805969e-02 4.499181823730468750e+02
2.342799448966979980e+01 3.669999999999999929e+00 5.000000074505805969e-02 3.599782714843750000e+02
2.351699757575988770e+01 3.669999999999999929e+00 5.000000074505805969e-02 1.799891357421875000e+02
2.361199331283569336e+01 3.620000000000000107e+00 5.000000074505805969e-02 9.004920959472656250e+01
2.372399902343750000e+01 3.479999999999999982e+00 5.000000074505805969e-02 1.799891357421875000e+02
2.381003928184509277e+01 3.580000000000000071e+00 5.000000074505805969e-02 3.599782714843750000e+02
2.392699551582336426e+01 3.600000000000000089e+00 5.000000074505805969e-02 2.700383605957031250e+02
2.401699328422546387e+01 3.529999999999999805e+00 5.000000074505805969e-02 4.500274658203125000e+02
2.412502598762512207e+01 3.589999999999999858e+00 5.000000074505805969e-02 3.599782714843750000e+02
2.421899461746215820e+01 3.609999999999999876e+00 5.000000074505805969e-02 4.500274658203125000e+02
2.431003308296203613e+01 3.529999999999999805e+00 5.000000074505805969e-02 2.700383605957031250e+02
2.441699504852294922e+01 3.560000000000000053e+00 5.000000074505805969e-02 2.700383605957031250e+02
2.450799226760864258e+01 3.569999999999999840e+00 5.000000074505805969e-02 2.699290771484375000e+02
2.462499690055847168e+01 3.560000000000000053e+00 5.000000074505805969e-02 3.599782714843750000e+02
2.471003985404968262e+01 3.549999999999999822e+00 5.000000074505805969e-02 4.500274658203125000e+02
2.482299470901489258e+01 3.529999999999999805e+00 5.000000074505805969e-02 4.500274658203125000e+02
2.491699242591857910e+01 3.629999999999999893e+00 5.000000074505805969e-02 3.599782714843750000e+02
2.502499747276306152e+01 3.680000000000000160e+00 5.000000074505805969e-02 3.600875549316406250e+02
2.511499714851379395e+01 3.660000000000000142e+00 5.000000074505805969e-02 8.993992614746093750e+01
2.521004223823547363e+01 3.609999999999999876e+00 5.000000074505805969e-02 9.004920959472656250e+01
2.531805539131164551e+01 3.589999999999999858e+00 5.000000074505805969e-02 2.700383605957031250e+02
2.540699553489685059e+01 3.589999999999999858e+00 5.000000074505805969e-02 1.800984191894531250e+02
2.552499508857727051e+01 3.549999999999999822e+00 5.000000074505805969e-02 4.500274658203125000e+02
2.561404085159301758e+01 3.600000000000000089e+00 5.000000074505805969e-02 3.599782714843750000e+02
2.572203660011291504e+01 3.669999999999999929e+00 5.000000074505805969e-02 2.699837036132812500e+02
2.581699275970458984e+01 3.660000000000000142e+00 5.000000074505805969e-02 3.599782714843750000e+02
2.592899298667907715e+01 3.560000000000000053e+00 5.000000074505805969e-02 4.499728393554687500e+02
2.601499819755554199e+01 3.609999999999999876e+00 5.000000074505805969e-02 3.600328979492187500e+02
2.610899639129638672e+01 3.580000000000000071e+00 5.000000074505805969e-02 1.799891357421875000e+02
2.622203516960144043e+01 3.609999999999999876e+00 5.000000074505805969e-02 1.799891357421875000e+02
2.632203745841979980e+01 3.629999999999999893e+00 5.000000074505805969e-02 3.600328979492187500e+02
2.642399573326110840e+01 3.629999999999999893e+00 5.000000074505805969e-02 4.499728393554687500e+02
2.651499795913696289e+01 3.649999999999999911e+00 5.000000074505805969e-02 3.599782714843750000e+02
2.662203502655029297e+01 3.620000000000000107e+00 5.000000074505805969e-02 3.599782714843750000e+02
2.671299362182617188e+01 3.609999999999999876e+00 5.000000074505805969e-02 4.500274658203125000e+02
2.681299448013305664e+01 3.680000000000000160e+00 5.000000074505805969e-02 3.599782714843750000e+02
2.691499781608581543e+01 3.680000000000000160e+00 5.000000074505805969e-02 3.599782714843750000e+02
2.702800059318542480e+01 3.569999999999999840e+00 5.000000074505805969e-02 3.599782714843750000e+02
2.712204885482788086e+01 3.560000000000000053e+00 5.000000074505805969e-02 2.699837036132812500e+02
2.723003315925598145e+01 3.479999999999999982e+00 5.000000074505805969e-02 3.600055847167968750e+02
2.731999373435974121e+01 3.549999999999999822e+00 5.000000074505805969e-02 2.699837036132812500e+02
2.741499710083007812e+01 3.549999999999999822e+00 5.000000074505805969e-02 3.600055847167968750e+02
2.752299451828002930e+01 3.529999999999999805e+00 5.000000074505805969e-02 4.500001525878906250e+02
2.761199641227722168e+01 3.520000000000000018e+00 5.000000074505805969e-02 3.600055847167968750e+02
2.772899723052978516e+01 3.520000000000000018e+00 5.000000074505805969e-02 3.600055847167968750e+02
2.781899785995483398e+01 3.600000000000000089e+00 5.000000074505805969e-02 3.600055847167968750e+02
2.792699456214904785e+01 3.560000000000000053e+00 5.000000074505805969e-02 2.699973754882812500e+02
2.802203345298767090e+01 3.569999999999999840e+00 5.000000074505805969e-02 1.800027923583984375e+02
2.811199331283569336e+01 3.520000000000000018e+00 5.000000074505805969e-02 2.700007934570312500e+02
2.821999526023864746e+01 3.470000000000000195e+00 5.000000074505805969e-02 3.600004882812500000e+02
2.831404042243957520e+01 3.479999999999999982e+00 5.000000074505805969e-02 4.500001525878906250e+02
2.842699527740478516e+01 3.589999999999999858e+00 5.000000074505805969e-02 5.400015869140625000e+02
2.851199245452880859e+01 3.629999999999999893e+00 5.000000074505805969e-02 2.699973754882812500e+02
2.862900805473327637e+01 3.560000000000000053e+00 5.000000074505805969e-02 2.699973754882812500e+02
2.871999359130859375e+01 3.540000000000000036e+00 5.000000074505805969e-02 4.500001525878906250e+02
2.882699489593505859e+01 3.600000000000000089e+00 5.000000074505805969e-02 5.399947509765625000e+02
2.891803455352783203e+01 3.689999999999999947e+00 5.000000074505805969e-02 2.700110473632812500e+02
2.901199555397033691e+01 3.649999999999999911e+00 5.000000074505805969e-02 8.999456787109375000e+01
2.911999273300170898e+01 3.589999999999999858e+00 5.000000074505805969e-02 8.999456787109375000e+01
2.921003651618957520e+01 3.569999999999999840e+00 5.000000074505805969e-02 2.699837036132812500e+02
2.932699680328369141e+01 3.560000000000000053e+00 5.000000074505805969e-02 2.699837036132812500e+02
2.941299414634704590e+01 3.569999999999999840e+00 5.000000074505805969e-02 3.599782714843750000e+02
2.952502369880676270e+01 3.620000000000000107e+00 5.000000074505805969e-02 4.500001525878906250e+02
2.961999249458312988e+01 3.609999999999999876e+00 5.000000074505805969e-02 4.500001525878906250e+02
2.972799253463745117e+01 3.600000000000000089e+00 5.000000074505805969e-02 3.599782714843750000e+02
2.981699419021606445e+01 3.609999999999999876e+00 5.000000074505805969e-02 2.699837036132812500e+02
2.991199159622192383e+01 3.629999999999999893e+00 5.000000074505805969e-02 1.799891357421875000e+02
3.002399897575378418e+01 3.620000000000000107e+00 5.000000074505805969e-02 2.700383605957031250e+02
3.011002755165100098e+01 3.589999999999999858e+00 5.000000074505805969e-02 4.499728393554687500e+02
3.022699570655822754e+01 3.660000000000000142e+00 5.000000074505805969e-02 4.499728393554687500e+02
3.031700325012207031e+01 3.660000000000000142e+00 5.000000074505805969e-02 4.499728393554687500e+02
3.042499566078186035e+01 3.689999999999999947e+00 5.000000074505805969e-02 3.600328979492187500e+02
3.051899290084838867e+01 3.740000000000000213e+00 5.000000074505805969e-02 3.599782714843750000e+02
3.061002612113952637e+01 3.709999999999999964e+00 5.000000074505805969e-02 3.599782714843750000e+02
3.071699666976928711e+01 3.680000000000000160e+00 5.000000074505805969e-02 2.699837036132812500e+02
3.080799269676208496e+01 3.580000000000000071e+00 5.000000074505805969e-02 3.599782714843750000e+02
3.092502498626708984e+01 3.589999999999999858e+00 5.000000074505805969e-02 2.700383605957031250e+02
3.101008343696594238e+01 3.629999999999999893e+00 5.000000074505805969e-02 2.699290771484375000e+02
3.112300062179565430e+01 3.600000000000000089e+00 5.000000074505805969e-02 3.600875549316406250e+02
3.121699738502502441e+01 3.620000000000000107e+00 5.000000074505805969e-02 3.599782714843750000e+02
3.132499575614929199e+01 3.569999999999999840e+00 5.000000074505805969e-02 4.500274658203125000e+02
3.141500186920166016e+01 3.620000000000000107e+00 5.000000074505805969e-02 4.500274658203125000e+02
3.151003408432006836e+01 3.689999999999999947e+00 5.000000074505805969e-02 4.500274658203125000e+02
3.161802864074707031e+01 3.700000000000000178e+00 5.000000074505805969e-02 4.499181823730468750e+02
3.172899317741394043e+01 3.660000000000000142e+00 5.000000074505805969e-02 4.500274658203125000e+02
3.182500195503234863e+01 3.569999999999999840e+00 5.000000074505805969e-02 4.499181823730468750e+02
3.191402912139892578e+01 3.589999999999999858e+00 5.000000074505805969e-02 4.500274658203125000e+02
3.202203965187072754e+01 3.629999999999999893e+00 5.000000074505805969e-02 3.599782714843750000e+02
3.211699342727661133e+01 3.640000000000000124e+00 5.000000074505805969e-02 3.599782714843750000e+02
3.222900366783142090e+01 3.560000000000000053e+00 5.000000074505805969e-02 3.599782714843750000e+02
3.231499958038330078e+01 3.529999999999999805e+00 5.000000074505805969e-02 3.599782714843750000e+02
3.240899562835693359e+01 3.689999999999999947e+00 5.000000074505805969e-02 2.700383605957031250e+02
3.252204179763793945e+01 3.569999999999999840e+00 5.000000074505805969e-02 4.500274658203125000e+02
3.263004660606384277e+01 3.560000000000000053e+00 5.000000074505805969e-02 4.499181823730468750e+02
3.272399878501892090e+01 3.560000000000000053e+00 5.000000074505805969e-02 2.700383605957031250e+02
3.281500005722045898e+01 3.500000000000000000e+00 5.000000074505805969e-02 2.700383605957031250e+02
3.292203474044799805e+01 3.520000000000000018e+00 5.000000074505805969e-02 5.400767211914062500e+02
3.301300978660583496e+01 3.589999999999999858e+00 5.000000074505805969e-02 4.500274658203125000e+02
3.311405110359191895e+01 3.589999999999999858e+00 5.000000074505805969e-02 3.599782714843750000e+02
3.321499729156494141e+01 3.609999999999999876e+00 5.000000074505805969e-02 2.700383605957031250e+02
3.332799625396728516e+01 3.569999999999999840e+00 5.000000074505805969e-02 3.599782714843750000e+02
3.342204809188842773e+01 3.640000000000000124e+00 5.000000074505805969e-02 2.701476440429687500e+02
3.353003334999084473e+01 3.629999999999999893e+00 5.000000074505805969e-02 4.500274658203125000e+02
3.361999702453613281e+01 3.620000000000000107e+00 5.000000074505805969e-02 5.400767211914062500e+02
3.371499872207641602e+01 3.629999999999999893e+00 5.000000074505805969e-02 4.500274658203125000e+02
3.382310104370117188e+01 3.669999999999999929e+00 5.000000074505805969e-02 2.699290771484375000e+02
3.391199803352355957e+01 3.680000000000000160e+00 5.000000074505805969e-02 1.798798522949218750e+02
3.403011894226074219e+01 3.660000000000000142e+00 5.000000074505805969e-02 2.701476440429687500e+02
3.411899471282958984e+01 3.660000000000000142e+00 5.000000074505805969e-02 2.699290771484375000e+02
3.422699832916259766e+01 3.609999999999999876e+00 5.000000074505805969e-02 1.800984191894531250e+02
3.432212996482849121e+01 3.649999999999999911e+00 5.000000074505805969e-02 9.004920959472656250e+01
3.441199588775634766e+01 3.649999999999999911e+00 5.000000074505805969e-02 0.000000000000000000e+00
3.451999425888061523e+01 3.620000000000000107e+00 5.000000074505805969e-02 0.000000000000000000e+00
3.461404085159301758e+01 3.640000000000000124e+00 5.000000074505805969e-02 2.699290771484375000e+02
3.472699236869812012e+01 3.490000000000000213e+00 5.000000074505805969e-02 4.500274658203125000e+02
3.481199264526367188e+01 3.620000000000000107e+00 5.000000074505805969e-02 4.500274658203125000e+02
3.492899537086486816e+01 3.660000000000000142e+00 5.000000074505805969e-02 4.500274658203125000e+02
3.501999330520629883e+01 3.700000000000000178e+00 5.000000074505805969e-02 3.599782714843750000e+02
3.512699818611145020e+01 3.660000000000000142e+00 5.000000074505805969e-02 4.500274658203125000e+02
3.521803212165832520e+01 3.660000000000000142e+00 5.000000074505805969e-02 5.400767211914062500e+02
3.531199264526367188e+01 3.689999999999999947e+00 5.000000074505805969e-02 4.500274658203125000e+02
3.541999292373657227e+01 3.640000000000000124e+00 5.000000074505805969e-02 2.701476440429687500e+02
3.551003527641296387e+01 3.649999999999999911e+00 5.000000074505805969e-02 9.004920959472656250e+01
3.562699580192565918e+01 3.490000000000000213e+00 5.000000074505805969e-02 9.004920959472656250e+01
3.571310138702392578e+01 3.479999999999999982e+00 5.000000074505805969e-02 1.798798522949218750e+02
3.582499742507934570e+01 3.549999999999999822e+00 5.000000074505805969e-02 4.500274658203125000e+02
3.591999173164367676e+01 3.669999999999999929e+00 5.000000074505805969e-02 2.701476440429687500e+02
3.602799487113952637e+01 3.660000000000000142e+00 5.000000074505805969e-02 2.699290771484375000e+02
3.611699986457824707e+01 3.620000000000000107e+00 5.000000074505805969e-02 3.599782714843750000e+02
3.621200633049011230e+01 3.600000000000000089e+00 5.000000074505805969e-02 3.599782714843750000e+02
3.632400059700012207e+01 3.589999999999999858e+00 5.000000074505805969e-02 4.500274658203125000e+02
3.641003346443176270e+01 3.620000000000000107e+00 5.000000074505805969e-02 4.500274658203125000e+02
3.652699756622314453e+01 3.629999999999999893e+00 5.000000074505805969e-02 9.004920959472656250e+01
3.661699485778808594e+01 3.520000000000000018e+00 5.000000074505805969e-02 1.798798522949218750e+02
3.672499465942382812e+01 3.470000000000000195e+00 5.000000074505805969e-02 3.599782714843750000e+02
3.681899976730346680e+01 3.520000000000000018e+00 5.000000074505805969e-02 4.500274658203125000e+02
3.691004061698913574e+01 3.569999999999999840e+00 5.000000074505805969e-02 4.500274658203125000e+02
3.701699423789978027e+01 3.629999999999999893e+00 5.000000074505805969e-02 4.500274658203125000e+02
3.710799479484558105e+01 3.649999999999999911e+00 5.000000074505805969e-02 4.500274658203125000e+02
3.722499465942382812e+01 3.540000000000000036e+00 5.000000074505805969e-02 4.500274658203125000e+02
3.731004834175109863e+01 3.580000000000000071e+00 5.000000074505805969e-02 4.500274658203125000e+02
3.742300033569335938e+01 3.640000000000000124e+00 5.000000074505805969e-02 4.500274658203125000e+02
3.751699280738830566e+01 3.620000000000000107e+00 5.000000074505805969e-02 3.599782714843750000e+02
3.762499451637268066e+01 3.549999999999999822e+00 5.000000074505805969e-02 3.599782714843750000e+02
3.771499681472778320e+01 3.549999999999999822e+00 5.000000074505805969e-02 3.599782714843750000e+02
3.781002783775329590e+01 3.609999999999999876e+00 5.000000074505805969e-02 4.500274658203125000e+02
3.791803789138793945e+01 3.669999999999999929e+00 5.000000074505805969e-02 3.599782714843750000e+02
3.803005933761596680e+01 3.669999999999999929e+00 5.000000074505805969e-02 3.599782714843750000e+02
3.812499451637268066e+01 3.669999999999999929e+00 5.000000074505805969e-02 3.599782714843750000e+02
3.821404051780700684e+01 3.669999999999999929e+00 5.000000074505805969e-02 3.599782714843750000e+02
3.832203507423400879e+01 3.700000000000000178e+00 5.000000074505805969e-02 4.500274658203125000e+02
3.841699695587158203e+01 3.669999999999999929e+00 5.000000074505805969e-02 4.500274658203125000e+02
3.852899599075317383e+01 3.700000000000000178e+00 5.000000074505805969e-02 3.599782714843750000e+02
3.861500024795532227e+01 3.620000000000000107e+00 5.000000074505805969e-02 3.599782714843750000e+02
3.870899534225463867e+01 3.689999999999999947e+00 5.000000074505805969e-02 3.599782714843750000e+02
3.882202816009521484e+01 3.640000000000000124e+00 5.000000074505805969e-02 2.699290771484375000e+02
3.893003749847412109e+01 3.589999999999999858e+00 5.000000074505805969e-02 3.597597045898437500e+02
3.902399587631225586e+01 3.609999999999999876e+00 5.000000074505805969e-02 4.498088989257812500e+02
3.911499857902526855e+01 3.620000000000000107e+00 5.000000074505805969e-02 4.498088989257812500e+02
3.922204208374023438e+01 3.680000000000000160e+00 5.000000074505805969e-02 2.701476440429687500e+02
3.931299471855163574e+01 3.629999999999999893e+00 5.000000074505805969e-02 3.601968383789062500e+02
3.943004250526428223e+01 3.640000000000000124e+00 5.000000074505805969e-02 4.498088989257812500e+02
3.951500320434570312e+01 3.609999999999999876e+00 5.000000074505805969e-02 3.601968383789062500e+02
3.962799286842346191e+01 3.529999999999999805e+00 5.000000074505805969e-02 4.502460327148437500e+02
3.972203254699707031e+01 3.609999999999999876e+00 5.000000074505805969e-02 3.601968383789062500e+02
3.983003425598144531e+01 3.589999999999999858e+00 5.000000074505805969e-02 5.402952880859375000e+02
3.991999197006225586e+01 3.540000000000000036e+00 5.000000074505805969e-02 5.398581542968750000e+02
4.001500105857849121e+01 3.640000000000000124e+00 5.000000074505805969e-02 5.398581542968750000e+02
4.012299585342407227e+01 3.660000000000000142e+00 5.000000074505805969e-02 4.502460327148437500e+02
4.021199297904968262e+01 3.629999999999999893e+00 5.000000074505805969e-02 3.601968383789062500e+02
4.033003258705139160e+01 3.609999999999999876e+00 5.000000074505805969e-02 4.498088989257812500e+02
4.041899585723876953e+01 3.540000000000000036e+00 5.000000074505805969e-02 6.303444213867187500e+02
4.052699470520019531e+01 3.580000000000000071e+00 5.000000074505805969e-02 5.398581542968750000e+02
4.062203574180603027e+01 3.589999999999999858e+00 5.000000074505805969e-02 3.601968383789062500e+02
4.071199536323547363e+01 3.549999999999999822e+00 5.000000074505805969e-02 3.597597045898437500e+02
4.081999254226684570e+01 3.529999999999999805e+00 5.000000074505805969e-02 2.701476440429687500e+02
4.091403293609619141e+01 3.629999999999999893e+00 5.000000074505805969e-02 0.000000000000000000e+00
4.102699708938598633e+01 3.620000000000000107e+00 5.000000074505805969e-02 9.004920959472656250e+01
4.111199355125427246e+01 3.470000000000000195e+00 5.000000074505805969e-02 0.000000000000000000e+00
4.122899389266967773e+01 3.509999999999999787e+00 5.000000074505805969e-02 9.004920959472656250e+01
4.131999349594116211e+01 3.649999999999999911e+00 5.000000074505805969e-02 0.000000000000000000e+00
4.142699718475341797e+01 3.720000000000000195e+00 5.000000074505805969e-02 0.000000000000000000e+00
4.151803636550903320e+01 3.689999999999999947e+00 5.000000074505805969e-02 0.000000000000000000e+00
4.161199331283569336e+01 4.519999999999999574e+00 5.000000074505805969e-02 0.000000000000000000e+00
4.171999359130859375e+01 5.969999999999999751e+00 5.000000074505805969e-02 0.000000000000000000e+00
4.181003427505493164e+01 6.639999999999999680e+00 1.999999955296516418e-02 -7.199565429687500000e+02
4.192699360847473145e+01 3.589999999999999858e+00 1.999999955296516418e-02 -9.000549316406250000e+02
4.201299548149108887e+01 3.370000000000000107e+00 1.999999955296516418e-02 -7.199565429687500000e+02
4.212499332427978516e+01 3.439999999999999947e+00 1.999999955296516418e-02 -8.100057373046875000e+02
4.221999192237854004e+01 3.430000000000000160e+00 1.999999955296516418e-02 -8.100057373046875000e+02
4.232799220085144043e+01 3.470000000000000195e+00 1.999999955296516418e-02 -9.000549316406250000e+02
4.241699361801147461e+01 3.419999999999999929e+00 1.999999955296516418e-02 -9.000549316406250000e+02
4.251199221611022949e+01 3.390000000000000124e+00 1.999999955296516418e-02 -7.199565429687500000e+02
4.262399792671203613e+01 3.450000000000000178e+00 1.999999955296516418e-02 -9.000549316406250000e+02
4.271003007888793945e+01 3.439999999999999947e+00 1.999999955296516418e-02 -9.901042480468750000e+02
4.282699680328369141e+01 3.500000000000000000e+00 1.999999955296516418e-02 -1.079934814453125000e+03
4.291699266433715820e+01 3.459999999999999964e+00 1.999999955296516418e-02 -9.898856811523437500e+02
4.302499532699584961e+01 3.470000000000000195e+00 1.999999955296516418e-02 -1.079934814453125000e+03
4.311899518966674805e+01 3.359999999999999876e+00 1.999999955296516418e-02 -1.079934814453125000e+03
4.321004533767700195e+01 3.390000000000000124e+00 1.999999955296516418e-02 -1.080153442382812500e+03
4.331699204444885254e+01 3.459999999999999964e+00 1.999999955296516418e-02 -1.080153442382812500e+03
4.340799355506896973e+01 3.390000000000000124e+00 1.999999955296516418e-02 -1.079934814453125000e+03
4.352499556541442871e+01 3.379999999999999893e+00 1.999999955296516418e-02 -1.349863891601562500e+03
4.361003279685974121e+01 3.390000000000000124e+00 1.999999955296516418e-02 -1.259814575195312500e+03
4.372299242019653320e+01 3.370000000000000107e+00 1.999999955296516418e-02 -1.350082397460937500e+03
4.381699299812316895e+01 3.450000000000000178e+00 1.999999955296516418e-02 -1.439913085937500000e+03
4.392499470710754395e+01 3.410000000000000142e+00 1.999999955296516418e-02 -1.529962280273437500e+03
4.401499795913696289e+01 3.450000000000000178e+00 1.999999955296516418e-02 -1.710060668945312500e+03
4.411004352569580078e+01 3.339999999999999858e+00 1.999999955296516418e-02 -1.620011474609375000e+03
4.421803212165832520e+01 3.359999999999999876e+00 1.999999955296516418e-02 -1.710060668945312500e+03
4.432203507423400879e+01 3.370000000000000107e+00 1.999999955296516418e-02 -1.800000610351562500e+03
4.442499446868896484e+01 3.310000000000000053e+00 1.999999955296516418e-02 -1.800000610351562500e+03
4.451405549049377441e+01 3.350000000000000089e+00 1.999999955296516418e-02 -1.800000610351562500e+03
4.462204337120056152e+01 3.330000000000000071e+00 1.999999955296516418e-02 -1.710060668945312500e+03
4.471699476242065430e+01 3.339999999999999858e+00 1.999999955296516418e-02 -1.620011474609375000e+03
4.482899308204650879e+01 3.310000000000000053e+00 1.999999955296516418e-02 -1.350027709960937500e+03
4.491499614715576172e+01 3.310000000000000053e+00 1.999999955296516418e-02 -1.259978515625000000e+03
4.500899362564086914e+01 3.299999999999999822e+00 1.999999955296516418e-02 -1.079989501953125000e+03
4.512203741073608398e+01 3.310000000000000053e+00 1.999999955296516418e-02 -8.099511108398437500e+02
4.521803736686706543e+01 3.350000000000000089e+00 1.999999955296516418e-02 -6.300166015625000000e+02
4.532399845123291016e+01 3.430000000000000160e+00 1.999999955296516418e-02 -9.000003051757812500e+02
4.541499495506286621e+01 3.399999999999999911e+00 1.999999955296516418e-02 -9.000003051757812500e+02
4.552203297615051270e+01 3.339999999999999858e+00 1.999999955296516418e-02 -8.100057373046875000e+02
4.561299538612365723e+01 3.370000000000000107e+00 1.999999955296516418e-02 -7.199974975585937500e+02
4.573003768920898438e+01 3.419999999999999929e+00 1.999999955296516418e-02 -8.100023803710937500e+02
4.581499552726745605e+01 3.459999999999999964e+00 1.999999955296516418e-02 -9.000003051757812500e+02
4.592799472808837891e+01 3.450000000000000178e+00 1.999999955296516418e-02 -9.899949340820312500e+02
4.602203655242919922e+01 3.399999999999999911e+00 1.999999955296516418e-02 -9.899949340820312500e+02
4.613013601303100586e+01 3.459999999999999964e+00 1.999999955296516418e-02 -1.169984008789062500e+03
4.621999311447143555e+01 3.410000000000000142e+00 1.999999955296516418e-02 -1.080044189453125000e+03
4.631509280204772949e+01 3.339999999999999858e+00 1.999999955296516418e-02 -9.899949340820312500e+02
4.642299962043762207e+01 3.319999999999999840e+00 1.999999955296516418e-02 -8.100057373046875000e+02
4.651199269294738770e+01 3.390000000000000124e+00 1.999999955296516418e-02 -7.200111694335937500e+02
4.663003468513488770e+01 3.419999999999999929e+00 1.999999955296516418e-02 -7.200111694335937500e+02
4.671899485588073730e+01 3.379999999999999893e+00 1.999999955296516418e-02 -7.200111694335937500e+02
4.682699871063232422e+01 3.419999999999999929e+00 1.999999955296516418e-02 -8.999456787109375000e+02
4.692203307151794434e+01 3.459999999999999964e+00 1.999999955296516418e-02 -1.259923950195312500e+03
4.701199293136596680e+01 3.419999999999999929e+00 1.999999955296516418e-02 -1.169984008789062500e+03
4.711999559402465820e+01 3.330000000000000071e+00 1.999999955296516418e-02 -1.080044189453125000e+03
4.721405124664306641e+01 3.339999999999999858e+00 1.999999955296516418e-02 -9.901042480468750000e+02
4.732699441909790039e+01 3.370000000000000107e+00 1.999999955296516418e-02 -9.000549316406250000e+02
4.741199326515197754e+01 3.410000000000000142e+00 1.999999955296516418e-02 -8.100057373046875000e+02
4.752899956703186035e+01 3.450000000000000178e+00 1.999999955296516418e-02 -1.080044189453125000e+03
4.761999392509460449e+01 3.450000000000000178e+00 1.999999955296516418e-02 -1.079934814453125000e+03
4.772699475288391113e+01 3.299999999999999822e+00 1.999999955296516418e-02 -6.299072875976562500e+02
4.781803226470947266e+01 3.240000000000000213e+00 1.999999955296516418e-02 0.000000000000000000e+00
4.791199374198913574e+01 3.330000000000000071e+00 1.999999955296516418e-02 0.000000000000000000e+00
4.801999711990356445e+01 3.399999999999999911e+00 1.999999955296516418e-02 0.000000000000000000e+00
4.811002993583679199e+01 3.240000000000000213e+00 1.999999955296516418e-02 0.000000000000000000e+00
4.822699522972106934e+01 2.490000000000000213e+00 1.999999955296516418e-02 0.000000000000000000e+00
4.831299853324890137e+01 1.810000000000000053e+00 1.999999955296516418e-02 0.000000000000000000e+00
4.842500853538513184e+01 1.330000000000000071e+00 5.000000074505805969e-02 1.079934814453125000e+03
4.851999545097351074e+01 3.350000000000000089e+00 5.000000074505805969e-02 1.709951416015625000e+03
4.862799382209777832e+01 3.779999999999999805e+00 5.000000074505805969e-02 1.080044189453125000e+03
4.871702051162719727e+01 3.790000000000000036e+00 5.000000074505805969e-02 9.899949340820312500e+02
4.881199669837951660e+01 3.569999999999999840e+00 5.000000074505805969e-02 1.169984008789062500e+03
4.892399835586547852e+01 3.589999999999999858e+00 5.000000074505805969e-02 9.899949340820312500e+02
4.901003694534301758e+01 3.589999999999999858e+00 5.000000074505805969e-02 1.080044189453125000e+03
4.912699413299560547e+01 3.629999999999999893e+00 5.000000074505805969e-02 9.899949340820312500e+02
4.921699237823486328e+01 3.680000000000000160e+00 5.000000074505805969e-02 9.899949340820312500e+02
4.932499599456787109e+01 3.620000000000000107e+00 5.000000074505805969e-02 9.899949340820312500e+02
4.941899728775024414e+01 3.680000000000000160e+00 5.000000074505805969e-02 1.079989501953125000e+03
4.951003766059875488e+01 3.589999999999999858e+00 5.000000074505805969e-02 1.080044189453125000e+03
4.961699271202087402e+01 3.729999999999999982e+00 5.000000074505805969e-02 9.000003051757812500e+02
4.970799493789672852e+01 3.680000000000000160e+00 5.000000074505805969e-02 9.000003051757812500e+02
4.982500648498535156e+01 3.669999999999999929e+00 5.000000074505805969e-02 9.899949340820312500e+02
4.993004107475280762e+01 3.649999999999999911e+00 5.000000074505805969e-02 1.079989501953125000e+03
5.002299666404724121e+01 3.660000000000000142e+00 5.000000074505805969e-02 1.080003173828125000e+03
5.011699271202087402e+01 3.720000000000000195e+00 5.000000074505805969e-02 8.099989013671875000e+02
5.022500371932983398e+01 3.669999999999999929e+00 5.000000074505805969e-02 8.099997558593750000e+02
5.031500458717346191e+01 3.560000000000000053e+00 5.000000074505805969e-02 8.100057373046875000e+02
5.041003227233886719e+01 3.580000000000000071e+00 5.000000074505805969e-02 9.899949340820312500e+02
5.051803398132324219e+01 3.600000000000000089e+00 5.000000074505805969e-02 1.079989501953125000e+03
5.061403918266296387e+01 3.669999999999999929e+00 5.000000074505805969e-02 1.079989501953125000e+03
5.072499394416809082e+01 3.629999999999999893e+00 5.000000074505805969e-02 9.000003051757812500e+02
5.081404161453247070e+01 3.620000000000000107e+00 5.000000074505805969e-02 9.000003051757812500e+02
5.092203640937805176e+01 3.689999999999999947e+00 5.000000074505805969e-02 9.000003051757812500e+02
5.101699471473693848e+01 3.669999999999999929e+00 5.000000074505805969e-02 1.079989501953125000e+03
5.112899446487426758e+01 3.750000000000000000e+00 5.000000074505805969e-02 9.000003051757812500e+02
5.121499681472778320e+01 3.660000000000000142e+00 5.000000074505805969e-02 9.899949340820312500e+02
5.130899190902709961e+01 3.640000000000000124e+00 5.000000074505805969e-02 9.000549316406250000e+02
5.142203974723815918e+01 3.649999999999999911e+00 5.000000074505805969e-02 9.000549316406250000e+02
5.153003787994384766e+01 3.759999999999999787e+00 5.000000074505805969e-02 9.899949340820312500e+02
5.162399840354919434e+01 3.640000000000000124e+00 5.000000074505805969e-02 6.300166015625000000e+02
5.171499967575073242e+01 3.709999999999999964e+00 5.000000074505805969e-02 7.200657958984375000e+02
5.182203078269958496e+01 3.560000000000000053e+00 5.000000074505805969e-02 7.199565429687500000e+02
5.191299557685852051e+01 3.609999999999999876e+00 5.000000074505805969e-02 8.100057373046875000e+02
5.203004407882690430e+01 3.609999999999999876e+00 5.000000074505805969e-02 7.199565429687500000e+02
5.211500000953674316e+01 3.549999999999999822e+00 5.000000074505805969e-02 7.199565429687500000e+02
5.222799301147460938e+01 3.640000000000000124e+00 5.000000074505805969e-02 8.999456787109375000e+02
5.232203173637390137e+01 3.529999999999999805e+00 5.000000074505805969e-02 1.080153442382812500e+03
5.243002986907958984e+01 3.629999999999999893e+00 5.000000074505805969e-02 1.260033203125000000e+03
5.251999402046203613e+01 3.649999999999999911e+00 5.000000074505805969e-02 1.260033203125000000e+03
5.261499643325805664e+01 3.689999999999999947e+00 5.000000074505805969e-02 1.169984008789062500e+03
5.272299766540527344e+01 3.720000000000000195e+00 5.000000074505805969e-02 1.079934814453125000e+03
5.281199359893798828e+01 3.680000000000000160e+00 5.000000074505805969e-02 1.079934814453125000e+03
5.293002843856811523e+01 3.669999999999999929e+00 5.000000074505805969e-02 9.898856811523437500e+02
5.301902914047241211e+01 3.689999999999999947e+00 5.000000074505805969e-02 9.000549316406250000e+02
5.312699341773986816e+01 3.640000000000000124e+00 5.000000074505805969e-02 9.898856811523437500e+02
5.322204756736755371e+01 3.629999999999999893e+00 5.000000074505805969e-02 9.898856811523437500e+02
5.331199622154235840e+01 3.549999999999999822e+00 5.000000074505805969e-02 9.901042480468750000e+02
5.341999530792236328e+01 3.609999999999999876e+00 5.000000074505805969e-02 1.260033203125000000e+03
5.351404094696044922e+01 3.629999999999999893e+00 5.000000074505805969e-02 1.260033203125000000e+03
5.362700223922729492e+01 3.620000000000000107e+00 5.000000074505805969e-02 1.169984008789062500e+03
5.371199393272399902e+01 3.669999999999999929e+00 5.000000074505805969e-02 9.901042480468750000e+02
5.382899570465087891e+01 3.720000000000000195e+00 5.000000074505805969e-02 8.100057373046875000e+02
5.391999292373657227e+01 3.720000000000000195e+00 5.000000074505805969e-02 9.000549316406250000e+02
5.402699589729309082e+01 3.649999999999999911e+00 5.000000074505805969e-02 9.898856811523437500e+02
5.411804270744323730e+01 3.660000000000000142e+00 5.000000074505805969e-02 9.901042480468750000e+02
5.421199250221252441e+01 3.609999999999999876e+00 5.000000074505805969e-02 1.079716308593750000e+03
5.431999278068542480e+01 3.680000000000000160e+00 5.000000074505805969e-02 9.901042480468750000e+02
5.441004157066345215e+01 3.629999999999999893e+00 5.000000074505805969e-02 9.000549316406250000e+02
5.452699685096740723e+01 3.640000000000000124e+00 5.000000074505805969e-02 8.100057373046875000e+02
5.461310625076293945e+01 3.609999999999999876e+00 5.000000074505805969e-02 8.100057373046875000e+02
5.472499537467956543e+01 3.649999999999999911e+00 5.000000074505805969e-02 9.000549316406250000e+02
5.481999373435974121e+01 3.669999999999999929e+00 5.000000074505805969e-02 7.199565429687500000e+02
5.492799353599548340e+01 3.569999999999999840e+00 5.000000074505805969e-02 9.901042480468750000e+02
5.501699399948120117e+01 3.540000000000000036e+00 5.000000074505805969e-02 6.299072875976562500e+02
5.511199450492858887e+01 3.839999999999999858e+00 5.000000074505805969e-02 0.000000000000000000e+00
5.522399520874023438e+01 3.810000000000000053e+00 5.000000074505805969e-02 0.000000000000000000e+00
5.531003618240356445e+01 3.689999999999999947e+00 5.000000074505805969e-02 0.000000000000000000e+00
5.542699480056762695e+01 4.639999999999999680e+00 5.000000074505805969e-02 0.000000000000000000e+00
5.551699471473693848e+01 6.209999999999999964e+00 1.999999955296516418e-02 -6.299072875976562500e+02
5.562499713897705078e+01 4.200000000000000178e+00 1.999999955296516418e-02 -1.710060668945312500e+03
5.571899414062500000e+01 3.470000000000000195e+00 1.999999955296516418e-02 -1.890159179687500000e+03
5.581004643440246582e+01 3.339999999999999858e+00 1.999999955296516418e-02 -1.710060668945312500e+03
5.591699600219726562e+01 3.299999999999999822e+00 1.999999955296516418e-02 -1.529962280273437500e+03
5.600799751281738281e+01 3.290000000000000036e+00 1.999999955296516418e-02 -1.439913085937500000e+03
5.612499785423278809e+01 3.399999999999999911e+00 1.999999955296516418e-02 -1.260033203125000000e+03
5.621004962921142578e+01 3.350000000000000089e+00 1.999999955296516418e-02 -1.260033203125000000e+03
5.632301568984985352e+01 3.319999999999999840e+00 1.999999955296516418e-02 -1.260033203125000000e+03
5.641699790954589844e+01 3.370000000000000107e+00 1.999999955296516418e-02 -1.260033203125000000e+03
5.652499794960021973e+01 3.430000000000000160e+00 1.999999955296516418e-02 -1.350082397460937500e+03
5.661499691009521484e+01 3.339999999999999858e+00 1.999999955296516418e-02 -1.350082397460937500e+03
5.671003627777099609e+01 3.290000000000000036e+00 1.999999955296516418e-02 -1.169984008789062500e+03
5.681803798675537109e+01 3.359999999999999876e+00 1.999999955296516418e-02 -1.079934814453125000e+03
5.693002390861511230e+01 3.410000000000000142e+00 1.999999955296516418e-02 -1.169984008789062500e+03
5.702499580383300781e+01 3.439999999999999947e+00 1.999999955296516418e-02 -1.260033203125000000e+03
5.711403632164001465e+01 3.370000000000000107e+00 1.999999955296516418e-02 -1.169984008789062500e+03
5.722204017639160156e+01 3.399999999999999911e+00 1.999999955296516418e-02 -9.901042480468750000e+02
5.731699347496032715e+01 3.410000000000000142e+00 1.999999955296516418e-02 -1.169984008789062500e+03
5.742899370193481445e+01 3.450000000000000178e+00 1.999999955296516418e-02 -1.440131591796875000e+03
5.751499891281127930e+01 3.410000000000000142e+00 1.999999955296516418e-02 -1.529962280273437500e+03
5.760899615287780762e+01 3.399999999999999911e+00 1.999999955296516418e-02 -1.709951416015625000e+03
5.772203969955444336e+01 3.319999999999999840e+00 1.999999955296516418e-02 -1.890049926757812500e+03
5.783003473281860352e+01 3.430000000000000160e+00 1.999999955296516418e-02 -2.340077148437500000e+03
5.792400574684143066e+01 3.379999999999999893e+00 1.999999955296516418e-02 -2.430017089843750000e+03
5.801499748229980469e+01 3.379999999999999893e+00 1.999999955296516418e-02 -2.879989990234375000e+03
5.812204599380493164e+01 3.390000000000000124e+00 1.999999955296516418e-02 -2.789995361328125000e+03
5.821309065818786621e+01 3.459999999999999964e+00 1.999999955296516418e-02 -2.609979003906250000e+03
5.833002948760986328e+01 3.370000000000000107e+00 1.999999955296516418e-02 -2.519998291015625000e+03
5.841499781608581543e+01 3.459999999999999964e+00 1.999999955296516418e-02 -2.430003662109375000e+03
5.852799606323242188e+01 3.509999999999999787e+00 1.999999955296516418e-02 -2.250000976562500000e+03
5.862202787399291992e+01 3.450000000000000178e+00 1.999999955296516418e-02 -2.429962402343750000e+03
5.873004055023193359e+01 3.430000000000000160e+00 1.999999955296516418e-02 -1.979989868164062500e+03
5.881999540328979492e+01 3.350000000000000089e+00 1.999999955296516418e-02 -1.620011474609375000e+03
5.891499519348144531e+01 3.399999999999999911e+00 1.999999955296516418e-02 -1.619902221679687500e+03
5.902301430702209473e+01 3.520000000000000018e+00 1.999999955296516418e-02 -1.620011474609375000e+03
5.911199307441711426e+01 3.439999999999999947e+00 1.999999955296516418e-02 -1.349973144531250000e+03
5.922899436950683594e+01 3.410000000000000142e+00 1.999999955296516418e-02 -1.079934814453125000e+03
5.931899499893188477e+01 3.470000000000000195e+00 1.999999955296516418e-02 -8.999456787109375000e+02
5.942699527740478516e+01 3.529999999999999805e+00 1.999999955296516418e-02 -1.169984008789062500e+03
5.952203011512756348e+01 3.529999999999999805e+00 1.999999955296516418e-02 -8.100057373046875000e+02
5.961199593544006348e+01 2.660000000000000142e+00 1.999999955296516418e-02 0.000000000000000000e+00
5.971999406814575195e+01 2.290000000000000036e+00 1.999999955296516418e-02 0.000000000000000000e+00
5.981404447555541992e+01 2.189999999999999947e+00 1.999999955296516418e-02 0.000000000000000000e+00
5.992699933052062988e+01 1.330000000000000071e+00 1.999999955296516418e-02 8.983064270019531250e+01
6.001199674606323242e+01 2.100000000000000089e+00 5.000000074505805969e-02 1.440131591796875000e+03
6.012899422645568848e+01 3.439999999999999947e+00 5.000000074505805969e-02 1.889940673828125000e+03
6.021999597549438477e+01 3.790000000000000036e+00 5.000000074505805969e-02 1.529962280273437500e+03
6.032699441909790039e+01 3.649999999999999911e+00 5.000000074505805969e-02 1.800000610351562500e+03
6.041804265975952148e+01 3.569999999999999840e+00 5.000000074505805969e-02 1.800000610351562500e+03
6.051199316978454590e+01 3.569999999999999840e+00 5.000000074505805969e-02 1.979989868164062500e+03
6.061999845504760742e+01 3.680000000000000160e+00 5.000000074505805969e-02 2.159979003906250000e+03
6.071002531051635742e+01 3.640000000000000124e+00 5.000000074505805969e-02 2.339968017578125000e+03
6.082699394226074219e+01 3.689999999999999947e+00 5.000000074505805969e-02 2.430017089843750000e+03
6.091304254531860352e+01 3.700000000000000178e+00 5.000000074505805969e-02 2.339995361328125000e+03
6.102499675750732422e+01 3.669999999999999929e+00 5.000000074505805969e-02 2.250000976562500000e+03
6.111999177932739258e+01 3.660000000000000142e+00 5.000000074505805969e-02 2.339995361328125000e+03
6.122799229621887207e+01 3.649999999999999911e+00 5.000000074505805969e-02 2.339968017578125000e+03
6.131699228286743164e+01 3.720000000000000195e+00 5.000000074505805969e-02 2.520011718750000000e+03
6.141199278831481934e+01 3.750000000000000000e+00 5.000000074505805969e-02 2.159979003906250000e+03
6.152400135993957520e+01 3.810000000000000053e+00 5.000000074505805969e-02 1.889940673828125000e+03
6.161004519462585449e+01 3.709999999999999964e+00 5.000000074505805969e-02 1.620011474609375000e+03
6.172699522972106934e+01 3.669999999999999929e+00 5.000000074505805969e-02 1.440022338867187500e+03
6.181699681282043457e+01 3.660000000000000142e+00 5.000000074505805969e-02 1.440022338867187500e+03
6.192499613761901855e+01 3.629999999999999893e+00 5.000000074505805969e-02 1.439913085937500000e+03
6.201899647712707520e+01 3.680000000000000160e+00 5.000000074505805969e-02 1.529962280273437500e+03
6.211003375053405762e+01 3.689999999999999947e+00 5.000000074505805969e-02 1.260033203125000000e+03
6.221699380874633789e+01 3.729999999999999982e+00 5.000000074505805969e-02 1.260033203125000000e+03
6.230799341201782227e+01 3.680000000000000160e+00 5.000000074505805969e-02 1.350082397460937500e+03
6.242499732971191406e+01 3.649999999999999911e+00 5.000000074505805969e-02 1.350082397460937500e+03
6.251004099845886230e+01 3.649999999999999911e+00 5.000000074505805969e-02 1.620011474609375000e+03
6.262299609184265137e+01 3.560000000000000053e+00 5.000000074505805969e-02 1.799891357421875000e+03
6.271699237823486328e+01 3.680000000000000160e+00 5.000000074505805969e-02 1.800109863281250000e+03
6.282499980926513672e+01 3.629999999999999893e+00 5.000000074505805969e-02 1.710060668945312500e+03
6.291499948501586914e+01 3.660000000000000142e+00 5.000000074505805969e-02 1.889940673828125000e+03
6.301003384590148926e+01 3.709999999999999964e+00 5.000000074505805969e-02 1.800109863281250000e+03
6.311804294586181641e+01 3.689999999999999947e+00 5.000000074505805969e-02 1.620011474609375000e+03
6.322202849388122559e+01 3.680000000000000160e+00 5.000000074505805969e-02 1.710060668945312500e+03
6.332500410079956055e+01 3.589999999999999858e+00 5.000000074505805969e-02 1.710060668945312500e+03
6.341404557228088379e+01 3.700000000000000178e+00 5.000000074505805969e-02 1.349863891601562500e+03
6.352203655242919922e+01 3.819999999999999840e+00 5.000000074505805969e-02 6.303444213867187500e+02
6.361699414253234863e+01 3.640000000000000124e+00 5.000000074505805969e-02 4.498088989257812500e+02
6.372899317741394043e+01 3.520000000000000018e+00 5.000000074505805969e-02 8.100057373046875000e+02
6.381500577926635742e+01 3.609999999999999876e+00 5.000000074505805969e-02 0.000000000000000000e+00
6.390899419784545898e+01 3.750000000000000000e+00 5.000000074505805969e-02 0.000000000000000000e+00
6.402206134796142578e+01 3.990000000000000213e+00 5.000000074505805969e-02 0.000000000000000000e+00
6.413004088401794434e+01 3.540000000000000036e+00 5.000000074505805969e-02 0.000000000000000000e+00
6.422399902343750000e+01 3.859999999999999876e+00 5.000000074505805969e-02 0.000000000000000000e+00
6.431508278846740723e+01 3.870000000000000107e+00 5.000000074505805969e-02 0.000000000000000000e+00
6.442203474044799805e+01 3.779999999999999805e+00 5.000000074505805969e-02 0.000000000000000000e+00
6.451299548149108887e+01 3.709999999999999964e+00 5.000000074505805969e-02 0.000000000000000000e+00
6.463002943992614746e+01 3.669999999999999929e+00 5.000000074505805969e-02 0.000000000000000000e+00
6.471499514579772949e+01 3.620000000000000107e+00 5.000000074505805969e-02 0.000000000000000000e+00
6.482799410820007324e+01 3.580000000000000071e+00 5.000000074505805969e-02 0.000000000000000000e+00
6.492202758789062500e+01 3.560000000000000053e+00 5.000000074505805969e-02 0.000000000000000000e+00
6.501499533653259277e+01 3.540000000000000036e+00 5.000000074505805969e-02 0.000000000000000000e+00
6.511999416351318359e+01 3.520000000000000018e+00 5.000000074505805969e-02 0.000000000000000000e+00
6.521499562263488770e+01 3.500000000000000000e+00 5.000000074505805969e-02 0.000000000000000000e+00
6.532301902770996094e+01 3.479999999999999982e+00 5.000000074505805969e-02 0.000000000000000000e+00
6.541199898719787598e+01 3.470000000000000195e+00 5.000000074505805969e-02 0.000000000000000000e+00
6.553003287315368652e+01 3.450000000000000178e+00 5.000000074505805969e-02 0.000000000000000000e+00
6.561899542808532715e+01 3.450000000000000178e+00 5.000000074505805969e-02 0.000000000000000000e+00
6.572699522972106934e+01 3.439999999999999947e+00 5.000000074505805969e-02 0.000000000000000000e+00
6.582203650474548340e+01 3.430000000000000160e+00 5.000000074505805969e-02 0.000000000000000000e+00
6.591199421882629395e+01 3.419999999999999929e+00 5.000000074505805969e-02 0.000000000000000000e+00
6.602008962631225586e+01 3.419999999999999929e+00 5.000000074505805969e-02 0.000000000000000000e+00
6.611404466629028320e+01 3.410000000000000142e+00 5.000000074505805969e-02 0.000000000000000000e+00
6.622699546813964844e+01 3.399999999999999911e+00 5.000000074505805969e-02 0.000000000000000000e+00
6.631198954582214355e+01 3.399999999999999911e+00 5.000000074505805969e-02 0.000000000000000000e+00
6.642899370193481445e+01 3.390000000000000124e+00 5.000000074505805969e-02 0.000000000000000000e+00
6.651999568939208984e+01 3.390000000000000124e+00 5.000000074505805969e-02 0.000000000000000000e+00
