9.286952018737792969e-02 1.810000000000000053e+00 2.999999932944774628e-02 0.000000000000000000e+00
1.828713417053222656e-01 1.810000000000000053e+00 2.999999932944774628e-02 0.000000000000000000e+00
2.708659172058105469e-01 1.810000000000000053e+00 2.999999932944774628e-02 0.000000000000000000e+00
3.848679065704345703e-01 1.810000000000000053e+00 2.999999932944774628e-02 0.000000000000000000e+00
4.799065589904785156e-01 1.810000000000000053e+00 2.999999932944774628e-02 0.000000000000000000e+00
5.919010639190673828e-01 1.810000000000000053e+00 2.999999932944774628e-02 0.000000000000000000e+00
6.768717765808105469e-01 1.810000000000000053e+00 2.999999932944774628e-02 0.000000000000000000e+00
7.898585796356201172e-01 1.810000000000000053e+00 2.999999932944774628e-02 0.000000000000000000e+00
8.839151859283447266e-01 1.810000000000000053e+00 2.999999932944774628e-02 0.000000000000000000e+00
9.738705158233642578e-01 1.810000000000000053e+00 2.999999932944774628e-02 0.000000000000000000e+00
1.084867715835571289e+00 1.810000000000000053e+00 2.999999932944774628e-02 0.000000000000000000e+00
1.170866012573242188e+00 1.810000000000000053e+00 2.999999932944774628e-02 0.000000000000000000e+00
1.288888692855834961e+00 1.810000000000000053e+00 2.999999932944774628e-02 0.000000000000000000e+00
1.377868652343750000e+00 1.810000000000000053e+00 2.999999932944774628e-02 0.000000000000000000e+00
1.485866785049438477e+00 1.810000000000000053e+00 2.999999932944774628e-02 0.000000000000000000e+00
1.580870628356933594e+00 1.810000000000000053e+00 2.999999932944774628e-02 0.000000000000000000e+00
1.691909790039062500e+00 1.810000000000000053e+00 2.999999932944774628e-02 0.000000000000000000e+00
1.777868509292602539e+00 1.810000000000000053e+00 2.999999932944774628e-02 0.000000000000000000e+00
1.872874736785888672e+00 1.810000000000000053e+00 2.999999932944774628e-02 0.000000000000000000e+00
1.985866069793701172e+00 1.810000000000000053e+00 2.999999932944774628e-02 0.000000000000000000e+00
2.091914892196655273e+00 1.800000000000000044e+00 2.999999932944774628e-02 0.000000000000000000e+00
2.187904596328735352e+00 1.810000000000000053e+00 2.999999932944774628e-02 0.000000000000000000e+00
2.277866601943969727e+00 1.810000000000000053e+00 2.999999932944774628e-02 0.000000000000000000e+00
2.385865688323974609e+00 1.850000000000000089e+00 2.999999932944774628e-02 0.000000000000000000e+00
2.479916810989379883e+00 1.850000000000000089e+00 2.999999932944774628e-02 0.000000000000000000e+00
2.591903448104858398e+00 1.840000000000000080e+00 2.999999932944774628e-02 0.000000000000000000e+00
2.681868314743041992e+00 1.949999999999999956e+00 2.999999932944774628e-02 0.000000000000000000e+00
2.768871784210205078e+00 2.529999999999999805e+00 2.999999932944774628e-02 0.000000000000000000e+00
2.885866880416870117e+00 2.939999999999999947e+00 2.999999932944774628e-02 0.000000000000000000e+00
2.974869012832641602e+00 3.799999999999999822e+00 2.999999932944774628e-02 0.000000000000000000e+00
3.083909034729003906e+00 4.349999999999999645e+00 2.999999932944774628e-02 -2.657763061523437500e+02
3.178865432739257812e+00 4.589999999999999858e+00 2.999999932944774628e-02 -3.636938781738281250e+02
3.289866447448730469e+00 4.490000000000000213e+00 2.999999932944774628e-02 -2.657763061523437500e+02
3.375916957855224609e+00 4.589999999999999858e+00 2.999999932944774628e-02 -3.497056579589843750e+02
3.470869302749633789e+00 4.580000000000000071e+00 2.999999932944774628e-02 -3.636938781738281250e+02
3.582870960235595703e+00 4.570000000000000284e+00 2.999999932944774628e-02 -3.497056579589843750e+02
3.690867900848388672e+00 4.540000000000000036e+00 2.999999932944774628e-02 -2.797645568847656250e+02
3.785866498947143555e+00 4.500000000000000000e+00 2.999999932944774628e-02 -2.657763061523437500e+02
3.875907897949218750e+00 4.580000000000000071e+00 2.999999932944774628e-02 -2.797645568847656250e+02
3.982875585556030273e+00 4.629999999999999893e+00 2.999999932944774628e-02 -4.476232604980468750e+02
4.077866792678833008e+00 4.629999999999999893e+00 2.999999932944774628e-02 -5.455408935546875000e+02
4.190868616104125977e+00 4.660000000000000142e+00 2.999999932944774628e-02 -8.113171386718750000e+02
4.275908231735229492e+00 4.589999999999999858e+00 2.999999932944774628e-02 -7.133995361328125000e+02
4.391906261444091797e+00 4.500000000000000000e+00 2.999999932944774628e-02 -5.315526123046875000e+02
4.482869148254394531e+00 4.549999999999999822e+00 2.999999932944774628e-02 -6.294701538085937500e+02
4.590865612030029297e+00 4.509999999999999787e+00 2.999999932944774628e-02 -5.455408935546875000e+02
4.684870243072509766e+00 4.540000000000000036e+00 2.999999932944774628e-02 -5.315526123046875000e+02
4.775917530059814453e+00 4.629999999999999893e+00 2.999999932944774628e-02 -4.476232604980468750e+02
4.886869430541992188e+00 4.660000000000000142e+00 2.999999932944774628e-02 -5.315526123046875000e+02
4.973876237869262695e+00 4.660000000000000142e+00 2.999999932944774628e-02 -5.455408935546875000e+02
5.090866327285766602e+00 4.620000000000000107e+00 2.999999932944774628e-02 -6.294701538085937500e+02
5.179923295974731445e+00 4.589999999999999858e+00 2.999999932944774628e-02 -5.455408935546875000e+02
5.288872718811035156e+00 4.580000000000000071e+00 2.999999932944774628e-02 -4.476232604980468750e+02
5.383907556533813477e+00 4.549999999999999822e+00 2.999999932944774628e-02 -4.476232604980468750e+02
5.472968578338623047e+00 4.580000000000000071e+00 2.999999932944774628e-02 -4.476232604980468750e+02
5.580951452255249023e+00 4.509999999999999787e+00 2.999999932944774628e-02 -5.315526123046875000e+02
5.675999879837036133e+00 4.519999999999999574e+00 2.999999932944774628e-02 -4.476232604980468750e+02
5.787914276123046875e+00 4.559999999999999609e+00 2.999999932944774628e-02 -4.476232604980468750e+02
5.872874021530151367e+00 4.620000000000000107e+00 2.999999932944774628e-02 -6.294701538085937500e+02
5.990869283676147461e+00 4.549999999999999822e+00 2.999999932944774628e-02 -6.294701538085937500e+02
6.080870389938354492e+00 4.500000000000000000e+00 2.999999932944774628e-02 -5.455408935546875000e+02
6.187919855117797852e+00 4.610000000000000320e+00 2.999999932944774628e-02 -7.273877563476562500e+02
6.282868623733520508e+00 4.500000000000000000e+00 2.999999932944774628e-02 -6.294701538085937500e+02
6.372873067855834961e+00 4.440000000000000391e+00 2.999999932944774628e-02 -6.294701538085937500e+02
6.480865955352783203e+00 4.589999999999999858e+00 2.999999932944774628e-02 -6.294701538085937500e+02
6.574866771697998047e+00 4.559999999999999609e+00 2.999999932944774628e-02 -5.315526123046875000e+02
6.687914609909057617e+00 4.540000000000000036e+00 2.999999932944774628e-02 -3.636938781738281250e+02
6.776868820190429688e+00 4.509999999999999787e+00 2.999999932944774628e-02 -3.636938781738281250e+02
6.889868021011352539e+00 4.500000000000000000e+00 2.999999932944774628e-02 -3.636938781738281250e+02
6.980875253677368164e+00 4.589999999999999858e+00 2.999999932944774628e-02 -4.476232604980468750e+02
7.091916799545288086e+00 4.620000000000000107e+00 2.999999932944774628e-02 -4.476232604980468750e+02
7.178865432739257812e+00 4.570000000000000284e+00 2.999999932944774628e-02 -5.455408935546875000e+02
7.273869514465332031e+00 4.540000000000000036e+00 2.999999932944774628e-02 -5.455408935546875000e+02
7.384872198104858398e+00 4.599999999999999645e+00 2.999999932944774628e-02 -7.133995361328125000e+02
7.470875740051269531e+00 4.580000000000000071e+00 2.999999932944774628e-02 -6.294701538085937500e+02
7.588873147964477539e+00 4.599999999999999645e+00 2.999999932944774628e-02 -6.294701538085937500e+02
7.677873134613037109e+00 4.559999999999999609e+00 2.999999932944774628e-02 -5.315526123046875000e+02
7.785869121551513672e+00 4.530000000000000249e+00 2.999999932944774628e-02 -5.455408935546875000e+02
7.880873441696166992e+00 4.549999999999999822e+00 2.999999932944774628e-02 -6.294701538085937500e+02
7.991906166076660156e+00 4.559999999999999609e+00 2.999999932944774628e-02 -5.455408935546875000e+02
8.077867269515991211e+00 4.540000000000000036e+00 2.999999932944774628e-02 -3.636938781738281250e+02
8.172876119613647461e+00 4.509999999999999787e+00 2.999999932944774628e-02 -4.476232604980468750e+02
8.285872697830200195e+00 4.629999999999999893e+00 2.999999932944774628e-02 -4.476232604980468750e+02
8.392871379852294922e+00 4.660000000000000142e+00 2.999999932944774628e-02 -6.294701538085937500e+02
8.487905263900756836e+00 4.559999999999999609e+00 2.999999932944774628e-02 -6.294701538085937500e+02
8.577867031097412109e+00 4.530000000000000249e+00 2.999999932944774628e-02 -7.133995361328125000e+02
8.685865640640258789e+00 4.450000000000000178e+00 2.999999932944774628e-02 -6.294701538085937500e+02
8.779907941818237305e+00 4.450000000000000178e+00 2.999999932944774628e-02 -6.294701538085937500e+02
8.877866983413696289e+00 4.509999999999999787e+00 2.999999932944774628e-02 -5.455408935546875000e+02
8.981867551803588867e+00 4.540000000000000036e+00 2.999999932944774628e-02 -5.455408935546875000e+02
9.093874931335449219e+00 4.580000000000000071e+00 2.999999932944774628e-02 -5.455408935546875000e+02
9.185857772827148438e+00 4.580000000000000071e+00 2.999999932944774628e-02 -5.455408935546875000e+02
9.274866342544555664e+00 4.570000000000000284e+00 2.999999932944774628e-02 -6.294701538085937500e+02
9.383919477462768555e+00 4.519999999999999574e+00 2.999999932944774628e-02 -6.294701538085937500e+02
9.478865623474121094e+00 4.519999999999999574e+00 2.999999932944774628e-02 -6.294701538085937500e+02
9.589865446090698242e+00 4.589999999999999858e+00 2.999999932944774628e-02 -5.455408935546875000e+02
9.675915956497192383e+00 4.610000000000000320e+00 2.999999932944774628e-02 -5.455408935546875000e+02
9.770876646041870117e+00 4.669999999999999929e+00 2.999999932944774628e-02 -6.294701538085937500e+02
9.882868528366088867e+00 4.610000000000000320e+00 2.999999932944774628e-02 -7.273877563476562500e+02
9.990865468978881836e+00 4.559999999999999609e+00 2.999999932944774628e-02 -8.113171386718750000e+02
1.008586645126342773e+01 4.530000000000000249e+00 2.999999932944774628e-02 -6.294701538085937500e+02
1.017591214179992676e+01 4.500000000000000000e+00 2.999999932944774628e-02 -6.294701538085937500e+02
1.028286910057067871e+01 4.519999999999999574e+00 2.999999932944774628e-02 -8.113171386718750000e+02
1.037786698341369629e+01 4.589999999999999858e+00 2.999999932944774628e-02 -9.931641235351562500e+02
1.049086785316467285e+01 4.519999999999999574e+00 2.999999932944774628e-02 -8.113171386718750000e+02
1.057591748237609863e+01 4.459999999999999964e+00 2.999999932944774628e-02 -9.092347412109375000e+02
1.069287991523742676e+01 4.469999999999999751e+00 2.999999932944774628e-02 -9.092347412109375000e+02
1.078287124633789062e+01 4.440000000000000391e+00 2.999999932944774628e-02 -7.973289184570312500e+02
1.089085865020751953e+01 4.509999999999999787e+00 2.999999932944774628e-02 -7.133995361328125000e+02
1.098487186431884766e+01 4.530000000000000249e+00 2.999999932944774628e-02 -6.294701538085937500e+02
1.107591128349304199e+01 4.530000000000000249e+00 2.999999932944774628e-02 -6.294701538085937500e+02
1.118686914443969727e+01 4.530000000000000249e+00 2.999999932944774628e-02 -7.273877563476562500e+02
1.127386927604675293e+01 4.500000000000000000e+00 2.999999932944774628e-02 -6.294701538085937500e+02
1.139087557792663574e+01 4.540000000000000036e+00 2.999999932944774628e-02 -6.294701538085937500e+02
1.147991847991943359e+01 4.599999999999999645e+00 2.999999932944774628e-02 -6.294701538085937500e+02
1.158887028694152832e+01 4.599999999999999645e+00 2.999999932944774628e-02 -7.273877563476562500e+02
1.168390774726867676e+01 4.599999999999999645e+00 2.999999932944774628e-02 -8.113171386718750000e+02
1.177287220954895020e+01 4.589999999999999858e+00 2.999999932944774628e-02 -8.952465209960937500e+02
1.188086676597595215e+01 4.490000000000000213e+00 2.999999932944774628e-02 -6.294701538085937500e+02
1.197591066360473633e+01 4.440000000000000391e+00 2.999999932944774628e-02 -6.294701538085937500e+02
1.208792018890380859e+01 4.549999999999999822e+00 2.999999932944774628e-02 -4.476232604980468750e+02
1.217287254333496094e+01 4.589999999999999858e+00 2.999999932944774628e-02 -7.273877563476562500e+02
1.229086709022521973e+01 4.570000000000000284e+00 2.999999932944774628e-02 -6.294701538085937500e+02
1.238087105751037598e+01 4.509999999999999787e+00 2.999999932944774628e-02 -7.133995361328125000e+02
1.248790931701660156e+01 4.549999999999999822e+00 2.999999932944774628e-02 -7.273877563476562500e+02
1.258287453651428223e+01 4.469999999999999751e+00 2.999999932944774628e-02 -6.294701538085937500e+02
1.267287707328796387e+01 4.429999999999999716e+00 2.999999932944774628e-02 -5.455408935546875000e+02
1.278087115287780762e+01 4.580000000000000071e+00 2.999999932944774628e-02 -7.133995361328125000e+02
1.287486934661865234e+01 4.570000000000000284e+00 2.999999932944774628e-02 -5.315526123046875000e+02
1.298791742324829102e+01 4.559999999999999609e+00 2.999999932944774628e-02 -5.455408935546875000e+02
1.307686662673950195e+01 4.490000000000000213e+00 2.999999932944774628e-02 -6.294701538085937500e+02
1.318986988067626953e+01 4.519999999999999574e+00 2.999999932944774628e-02 -6.294701538085937500e+02
1.328086853027343750e+01 4.570000000000000284e+00 2.999999932944774628e-02 -8.113171386718750000e+02
1.339190936088562012e+01 4.450000000000000178e+00 2.999999932944774628e-02 -4.616115112304687500e+02
1.347887706756591797e+01 4.509999999999999787e+00 2.999999932944774628e-02 -3.636938781738281250e+02
1.357387900352478027e+01 4.559999999999999609e+00 2.999999932944774628e-02 -4.476232604980468750e+02
1.368486690521240234e+01 4.620000000000000107e+00 2.999999932944774628e-02 -5.315526123046875000e+02
1.377086830139160156e+01 4.629999999999999893e+00 2.999999932944774628e-02 -6.294701538085937500e+02
1.388887333869934082e+01 4.589999999999999858e+00 2.999999932944774628e-02 -6.434584350585937500e+02
1.397786784172058105e+01 4.549999999999999822e+00 2.999999932944774628e-02 -4.476232604980468750e+02
1.408586835861206055e+01 4.549999999999999822e+00 2.999999932944774628e-02 -3.497056579589843750e+02
1.418087077140808105e+01 4.580000000000000071e+00 2.999999932944774628e-02 -2.797645568847656250e+02
1.429191994667053223e+01 4.549999999999999822e+00 2.999999932944774628e-02 -3.636938781738281250e+02
1.437786984443664551e+01 4.530000000000000249e+00 2.999999932944774628e-02 0.000000000000000000e+00
1.447287154197692871e+01 4.469999999999999751e+00 2.999999932944774628e-02 0.000000000000000000e+00
1.458587336540222168e+01 4.429999999999999716e+00 2.999999932944774628e-02 0.000000000000000000e+00
1.468686723709106445e+01 3.879999999999999893e+00 2.999999932944774628e-02 0.000000000000000000e+00
1.478791832923889160e+01 2.229999999999999982e+00 2.999999932944774628e-02 9.791758728027343750e+01
1.487786746025085449e+01 1.850000000000000089e+00 2.999999932944774628e-02 0.000000000000000000e+00
1.498586654663085938e+01 1.840000000000000080e+00 2.999999932944774628e-02 1.818469390869140625e+02
1.507990407943725586e+01 1.820000000000000062e+00 2.999999932944774628e-02 5.455408935546875000e+02
1.517786097526550293e+01 1.760000000000000009e+00 2.999999932944774628e-02 5.315526123046875000e+02
1.528187084197998047e+01 1.840000000000000080e+00 2.999999932944774628e-02 4.616115112304687500e+02
1.536888194084167480e+01 1.879999999999999893e+00 2.999999932944774628e-02 5.315526123046875000e+02
1.548587059974670410e+01 1.870000000000000107e+00 2.999999932944774628e-02 4.616115112304687500e+02
1.557486128807067871e+01 1.790000000000000036e+00 2.999999932944774628e-02 6.294701538085937500e+02
1.568391036987304688e+01 1.870000000000000107e+00 2.999999932944774628e-02 7.133995361328125000e+02
1.577886748313903809e+01 1.879999999999999893e+00 2.999999932944774628e-02 4.476232604980468750e+02
1.588986945152282715e+01 1.830000000000000071e+00 2.999999932944774628e-02 3.636938781738281250e+02
1.597590827941894531e+01 1.850000000000000089e+00 2.999999932944774628e-02 4.476232604980468750e+02
1.607686018943786621e+01 1.820000000000000062e+00 2.999999932944774628e-02 3.636938781738281250e+02
1.618286180496215820e+01 1.879999999999999893e+00 2.999999932944774628e-02 2.657763061523437500e+02
1.629086780548095703e+01 1.820000000000000062e+00 2.999999932944774628e-02 4.476232604980468750e+02
1.638587117195129395e+01 1.719999999999999973e+00 2.999999932944774628e-02 6.294701538085937500e+02
1.647591090202331543e+01 1.800000000000000044e+00 2.999999932944774628e-02 6.294701538085937500e+02
1.658287239074707031e+01 1.840000000000000080e+00 2.999999932944774628e-02 4.616115112304687500e+02
1.667786765098571777e+01 1.800000000000000044e+00 2.999999932944774628e-02 4.616115112304687500e+02
1.679087018966674805e+01 1.830000000000000071e+00 2.999999932944774628e-02 6.294701538085937500e+02
1.687590670585632324e+01 1.879999999999999893e+00 2.999999932944774628e-02 6.294701538085937500e+02
1.699287176132202148e+01 1.810000000000000053e+00 2.999999932944774628e-02 5.315526123046875000e+02
1.708287215232849121e+01 1.850000000000000089e+00 2.999999932944774628e-02 5.455408935546875000e+02
1.719086861610412598e+01 1.850000000000000089e+00 2.999999932944774628e-02 4.616115112304687500e+02
1.728487753868103027e+01 1.760000000000000009e+00 2.999999932944774628e-02 5.455408935546875000e+02
1.737590408325195312e+01 1.750000000000000000e+00 2.999999932944774628e-02 6.294701538085937500e+02
1.748687028884887695e+01 1.820000000000000062e+00 2.999999932944774628e-02 7.133995361328125000e+02
1.757387280464172363e+01 1.850000000000000089e+00 2.999999932944774628e-02 5.455408935546875000e+02
1.769086909294128418e+01 1.860000000000000098e+00 2.999999932944774628e-02 5.315526123046875000e+02
1.777990984916687012e+01 1.840000000000000080e+00 2.999999932944774628e-02 4.476232604980468750e+02
1.788887095451354980e+01 1.860000000000000098e+00 2.999999932944774628e-02 5.315526123046875000e+02
1.798390865325927734e+01 1.840000000000000080e+00 2.999999932944774628e-02 5.455408935546875000e+02
1.807287025451660156e+01 1.850000000000000089e+00 2.999999932944774628e-02 8.113171386718750000e+02
1.818086671829223633e+01 1.840000000000000080e+00 2.999999932944774628e-02 6.294701538085937500e+02
1.827591943740844727e+01 1.870000000000000107e+00 2.999999932944774628e-02 4.476232604980468750e+02
1.838790917396545410e+01 1.929999999999999938e+00 2.999999932944774628e-02 3.636938781738281250e+02
1.847287297248840332e+01 1.899999999999999911e+00 2.999999932944774628e-02 4.476232604980468750e+02
1.859086918830871582e+01 1.810000000000000053e+00 2.999999932944774628e-02 4.476232604980468750e+02
1.868086886405944824e+01 1.750000000000000000e+00 2.999999932944774628e-02 6.294701538085937500e+02
1.878791379928588867e+01 1.800000000000000044e+00 2.999999932944774628e-02 7.273877563476562500e+02
1.888287162780761719e+01 1.820000000000000062e+00 2.999999932944774628e-02 7.273877563476562500e+02
1.897287273406982422e+01 1.840000000000000080e+00 2.999999932944774628e-02 7.133995361328125000e+02
1.908087038993835449e+01 1.879999999999999893e+00 2.999999932944774628e-02 6.294701538085937500e+02
1.917487001419067383e+01 1.879999999999999893e+00 2.999999932944774628e-02 5.455408935546875000e+02
1.928790950775146484e+01 1.870000000000000107e+00 2.999999932944774628e-02 5.455408935546875000e+02
1.937686920166015625e+01 1.840000000000000080e+00 2.999999932944774628e-02 4.616115112304687500e+02
1.948987030982971191e+01 1.870000000000000107e+00 2.999999932944774628e-02 4.476232604980468750e+02
1.958086872100830078e+01 1.800000000000000044e+00 2.999999932944774628e-02 5.455408935546875000e+02
1.969190669059753418e+01 1.830000000000000071e+00 2.999999932944774628e-02 5.315526123046875000e+02
1.977887582778930664e+01 1.870000000000000107e+00 2.999999932944774628e-02 6.294701538085937500e+02
1.987386798858642578e+01 1.860000000000000098e+00 2.999999932944774628e-02 6.294701538085937500e+02
1.998487043380737305e+01 1.840000000000000080e+00 2.999999932944774628e-02 8.113171386718750000e+02
2.007086944580078125e+01 1.879999999999999893e+00 2.999999932944774628e-02 6.294701538085937500e+02
2.018887042999267578e+01 1.860000000000000098e+00 2.999999932944774628e-02 5.455408935546875000e+02
2.027786612510681152e+01 1.840000000000000080e+00 2.999999932944774628e-02 5.455408935546875000e+02
2.038586831092834473e+01 1.850000000000000089e+00 2.999999932944774628e-02 6.294701538085937500e+02
2.048086953163146973e+01 1.830000000000000071e+00 2.999999932944774628e-02 8.113171386718750000e+02
2.059191513061523438e+01 1.919999999999999929e+00 2.999999932944774628e-02 6.294701538085937500e+02
2.067786622047424316e+01 1.899999999999999911e+00 2.999999932944774628e-02 4.476232604980468750e+02
2.079590463638305664e+01 1.820000000000000062e+00 2.999999932944774628e-02 3.497056579589843750e+02
2.090791559219360352e+01 1.889999999999999902e+00 2.999999932944774628e-02 3.497056579589843750e+02
2.099287915229797363e+01 1.840000000000000080e+00 2.999999932944774628e-02 3.636938781738281250e+02
2.111086893081665039e+01 1.820000000000000062e+00 2.999999932944774628e-02 5.315526123046875000e+02
2.120096516609191895e+01 1.760000000000000009e+00 2.999999932944774628e-02 7.133995361328125000e+02
2.130797219276428223e+01 1.830000000000000071e+00 2.999999932944774628e-02 5.455408935546875000e+02
2.140287256240844727e+01 1.860000000000000098e+00 2.999999932944774628e-02 4.476232604980468750e+02
2.149287748336791992e+01 1.790000000000000036e+00 2.999999932944774628e-02 5.315526123046875000e+02
2.160087013244628906e+01 1.719999999999999973e+00 2.999999932944774628e-02 5.315526123046875000e+02
2.169486951828002930e+01 1.810000000000000053e+00 2.999999932944774628e-02 5.455408935546875000e+02
2.180790972709655762e+01 1.879999999999999893e+00 2.999999932944774628e-02 4.476232604980468750e+02
2.189687705039978027e+01 1.840000000000000080e+00 2.999999932944774628e-02 2.657763061523437500e+02
2.200988173484802246e+01 1.800000000000000044e+00 2.999999932944774628e-02 3.636938781738281250e+02
2.210087275505065918e+01 1.830000000000000071e+00 2.999999932944774628e-02 5.315526123046875000e+02
2.221191096305847168e+01 1.860000000000000098e+00 2.999999932944774628e-02 5.455408935546875000e+02
2.229886937141418457e+01 1.860000000000000098e+00 2.999999932944774628e-02 6.294701538085937500e+02
2.239387106895446777e+01 1.820000000000000062e+00 2.999999932944774628e-02 6.294701538085937500e+02
2.250487351417541504e+01 1.860000000000000098e+00 2.999999932944774628e-02 7.133995361328125000e+02
2.260586738586425781e+01 1.820000000000000062e+00 2.999999932944774628e-02 7.273877563476562500e+02
2.270886993408203125e+01 1.840000000000000080e+00 2.999999932944774628e-02 8.952465209960937500e+02
2.279786801338195801e+01 1.879999999999999893e+00 2.999999932944774628e-02 8.113171386718750000e+02
2.290586686134338379e+01 1.879999999999999893e+00 2.999999932944774628e-02 9.092347412109375000e+02
2.300087451934814453e+01 1.870000000000000107e+00 2.999999932944774628e-02 8.952465209960937500e+02
2.311287379264831543e+01 1.840000000000000080e+00 2.999999932944774628e-02 9.791759033203125000e+02
2.319786787033081055e+01 1.840000000000000080e+00 2.999999932944774628e-02 7.973289184570312500e+02
2.329290938377380371e+01 1.860000000000000098e+00 2.999999932944774628e-02 8.113171386718750000e+02
2.340586781501770020e+01 1.810000000000000053e+00 2.999999932944774628e-02 8.952465209960937500e+02
2.351287198066711426e+01 1.790000000000000036e+00 2.999999932944774628e-02 8.113171386718750000e+02
2.360791087150573730e+01 1.850000000000000089e+00 2.999999932944774628e-02 8.113171386718750000e+02
2.369786977767944336e+01 1.879999999999999893e+00 2.999999932944774628e-02 8.113171386718750000e+02
2.380586647987365723e+01 1.870000000000000107e+00 2.999999932944774628e-02 6.294701538085937500e+02
2.389990901947021484e+01 1.850000000000000089e+00 2.999999932944774628e-02 6.294701538085937500e+02
2.401287794113159180e+01 1.810000000000000053e+00 2.999999932944774628e-02 7.273877563476562500e+02
2.410186719894409180e+01 1.850000000000000089e+00 2.999999932944774628e-02 7.133995361328125000e+02
2.418887877464294434e+01 1.879999999999999893e+00 2.999999932944774628e-02 8.113171386718750000e+02
2.430586004257202148e+01 1.810000000000000053e+00 2.999999932944774628e-02 8.952465209960937500e+02
2.439486575126647949e+01 1.820000000000000062e+00 2.999999932944774628e-02 8.113171386718750000e+02
2.450391769409179688e+01 1.879999999999999893e+00 2.999999932944774628e-02 8.113171386718750000e+02
2.459886550903320312e+01 1.830000000000000071e+00 2.999999932944774628e-02 8.952465209960937500e+02
2.470986986160278320e+01 1.879999999999999893e+00 2.999999932944774628e-02 6.294701538085937500e+02
2.479591846466064453e+01 1.889999999999999902e+00 2.999999932944774628e-02 7.273877563476562500e+02
2.489087963104248047e+01 1.840000000000000080e+00 2.999999932944774628e-02 6.294701538085937500e+02
2.500287318229675293e+01 1.830000000000000071e+00 2.999999932944774628e-02 6.294701538085937500e+02
2.511086773872375488e+01 1.820000000000000062e+00 2.999999932944774628e-02 7.133995361328125000e+02
2.520586824417114258e+01 1.800000000000000044e+00 2.999999932944774628e-02 7.133995361328125000e+02
2.529591274261474609e+01 1.899999999999999911e+00 2.999999932944774628e-02 7.273877563476562500e+02
2.540287494659423828e+01 1.840000000000000080e+00 2.999999932944774628e-02 7.273877563476562500e+02
2.549786758422851562e+01 1.860000000000000098e+00 2.999999932944774628e-02 6.294701538085937500e+02
2.561087036132812500e+01 1.810000000000000053e+00 2.999999932944774628e-02 6.294701538085937500e+02
2.569591426849365234e+01 1.790000000000000036e+00 2.999999932944774628e-02 6.294701538085937500e+02
2.579590082168579102e+01 1.969999999999999973e+00 2.999999932944774628e-02 0.000000000000000000e+00
2.590287303924560547e+01 1.929999999999999938e+00 2.999999932944774628e-02 0.000000000000000000e+00
2.601085877418518066e+01 1.850000000000000089e+00 2.999999932944774628e-02 0.000000000000000000e+00
2.610487008094787598e+01 2.500000000000000000e+00 2.999999932944774628e-02 0.000000000000000000e+00
2.619590401649475098e+01 4.009999999999999787e+00 2.999999932944774628e-02 0.000000000000000000e+00
2.630686926841735840e+01 4.769999999999999574e+00 2.999999932944774628e-02 -1.818469390869140625e+02
2.639387226104736328e+01 4.549999999999999822e+00 2.999999932944774628e-02 -2.657763061523437500e+02
2.651086664199829102e+01 4.530000000000000249e+00 2.999999932944774628e-02 -1.678587188720703125e+02
2.659990930557250977e+01 4.559999999999999609e+00 2.999999932944774628e-02 -9.791758728027343750e+01
2.670886802673339844e+01 4.679999999999999716e+00 2.999999932944774628e-02 -2.657763061523437500e+02
2.680391359329223633e+01 4.599999999999999645e+00 2.999999932944774628e-02 -2.657763061523437500e+02
2.689287471771240234e+01 4.650000000000000355e+00 2.999999932944774628e-02 -5.455408935546875000e+02
2.700086927413940430e+01 4.599999999999999645e+00 2.999999932944774628e-02 -5.455408935546875000e+02
2.709592390060424805e+01 4.509999999999999787e+00 2.999999932944774628e-02 -5.315526123046875000e+02
2.720790863037109375e+01 4.610000000000000320e+00 2.999999932944774628e-02 -6.294701538085937500e+02
2.729290890693664551e+01 4.589999999999999858e+00 2.999999932944774628e-02 -8.113171386718750000e+02
2.741087007522583008e+01 4.620000000000000107e+00 2.999999932944774628e-02 -8.113171386718750000e+02
2.750087118148803711e+01 4.589999999999999858e+00 2.999999932944774628e-02 -8.113171386718750000e+02
2.760790848731994629e+01 4.549999999999999822e+00 2.999999932944774628e-02 -8.113171386718750000e+02
2.770287442207336426e+01 4.589999999999999858e+00 2.999999932944774628e-02 -1.077093505859375000e+03
2.779287791252136230e+01 4.589999999999999858e+00 2.999999932944774628e-02 -1.356857910156250000e+03
2.790086126327514648e+01 4.589999999999999858e+00 2.999999932944774628e-02 -1.258940307617187500e+03
2.799487376213073730e+01 4.530000000000000249e+00 2.999999932944774628e-02 -1.077093505859375000e+03
2.810791063308715820e+01 4.509999999999999787e+00 2.999999932944774628e-02 -9.931641235351562500e+02
2.819687461853027344e+01 4.450000000000000178e+00 2.999999932944774628e-02 -1.077093505859375000e+03
2.830987453460693359e+01 4.530000000000000249e+00 2.999999932944774628e-02 -8.113171386718750000e+02
2.840086913108825684e+01 4.490000000000000213e+00 2.999999932944774628e-02 -8.113171386718750000e+02
2.851191568374633789e+01 4.509999999999999787e+00 2.999999932944774628e-02 -6.294701538085937500e+02
2.859887313842773438e+01 4.480000000000000426e+00 2.999999932944774628e-02 -7.133995361328125000e+02
2.870985865592956543e+01 4.519999999999999574e+00 2.999999932944774628e-02 -7.133995361328125000e+02
2.880487489700317383e+01 4.570000000000000284e+00 2.999999932944774628e-02 -8.952465209960937500e+02
2.889786720275878906e+01 4.580000000000000071e+00 2.999999932944774628e-02 -8.113171386718750000e+02
2.900886940956115723e+01 4.530000000000000249e+00 2.999999932944774628e-02 -9.931641235351562500e+02
2.909785985946655273e+01 4.540000000000000036e+00 2.999999932944774628e-02 -8.113171386718750000e+02
2.920586967468261719e+01 4.480000000000000426e+00 2.999999932944774628e-02 -8.952465209960937500e+02
2.930087637901306152e+01 4.530000000000000249e+00 2.999999932944774628e-02 -9.931641235351562500e+02
2.941287326812744141e+01 4.570000000000000284e+00 2.999999932944774628e-02 -9.931641235351562500e+02
2.949787092208862305e+01 4.559999999999999609e+00 2.999999932944774628e-02 -8.952465209960937500e+02
2.959287786483764648e+01 4.490000000000000213e+00 2.999999932944774628e-02 -9.931641235351562500e+02
2.970586729049682617e+01 4.540000000000000036e+00 2.999999932944774628e-02 -8.113171386718750000e+02
2.981288170814514160e+01 4.530000000000000249e+00 2.999999932944774628e-02 -9.931641235351562500e+02
2.990791058540344238e+01 4.620000000000000107e+00 2.999999932944774628e-02 -1.077093505859375000e+03
2.999787163734436035e+01 4.469999999999999751e+00 2.999999932944774628e-02 -9.931641235351562500e+02
3.010586977005004883e+01 4.469999999999999751e+00 2.999999932944774628e-02 -1.077093505859375000e+03
3.019990348815917969e+01 4.480000000000000426e+00 2.999999932944774628e-02 -1.091081787109375000e+03
3.031287527084350586e+01 4.509999999999999787e+00 2.999999932944774628e-02 -9.931641235351562500e+02
3.040186762809753418e+01 4.509999999999999787e+00 2.999999932944774628e-02 -8.113171386718750000e+02
3.048886895179748535e+01 4.530000000000000249e+00 2.999999932944774628e-02 -9.931641235351562500e+02
3.060586881637573242e+01 4.519999999999999574e+00 2.999999932944774628e-02 -9.931641235351562500e+02
3.069486904144287109e+01 4.599999999999999645e+00 2.999999932944774628e-02 -9.931641235351562500e+02
3.080391955375671387e+01 4.549999999999999822e+00 2.999999932944774628e-02 -1.077093505859375000e+03
3.089886641502380371e+01 4.519999999999999574e+00 2.999999932944774628e-02 -9.791759033203125000e+02
3.100986766815185547e+01 4.549999999999999822e+00 2.999999932944774628e-02 -1.077093505859375000e+03
3.109591507911682129e+01 4.480000000000000426e+00 2.999999932944774628e-02 -1.077093505859375000e+03
3.119086933135986328e+01 4.480000000000000426e+00 2.999999932944774628e-02 -1.091081787109375000e+03
3.130287146568298340e+01 4.519999999999999574e+00 2.999999932944774628e-02 -1.077093505859375000e+03
3.141086626052856445e+01 4.440000000000000391e+00 2.999999932944774628e-02 -9.092347412109375000e+02
3.150586962699890137e+01 4.469999999999999751e+00 2.999999932944774628e-02 -8.113171386718750000e+02
3.159590911865234375e+01 4.509999999999999787e+00 2.999999932944774628e-02 -9.092347412109375000e+02
3.170287227630615234e+01 4.559999999999999609e+00 2.999999932944774628e-02 -9.931641235351562500e+02
3.179786920547485352e+01 4.540000000000000036e+00 2.999999932944774628e-02 -9.931641235351562500e+02
3.191086721420288086e+01 4.480000000000000426e+00 2.999999932944774628e-02 -9.931641235351562500e+02
3.199590420722961426e+01 4.540000000000000036e+00 2.999999932944774628e-02 -9.791759033203125000e+02
3.211287236213684082e+01 4.559999999999999609e+00 2.999999932944774628e-02 -9.931641235351562500e+02
3.220286893844604492e+01 4.570000000000000284e+00 2.999999932944774628e-02 -1.077093505859375000e+03
3.231086778640747070e+01 4.500000000000000000e+00 2.999999932944774628e-02 -9.791759033203125000e+02
3.240488076210021973e+01 4.440000000000000391e+00 2.999999932944774628e-02 -8.952465209960937500e+02
3.249590611457824707e+01 4.540000000000000036e+00 2.999999932944774628e-02 -8.113171386718750000e+02
3.260687661170959473e+01 4.549999999999999822e+00 2.999999932944774628e-02 -9.931641235351562500e+02
3.269387221336364746e+01 4.570000000000000284e+00 2.999999932944774628e-02 -1.077093505859375000e+03
3.281086874008178711e+01 4.440000000000000391e+00 2.999999932944774628e-02 -9.931641235351562500e+02
3.289991021156311035e+01 4.480000000000000426e+00 2.999999932944774628e-02 -7.973289184570312500e+02
3.300887346267700195e+01 4.519999999999999574e+00 2.999999932944774628e-02 -7.133995361328125000e+02
3.310391163825988770e+01 4.469999999999999751e+00 2.999999932944774628e-02 -7.273877563476562500e+02
3.319287538528442383e+01 4.490000000000000213e+00 2.999999932944774628e-02 -7.133995361328125000e+02
3.330086684226989746e+01 4.509999999999999787e+00 2.999999932944774628e-02 -6.294701538085937500e+02
3.339592051506042480e+01 4.549999999999999822e+00 2.999999932944774628e-02 -6.294701538085937500e+02
3.350790119171142578e+01 4.540000000000000036e+00 2.999999932944774628e-02 -7.133995361328125000e+02
3.359287428855895996e+01 4.559999999999999609e+00 2.999999932944774628e-02 -7.273877563476562500e+02
3.371086740493774414e+01 4.620000000000000107e+00 2.999999932944774628e-02 -7.273877563476562500e+02
3.380087709426879883e+01 4.589999999999999858e+00 2.999999932944774628e-02 -8.113171386718750000e+02
3.390791034698486328e+01 4.580000000000000071e+00 2.999999932944774628e-02 -8.113171386718750000e+02
3.400295495986938477e+01 4.230000000000000426e+00 2.999999932944774628e-02 0.000000000000000000e+00
3.409295225143432617e+01 3.600000000000000089e+00 2.999999932944774628e-02 0.000000000000000000e+00
3.420086598396301270e+01 3.609999999999999876e+00 2.999999932944774628e-02 0.000000000000000000e+00
3.429487109184265137e+01 2.879999999999999893e+00 2.999999932944774628e-02 0.000000000000000000e+00
3.440791082382202148e+01 1.919999999999999929e+00 2.999999932944774628e-02 1.818469390869140625e+02
3.449686861038208008e+01 1.810000000000000053e+00 2.999999932944774628e-02 5.455408935546875000e+02
3.460986709594726562e+01 1.739999999999999991e+00 2.999999932944774628e-02 8.113171386718750000e+02
3.470086812973022461e+01 1.810000000000000053e+00 2.999999932944774628e-02 1.077093505859375000e+03
3.481189918518066406e+01 1.879999999999999893e+00 2.999999932944774628e-02 9.931641235351562500e+02
3.489886665344238281e+01 1.909999999999999920e+00 2.999999932944774628e-02 8.952465209960937500e+02
3.499386858940124512e+01 1.870000000000000107e+00 2.999999932944774628e-02 6.294701538085937500e+02
3.510487008094787598e+01 1.840000000000000080e+00 2.999999932944774628e-02 6.294701538085937500e+02
3.521386933326721191e+01 1.830000000000000071e+00 2.999999932944774628e-02 6.294701538085937500e+02
3.530886983871459961e+01 1.800000000000000044e+00 2.999999932944774628e-02 7.133995361328125000e+02
3.539786648750305176e+01 1.780000000000000027e+00 2.999999932944774628e-02 7.273877563476562500e+02
3.550586867332458496e+01 1.800000000000000044e+00 2.999999932944774628e-02 7.133995361328125000e+02
3.560087299346923828e+01 1.800000000000000044e+00 2.999999932944774628e-02 8.113171386718750000e+02
3.571287035942077637e+01 1.879999999999999893e+00 2.999999932944774628e-02 8.952465209960937500e+02
3.579786753654479980e+01 1.860000000000000098e+00 2.999999932944774628e-02 7.133995361328125000e+02
3.589287281036376953e+01 1.889999999999999902e+00 2.999999932944774628e-02 7.273877563476562500e+02
3.600586962699890137e+01 1.820000000000000062e+00 2.999999932944774628e-02 7.133995361328125000e+02
3.611286902427673340e+01 1.780000000000000027e+00 2.999999932944774628e-02 9.931641235351562500e+02
3.620790171623229980e+01 1.850000000000000089e+00 2.999999932944774628e-02 9.931641235351562500e+02
3.629786562919616699e+01 1.860000000000000098e+00 2.999999932944774628e-02 8.113171386718750000e+02
3.640585827827453613e+01 1.899999999999999911e+00 2.999999932944774628e-02 7.133995361328125000e+02
3.649993944168090820e+01 1.860000000000000098e+00 2.999999932944774628e-02 8.113171386718750000e+02
3.661286950111389160e+01 1.860000000000000098e+00 2.999999932944774628e-02 8.113171386718750000e+02
3.670186924934387207e+01 1.860000000000000098e+00 2.999999932944774628e-02 7.133995361328125000e+02
3.678889942169189453e+01 1.919999999999999929e+00 2.999999932944774628e-02 8.113171386718750000e+02
3.690587258338928223e+01 1.879999999999999893e+00 2.999999932944774628e-02 6.294701538085937500e+02
3.699487185478210449e+01 1.790000000000000036e+00 2.999999932944774628e-02 6.294701538085937500e+02
3.710392618179321289e+01 1.820000000000000062e+00 2.999999932944774628e-02 7.133995361328125000e+02
3.719886851310729980e+01 1.790000000000000036e+00 2.999999932944774628e-02 9.931641235351562500e+02
3.730986785888671875e+01 1.840000000000000080e+00 2.999999932944774628e-02 9.092347412109375000e+02
3.739591431617736816e+01 1.879999999999999893e+00 2.999999932944774628e-02 9.092347412109375000e+02
3.751387143135070801e+01 1.919999999999999929e+00 2.999999932944774628e-02 7.133995361328125000e+02
3.760287570953369141e+01 1.860000000000000098e+00 2.999999932944774628e-02 5.455408935546875000e+02
3.771087050437927246e+01 1.840000000000000080e+00 2.999999932944774628e-02 6.294701538085937500e+02
3.780586957931518555e+01 1.860000000000000098e+00 2.999999932944774628e-02 7.133995361328125000e+02
3.789591574668884277e+01 1.870000000000000107e+00 2.999999932944774628e-02 7.133995361328125000e+02
3.800286722183227539e+01 1.889999999999999902e+00 2.999999932944774628e-02 8.113171386718750000e+02
3.809787487983703613e+01 1.899999999999999911e+00 2.999999932944774628e-02 7.133995361328125000e+02
3.821087932586669922e+01 1.820000000000000062e+00 2.999999932944774628e-02 8.952465209960937500e+02
3.829591178894042969e+01 1.830000000000000071e+00 2.999999932944774628e-02 9.931641235351562500e+02
3.841287279129028320e+01 1.889999999999999902e+00 2.999999932944774628e-02 1.077093505859375000e+03
3.850287437438964844e+01 1.909999999999999920e+00 2.999999932944774628e-02 8.113171386718750000e+02
3.861086702346801758e+01 1.889999999999999902e+00 2.999999932944774628e-02 7.273877563476562500e+02
3.870487046241760254e+01 1.850000000000000089e+00 2.999999932944774628e-02 7.273877563476562500e+02
3.879591298103332520e+01 1.790000000000000036e+00 2.999999932944774628e-02 8.113171386718750000e+02
3.890686893463134766e+01 1.830000000000000071e+00 2.999999932944774628e-02 9.092347412109375000e+02
3.899386882781982422e+01 1.770000000000000018e+00 2.999999932944774628e-02 9.092347412109375000e+02
3.911086654663085938e+01 1.870000000000000107e+00 2.999999932944774628e-02 8.113171386718750000e+02
3.919990444183349609e+01 1.850000000000000089e+00 2.999999932944774628e-02 7.273877563476562500e+02
3.930887031555175781e+01 1.860000000000000098e+00 2.999999932944774628e-02 7.273877563476562500e+02
3.940391016006469727e+01 1.889999999999999902e+00 2.999999932944774628e-02 6.294701538085937500e+02
3.951386952400207520e+01 1.830000000000000071e+00 2.999999932944774628e-02 7.133995361328125000e+02
3.960086822509765625e+01 1.850000000000000089e+00 2.999999932944774628e-02 8.952465209960937500e+02
3.969590330123901367e+01 1.820000000000000062e+00 2.999999932944774628e-02 9.092347412109375000e+02
3.980790853500366211e+01 1.870000000000000107e+00 2.999999932944774628e-02 8.952465209960937500e+02
3.989287257194519043e+01 1.879999999999999893e+00 2.999999932944774628e-02 8.952465209960937500e+02
4.001086783409118652e+01 1.889999999999999902e+00 2.999999932944774628e-02 9.931641235351562500e+02
4.010086894035339355e+01 1.860000000000000098e+00 2.999999932944774628e-02 9.931641235351562500e+02
4.020790362358093262e+01 1.870000000000000107e+00 2.999999932944774628e-02 9.931641235351562500e+02
4.030286955833435059e+01 1.870000000000000107e+00 2.999999932944774628e-02 8.952465209960937500e+02
4.039287447929382324e+01 1.820000000000000062e+00 2.999999932944774628e-02 8.952465209960937500e+02
4.050087189674377441e+01 1.840000000000000080e+00 2.999999932944774628e-02 9.931641235351562500e+02
4.059486865997314453e+01 1.879999999999999893e+00 2.999999932944774628e-02 9.791759033203125000e+02
4.070790958404541016e+01 1.850000000000000089e+00 2.999999932944774628e-02 8.113171386718750000e+02
4.079687213897705078e+01 1.879999999999999893e+00 2.999999932944774628e-02 7.973289184570312500e+02
4.090996074676513672e+01 1.800000000000000044e+00 2.999999932944774628e-02 9.931641235351562500e+02
4.100086975097656250e+01 1.850000000000000089e+00 2.999999932944774628e-02 9.931641235351562500e+02
4.111190700531005859e+01 1.879999999999999893e+00 2.999999932944774628e-02 9.931641235351562500e+02
4.119886994361877441e+01 1.879999999999999893e+00 2.999999932944774628e-02 1.077093505859375000e+03
4.129387021064758301e+01 1.879999999999999893e+00 2.999999932944774628e-02 9.931641235351562500e+02
4.140487194061279297e+01 1.860000000000000098e+00 2.999999932944774628e-02 9.931641235351562500e+02
4.150187849998474121e+01 1.899999999999999911e+00 2.999999932944774628e-02 8.113171386718750000e+02
4.160886836051940918e+01 1.909999999999999920e+00 2.999999932944774628e-02 7.133995361328125000e+02
4.169786715507507324e+01 1.830000000000000071e+00 2.999999932944774628e-02 7.133995361328125000e+02
4.180596446990966797e+01 1.830000000000000071e+00 2.999999932944774628e-02 8.113171386718750000e+02
4.190086984634399414e+01 1.800000000000000044e+00 2.999999932944774628e-02 8.113171386718750000e+02
4.201287913322448730e+01 1.850000000000000089e+00 2.999999932944774628e-02 9.931641235351562500e+02
4.209786939620971680e+01 1.850000000000000089e+00 2.999999932944774628e-02 8.113171386718750000e+02
4.219287371635437012e+01 1.870000000000000107e+00 2.999999932944774628e-02 7.273877563476562500e+02
4.230587005615234375e+01 1.780000000000000027e+00 2.999999932944774628e-02 7.133995361328125000e+02
4.241191005706787109e+01 1.949999999999999956e+00 2.999999932944774628e-02 0.000000000000000000e+00
4.250791215896606445e+01 1.989999999999999991e+00 2.999999932944774628e-02 0.000000000000000000e+00
4.259787011146545410e+01 1.969999999999999973e+00 2.999999932944774628e-02 0.000000000000000000e+00
4.270586681365966797e+01 1.820000000000000062e+00 2.999999932944774628e-02 0.000000000000000000e+00
4.279991078376770020e+01 1.739999999999999991e+00 2.999999932944774628e-02 0.000000000000000000e+00
4.291287040710449219e+01 1.760000000000000009e+00 2.999999932944774628e-02 0.000000000000000000e+00
4.300186681747436523e+01 1.800000000000000044e+00 2.999999932944774628e-02 0.000000000000000000e+00
4.308887004852294922e+01 1.750000000000000000e+00 2.999999932944774628e-02 0.000000000000000000e+00
4.320586657524108887e+01 1.770000000000000018e+00 2.999999932944774628e-02 0.000000000000000000e+00
4.329487729072570801e+01 2.689999999999999947e+00 2.999999932944774628e-02 0.000000000000000000e+00
4.340390682220458984e+01 4.379999999999999893e+00 2.999999932944774628e-02 0.000000000000000000e+00
4.349886775016784668e+01 4.219999999999999751e+00 2.999999932944774628e-02 0.000000000000000000e+00
4.360985946655273438e+01 4.650000000000000355e+00 2.999999932944774628e-02 -8.392935943603515625e+01
4.369591093063354492e+01 4.780000000000000249e+00 2.999999932944774628e-02 -5.455408935546875000e+02
4.380586075782775879e+01 4.700000000000000178e+00 2.999999932944774628e-02 -1.175010986328125000e+03
4.390287542343139648e+01 4.629999999999999893e+00 2.999999932944774628e-02 -1.440787353515625000e+03
4.401086926460266113e+01 4.490000000000000213e+00 2.999999932944774628e-02 -1.342869750976562500e+03
4.410587120056152344e+01 4.559999999999999609e+00 2.999999932944774628e-02 -1.440787353515625000e+03
4.419600248336791992e+01 4.570000000000000284e+00 2.999999932944774628e-02 -1.622634277343750000e+03
4.430287075042724609e+01 4.480000000000000426e+00 2.999999932944774628e-02 -1.524716674804687500e+03
4.439786720275878906e+01 4.580000000000000071e+00 2.999999932944774628e-02 -1.524716674804687500e+03
4.451087141036987305e+01 4.530000000000000249e+00 2.999999932944774628e-02 -1.804481201171875000e+03
4.459590387344360352e+01 4.429999999999999716e+00 2.999999932944774628e-02 -1.622634277343750000e+03
4.469687080383300781e+01 4.450000000000000178e+00 2.999999932944774628e-02 -1.720551879882812500e+03
4.480287599563598633e+01 4.400000000000000355e+00 2.999999932944774628e-02 -1.342869750976562500e+03
4.491086912155151367e+01 4.540000000000000036e+00 2.999999932944774628e-02 -1.440787353515625000e+03
4.500487184524536133e+01 4.530000000000000249e+00 2.999999932944774628e-02 -1.608645996093750000e+03
4.509590768814086914e+01 4.490000000000000213e+00 2.999999932944774628e-02 -1.608645996093750000e+03
4.520687055587768555e+01 4.480000000000000426e+00 2.999999932944774628e-02 -1.524716674804687500e+03
4.529387021064758301e+01 4.469999999999999751e+00 2.999999932944774628e-02 -1.342869750976562500e+03
4.541096448898315430e+01 4.459999999999999964e+00 2.999999932944774628e-02 -1.356857910156250000e+03
4.549991989135742188e+01 4.500000000000000000e+00 2.999999932944774628e-02 -1.440787353515625000e+03
4.560887217521667480e+01 4.570000000000000284e+00 2.999999932944774628e-02 -1.706563598632812500e+03
4.570390415191650391e+01 4.450000000000000178e+00 2.999999932944774628e-02 -1.706563598632812500e+03
4.579287815093994141e+01 4.450000000000000178e+00 2.999999932944774628e-02 -1.622634277343750000e+03
4.590086936950683594e+01 4.500000000000000000e+00 2.999999932944774628e-02 -1.790493041992187500e+03
4.599590563774108887e+01 4.530000000000000249e+00 2.999999932944774628e-02 -1.888410644531250000e+03
4.610790920257568359e+01 4.540000000000000036e+00 2.999999932944774628e-02 -2.070257568359375000e+03
4.619287562370300293e+01 4.469999999999999751e+00 2.999999932944774628e-02 -2.252104736328125000e+03
4.631088447570800781e+01 4.389999999999999680e+00 2.999999932944774628e-02 -2.070257568359375000e+03
4.640087008476257324e+01 4.379999999999999893e+00 2.999999932944774628e-02 -2.070257568359375000e+03
4.650790214538574219e+01 4.360000000000000320e+00 2.999999932944774628e-02 -1.888410644531250000e+03
4.660288143157958984e+01 4.429999999999999716e+00 2.999999932944774628e-02 -1.804481201171875000e+03
4.669287443161010742e+01 4.429999999999999716e+00 2.999999932944774628e-02 -1.706563598632812500e+03
4.680086874961853027e+01 4.459999999999999964e+00 2.999999932944774628e-02 -1.440787353515625000e+03
4.689489698410034180e+01 4.440000000000000391e+00 2.999999932944774628e-02 -1.356857910156250000e+03
4.700790190696716309e+01 4.459999999999999964e+00 2.999999932944774628e-02 -1.440787353515625000e+03
4.709686708450317383e+01 4.500000000000000000e+00 2.999999932944774628e-02 -1.440787353515625000e+03
4.720987176895141602e+01 4.469999999999999751e+00 2.999999932944774628e-02 -1.161022827148437500e+03
4.730087018013000488e+01 4.410000000000000142e+00 2.999999932944774628e-02 -1.175010986328125000e+03
4.741191196441650391e+01 4.490000000000000213e+00 2.999999932944774628e-02 -1.175010986328125000e+03
4.749886751174926758e+01 4.509999999999999787e+00 2.999999932944774628e-02 -1.175010986328125000e+03
4.759387159347534180e+01 4.530000000000000249e+00 2.999999932944774628e-02 -1.342869750976562500e+03
4.770487952232360840e+01 4.490000000000000213e+00 2.999999932944774628e-02 -1.175010986328125000e+03
4.779787540435791016e+01 4.419999999999999929e+00 2.999999932944774628e-02 -8.952465209960937500e+02
4.790887522697448730e+01 4.559999999999999609e+00 2.999999932944774628e-02 -1.175010986328125000e+03
4.799786686897277832e+01 4.570000000000000284e+00 2.999999932944774628e-02 -1.077093505859375000e+03
4.810586929321289062e+01 3.589999999999999858e+00 2.999999932944774628e-02 0.000000000000000000e+00
4.820086860656738281e+01 2.729999999999999982e+00 2.999999932944774628e-02 0.000000000000000000e+00
4.831287717819213867e+01 2.120000000000000107e+00 2.999999932944774628e-02 5.455408935546875000e+02
4.839785838127136230e+01 1.709999999999999964e+00 2.999999932944774628e-02 9.931641235351562500e+02
4.849287009239196777e+01 1.699999999999999956e+00 2.999999932944774628e-02 1.622634277343750000e+03
4.860586762428283691e+01 1.870000000000000107e+00 2.999999932944774628e-02 1.440787353515625000e+03
4.871190118789672852e+01 1.909999999999999920e+00 2.999999932944774628e-02 1.175010986328125000e+03
4.880791521072387695e+01 1.870000000000000107e+00 2.999999932944774628e-02 1.175010986328125000e+03
4.889787030220031738e+01 1.810000000000000053e+00 2.999999932944774628e-02 1.091081787109375000e+03
4.900587058067321777e+01 1.750000000000000000e+00 2.999999932944774628e-02 1.440787353515625000e+03
4.909991550445556641e+01 1.770000000000000018e+00 2.999999932944774628e-02 1.986328247070312500e+03
4.921191263198852539e+01 1.810000000000000053e+00 2.999999932944774628e-02 2.070257568359375000e+03
4.930186653137207031e+01 1.840000000000000080e+00 2.999999932944774628e-02 1.888410644531250000e+03
4.938887071609497070e+01 1.929999999999999938e+00 2.999999932944774628e-02 1.902398925781250000e+03
4.950586628913879395e+01 1.929999999999999938e+00 2.999999932944774628e-02 1.524716674804687500e+03
4.959486651420593262e+01 1.979999999999999982e+00 2.999999932944774628e-02 1.258940307617187500e+03
4.970392107963562012e+01 1.850000000000000089e+00 2.999999932944774628e-02 1.175010986328125000e+03
4.979886412620544434e+01 1.820000000000000062e+00 2.999999932944774628e-02 1.356857910156250000e+03
4.990986871719360352e+01 1.840000000000000080e+00 2.999999932944774628e-02 1.356857910156250000e+03
4.999590992927551270e+01 1.820000000000000062e+00 2.999999932944774628e-02 1.356857910156250000e+03
5.011387872695922852e+01 1.820000000000000062e+00 2.999999932944774628e-02 1.440787353515625000e+03
5.020287108421325684e+01 1.840000000000000080e+00 2.999999932944774628e-02 1.622634277343750000e+03
5.031086659431457520e+01 1.840000000000000080e+00 2.999999932944774628e-02 1.706563598632812500e+03
5.040596508979797363e+01 1.870000000000000107e+00 2.999999932944774628e-02 1.706563598632812500e+03
5.049591040611267090e+01 1.879999999999999893e+00 2.999999932944774628e-02 1.622634277343750000e+03
5.060287308692932129e+01 1.879999999999999893e+00 2.999999932944774628e-02 1.538704956054687500e+03
5.069786787033081055e+01 1.820000000000000062e+00 2.999999932944774628e-02 1.440787353515625000e+03
5.081086897850036621e+01 1.850000000000000089e+00 2.999999932944774628e-02 1.524716674804687500e+03
5.089591956138610840e+01 1.860000000000000098e+00 2.999999932944774628e-02 1.622634277343750000e+03
5.100486731529235840e+01 1.820000000000000062e+00 2.999999932944774628e-02 1.804481201171875000e+03
5.110287690162658691e+01 1.840000000000000080e+00 2.999999932944774628e-02 1.902398925781250000e+03
5.121086788177490234e+01 1.850000000000000089e+00 2.999999932944774628e-02 2.154187011718750000e+03
5.130487108230590820e+01 1.860000000000000098e+00 2.999999932944774628e-02 2.070257568359375000e+03
5.139591836929321289e+01 1.899999999999999911e+00 2.999999932944774628e-02 1.706563598632812500e+03
5.150686526298522949e+01 1.959999999999999964e+00 2.999999932944774628e-02 1.342869750976562500e+03
5.159386944770812988e+01 1.919999999999999929e+00 2.999999932944774628e-02 1.161022827148437500e+03
5.171086502075195312e+01 1.840000000000000080e+00 2.999999932944774628e-02 1.258940307617187500e+03
5.179991364479064941e+01 1.840000000000000080e+00 2.999999932944774628e-02 1.440787353515625000e+03
5.190887236595153809e+01 1.840000000000000080e+00 2.999999932944774628e-02 1.440787353515625000e+03
5.200391507148742676e+01 1.870000000000000107e+00 2.999999932944774628e-02 1.440787353515625000e+03
5.209287190437316895e+01 1.899999999999999911e+00 2.999999932944774628e-02 1.356857910156250000e+03
5.220087218284606934e+01 1.899999999999999911e+00 2.999999932944774628e-02 1.161022827148437500e+03
5.229590415954589844e+01 1.879999999999999893e+00 2.999999932944774628e-02 8.952465209960937500e+02
5.240790867805480957e+01 1.860000000000000098e+00 2.999999932944774628e-02 8.952465209960937500e+02
5.249287295341491699e+01 1.860000000000000098e+00 2.999999932944774628e-02 1.091081787109375000e+03
5.261087226867675781e+01 1.879999999999999893e+00 2.999999932944774628e-02 8.113171386718750000e+02
5.270086932182312012e+01 1.830000000000000071e+00 2.999999932944774628e-02 8.952465209960937500e+02
5.280790519714355469e+01 1.850000000000000089e+00 2.999999932944774628e-02 1.818469390869140625e+02
5.290287208557128906e+01 2.009999999999999787e+00 2.999999932944774628e-02 0.000000000000000000e+00
5.299287199974060059e+01 1.840000000000000080e+00 2.999999932944774628e-02 0.000000000000000000e+00
5.310087108612060547e+01 1.840000000000000080e+00 2.999999932944774628e-02 0.000000000000000000e+00
5.319486856460571289e+01 1.939999999999999947e+00 2.999999932944774628e-02 0.000000000000000000e+00
5.330790853500366211e+01 1.830000000000000071e+00 2.999999932944774628e-02 0.000000000000000000e+00
5.339687585830688477e+01 1.850000000000000089e+00 2.999999932944774628e-02 0.000000000000000000e+00
5.350986886024475098e+01 1.840000000000000080e+00 2.999999932944774628e-02 0.000000000000000000e+00
5.360086989402770996e+01 1.800000000000000044e+00 2.999999932944774628e-02 0.000000000000000000e+00
5.371190738677978516e+01 1.790000000000000036e+00 2.999999932944774628e-02 0.000000000000000000e+00
5.379886865615844727e+01 1.780000000000000027e+00 2.999999932944774628e-02 0.000000000000000000e+00
5.389386868476867676e+01 1.780000000000000027e+00 2.999999932944774628e-02 0.000000000000000000e+00
5.400487160682678223e+01 1.770000000000000018e+00 2.999999932944774628e-02 0.000000000000000000e+00
5.409086585044860840e+01 1.770000000000000018e+00 2.999999932944774628e-02 0.000000000000000000e+00
5.420886850357055664e+01 1.760000000000000009e+00 2.999999932944774628e-02 0.000000000000000000e+00
5.429787015914916992e+01 1.760000000000000009e+00 2.999999932944774628e-02 0.000000000000000000e+00
5.440586638450622559e+01 1.760000000000000009e+00 2.999999932944774628e-02 0.000000000000000000e+00
5.450087976455688477e+01 1.760000000000000009e+00 2.999999932944774628e-02 0.000000000000000000e+00
5.461287474632263184e+01 1.760000000000000009e+00 2.999999932944774628e-02 0.000000000000000000e+00
5.469786643981933594e+01 1.760000000000000009e+00 2.999999932944774628e-02 0.000000000000000000e+00
5.479287290573120117e+01 1.760000000000000009e+00 2.999999932944774628e-02 0.000000000000000000e+00
5.490586781501770020e+01 1.760000000000000009e+00 2.999999932944774628e-02 0.000000000000000000e+00
5.501287341117858887e+01 1.750000000000000000e+00 2.999999932944774628e-02 0.000000000000000000e+00
5.510791277885437012e+01 1.750000000000000000e+00 2.999999932944774628e-02 0.000000000000000000e+00
5.519786691665649414e+01 1.750000000000000000e+00 2.999999932944774628e-02 0.000000000000000000e+00
5.530586695671081543e+01 1.750000000000000000e+00 2.999999932944774628e-02 0.000000000000000000e+00
5.539991426467895508e+01 1.750000000000000000e+00 2.999999932944774628e-02 0.000000000000000000e+00
5.551287484169006348e+01 1.750000000000000000e+00 2.999999932944774628e-02 0.000000000000000000e+00
5.560186624526977539e+01 1.760000000000000009e+00 2.999999932944774628e-02 0.000000000000000000e+00
5.568886160850524902e+01 1.760000000000000009e+00 2.999999932944774628e-02 0.000000000000000000e+00
5.580585885047912598e+01 1.760000000000000009e+00 2.999999932944774628e-02 0.000000000000000000e+00
5.589485812187194824e+01 1.750000000000000000e+00 2.999999932944774628e-02 0.000000000000000000e+00
5.600392699241638184e+01 1.750000000000000000e+00 2.999999932944774628e-02 0.000000000000000000e+00
5.609886050224304199e+01 1.750000000000000000e+00 2.999999932944774628e-02 0.000000000000000000e+00
5.620985817909240723e+01 1.750000000000000000e+00 2.999999932944774628e-02 0.000000000000000000e+00
5.629591107368469238e+01 1.750000000000000000e+00 2.999999932944774628e-02 0.000000000000000000e+00
5.639087128639221191e+01 1.760000000000000009e+00 2.999999932944774628e-02 0.000000000000000000e+00
