7.594943046569824219e-02 2.609999999999999876e+00 3.999999910593032837e-02 0.000000000000000000e+00
1.639521121978759766e-01 2.609999999999999876e+00 3.999999910593032837e-02 0.000000000000000000e+00
2.549889087677001953e-01 2.609999999999999876e+00 3.999999910593032837e-02 0.000000000000000000e+00
3.679525852203369141e-01 2.609999999999999876e+00 3.999999910593032837e-02 0.000000000000000000e+00
4.749894142150878906e-01 2.609999999999999876e+00 3.999999910593032837e-02 0.000000000000000000e+00
5.639507770538330078e-01 2.609999999999999876e+00 3.999999910593032837e-02 0.000000000000000000e+00
6.589906215667724609e-01 2.609999999999999876e+00 3.999999910593032837e-02 0.000000000000000000e+00
7.669923305511474609e-01 2.609999999999999876e+00 3.999999910593032837e-02 0.000000000000000000e+00
8.559527397155761719e-01 2.609999999999999876e+00 3.999999910593032837e-02 0.000000000000000000e+00
9.739480018615722656e-01 2.609999999999999876e+00 3.999999910593032837e-02 0.000000000000000000e+00
1.062988042831420898e+00 2.609999999999999876e+00 3.999999910593032837e-02 0.000000000000000000e+00
1.170996427536010742e+00 2.609999999999999876e+00 3.999999910593032837e-02 0.000000000000000000e+00
1.265947341918945312e+00 2.609999999999999876e+00 3.999999910593032837e-02 0.000000000000000000e+00
1.355952501296997070e+00 2.609999999999999876e+00 3.999999910593032837e-02 0.000000000000000000e+00
1.463948011398315430e+00 2.609999999999999876e+00 3.999999910593032837e-02 0.000000000000000000e+00
1.557957887649536133e+00 2.609999999999999876e+00 3.999999910593032837e-02 0.000000000000000000e+00
1.670993089675903320e+00 2.609999999999999876e+00 3.999999910593032837e-02 0.000000000000000000e+00
1.755950212478637695e+00 2.609999999999999876e+00 3.999999910593032837e-02 0.000000000000000000e+00
1.872949600219726562e+00 2.609999999999999876e+00 3.999999910593032837e-02 0.000000000000000000e+00
1.963951110839843750e+00 2.609999999999999876e+00 3.999999910593032837e-02 0.000000000000000000e+00
2.070994138717651367e+00 2.609999999999999876e+00 3.999999910593032837e-02 0.000000000000000000e+00
2.161949396133422852e+00 2.600000000000000089e+00 3.999999910593032837e-02 0.000000000000000000e+00
2.255952119827270508e+00 2.600000000000000089e+00 3.999999910593032837e-02 0.000000000000000000e+00
2.363949537277221680e+00 2.600000000000000089e+00 3.999999910593032837e-02 0.000000000000000000e+00
2.476948499679565430e+00 2.600000000000000089e+00 3.999999910593032837e-02 0.000000000000000000e+00
2.570990562438964844e+00 2.600000000000000089e+00 3.999999910593032837e-02 0.000000000000000000e+00
2.656948328018188477e+00 2.600000000000000089e+00 3.999999910593032837e-02 0.000000000000000000e+00
2.768952846527099609e+00 2.600000000000000089e+00 3.999999910593032837e-02 0.000000000000000000e+00
2.863949775695800781e+00 2.589999999999999858e+00 3.999999910593032837e-02 0.000000000000000000e+00
2.971950531005859375e+00 2.589999999999999858e+00 3.999999910593032837e-02 0.000000000000000000e+00
3.060952663421630859e+00 2.580000000000000071e+00 3.999999910593032837e-02 0.000000000000000000e+00
3.155950307846069336e+00 2.640000000000000124e+00 3.999999910593032837e-02 0.000000000000000000e+00
3.267984390258789062e+00 2.729999999999999982e+00 3.999999910593032837e-02 0.000000000000000000e+00
3.375952720642089844e+00 2.799999999999999822e+00 3.999999910593032837e-02 0.000000000000000000e+00
3.470995187759399414e+00 2.870000000000000107e+00 3.999999910593032837e-02 0.000000000000000000e+00
3.560952663421630859e+00 3.620000000000000107e+00 3.999999910593032837e-02 0.000000000000000000e+00
3.668949365615844727e+00 4.070000000000000284e+00 3.999999910593032837e-02 0.000000000000000000e+00
3.763000488281250000e+00 4.950000000000000178e+00 3.999999910593032837e-02 -9.791758728027343750e+01
3.875942707061767578e+00 5.549999999999999822e+00 3.999999910593032837e-02 -1.818469390869140625e+02
3.960946083068847656e+00 5.830000000000000071e+00 3.999999910593032837e-02 -2.797645568847656250e+02
4.076951742172241211e+00 5.780000000000000249e+00 3.999999910593032837e-02 -3.636938781738281250e+02
4.168948411941528320e+00 5.709999999999999964e+00 3.999999910593032837e-02 -2.657763061523437500e+02
4.275951385498046875e+00 5.690000000000000391e+00 3.999999910593032837e-02 -3.636938781738281250e+02
4.366996049880981445e+00 5.769999999999999574e+00 3.999999910593032837e-02 -3.636938781738281250e+02
4.460950374603271484e+00 5.719999999999999751e+00 3.999999910593032837e-02 -5.455408935546875000e+02
4.568949937820434570e+00 5.679999999999999716e+00 3.999999910593032837e-02 -4.476232604980468750e+02
4.658987283706665039e+00 5.750000000000000000e+00 3.999999910593032837e-02 -5.455408935546875000e+02
4.775950670242309570e+00 5.719999999999999751e+00 3.999999910593032837e-02 -5.315526123046875000e+02
4.861951589584350586e+00 5.769999999999999574e+00 3.999999910593032837e-02 -4.476232604980468750e+02
4.973951101303100586e+00 5.780000000000000249e+00 3.999999910593032837e-02 -5.315526123046875000e+02
5.068949222564697266e+00 5.719999999999999751e+00 3.999999910593032837e-02 -5.455408935546875000e+02
5.175951480865478516e+00 5.750000000000000000e+00 3.999999910593032837e-02 -5.455408935546875000e+02
5.265951156616210938e+00 5.690000000000000391e+00 3.999999910593032837e-02 -5.455408935546875000e+02
5.360951900482177734e+00 5.730000000000000426e+00 3.999999910593032837e-02 -6.294701538085937500e+02
5.472947359085083008e+00 5.730000000000000426e+00 3.999999910593032837e-02 -5.455408935546875000e+02
5.558992862701416016e+00 5.759999999999999787e+00 3.999999910593032837e-02 -5.455408935546875000e+02
5.675954103469848633e+00 5.820000000000000284e+00 3.999999910593032837e-02 -4.476232604980468750e+02
5.765950202941894531e+00 5.839999999999999858e+00 3.999999910593032837e-02 -3.636938781738281250e+02
5.873952388763427734e+00 5.870000000000000107e+00 3.999999910593032837e-02 -5.315526123046875000e+02
5.967953205108642578e+00 5.769999999999999574e+00 3.999999910593032837e-02 -5.315526123046875000e+02
6.058993339538574219e+00 5.820000000000000284e+00 3.999999910593032837e-02 -4.616115112304687500e+02
6.165956020355224609e+00 5.740000000000000213e+00 3.999999910593032837e-02 -5.455408935546875000e+02
6.256948709487915039e+00 5.759999999999999787e+00 3.999999910593032837e-02 -5.455408935546875000e+02
6.373946905136108398e+00 5.679999999999999716e+00 3.999999910593032837e-02 -6.294701538085937500e+02
6.458994626998901367e+00 5.700000000000000178e+00 3.999999910593032837e-02 -6.294701538085937500e+02
6.571949005126953125e+00 5.769999999999999574e+00 3.999999910593032837e-02 -7.273877563476562500e+02
6.665948152542114258e+00 5.679999999999999716e+00 3.999999910593032837e-02 -6.294701538085937500e+02
6.773947477340698242e+00 5.639999999999999680e+00 3.999999910593032837e-02 -5.315526123046875000e+02
6.863953828811645508e+00 5.750000000000000000e+00 3.999999910593032837e-02 -5.315526123046875000e+02
6.958991765975952148e+00 5.639999999999999680e+00 3.999999910593032837e-02 -4.476232604980468750e+02
7.066986799240112305e+00 5.610000000000000320e+00 3.999999910593032837e-02 -3.636938781738281250e+02
7.155953407287597656e+00 5.700000000000000178e+00 3.999999910593032837e-02 -4.476232604980468750e+02
7.273947477340698242e+00 5.769999999999999574e+00 3.999999910593032837e-02 -5.315526123046875000e+02
7.362983226776123047e+00 5.799999999999999822e+00 3.999999910593032837e-02 -4.476232604980468750e+02
7.470997571945190430e+00 5.769999999999999574e+00 3.999999910593032837e-02 -7.273877563476562500e+02
7.565951824188232422e+00 5.709999999999999964e+00 3.999999910593032837e-02 -7.133995361328125000e+02
7.655951738357543945e+00 5.700000000000000178e+00 3.999999910593032837e-02 -7.133995361328125000e+02
7.763956785202026367e+00 5.679999999999999716e+00 3.999999910593032837e-02 -7.133995361328125000e+02
7.857948541641235352e+00 5.669999999999999929e+00 3.999999910593032837e-02 -5.315526123046875000e+02
7.970998048782348633e+00 5.740000000000000213e+00 3.999999910593032837e-02 -5.455408935546875000e+02
8.055951118469238281e+00 5.690000000000000391e+00 3.999999910593032837e-02 -4.616115112304687500e+02
8.172951459884643555e+00 5.799999999999999822e+00 3.999999910593032837e-02 -4.476232604980468750e+02
8.263958692550659180e+00 5.820000000000000284e+00 3.999999910593032837e-02 -2.657763061523437500e+02
8.370988845825195312e+00 5.839999999999999858e+00 3.999999910593032837e-02 -2.657763061523437500e+02
8.461950063705444336e+00 5.830000000000000071e+00 3.999999910593032837e-02 -3.636938781738281250e+02
8.555950164794921875e+00 5.820000000000000284e+00 3.999999910593032837e-02 -3.497056579589843750e+02
8.663951635360717773e+00 5.780000000000000249e+00 3.999999910593032837e-02 -3.497056579589843750e+02
8.775951862335205078e+00 5.780000000000000249e+00 3.999999910593032837e-02 -4.476232604980468750e+02
8.870986223220825195e+00 5.790000000000000036e+00 3.999999910593032837e-02 -5.455408935546875000e+02
8.956951141357421875e+00 5.769999999999999574e+00 3.999999910593032837e-02 -5.455408935546875000e+02
9.068949222564697266e+00 5.750000000000000000e+00 3.999999910593032837e-02 -7.273877563476562500e+02
9.163950920104980469e+00 5.650000000000000355e+00 3.999999910593032837e-02 -6.294701538085937500e+02
9.271958589553833008e+00 5.750000000000000000e+00 3.999999910593032837e-02 -5.455408935546875000e+02
9.360950708389282227e+00 5.719999999999999751e+00 3.999999910593032837e-02 -5.455408935546875000e+02
9.476947307586669922e+00 5.709999999999999964e+00 3.999999910593032837e-02 -5.455408935546875000e+02
9.567948818206787109e+00 5.719999999999999751e+00 3.999999910593032837e-02 -5.315526123046875000e+02
9.675950527191162109e+00 5.639999999999999680e+00 3.999999910593032837e-02 -5.455408935546875000e+02
9.770995140075683594e+00 5.620000000000000107e+00 3.999999910593032837e-02 -4.616115112304687500e+02
9.860950708389282227e+00 5.650000000000000355e+00 3.999999910593032837e-02 -2.657763061523437500e+02
9.968947887420654297e+00 5.709999999999999964e+00 3.999999910593032837e-02 -4.476232604980468750e+02
1.006297826766967773e+01 5.740000000000000213e+00 3.999999910593032837e-02 -4.476232604980468750e+02
1.017594885826110840e+01 5.709999999999999964e+00 3.999999910593032837e-02 -4.476232604980468750e+02
1.026095175743103027e+01 5.799999999999999822e+00 3.999999910593032837e-02 -4.476232604980468750e+02
1.037394785881042480e+01 5.700000000000000178e+00 3.999999910593032837e-02 -4.476232604980468750e+02
1.046894764900207520e+01 5.700000000000000178e+00 3.999999910593032837e-02 -4.476232604980468750e+02
1.057595038414001465e+01 5.730000000000000426e+00 3.999999910593032837e-02 -7.273877563476562500e+02
1.066698622703552246e+01 5.700000000000000178e+00 3.999999910593032837e-02 -6.294701538085937500e+02
1.076095056533813477e+01 5.639999999999999680e+00 3.999999910593032837e-02 -4.476232604980468750e+02
1.086894798278808594e+01 5.849999999999999645e+00 3.999999910593032837e-02 -5.455408935546875000e+02
1.095899105072021484e+01 5.889999999999999680e+00 3.999999910593032837e-02 -6.294701538085937500e+02
1.107595849037170410e+01 5.780000000000000249e+00 3.999999910593032837e-02 -5.455408935546875000e+02
1.116195082664489746e+01 5.759999999999999787e+00 3.999999910593032837e-02 -5.455408935546875000e+02
1.127395653724670410e+01 5.719999999999999751e+00 3.999999910593032837e-02 -4.476232604980468750e+02
1.136894965171813965e+01 5.750000000000000000e+00 3.999999910593032837e-02 -4.476232604980468750e+02
1.147595167160034180e+01 5.820000000000000284e+00 3.999999910593032837e-02 -5.455408935546875000e+02
1.156594944000244141e+01 5.700000000000000178e+00 3.999999910593032837e-02 -4.476232604980468750e+02
1.166095280647277832e+01 5.709999999999999964e+00 3.999999910593032837e-02 -4.476232604980468750e+02
1.177294969558715820e+01 5.750000000000000000e+00 3.999999910593032837e-02 -7.273877563476562500e+02
1.185897898674011230e+01 5.700000000000000178e+00 3.999999910593032837e-02 -6.294701538085937500e+02
1.197595405578613281e+01 5.660000000000000142e+00 3.999999910593032837e-02 -4.476232604980468750e+02
1.206595253944396973e+01 5.690000000000000391e+00 3.999999910593032837e-02 -4.476232604980468750e+02
1.217394828796386719e+01 5.679999999999999716e+00 3.999999910593032837e-02 -4.476232604980468750e+02
1.226795196533203125e+01 5.650000000000000355e+00 3.999999910593032837e-02 -5.455408935546875000e+02
1.235898470878601074e+01 5.740000000000000213e+00 3.999999910593032837e-02 -6.294701538085937500e+02
1.246594953536987305e+01 5.669999999999999929e+00 3.999999910593032837e-02 -7.273877563476562500e+02
1.255695033073425293e+01 5.690000000000000391e+00 3.999999910593032837e-02 -6.294701538085937500e+02
1.267395091056823730e+01 5.709999999999999964e+00 3.999999910593032837e-02 -6.294701538085937500e+02
1.275898981094360352e+01 5.740000000000000213e+00 3.999999910593032837e-02 -7.273877563476562500e+02
1.287195158004760742e+01 5.700000000000000178e+00 3.999999910593032837e-02 -6.294701538085937500e+02
1.296594858169555664e+01 5.690000000000000391e+00 3.999999910593032837e-02 -7.273877563476562500e+02
1.307394862174987793e+01 5.700000000000000178e+00 3.999999910593032837e-02 -5.315526123046875000e+02
1.316395449638366699e+01 5.700000000000000178e+00 3.999999910593032837e-02 -6.294701538085937500e+02
1.325898051261901855e+01 5.780000000000000249e+00 3.999999910593032837e-02 -4.476232604980468750e+02
1.336698007583618164e+01 5.799999999999999822e+00 3.999999910593032837e-02 -3.636938781738281250e+02
1.345594978332519531e+01 5.799999999999999822e+00 3.999999910593032837e-02 -2.657763061523437500e+02
1.357394814491271973e+01 5.919999999999999929e+00 3.999999910593032837e-02 -1.818469390869140625e+02
1.366298818588256836e+01 5.950000000000000178e+00 3.999999910593032837e-02 -5.455408935546875000e+02
1.377099347114562988e+01 5.900000000000000355e+00 3.999999910593032837e-02 -5.315526123046875000e+02
1.386594796180725098e+01 5.809999999999999609e+00 3.999999910593032837e-02 -5.455408935546875000e+02
1.395595359802246094e+01 5.719999999999999751e+00 3.999999910593032837e-02 -5.455408935546875000e+02
1.406395101547241211e+01 5.690000000000000391e+00 3.999999910593032837e-02 -4.476232604980468750e+02
1.415795040130615234e+01 5.700000000000000178e+00 3.999999910593032837e-02 -3.636938781738281250e+02
1.427098774909973145e+01 5.780000000000000249e+00 3.999999910593032837e-02 -4.476232604980468750e+02
1.435595393180847168e+01 5.769999999999999574e+00 3.999999910593032837e-02 -6.294701538085937500e+02
1.447295212745666504e+01 5.660000000000000142e+00 3.999999910593032837e-02 -5.455408935546875000e+02
1.456395530700683594e+01 5.700000000000000178e+00 3.999999910593032837e-02 -5.315526123046875000e+02
1.467098331451416016e+01 5.730000000000000426e+00 3.999999910593032837e-02 -6.294701538085937500e+02
1.476195120811462402e+01 5.639999999999999680e+00 3.999999910593032837e-02 -6.294701538085937500e+02
1.485594964027404785e+01 5.639999999999999680e+00 3.999999910593032837e-02 -5.455408935546875000e+02
1.496395206451416016e+01 5.730000000000000426e+00 3.999999910593032837e-02 -5.455408935546875000e+02
1.507694959640502930e+01 5.750000000000000000e+00 3.999999910593032837e-02 -3.636938781738281250e+02
1.517099642753601074e+01 5.750000000000000000e+00 3.999999910593032837e-02 -4.476232604980468750e+02
1.525694894790649414e+01 5.700000000000000178e+00 3.999999910593032837e-02 -4.476232604980468750e+02
1.536894917488098145e+01 5.669999999999999929e+00 3.999999910593032837e-02 -5.455408935546875000e+02
1.546395277976989746e+01 5.629999999999999893e+00 3.999999910593032837e-02 -2.657763061523437500e+02
1.557195591926574707e+01 5.709999999999999964e+00 3.999999910593032837e-02 -5.455408935546875000e+02
1.566095328330993652e+01 5.679999999999999716e+00 3.999999910593032837e-02 -5.455408935546875000e+02
1.577194881439208984e+01 5.700000000000000178e+00 3.999999910593032837e-02 -4.476232604980468750e+02
1.586795043945312500e+01 5.769999999999999574e+00 3.999999910593032837e-02 -5.455408935546875000e+02
1.597595405578613281e+01 5.750000000000000000e+00 3.999999910593032837e-02 -5.315526123046875000e+02
1.607099032402038574e+01 5.820000000000000284e+00 3.999999910593032837e-02 -6.294701538085937500e+02
1.616094970703125000e+01 5.759999999999999787e+00 3.999999910593032837e-02 -5.315526123046875000e+02
1.626894855499267578e+01 5.730000000000000426e+00 3.999999910593032837e-02 -3.636938781738281250e+02
1.636299729347229004e+01 5.740000000000000213e+00 3.999999910593032837e-02 -3.636938781738281250e+02
1.647595095634460449e+01 5.830000000000000071e+00 3.999999910593032837e-02 -5.455408935546875000e+02
1.656095337867736816e+01 5.790000000000000036e+00 3.999999910593032837e-02 -5.455408935546875000e+02
1.665195035934448242e+01 5.459999999999999964e+00 3.999999910593032837e-02 0.000000000000000000e+00
1.676894783973693848e+01 5.230000000000000426e+00 3.999999910593032837e-02 0.000000000000000000e+00
1.686095046997070312e+01 5.129999999999999893e+00 3.999999910593032837e-02 0.000000000000000000e+00
1.696699738502502441e+01 3.879999999999999893e+00 3.999999910593032837e-02 9.791758728027343750e+01
1.706095433235168457e+01 2.850000000000000089e+00 3.999999910593032837e-02 8.392935943603515625e+01
1.716894865036010742e+01 2.680000000000000160e+00 3.999999910593032837e-02 1.818469390869140625e+02
1.725899291038513184e+01 2.750000000000000000e+00 3.999999910593032837e-02 3.636938781738281250e+02
1.737594938278198242e+01 2.569999999999999840e+00 3.999999910593032837e-02 8.113171386718750000e+02
1.746194767951965332e+01 2.759999999999999787e+00 3.999999910593032837e-02 4.616115112304687500e+02
1.757394862174987793e+01 2.770000000000000018e+00 3.999999910593032837e-02 3.636938781738281250e+02
1.766894865036010742e+01 2.790000000000000036e+00 3.999999910593032837e-02 3.497056579589843750e+02
1.777595400810241699e+01 2.680000000000000160e+00 3.999999910593032837e-02 5.315526123046875000e+02
1.786594820022583008e+01 2.709999999999999964e+00 3.999999910593032837e-02 5.455408935546875000e+02
1.796095633506774902e+01 2.729999999999999982e+00 3.999999910593032837e-02 5.455408935546875000e+02
1.807295155525207520e+01 2.720000000000000195e+00 3.999999910593032837e-02 4.476232604980468750e+02
1.815898919105529785e+01 2.680000000000000160e+00 3.999999910593032837e-02 5.455408935546875000e+02
1.827596092224121094e+01 2.720000000000000195e+00 3.999999910593032837e-02 5.455408935546875000e+02
1.836594724655151367e+01 2.720000000000000195e+00 3.999999910593032837e-02 3.636938781738281250e+02
1.847395110130310059e+01 2.689999999999999947e+00 3.999999910593032837e-02 3.636938781738281250e+02
1.856796050071716309e+01 2.620000000000000107e+00 3.999999910593032837e-02 3.636938781738281250e+02
1.865899276733398438e+01 2.640000000000000124e+00 3.999999910593032837e-02 3.497056579589843750e+02
1.876594781875610352e+01 2.669999999999999929e+00 3.999999910593032837e-02 3.497056579589843750e+02
1.885694169998168945e+01 2.709999999999999964e+00 3.999999910593032837e-02 8.392935943603515625e+01
1.897394990921020508e+01 2.680000000000000160e+00 3.999999910593032837e-02 1.818469390869140625e+02
1.905899882316589355e+01 2.560000000000000053e+00 3.999999910593032837e-02 2.657763061523437500e+02
1.917195367813110352e+01 2.609999999999999876e+00 3.999999910593032837e-02 3.497056579589843750e+02
1.926594877243041992e+01 2.640000000000000124e+00 3.999999910593032837e-02 5.315526123046875000e+02
1.937394070625305176e+01 2.729999999999999982e+00 3.999999910593032837e-02 6.294701538085937500e+02
1.946395230293273926e+01 2.740000000000000213e+00 3.999999910593032837e-02 5.455408935546875000e+02
1.955899834632873535e+01 2.689999999999999947e+00 3.999999910593032837e-02 5.455408935546875000e+02
1.966699409484863281e+01 2.750000000000000000e+00 3.999999910593032837e-02 4.476232604980468750e+02
1.975594997406005859e+01 2.709999999999999964e+00 3.999999910593032837e-02 4.616115112304687500e+02
1.987394928932189941e+01 2.680000000000000160e+00 3.999999910593032837e-02 2.797645568847656250e+02
1.996299195289611816e+01 2.700000000000000178e+00 3.999999910593032837e-02 2.797645568847656250e+02
2.007099461555480957e+01 2.709999999999999964e+00 3.999999910593032837e-02 2.657763061523437500e+02
2.016594910621643066e+01 2.700000000000000178e+00 3.999999910593032837e-02 4.476232604980468750e+02
2.025595331192016602e+01 2.750000000000000000e+00 3.999999910593032837e-02 3.497056579589843750e+02
2.036395335197448730e+01 2.740000000000000213e+00 3.999999910593032837e-02 3.636938781738281250e+02
2.045795202255249023e+01 2.680000000000000160e+00 3.999999910593032837e-02 4.476232604980468750e+02
2.057099318504333496e+01 2.750000000000000000e+00 3.999999910593032837e-02 4.476232604980468750e+02
2.065595030784606934e+01 2.750000000000000000e+00 3.999999910593032837e-02 5.455408935546875000e+02
2.077295160293579102e+01 2.770000000000000018e+00 3.999999910593032837e-02 4.616115112304687500e+02
2.086395096778869629e+01 2.750000000000000000e+00 3.999999910593032837e-02 4.476232604980468750e+02
2.097098994255065918e+01 2.729999999999999982e+00 3.999999910593032837e-02 3.636938781738281250e+02
2.106194806098937988e+01 2.709999999999999964e+00 3.999999910593032837e-02 4.476232604980468750e+02
2.115595197677612305e+01 2.709999999999999964e+00 3.999999910593032837e-02 5.455408935546875000e+02
2.126395058631896973e+01 2.689999999999999947e+00 3.999999910593032837e-02 3.636938781738281250e+02
2.137594866752624512e+01 2.700000000000000178e+00 3.999999910593032837e-02 5.315526123046875000e+02
2.147099614143371582e+01 2.729999999999999982e+00 3.999999910593032837e-02 5.455408935546875000e+02
2.155695915222167969e+01 2.750000000000000000e+00 3.999999910593032837e-02 5.455408935546875000e+02
2.166896080970764160e+01 2.669999999999999929e+00 3.999999910593032837e-02 3.636938781738281250e+02
2.176395964622497559e+01 2.700000000000000178e+00 3.999999910593032837e-02 4.476232604980468750e+02
2.187195086479187012e+01 2.680000000000000160e+00 3.999999910593032837e-02 2.657763061523437500e+02
2.196094202995300293e+01 2.720000000000000195e+00 3.999999910593032837e-02 3.636938781738281250e+02
2.207194066047668457e+01 2.629999999999999893e+00 3.999999910593032837e-02 4.476232604980468750e+02
2.216795277595520020e+01 2.660000000000000142e+00 3.999999910593032837e-02 4.476232604980468750e+02
2.227595090866088867e+01 2.720000000000000195e+00 3.999999910593032837e-02 3.497056579589843750e+02
2.237099885940551758e+01 2.729999999999999982e+00 3.999999910593032837e-02 3.636938781738281250e+02
2.246095299720764160e+01 2.709999999999999964e+00 3.999999910593032837e-02 3.497056579589843750e+02
2.256895136833190918e+01 2.689999999999999947e+00 3.999999910593032837e-02 3.636938781738281250e+02
2.266299724578857422e+01 2.660000000000000142e+00 3.999999910593032837e-02 5.455408935546875000e+02
2.277594947814941406e+01 2.709999999999999964e+00 3.999999910593032837e-02 5.455408935546875000e+02
2.286095404624938965e+01 2.709999999999999964e+00 3.999999910593032837e-02 4.476232604980468750e+02
2.295194864273071289e+01 2.689999999999999947e+00 3.999999910593032837e-02 4.476232604980468750e+02
2.306894803047180176e+01 2.700000000000000178e+00 3.999999910593032837e-02 4.476232604980468750e+02
2.317594981193542480e+01 2.740000000000000213e+00 3.999999910593032837e-02 4.476232604980468750e+02
2.326699972152709961e+01 2.720000000000000195e+00 3.999999910593032837e-02 4.476232604980468750e+02
2.336095261573791504e+01 2.709999999999999964e+00 3.999999910593032837e-02 3.636938781738281250e+02
2.346894931793212891e+01 2.720000000000000195e+00 3.999999910593032837e-02 4.476232604980468750e+02
2.355900049209594727e+01 2.810000000000000053e+00 3.999999910593032837e-02 4.616115112304687500e+02
2.367594885826110840e+01 2.799999999999999822e+00 3.999999910593032837e-02 3.636938781738281250e+02
2.376195812225341797e+01 2.759999999999999787e+00 3.999999910593032837e-02 2.657763061523437500e+02
2.387394738197326660e+01 2.689999999999999947e+00 3.999999910593032837e-02 2.657763061523437500e+02
2.396894717216491699e+01 2.629999999999999893e+00 3.999999910593032837e-02 3.636938781738281250e+02
2.407694840431213379e+01 2.669999999999999929e+00 3.999999910593032837e-02 4.476232604980468750e+02
2.416594839096069336e+01 2.720000000000000195e+00 3.999999910593032837e-02 6.294701538085937500e+02
2.426095008850097656e+01 2.700000000000000178e+00 3.999999910593032837e-02 6.294701538085937500e+02
2.437295055389404297e+01 2.740000000000000213e+00 3.999999910593032837e-02 5.455408935546875000e+02
2.445898485183715820e+01 2.810000000000000053e+00 3.999999910593032837e-02 5.315526123046875000e+02
2.457595252990722656e+01 2.729999999999999982e+00 3.999999910593032837e-02 2.657763061523437500e+02
2.466595625877380371e+01 2.700000000000000178e+00 3.999999910593032837e-02 2.657763061523437500e+02
2.477395081520080566e+01 2.660000000000000142e+00 3.999999910593032837e-02 3.497056579589843750e+02
2.486795496940612793e+01 2.729999999999999982e+00 3.999999910593032837e-02 3.497056579589843750e+02
2.495898818969726562e+01 2.700000000000000178e+00 3.999999910593032837e-02 3.497056579589843750e+02
2.506594777107238770e+01 2.680000000000000160e+00 3.999999910593032837e-02 3.497056579589843750e+02
2.515694856643676758e+01 2.700000000000000178e+00 3.999999910593032837e-02 3.636938781738281250e+02
2.527395033836364746e+01 2.649999999999999911e+00 3.999999910593032837e-02 5.455408935546875000e+02
2.535898852348327637e+01 2.720000000000000195e+00 3.999999910593032837e-02 4.476232604980468750e+02
2.547195076942443848e+01 2.700000000000000178e+00 3.999999910593032837e-02 3.636938781738281250e+02
2.556594753265380859e+01 2.649999999999999911e+00 3.999999910593032837e-02 3.636938781738281250e+02
2.567395138740539551e+01 2.609999999999999876e+00 3.999999910593032837e-02 4.476232604980468750e+02
2.576395273208618164e+01 2.649999999999999911e+00 3.999999910593032837e-02 5.455408935546875000e+02
2.585899853706359863e+01 2.700000000000000178e+00 3.999999910593032837e-02 4.476232604980468750e+02
2.596699237823486328e+01 2.669999999999999929e+00 3.999999910593032837e-02 4.476232604980468750e+02
2.605594992637634277e+01 2.669999999999999929e+00 3.999999910593032837e-02 5.455408935546875000e+02
2.617394804954528809e+01 2.729999999999999982e+00 3.999999910593032837e-02 4.476232604980468750e+02
2.626299476623535156e+01 2.729999999999999982e+00 3.999999910593032837e-02 4.476232604980468750e+02
2.637100195884704590e+01 2.740000000000000213e+00 3.999999910593032837e-02 4.476232604980468750e+02
2.646595048904418945e+01 2.680000000000000160e+00 3.999999910593032837e-02 3.636938781738281250e+02
2.655595350265502930e+01 2.709999999999999964e+00 3.999999910593032837e-02 5.455408935546875000e+02
2.666395401954650879e+01 2.740000000000000213e+00 3.999999910593032837e-02 4.476232604980468750e+02
2.675795292854309082e+01 2.709999999999999964e+00 3.999999910593032837e-02 3.497056579589843750e+02
2.687099456787109375e+01 2.700000000000000178e+00 3.999999910593032837e-02 4.476232604980468750e+02
2.695595288276672363e+01 2.729999999999999982e+00 3.999999910593032837e-02 6.294701538085937500e+02
2.707295346260070801e+01 2.750000000000000000e+00 3.999999910593032837e-02 6.294701538085937500e+02
2.716394996643066406e+01 2.750000000000000000e+00 3.999999910593032837e-02 5.455408935546875000e+02
2.727099275588989258e+01 2.770000000000000018e+00 3.999999910593032837e-02 4.476232604980468750e+02
2.736194086074829102e+01 2.729999999999999982e+00 3.999999910593032837e-02 5.455408935546875000e+02
2.745595288276672363e+01 2.700000000000000178e+00 3.999999910593032837e-02 6.294701538085937500e+02
2.756395101547241211e+01 2.750000000000000000e+00 3.999999910593032837e-02 5.315526123046875000e+02
2.767695450782775879e+01 2.740000000000000213e+00 3.999999910593032837e-02 4.616115112304687500e+02
2.777099299430847168e+01 2.729999999999999982e+00 3.999999910593032837e-02 4.476232604980468750e+02
2.785694861412048340e+01 2.700000000000000178e+00 3.999999910593032837e-02 4.476232604980468750e+02
2.796895051002502441e+01 2.709999999999999964e+00 3.999999910593032837e-02 3.636938781738281250e+02
2.806395173072814941e+01 2.709999999999999964e+00 3.999999910593032837e-02 3.636938781738281250e+02
2.817194986343383789e+01 2.629999999999999893e+00 3.999999910593032837e-02 3.497056579589843750e+02
2.826095128059387207e+01 2.609999999999999876e+00 3.999999910593032837e-02 5.455408935546875000e+02
2.836298727989196777e+01 2.649999999999999911e+00 3.999999910593032837e-02 6.294701538085937500e+02
2.846795010566711426e+01 2.729999999999999982e+00 3.999999910593032837e-02 6.294701538085937500e+02
2.857595229148864746e+01 2.709999999999999964e+00 3.999999910593032837e-02 5.315526123046875000e+02
2.867100191116333008e+01 2.700000000000000178e+00 3.999999910593032837e-02 5.455408935546875000e+02
2.876095414161682129e+01 2.740000000000000213e+00 3.999999910593032837e-02 5.455408935546875000e+02
2.886894917488098145e+01 2.669999999999999929e+00 3.999999910593032837e-02 4.476232604980468750e+02
2.896298837661743164e+01 2.700000000000000178e+00 3.999999910593032837e-02 4.616115112304687500e+02
2.907595491409301758e+01 2.740000000000000213e+00 3.999999910593032837e-02 4.476232604980468750e+02
2.916095280647277832e+01 2.720000000000000195e+00 3.999999910593032837e-02 5.455408935546875000e+02
2.925195455551147461e+01 2.750000000000000000e+00 3.999999910593032837e-02 5.315526123046875000e+02
2.936895513534545898e+01 2.720000000000000195e+00 3.999999910593032837e-02 5.315526123046875000e+02
2.947595429420471191e+01 2.770000000000000018e+00 3.999999910593032837e-02 5.315526123046875000e+02
2.956699466705322266e+01 2.759999999999999787e+00 3.999999910593032837e-02 3.636938781738281250e+02
2.966094875335693359e+01 2.709999999999999964e+00 3.999999910593032837e-02 4.616115112304687500e+02
2.976896548271179199e+01 2.750000000000000000e+00 3.999999910593032837e-02 5.315526123046875000e+02
2.985898542404174805e+01 2.750000000000000000e+00 3.999999910593032837e-02 3.497056579589843750e+02
2.997595787048339844e+01 2.689999999999999947e+00 3.999999910593032837e-02 3.636938781738281250e+02
3.006195044517517090e+01 2.629999999999999893e+00 3.999999910593032837e-02 5.315526123046875000e+02
3.017395210266113281e+01 2.700000000000000178e+00 3.999999910593032837e-02 6.294701538085937500e+02
3.026894974708557129e+01 2.740000000000000213e+00 3.999999910593032837e-02 6.294701538085937500e+02
3.037595081329345703e+01 2.700000000000000178e+00 3.999999910593032837e-02 5.455408935546875000e+02
3.046594929695129395e+01 2.700000000000000178e+00 3.999999910593032837e-02 4.476232604980468750e+02
3.056094384193420410e+01 2.700000000000000178e+00 3.999999910593032837e-02 4.476232604980468750e+02
3.067293977737426758e+01 2.729999999999999982e+00 3.999999910593032837e-02 2.657763061523437500e+02
3.075898790359497070e+01 2.649999999999999911e+00 3.999999910593032837e-02 3.636938781738281250e+02
3.087595200538635254e+01 2.649999999999999911e+00 3.999999910593032837e-02 3.636938781738281250e+02
3.096595191955566406e+01 2.709999999999999964e+00 3.999999910593032837e-02 5.455408935546875000e+02
3.107394838333129883e+01 2.720000000000000195e+00 3.999999910593032837e-02 5.315526123046875000e+02
3.116795325279235840e+01 2.680000000000000160e+00 3.999999910593032837e-02 4.476232604980468750e+02
3.125898766517639160e+01 2.700000000000000178e+00 3.999999910593032837e-02 5.315526123046875000e+02
3.136594843864440918e+01 2.689999999999999947e+00 3.999999910593032837e-02 6.294701538085937500e+02
3.145694875717163086e+01 2.689999999999999947e+00 3.999999910593032837e-02 2.657763061523437500e+02
3.157394766807556152e+01 2.640000000000000124e+00 3.999999910593032837e-02 0.000000000000000000e+00
3.165898680686950684e+01 2.560000000000000053e+00 3.999999910593032837e-02 2.657763061523437500e+02
3.177195453643798828e+01 2.540000000000000036e+00 3.999999910593032837e-02 6.294701538085937500e+02
3.186595010757446289e+01 2.759999999999999787e+00 3.999999910593032837e-02 9.791758728027343750e+01
3.197394895553588867e+01 2.959999999999999964e+00 3.999999910593032837e-02 0.000000000000000000e+00
3.206395101547241211e+01 2.729999999999999982e+00 3.999999910593032837e-02 0.000000000000000000e+00
3.215898537635803223e+01 2.569999999999999840e+00 3.999999910593032837e-02 0.000000000000000000e+00
3.226700353622436523e+01 2.750000000000000000e+00 3.999999910593032837e-02 0.000000000000000000e+00
3.235595321655273438e+01 3.919999999999999929e+00 3.999999910593032837e-02 0.000000000000000000e+00
3.247394871711730957e+01 5.000000000000000000e+00 3.999999910593032837e-02 0.000000000000000000e+00
3.256299686431884766e+01 5.679999999999999716e+00 3.999999910593032837e-02 -9.791758728027343750e+01
3.267100262641906738e+01 5.969999999999999751e+00 3.999999910593032837e-02 -1.818469390869140625e+02
3.276594901084899902e+01 5.780000000000000249e+00 3.999999910593032837e-02 -3.636938781738281250e+02
3.287694954872131348e+01 5.639999999999999680e+00 3.999999910593032837e-02 -1.818469390869140625e+02
3.296395158767700195e+01 5.759999999999999787e+00 3.999999910593032837e-02 -4.616115112304687500e+02
3.305795049667358398e+01 5.830000000000000071e+00 3.999999910593032837e-02 -4.476232604980468750e+02
3.317099142074584961e+01 5.740000000000000213e+00 3.999999910593032837e-02 -6.294701538085937500e+02
3.325595235824584961e+01 5.679999999999999716e+00 3.999999910593032837e-02 -5.455408935546875000e+02
3.337295103073120117e+01 5.719999999999999751e+00 3.999999910593032837e-02 -4.476232604980468750e+02
3.346395421028137207e+01 5.759999999999999787e+00 3.999999910593032837e-02 -5.315526123046875000e+02
3.357099103927612305e+01 5.790000000000000036e+00 3.999999910593032837e-02 -6.294701538085937500e+02
3.366194963455200195e+01 5.820000000000000284e+00 3.999999910593032837e-02 -7.973289184570312500e+02
3.375596761703491211e+01 5.719999999999999751e+00 3.999999910593032837e-02 -8.952465209960937500e+02
3.386395049095153809e+01 5.660000000000000142e+00 3.999999910593032837e-02 -8.113171386718750000e+02
3.397695016860961914e+01 5.690000000000000391e+00 3.999999910593032837e-02 -6.294701538085937500e+02
3.407099509239196777e+01 5.740000000000000213e+00 3.999999910593032837e-02 -7.273877563476562500e+02
3.415694904327392578e+01 5.769999999999999574e+00 3.999999910593032837e-02 -6.294701538085937500e+02
3.426895165443420410e+01 5.780000000000000249e+00 3.999999910593032837e-02 -6.434584350585937500e+02
3.436395168304443359e+01 5.769999999999999574e+00 3.999999910593032837e-02 -7.133995361328125000e+02
3.447195243835449219e+01 5.759999999999999787e+00 3.999999910593032837e-02 -8.113171386718750000e+02
3.456095194816589355e+01 5.719999999999999751e+00 3.999999910593032837e-02 -8.113171386718750000e+02
3.465595197677612305e+01 5.650000000000000355e+00 3.999999910593032837e-02 -8.952465209960937500e+02
3.476795411109924316e+01 5.730000000000000426e+00 3.999999910593032837e-02 -8.113171386718750000e+02
3.487595033645629883e+01 5.669999999999999929e+00 3.999999910593032837e-02 -8.113171386718750000e+02
3.497098588943481445e+01 5.669999999999999929e+00 3.999999910593032837e-02 -6.294701538085937500e+02
3.506095457077026367e+01 5.679999999999999716e+00 3.999999910593032837e-02 -5.315526123046875000e+02
3.516894912719726562e+01 5.629999999999999893e+00 3.999999910593032837e-02 -6.294701538085937500e+02
3.526298880577087402e+01 5.669999999999999929e+00 3.999999910593032837e-02 -6.294701538085937500e+02
3.537595081329345703e+01 5.759999999999999787e+00 3.999999910593032837e-02 -7.273877563476562500e+02
3.546095180511474609e+01 5.780000000000000249e+00 3.999999910593032837e-02 -7.273877563476562500e+02
3.555195164680480957e+01 5.660000000000000142e+00 3.999999910593032837e-02 -8.113171386718750000e+02
3.566895246505737305e+01 5.660000000000000142e+00 3.999999910593032837e-02 -5.455408935546875000e+02
3.577597928047180176e+01 5.690000000000000391e+00 3.999999910593032837e-02 -6.294701538085937500e+02
3.586699056625366211e+01 5.700000000000000178e+00 3.999999910593032837e-02 -6.294701538085937500e+02
3.596095132827758789e+01 5.730000000000000426e+00 3.999999910593032837e-02 -6.294701538085937500e+02
3.606894969940185547e+01 5.750000000000000000e+00 3.999999910593032837e-02 -8.952465209960937500e+02
3.615899038314819336e+01 5.780000000000000249e+00 3.999999910593032837e-02 -8.113171386718750000e+02
3.627595281600952148e+01 5.719999999999999751e+00 3.999999910593032837e-02 -8.952465209960937500e+02
3.636194944381713867e+01 5.669999999999999929e+00 3.999999910593032837e-02 -7.973289184570312500e+02
3.647394967079162598e+01 5.709999999999999964e+00 3.999999910593032837e-02 -8.113171386718750000e+02
3.656895279884338379e+01 5.700000000000000178e+00 3.999999910593032837e-02 -8.952465209960937500e+02
3.667595863342285156e+01 5.719999999999999751e+00 3.999999910593032837e-02 -8.113171386718750000e+02
3.676594996452331543e+01 5.660000000000000142e+00 3.999999910593032837e-02 -8.113171386718750000e+02
3.686095118522644043e+01 5.660000000000000142e+00 3.999999910593032837e-02 -9.092347412109375000e+02
3.697294998168945312e+01 5.620000000000000107e+00 3.999999910593032837e-02 -8.113171386718750000e+02
3.705899572372436523e+01 5.650000000000000355e+00 3.999999910593032837e-02 -8.113171386718750000e+02
3.717595100402832031e+01 5.679999999999999716e+00 3.999999910593032837e-02 -9.791759033203125000e+02
3.726595258712768555e+01 5.700000000000000178e+00 3.999999910593032837e-02 -9.931641235351562500e+02
3.737395048141479492e+01 5.650000000000000355e+00 3.999999910593032837e-02 -8.952465209960937500e+02
3.746795082092285156e+01 5.679999999999999716e+00 3.999999910593032837e-02 -9.931641235351562500e+02
3.755899310111999512e+01 5.700000000000000178e+00 3.999999910593032837e-02 -9.931641235351562500e+02
3.766595005989074707e+01 5.740000000000000213e+00 3.999999910593032837e-02 -8.113171386718750000e+02
3.775694966316223145e+01 5.690000000000000391e+00 3.999999910593032837e-02 -7.273877563476562500e+02
3.787395119667053223e+01 5.690000000000000391e+00 3.999999910593032837e-02 -7.273877563476562500e+02
3.795899796485900879e+01 5.740000000000000213e+00 3.999999910593032837e-02 -7.133995361328125000e+02
3.807195281982421875e+01 5.700000000000000178e+00 3.999999910593032837e-02 -8.113171386718750000e+02
3.816594958305358887e+01 5.690000000000000391e+00 3.999999910593032837e-02 -9.931641235351562500e+02
3.827394986152648926e+01 5.700000000000000178e+00 3.999999910593032837e-02 -8.952465209960937500e+02
3.836395907402038574e+01 5.650000000000000355e+00 3.999999910593032837e-02 -8.952465209960937500e+02
3.845898914337158203e+01 5.589999999999999858e+00 3.999999910593032837e-02 -6.294701538085937500e+02
3.856698608398437500e+01 5.709999999999999964e+00 3.999999910593032837e-02 -8.952465209960937500e+02
3.865595269203186035e+01 5.709999999999999964e+00 3.999999910593032837e-02 -1.091081787109375000e+03
3.877395057678222656e+01 5.669999999999999929e+00 3.999999910593032837e-02 -7.133995361328125000e+02
3.886298012733459473e+01 5.669999999999999929e+00 3.999999910593032837e-02 -5.315526123046875000e+02
3.897098708152770996e+01 5.700000000000000178e+00 3.999999910593032837e-02 -8.113171386718750000e+02
3.906595993041992188e+01 5.660000000000000142e+00 3.999999910593032837e-02 -8.952465209960937500e+02
3.915595626831054688e+01 5.709999999999999964e+00 3.999999910593032837e-02 -9.931641235351562500e+02
3.926394915580749512e+01 5.740000000000000213e+00 3.999999910593032837e-02 -9.931641235351562500e+02
3.935795497894287109e+01 5.690000000000000391e+00 3.999999910593032837e-02 -7.133995361328125000e+02
3.947099781036376953e+01 5.759999999999999787e+00 3.999999910593032837e-02 -6.294701538085937500e+02
3.955594372749328613e+01 5.709999999999999964e+00 3.999999910593032837e-02 -7.273877563476562500e+02
3.967294359207153320e+01 5.679999999999999716e+00 3.999999910593032837e-02 -7.133995361328125000e+02
3.976395130157470703e+01 5.669999999999999929e+00 3.999999910593032837e-02 -8.113171386718750000e+02
3.987099504470825195e+01 5.719999999999999751e+00 3.999999910593032837e-02 -7.133995361328125000e+02
3.996195197105407715e+01 5.679999999999999716e+00 3.999999910593032837e-02 -8.113171386718750000e+02
4.005595183372497559e+01 5.690000000000000391e+00 3.999999910593032837e-02 -8.113171386718750000e+02
4.016395401954650879e+01 5.660000000000000142e+00 3.999999910593032837e-02 -8.113171386718750000e+02
4.027695584297180176e+01 5.570000000000000284e+00 3.999999910593032837e-02 -7.273877563476562500e+02
4.037099814414978027e+01 5.730000000000000426e+00 3.999999910593032837e-02 -6.294701538085937500e+02
4.045693397521972656e+01 5.769999999999999574e+00 3.999999910593032837e-02 -6.294701538085937500e+02
4.056896638870239258e+01 5.679999999999999716e+00 3.999999910593032837e-02 -7.133995361328125000e+02
4.066396737098693848e+01 5.639999999999999680e+00 3.999999910593032837e-02 -8.113171386718750000e+02
4.077196955680847168e+01 5.650000000000000355e+00 3.999999910593032837e-02 -7.273877563476562500e+02
4.086094307899475098e+01 5.620000000000000107e+00 3.999999910593032837e-02 -6.294701538085937500e+02
4.095598101615905762e+01 5.719999999999999751e+00 3.999999910593032837e-02 -6.294701538085937500e+02
4.106795334815979004e+01 5.750000000000000000e+00 3.999999910593032837e-02 -8.113171386718750000e+02
4.117595052719116211e+01 5.799999999999999822e+00 3.999999910593032837e-02 -9.092347412109375000e+02
4.127099347114562988e+01 5.759999999999999787e+00 3.999999910593032837e-02 -8.952465209960937500e+02
4.136094570159912109e+01 5.690000000000000391e+00 3.999999910593032837e-02 -7.133995361328125000e+02
4.146896028518676758e+01 5.639999999999999680e+00 3.999999910593032837e-02 0.000000000000000000e+00
4.156298518180847168e+01 5.089999999999999858e+00 3.999999910593032837e-02 0.000000000000000000e+00
4.167595100402832031e+01 5.110000000000000320e+00 3.999999910593032837e-02 0.000000000000000000e+00
4.176095104217529297e+01 4.650000000000000355e+00 3.999999910593032837e-02 0.000000000000000000e+00
4.185195207595825195e+01 2.959999999999999964e+00 3.999999910593032837e-02 2.657763061523437500e+02
4.196895170211791992e+01 2.700000000000000178e+00 3.999999910593032837e-02 4.476232604980468750e+02
4.207595014572143555e+01 2.640000000000000124e+00 3.999999910593032837e-02 6.294701538085937500e+02
4.216698455810546875e+01 2.669999999999999929e+00 3.999999910593032837e-02 7.273877563476562500e+02
4.226095151901245117e+01 2.759999999999999787e+00 3.999999910593032837e-02 7.273877563476562500e+02
4.236894845962524414e+01 2.740000000000000213e+00 3.999999910593032837e-02 6.294701538085937500e+02
4.245901417732238770e+01 2.759999999999999787e+00 3.999999910593032837e-02 7.273877563476562500e+02
4.257595181465148926e+01 2.700000000000000178e+00 3.999999910593032837e-02 7.973289184570312500e+02
4.266195130348205566e+01 2.700000000000000178e+00 3.999999910593032837e-02 8.113171386718750000e+02
4.277394199371337891e+01 2.740000000000000213e+00 3.999999910593032837e-02 5.455408935546875000e+02
4.286894941329956055e+01 2.689999999999999947e+00 3.999999910593032837e-02 5.315526123046875000e+02
4.297595214843750000e+01 2.649999999999999911e+00 3.999999910593032837e-02 6.294701538085937500e+02
4.306595087051391602e+01 2.669999999999999929e+00 3.999999910593032837e-02 6.294701538085937500e+02
4.316095352172851562e+01 2.649999999999999911e+00 3.999999910593032837e-02 7.133995361328125000e+02
4.327294993400573730e+01 2.740000000000000213e+00 3.999999910593032837e-02 7.273877563476562500e+02
4.335898852348327637e+01 2.750000000000000000e+00 3.999999910593032837e-02 7.273877563476562500e+02
4.347594547271728516e+01 2.720000000000000195e+00 3.999999910593032837e-02 5.455408935546875000e+02
4.356595134735107422e+01 2.770000000000000018e+00 3.999999910593032837e-02 5.455408935546875000e+02
4.367394375801086426e+01 2.680000000000000160e+00 3.999999910593032837e-02 6.294701538085937500e+02
4.376794481277465820e+01 2.680000000000000160e+00 3.999999910593032837e-02 6.294701538085937500e+02
4.388095283508300781e+01 2.740000000000000213e+00 3.999999910593032837e-02 4.476232604980468750e+02
4.398896527290344238e+01 2.779999999999999805e+00 3.999999910593032837e-02 3.636938781738281250e+02
4.408299541473388672e+01 2.729999999999999982e+00 3.999999910593032837e-02 4.476232604980468750e+02
4.419595003128051758e+01 2.680000000000000160e+00 3.999999910593032837e-02 6.294701538085937500e+02
4.428094458580017090e+01 2.720000000000000195e+00 3.999999910593032837e-02 6.294701538085937500e+02
4.437195348739624023e+01 2.750000000000000000e+00 3.999999910593032837e-02 7.273877563476562500e+02
4.448896598815917969e+01 2.750000000000000000e+00 3.999999910593032837e-02 7.133995361328125000e+02
4.459595680236816406e+01 2.720000000000000195e+00 3.999999910593032837e-02 7.273877563476562500e+02
4.468699884414672852e+01 2.700000000000000178e+00 3.999999910593032837e-02 8.952465209960937500e+02
4.478095459938049316e+01 2.740000000000000213e+00 3.999999910593032837e-02 8.952465209960937500e+02
4.488894987106323242e+01 2.700000000000000178e+00 3.999999910593032837e-02 8.113171386718750000e+02
4.497899031639099121e+01 2.729999999999999982e+00 3.999999910593032837e-02 7.273877563476562500e+02
4.509594988822937012e+01 2.700000000000000178e+00 3.999999910593032837e-02 6.294701538085937500e+02
4.518194842338562012e+01 2.680000000000000160e+00 3.999999910593032837e-02 6.294701538085937500e+02
4.529394769668579102e+01 2.740000000000000213e+00 3.999999910593032837e-02 8.113171386718750000e+02
4.538894939422607422e+01 2.700000000000000178e+00 3.999999910593032837e-02 8.113171386718750000e+02
4.549694871902465820e+01 2.720000000000000195e+00 3.999999910593032837e-02 7.273877563476562500e+02
4.558595609664916992e+01 2.700000000000000178e+00 3.999999910593032837e-02 7.133995361328125000e+02
4.568095302581787109e+01 2.700000000000000178e+00 3.999999910593032837e-02 8.113171386718750000e+02
4.579294896125793457e+01 2.729999999999999982e+00 3.999999910593032837e-02 7.973289184570312500e+02
4.587899017333984375e+01 2.750000000000000000e+00 3.999999910593032837e-02 9.092347412109375000e+02
4.599595236778259277e+01 2.799999999999999822e+00 3.999999910593032837e-02 8.952465209960937500e+02
4.608594799041748047e+01 2.720000000000000195e+00 3.999999910593032837e-02 8.113171386718750000e+02
4.619394850730895996e+01 2.740000000000000213e+00 3.999999910593032837e-02 9.092347412109375000e+02
4.628795266151428223e+01 2.729999999999999982e+00 3.999999910593032837e-02 8.113171386718750000e+02
4.637898588180541992e+01 2.810000000000000053e+00 3.999999910593032837e-02 7.273877563476562500e+02
4.648594856262207031e+01 2.700000000000000178e+00 3.999999910593032837e-02 8.952465209960937500e+02
4.657694721221923828e+01 2.700000000000000178e+00 3.999999910593032837e-02 8.952465209960937500e+02
4.669394779205322266e+01 2.709999999999999964e+00 3.999999910593032837e-02 9.092347412109375000e+02
4.677900242805480957e+01 2.750000000000000000e+00 3.999999910593032837e-02 7.133995361328125000e+02
4.689195132255554199e+01 2.700000000000000178e+00 3.999999910593032837e-02 6.294701538085937500e+02
4.698594808578491211e+01 2.649999999999999911e+00 3.999999910593032837e-02 7.133995361328125000e+02
4.709394764900207520e+01 2.700000000000000178e+00 3.999999910593032837e-02 8.952465209960937500e+02
4.718395423889160156e+01 2.689999999999999947e+00 3.999999910593032837e-02 8.113171386718750000e+02
4.727899742126464844e+01 2.770000000000000018e+00 3.999999910593032837e-02 6.294701538085937500e+02
4.738699531555175781e+01 2.750000000000000000e+00 3.999999910593032837e-02 6.294701538085937500e+02
4.747595548629760742e+01 2.729999999999999982e+00 3.999999910593032837e-02 6.294701538085937500e+02
4.759394931793212891e+01 2.729999999999999982e+00 3.999999910593032837e-02 9.092347412109375000e+02
4.768298912048339844e+01 2.680000000000000160e+00 3.999999910593032837e-02 9.092347412109375000e+02
4.779100632667541504e+01 2.799999999999999822e+00 3.999999910593032837e-02 7.133995361328125000e+02
4.788594913482666016e+01 2.759999999999999787e+00 3.999999910593032837e-02 7.273877563476562500e+02
4.797596001625061035e+01 2.750000000000000000e+00 3.999999910593032837e-02 7.273877563476562500e+02
4.808395266532897949e+01 2.750000000000000000e+00 3.999999910593032837e-02 7.133995361328125000e+02
4.817795252799987793e+01 2.700000000000000178e+00 3.999999910593032837e-02 6.294701538085937500e+02
4.829099607467651367e+01 2.750000000000000000e+00 3.999999910593032837e-02 7.133995361328125000e+02
4.837595343589782715e+01 2.709999999999999964e+00 3.999999910593032837e-02 7.133995361328125000e+02
4.849296450614929199e+01 2.720000000000000195e+00 3.999999910593032837e-02 6.294701538085937500e+02
4.858395123481750488e+01 2.660000000000000142e+00 3.999999910593032837e-02 6.294701538085937500e+02
4.869098639488220215e+01 2.600000000000000089e+00 3.999999910593032837e-02 7.273877563476562500e+02
4.878195142745971680e+01 2.640000000000000124e+00 3.999999910593032837e-02 9.092347412109375000e+02
4.887595415115356445e+01 2.680000000000000160e+00 3.999999910593032837e-02 9.791759033203125000e+02
4.898395800590515137e+01 2.689999999999999947e+00 3.999999910593032837e-02 8.952465209960937500e+02
4.908895087242126465e+01 2.680000000000000160e+00 3.999999910593032837e-02 6.294701538085937500e+02
4.919099020957946777e+01 2.700000000000000178e+00 3.999999910593032837e-02 6.294701538085937500e+02
4.927695202827453613e+01 2.700000000000000178e+00 3.999999910593032837e-02 5.455408935546875000e+02
4.938894939422607422e+01 2.700000000000000178e+00 3.999999910593032837e-02 7.133995361328125000e+02
4.948395156860351562e+01 2.709999999999999964e+00 3.999999910593032837e-02 8.113171386718750000e+02
4.959195494651794434e+01 2.750000000000000000e+00 3.999999910593032837e-02 8.113171386718750000e+02
4.968094348907470703e+01 2.770000000000000018e+00 3.999999910593032837e-02 7.273877563476562500e+02
4.979694962501525879e+01 2.729999999999999982e+00 3.999999910593032837e-02 6.294701538085937500e+02
4.988795661926269531e+01 2.700000000000000178e+00 3.999999910593032837e-02 8.113171386718750000e+02
4.999595165252685547e+01 2.709999999999999964e+00 3.999999910593032837e-02 9.791759033203125000e+02
5.009099769592285156e+01 2.740000000000000213e+00 3.999999910593032837e-02 9.092347412109375000e+02
5.018095064163208008e+01 2.709999999999999964e+00 3.999999910593032837e-02 7.133995361328125000e+02
5.028894948959350586e+01 2.720000000000000195e+00 3.999999910593032837e-02 6.294701538085937500e+02
5.038298606872558594e+01 2.700000000000000178e+00 3.999999910593032837e-02 7.273877563476562500e+02
5.049595022201538086e+01 2.700000000000000178e+00 3.999999910593032837e-02 1.077093505859375000e+03
5.058095455169677734e+01 2.669999999999999929e+00 3.999999910593032837e-02 1.175010986328125000e+03
5.068095088005065918e+01 2.700000000000000178e+00 3.999999910593032837e-02 9.931641235351562500e+02
5.078894948959350586e+01 2.700000000000000178e+00 3.999999910593032837e-02 0.000000000000000000e+00
5.089594912528991699e+01 3.629999999999999893e+00 3.999999910593032837e-02 0.000000000000000000e+00
5.098698997497558594e+01 3.649999999999999911e+00 3.999999910593032837e-02 0.000000000000000000e+00
5.108095335960388184e+01 2.979999999999999982e+00 3.999999910593032837e-02 9.791758728027343750e+01
5.118894910812377930e+01 2.649999999999999911e+00 3.999999910593032837e-02 0.000000000000000000e+00
5.127898812294006348e+01 2.580000000000000071e+00 3.999999910593032837e-02 0.000000000000000000e+00
5.139594769477844238e+01 2.709999999999999964e+00 3.999999910593032837e-02 0.000000000000000000e+00
5.148195052146911621e+01 3.339999999999999858e+00 3.999999910593032837e-02 0.000000000000000000e+00
5.159395098686218262e+01 4.379999999999999893e+00 3.999999910593032837e-02 -8.392935943603515625e+01
5.168894886970520020e+01 5.200000000000000178e+00 3.999999910593032837e-02 -8.392935943603515625e+01
5.179694652557373047e+01 5.540000000000000036e+00 3.999999910593032837e-02 -9.791758728027343750e+01
5.188594126701354980e+01 5.740000000000000213e+00 3.999999910593032837e-02 -1.678587188720703125e+02
5.198095178604125977e+01 6.019999999999999574e+00 3.999999910593032837e-02 -7.973289184570312500e+02
5.209295177459716797e+01 5.799999999999999822e+00 3.999999910593032837e-02 -1.077093505859375000e+03
5.217898106575012207e+01 5.780000000000000249e+00 3.999999910593032837e-02 -1.356857910156250000e+03
5.229601526260375977e+01 5.690000000000000391e+00 3.999999910593032837e-02 -1.538704956054687500e+03
5.238595032691955566e+01 5.750000000000000000e+00 3.999999910593032837e-02 -1.524716674804687500e+03
5.249395155906677246e+01 5.610000000000000320e+00 3.999999910593032837e-02 -1.342869750976562500e+03
5.258795595169067383e+01 5.599999999999999645e+00 3.999999910593032837e-02 -1.175010986328125000e+03
5.267900776863098145e+01 5.690000000000000391e+00 3.999999910593032837e-02 -8.952465209960937500e+02
5.278594851493835449e+01 5.750000000000000000e+00 3.999999910593032837e-02 -1.077093505859375000e+03
5.287695217132568359e+01 5.750000000000000000e+00 3.999999910593032837e-02 -1.175010986328125000e+03
5.299395084381103516e+01 5.629999999999999893e+00 3.999999910593032837e-02 -1.258940307617187500e+03
5.307898616790771484e+01 5.690000000000000391e+00 3.999999910593032837e-02 -1.175010986328125000e+03
5.319195270538330078e+01 5.650000000000000355e+00 3.999999910593032837e-02 -1.258940307617187500e+03
5.328595089912414551e+01 5.620000000000000107e+00 3.999999910593032837e-02 -1.175010986328125000e+03
5.339396047592163086e+01 5.690000000000000391e+00 3.999999910593032837e-02 -1.258940307617187500e+03
5.348395156860351562e+01 5.669999999999999929e+00 3.999999910593032837e-02 -1.356857910156250000e+03
5.357898092269897461e+01 5.690000000000000391e+00 3.999999910593032837e-02 -1.538704956054687500e+03
5.368699932098388672e+01 5.690000000000000391e+00 3.999999910593032837e-02 -1.622634277343750000e+03
5.377595543861389160e+01 5.639999999999999680e+00 3.999999910593032837e-02 -1.706563598632812500e+03
5.389394998550415039e+01 5.639999999999999680e+00 3.999999910593032837e-02 -1.706563598632812500e+03
5.398298406600952148e+01 5.690000000000000391e+00 3.999999910593032837e-02 -1.888410644531250000e+03
5.409100365638732910e+01 5.679999999999999716e+00 3.999999910593032837e-02 -2.154187011718750000e+03
5.418594884872436523e+01 5.620000000000000107e+00 3.999999910593032837e-02 -2.350021972656250000e+03
5.427595424652099609e+01 5.549999999999999822e+00 3.999999910593032837e-02 -2.336033691406250000e+03
5.438395142555236816e+01 5.549999999999999822e+00 3.999999910593032837e-02 -1.986328247070312500e+03
5.447795200347900391e+01 5.629999999999999893e+00 3.999999910593032837e-02 -1.790493041992187500e+03
5.459099841117858887e+01 5.650000000000000355e+00 3.999999910593032837e-02 -1.972340087890625000e+03
5.467595005035400391e+01 5.639999999999999680e+00 3.999999910593032837e-02 -2.154187011718750000e+03
5.479295015335083008e+01 5.629999999999999893e+00 3.999999910593032837e-02 -2.070257568359375000e+03
5.488395404815673828e+01 5.610000000000000320e+00 3.999999910593032837e-02 -2.350021972656250000e+03
5.499098896980285645e+01 5.570000000000000284e+00 3.999999910593032837e-02 -2.252104736328125000e+03
5.508194923400878906e+01 5.519999999999999574e+00 3.999999910593032837e-02 -2.070257568359375000e+03
5.517595410346984863e+01 5.589999999999999858e+00 3.999999910593032837e-02 -2.070257568359375000e+03
5.528395128250122070e+01 5.639999999999999680e+00 3.999999910593032837e-02 -2.154187011718750000e+03
5.539695096015930176e+01 5.610000000000000320e+00 3.999999910593032837e-02 -1.888410644531250000e+03
5.549098968505859375e+01 5.589999999999999858e+00 3.999999910593032837e-02 -1.972340087890625000e+03
5.557695055007934570e+01 5.589999999999999858e+00 3.999999910593032837e-02 -1.706563598632812500e+03
5.568894934654235840e+01 5.540000000000000036e+00 3.999999910593032837e-02 -1.440787353515625000e+03
5.578395175933837891e+01 5.599999999999999645e+00 3.999999910593032837e-02 -1.175010986328125000e+03
5.589195203781127930e+01 5.629999999999999893e+00 3.999999910593032837e-02 -8.952465209960937500e+02
5.598095107078552246e+01 5.650000000000000355e+00 3.999999910593032837e-02 -3.636938781738281250e+02
5.608299493789672852e+01 4.910000000000000142e+00 3.999999910593032837e-02 0.000000000000000000e+00
5.618795275688171387e+01 4.769999999999999574e+00 3.999999910593032837e-02 0.000000000000000000e+00
5.629600715637207031e+01 3.270000000000000018e+00 3.999999910593032837e-02 8.952465209960937500e+02
5.639099669456481934e+01 2.459999999999999964e+00 3.999999910593032837e-02 1.804481201171875000e+03
5.648094987869262695e+01 2.640000000000000124e+00 3.999999910593032837e-02 2.070257568359375000e+03
5.658894944190979004e+01 2.750000000000000000e+00 3.999999910593032837e-02 1.804481201171875000e+03
5.668300890922546387e+01 2.779999999999999805e+00 3.999999910593032837e-02 1.524716674804687500e+03
5.679595160484313965e+01 2.729999999999999982e+00 3.999999910593032837e-02 1.524716674804687500e+03
5.688095450401306152e+01 2.759999999999999787e+00 3.999999910593032837e-02 1.622634277343750000e+03
5.697195243835449219e+01 2.720000000000000195e+00 3.999999910593032837e-02 1.706563598632812500e+03
5.708895111083984375e+01 2.720000000000000195e+00 3.999999910593032837e-02 1.706563598632812500e+03
5.718095088005065918e+01 2.720000000000000195e+00 3.999999910593032837e-02 1.804481201171875000e+03
5.728699541091918945e+01 2.729999999999999982e+00 3.999999910593032837e-02 1.986328247070312500e+03
5.738095140457153320e+01 2.810000000000000053e+00 3.999999910593032837e-02 1.804481201171875000e+03
5.748894929885864258e+01 2.740000000000000213e+00 3.999999910593032837e-02 1.524716674804687500e+03
5.757899165153503418e+01 2.759999999999999787e+00 3.999999910593032837e-02 1.440787353515625000e+03
5.769595217704772949e+01 2.729999999999999982e+00 3.999999910593032837e-02 1.622634277343750000e+03
5.778194808959960938e+01 2.729999999999999982e+00 3.999999910593032837e-02 1.524716674804687500e+03
5.789394998550415039e+01 2.770000000000000018e+00 3.999999910593032837e-02 1.706563598632812500e+03
5.798894953727722168e+01 2.770000000000000018e+00 3.999999910593032837e-02 1.608645996093750000e+03
5.809694981575012207e+01 2.759999999999999787e+00 3.999999910593032837e-02 1.622634277343750000e+03
5.818594861030578613e+01 2.779999999999999805e+00 3.999999910593032837e-02 1.608645996093750000e+03
5.828094172477722168e+01 2.720000000000000195e+00 3.999999910593032837e-02 1.440787353515625000e+03
5.839294934272766113e+01 2.720000000000000195e+00 3.999999910593032837e-02 1.258940307617187500e+03
5.847898745536804199e+01 2.689999999999999947e+00 3.999999910593032837e-02 1.440787353515625000e+03
5.859594964981079102e+01 2.700000000000000178e+00 3.999999910593032837e-02 1.804481201171875000e+03
5.868594956398010254e+01 2.720000000000000195e+00 3.999999910593032837e-02 1.720551879882812500e+03
5.879395365715026855e+01 2.720000000000000195e+00 3.999999910593032837e-02 1.888410644531250000e+03
5.888796043395996094e+01 2.770000000000000018e+00 3.999999910593032837e-02 1.888410644531250000e+03
5.897899580001831055e+01 2.779999999999999805e+00 3.999999910593032837e-02 1.804481201171875000e+03
5.908595132827758789e+01 2.790000000000000036e+00 3.999999910593032837e-02 1.608645996093750000e+03
5.917695116996765137e+01 2.720000000000000195e+00 3.999999910593032837e-02 1.440787353515625000e+03
5.929395174980163574e+01 2.709999999999999964e+00 3.999999910593032837e-02 1.804481201171875000e+03
5.937898182868957520e+01 2.660000000000000142e+00 3.999999910593032837e-02 2.070257568359375000e+03
5.949195241928100586e+01 2.759999999999999787e+00 3.999999910593032837e-02 1.972340087890625000e+03
5.958595037460327148e+01 2.819999999999999840e+00 3.999999910593032837e-02 1.524716674804687500e+03
5.969394922256469727e+01 2.839999999999999858e+00 3.999999910593032837e-02 1.077093505859375000e+03
5.978395485877990723e+01 2.790000000000000036e+00 3.999999910593032837e-02 1.161022827148437500e+03
5.987898612022399902e+01 2.680000000000000160e+00 3.999999910593032837e-02 1.272928588867187500e+03
5.998700284957885742e+01 2.700000000000000178e+00 3.999999910593032837e-02 1.161022827148437500e+03
6.007595205307006836e+01 2.799999999999999822e+00 3.999999910593032837e-02 1.077093505859375000e+03
6.019394254684448242e+01 2.759999999999999787e+00 3.999999910593032837e-02 7.973289184570312500e+02
6.028298735618591309e+01 2.709999999999999964e+00 3.999999910593032837e-02 8.113171386718750000e+02
6.039099979400634766e+01 2.620000000000000107e+00 3.999999910593032837e-02 8.952465209960937500e+02
6.048595166206359863e+01 2.979999999999999982e+00 3.999999910593032837e-02 0.000000000000000000e+00
6.059795093536376953e+01 3.370000000000000107e+00 3.999999910593032837e-02 0.000000000000000000e+00
6.068395137786865234e+01 2.850000000000000089e+00 3.999999910593032837e-02 0.000000000000000000e+00
6.077794027328491211e+01 2.689999999999999947e+00 3.999999910593032837e-02 8.392935943603515625e+01
6.089100933074951172e+01 2.669999999999999929e+00 3.999999910593032837e-02 0.000000000000000000e+00
6.098194169998168945e+01 2.680000000000000160e+00 3.999999910593032837e-02 0.000000000000000000e+00
6.109295725822448730e+01 2.660000000000000142e+00 3.999999910593032837e-02 0.000000000000000000e+00
6.118395733833312988e+01 2.640000000000000124e+00 3.999999910593032837e-02 0.000000000000000000e+00
6.129099011421203613e+01 2.629999999999999893e+00 3.999999910593032837e-02 0.000000000000000000e+00
6.138195133209228516e+01 2.609999999999999876e+00 3.999999910593032837e-02 0.000000000000000000e+00
6.149100995063781738e+01 2.609999999999999876e+00 3.999999910593032837e-02 0.000000000000000000e+00
6.158395314216613770e+01 2.609999999999999876e+00 3.999999910593032837e-02 0.000000000000000000e+00
6.169695329666137695e+01 2.620000000000000107e+00 3.999999910593032837e-02 0.000000000000000000e+00
6.179099822044372559e+01 2.620000000000000107e+00 3.999999910593032837e-02 0.000000000000000000e+00
6.189294981956481934e+01 2.620000000000000107e+00 3.999999910593032837e-02 0.000000000000000000e+00
6.198894953727722168e+01 2.620000000000000107e+00 3.999999910593032837e-02 0.000000000000000000e+00
6.208395075798034668e+01 2.609999999999999876e+00 3.999999910593032837e-02 0.000000000000000000e+00
6.219195127487182617e+01 2.609999999999999876e+00 3.999999910593032837e-02 0.000000000000000000e+00
6.228094363212585449e+01 2.609999999999999876e+00 3.999999910593032837e-02 0.000000000000000000e+00
6.237595391273498535e+01 2.609999999999999876e+00 3.999999910593032837e-02 0.000000000000000000e+00
6.248798203468322754e+01 2.600000000000000089e+00 3.999999910593032837e-02 0.000000000000000000e+00
