1.600003242492675781e-02 3.520000000000000018e+00 4.899999871850013733e-02 0.000000000000000000e+00
1.160078048706054688e-01 3.520000000000000018e+00 4.899999871850013733e-02 0.000000000000000000e+00
2.059571743011474609e-01 3.520000000000000018e+00 4.899999871850013733e-02 0.000000000000000000e+00
3.009588718414306641e-01 3.520000000000000018e+00 4.899999871850013733e-02 0.000000000000000000e+00
4.139602184295654297e-01 3.520000000000000018e+00 4.899999871850013733e-02 0.000000000000000000e+00
4.989566802978515625e-01 3.520000000000000018e+00 4.899999871850013733e-02 0.000000000000000000e+00
6.160087585449218750e-01 3.520000000000000018e+00 4.899999871850013733e-02 0.000000000000000000e+00
7.069585323333740234e-01 3.520000000000000018e+00 4.899999871850013733e-02 0.000000000000000000e+00
8.139612674713134766e-01 3.509999999999999787e+00 4.899999871850013733e-02 0.000000000000000000e+00
9.049584865570068359e-01 3.509999999999999787e+00 4.899999871850013733e-02 0.000000000000000000e+00
9.989564418792724609e-01 3.500000000000000000e+00 4.899999871850013733e-02 0.000000000000000000e+00
1.106956005096435547e+00 3.500000000000000000e+00 4.899999871850013733e-02 0.000000000000000000e+00
1.196964502334594727e+00 3.500000000000000000e+00 4.899999871850013733e-02 0.000000000000000000e+00
1.313962936401367188e+00 3.500000000000000000e+00 4.899999871850013733e-02 0.000000000000000000e+00
1.400007009506225586e+00 3.509999999999999787e+00 4.899999871850013733e-02 0.000000000000000000e+00
1.512008428573608398e+00 3.470000000000000195e+00 4.899999871850013733e-02 0.000000000000000000e+00
1.606960296630859375e+00 3.500000000000000000e+00 4.899999871850013733e-02 0.000000000000000000e+00
1.714963436126708984e+00 3.509999999999999787e+00 4.899999871850013733e-02 0.000000000000000000e+00
1.804002046585083008e+00 3.520000000000000018e+00 4.899999871850013733e-02 0.000000000000000000e+00
1.898958206176757812e+00 3.509999999999999787e+00 4.899999871850013733e-02 0.000000000000000000e+00
2.010962486267089844e+00 3.479999999999999982e+00 4.899999871850013733e-02 0.000000000000000000e+00
2.095999240875244141e+00 3.580000000000000071e+00 4.899999871850013733e-02 0.000000000000000000e+00
2.213966846466064453e+00 3.600000000000000089e+00 4.899999871850013733e-02 0.000000000000000000e+00
2.304003953933715820e+00 4.110000000000000320e+00 4.899999871850013733e-02 0.000000000000000000e+00
2.411055564880371094e+00 5.049999999999999822e+00 4.899999871850013733e-02 0.000000000000000000e+00
2.505974054336547852e+00 5.889999999999999680e+00 4.899999871850013733e-02 0.000000000000000000e+00
2.596958875656127930e+00 6.269999999999999574e+00 4.899999871850013733e-02 0.000000000000000000e+00
2.704000473022460938e+00 6.400000000000000355e+00 2.099999971687793732e-02 -7.199565429687500000e+02
2.794964551925659180e+00 3.890000000000000124e+00 2.099999971687793732e-02 -6.299072875976562500e+02
2.912000417709350586e+00 3.459999999999999964e+00 2.099999971687793732e-02 -4.502460327148437500e+02
2.996957540512084961e+00 3.620000000000000107e+00 2.099999971687793732e-02 -4.498088989257812500e+02
3.109957456588745117e+00 3.580000000000000071e+00 2.099999971687793732e-02 -5.402952880859375000e+02
3.204001426696777344e+00 3.479999999999999982e+00 2.099999971687793732e-02 -4.498088989257812500e+02
3.311989307403564453e+00 3.529999999999999805e+00 2.099999971687793732e-02 -4.498088989257812500e+02
3.401959419250488281e+00 3.520000000000000018e+00 2.099999971687793732e-02 -2.701476440429687500e+02
3.496959447860717773e+00 3.509999999999999787e+00 2.099999971687793732e-02 -1.800984191894531250e+02
3.604959487915039062e+00 3.640000000000000124e+00 2.099999971687793732e-02 -2.701476440429687500e+02
3.716000318527221680e+00 3.540000000000000036e+00 2.099999971687793732e-02 -2.697105102539062500e+02
3.811996698379516602e+00 3.589999999999999858e+00 2.099999971687793732e-02 -1.800984191894531250e+02
3.900957584381103516e+00 3.600000000000000089e+00 2.099999971687793732e-02 -2.701476440429687500e+02
4.008957386016845703e+00 3.569999999999999840e+00 2.099999971687793732e-02 -2.697105102539062500e+02
4.104012727737426758e+00 3.600000000000000089e+00 2.099999971687793732e-02 -4.502460327148437500e+02
4.215995073318481445e+00 3.620000000000000107e+00 2.099999971687793732e-02 -4.502460327148437500e+02
4.300958633422851562e+00 3.479999999999999982e+00 2.099999971687793732e-02 -2.701476440429687500e+02
4.396006345748901367e+00 3.470000000000000195e+00 2.099999971687793732e-02 -9.004920959472656250e+01
4.508957147598266602e+00 3.700000000000000178e+00 2.099999971687793732e-02 -3.601968383789062500e+02
4.614960670471191406e+00 3.549999999999999822e+00 2.099999971687793732e-02 -2.701476440429687500e+02
4.710960388183593750e+00 3.509999999999999787e+00 2.099999971687793732e-02 -1.796612854003906250e+02
4.801959276199340820e+00 3.620000000000000107e+00 2.099999971687793732e-02 -2.701476440429687500e+02
4.908964395523071289e+00 3.669999999999999929e+00 2.099999971687793732e-02 -4.498088989257812500e+02
5.000001668930053711e+00 3.609999999999999876e+00 2.099999971687793732e-02 -3.601968383789062500e+02
5.115999460220336914e+00 3.609999999999999876e+00 2.099999971687793732e-02 -3.601968383789062500e+02
5.201957702636718750e+00 3.600000000000000089e+00 2.099999971687793732e-02 -2.701476440429687500e+02
5.314958572387695312e+00 3.569999999999999840e+00 2.099999971687793732e-02 -2.701476440429687500e+02
5.408958196640014648e+00 3.660000000000000142e+00 2.099999971687793732e-02 -3.599782714843750000e+02
5.515996932983398438e+00 3.609999999999999876e+00 2.099999971687793732e-02 -4.500274658203125000e+02
5.606969118118286133e+00 3.649999999999999911e+00 2.099999971687793732e-02 -5.400767211914062500e+02
5.701959133148193359e+00 3.609999999999999876e+00 2.099999971687793732e-02 -5.398581542968750000e+02
5.809959173202514648e+00 3.540000000000000036e+00 2.099999971687793732e-02 -5.398581542968750000e+02
5.898956775665283203e+00 3.470000000000000195e+00 2.099999971687793732e-02 -5.400767211914062500e+02
5.999994754791259766e+00 3.479999999999999982e+00 2.099999971687793732e-02 -3.599782714843750000e+02
6.105957031250000000e+00 3.580000000000000071e+00 2.099999971687793732e-02 -5.400767211914062500e+02
6.213967084884643555e+00 3.569999999999999840e+00 2.099999971687793732e-02 -5.400767211914062500e+02
6.308966159820556641e+00 3.529999999999999805e+00 2.099999971687793732e-02 -4.500274658203125000e+02
6.399056196212768555e+00 3.470000000000000195e+00 2.099999971687793732e-02 -3.599782714843750000e+02
6.505957841873168945e+00 3.470000000000000195e+00 2.099999971687793732e-02 -9.004920959472656250e+01
6.600960016250610352e+00 3.560000000000000053e+00 2.099999971687793732e-02 -1.800984191894531250e+02
6.714057922363281250e+00 3.569999999999999840e+00 2.099999971687793732e-02 -2.699290771484375000e+02
6.798956394195556641e+00 3.549999999999999822e+00 2.099999971687793732e-02 -4.500274658203125000e+02
6.916000843048095703e+00 3.540000000000000036e+00 2.099999971687793732e-02 -5.398581542968750000e+02
7.007055044174194336e+00 3.479999999999999982e+00 2.099999971687793732e-02 -5.398581542968750000e+02
7.113960266113281250e+00 3.509999999999999787e+00 2.099999971687793732e-02 -3.599782714843750000e+02
7.204960584640502930e+00 3.520000000000000018e+00 2.099999971687793732e-02 -3.599782714843750000e+02
7.298957109451293945e+00 3.580000000000000071e+00 2.099999971687793732e-02 -3.599782714843750000e+02
7.406955718994140625e+00 3.600000000000000089e+00 2.099999971687793732e-02 -3.599782714843750000e+02
7.496960163116455078e+00 3.540000000000000036e+00 2.099999971687793732e-02 -5.398581542968750000e+02
7.613960266113281250e+00 3.540000000000000036e+00 2.099999971687793732e-02 -5.400767211914062500e+02
7.699994325637817383e+00 3.540000000000000036e+00 2.099999971687793732e-02 -5.398581542968750000e+02
7.811995983123779297e+00 3.560000000000000053e+00 2.099999971687793732e-02 -5.400767211914062500e+02
7.906958103179931641e+00 3.529999999999999805e+00 2.099999971687793732e-02 -4.500274658203125000e+02
8.014965295791625977e+00 3.500000000000000000e+00 2.099999971687793732e-02 -4.500274658203125000e+02
8.104007482528686523e+00 3.609999999999999876e+00 2.099999971687793732e-02 -5.400767211914062500e+02
8.198956012725830078e+00 3.629999999999999893e+00 2.099999971687793732e-02 -4.500274658203125000e+02
8.310957908630371094e+00 3.620000000000000107e+00 2.099999971687793732e-02 -3.601968383789062500e+02
8.396087646484375000e+00 3.620000000000000107e+00 2.099999971687793732e-02 -4.500274658203125000e+02
8.513962984085083008e+00 3.649999999999999911e+00 2.099999971687793732e-02 -3.599782714843750000e+02
8.603996753692626953e+00 3.609999999999999876e+00 2.099999971687793732e-02 -3.599782714843750000e+02
8.710960388183593750e+00 3.680000000000000160e+00 2.099999971687793732e-02 -6.299072875976562500e+02
8.805957794189453125e+00 3.600000000000000089e+00 2.099999971687793732e-02 -6.299072875976562500e+02
8.896957874298095703e+00 3.520000000000000018e+00 2.099999971687793732e-02 -5.400767211914062500e+02
9.004013538360595703e+00 3.529999999999999805e+00 2.099999971687793732e-02 -5.400767211914062500e+02
9.094959020614624023e+00 3.560000000000000053e+00 2.099999971687793732e-02 -4.500274658203125000e+02
9.211999893188476562e+00 3.479999999999999982e+00 2.099999971687793732e-02 -2.699290771484375000e+02
9.296957492828369141e+00 3.609999999999999876e+00 2.099999971687793732e-02 -4.500274658203125000e+02
9.409960985183715820e+00 3.649999999999999911e+00 2.099999971687793732e-02 -4.500274658203125000e+02
9.503995418548583984e+00 3.620000000000000107e+00 2.099999971687793732e-02 -5.399674072265625000e+02
9.611991167068481445e+00 3.500000000000000000e+00 2.099999971687793732e-02 -5.399674072265625000e+02
9.701956987380981445e+00 3.490000000000000213e+00 2.099999971687793732e-02 -4.500274658203125000e+02
9.796960592269897461e+00 3.500000000000000000e+00 2.099999971687793732e-02 -6.299072875976562500e+02
9.904960155487060547e+00 3.520000000000000018e+00 2.099999971687793732e-02 -6.300166015625000000e+02
9.993959665298461914e+00 3.520000000000000018e+00 2.099999971687793732e-02 -3.599782714843750000e+02
1.011200714111328125e+01 3.560000000000000053e+00 2.099999971687793732e-02 -4.499181823730468750e+02
1.020095705986022949e+01 3.549999999999999822e+00 2.099999971687793732e-02 -3.599782714843750000e+02
1.030895805358886719e+01 3.529999999999999805e+00 2.099999971687793732e-02 -3.599782714843750000e+02
1.040400648117065430e+01 3.620000000000000107e+00 2.099999971687793732e-02 -3.599782714843750000e+02
1.051496052742004395e+01 3.640000000000000124e+00 2.099999971687793732e-02 -5.400767211914062500e+02
1.060095953941345215e+01 3.569999999999999840e+00 2.099999971687793732e-02 -5.400767211914062500e+02
1.069601035118103027e+01 3.549999999999999822e+00 2.099999971687793732e-02 -5.399674072265625000e+02
1.080895900726318359e+01 3.600000000000000089e+00 2.099999971687793732e-02 -5.399674072265625000e+02
1.091600179672241211e+01 3.589999999999999858e+00 2.099999971687793732e-02 -5.400767211914062500e+02
1.101095962524414062e+01 3.600000000000000089e+00 2.099999971687793732e-02 -5.399674072265625000e+02
1.110195660591125488e+01 3.520000000000000018e+00 2.099999971687793732e-02 -2.699290771484375000e+02
1.120896792411804199e+01 3.700000000000000178e+00 2.099999971687793732e-02 -5.399674072265625000e+02
1.129999947547912598e+01 3.640000000000000124e+00 2.099999971687793732e-02 -5.399674072265625000e+02
1.141599893569946289e+01 3.589999999999999858e+00 2.099999971687793732e-02 -4.499728393554687500e+02
1.150195765495300293e+01 3.529999999999999805e+00 2.099999971687793732e-02 -4.500274658203125000e+02
1.161496496200561523e+01 3.569999999999999840e+00 2.099999971687793732e-02 -4.500274658203125000e+02
1.170896029472351074e+01 3.569999999999999840e+00 2.099999971687793732e-02 -5.399674072265625000e+02
1.181496000289916992e+01 3.620000000000000107e+00 2.099999971687793732e-02 -8.100057373046875000e+02
1.190695619583129883e+01 3.439999999999999947e+00 2.099999971687793732e-02 -4.499728393554687500e+02
1.200195741653442383e+01 3.419999999999999929e+00 2.099999971687793732e-02 -2.699837036132812500e+02
1.210995793342590332e+01 3.569999999999999840e+00 2.099999971687793732e-02 -3.599782714843750000e+02
1.219895625114440918e+01 3.520000000000000018e+00 2.099999971687793732e-02 -4.499728393554687500e+02
1.231601047515869141e+01 3.549999999999999822e+00 2.099999971687793732e-02 -5.399674072265625000e+02
1.240595841407775879e+01 3.549999999999999822e+00 2.099999971687793732e-02 -5.400220947265625000e+02
1.251396346092224121e+01 3.500000000000000000e+00 2.099999971687793732e-02 -6.300166015625000000e+02
1.260895895957946777e+01 3.439999999999999947e+00 2.099999971687793732e-02 -4.500001525878906250e+02
1.269895577430725098e+01 3.470000000000000195e+00 2.099999971687793732e-02 -4.500001525878906250e+02
1.280595636367797852e+01 3.479999999999999982e+00 2.099999971687793732e-02 -4.500001525878906250e+02
1.290096235275268555e+01 3.529999999999999805e+00 2.099999971687793732e-02 -4.500001525878906250e+02
1.301396059989929199e+01 3.509999999999999787e+00 2.099999971687793732e-02 -3.600055847167968750e+02
1.309895896911621094e+01 3.520000000000000018e+00 2.099999971687793732e-02 -3.599987487792968750e+02
1.321599698066711426e+01 3.560000000000000053e+00 2.099999971687793732e-02 -3.599987487792968750e+02
1.330694770812988281e+01 3.580000000000000071e+00 2.099999971687793732e-02 -4.500001525878906250e+02
1.341396546363830566e+01 3.549999999999999822e+00 2.099999971687793732e-02 -4.500001525878906250e+02
1.350496530532836914e+01 3.569999999999999840e+00 2.099999971687793732e-02 -6.300029296875000000e+02
1.359896016120910645e+01 3.520000000000000018e+00 2.099999971687793732e-02 -5.399947509765625000e+02
1.370695662498474121e+01 3.479999999999999982e+00 2.099999971687793732e-02 -4.500001525878906250e+02
1.379695963859558105e+01 3.500000000000000000e+00 2.099999971687793732e-02 -3.599919128417968750e+02
1.391396164894104004e+01 3.620000000000000107e+00 2.099999971687793732e-02 -4.500001525878906250e+02
1.399999451637268066e+01 3.649999999999999911e+00 2.099999971687793732e-02 -5.399947509765625000e+02
1.411200666427612305e+01 3.609999999999999876e+00 2.099999971687793732e-02 -6.300166015625000000e+02
1.420695924758911133e+01 3.540000000000000036e+00 2.099999971687793732e-02 -6.299892578125000000e+02
1.431495881080627441e+01 3.600000000000000089e+00 2.099999971687793732e-02 -6.300166015625000000e+02
1.442695617675781250e+01 3.560000000000000053e+00 2.099999971687793732e-02 -7.200111694335937500e+02
1.452195644378662109e+01 3.470000000000000195e+00 2.099999971687793732e-02 -6.300166015625000000e+02
1.462995648384094238e+01 3.520000000000000018e+00 2.099999971687793732e-02 -6.300166015625000000e+02
1.471895670890808105e+01 3.600000000000000089e+00 2.099999971687793732e-02 -8.100057373046875000e+02
1.482095742225646973e+01 3.529999999999999805e+00 2.099999971687793732e-02 -7.200111694335937500e+02
1.492595553398132324e+01 3.500000000000000000e+00 2.099999971687793732e-02 -7.200111694335937500e+02
1.503396630287170410e+01 3.540000000000000036e+00 2.099999971687793732e-02 -6.300166015625000000e+02
1.512895965576171875e+01 3.439999999999999947e+00 2.099999971687793732e-02 -7.200657958984375000e+02
1.521896886825561523e+01 3.500000000000000000e+00 2.099999971687793732e-02 -7.199565429687500000e+02
1.532596087455749512e+01 3.549999999999999822e+00 2.099999971687793732e-02 -6.300166015625000000e+02
1.542095875740051270e+01 3.560000000000000053e+00 2.099999971687793732e-02 -7.200657958984375000e+02
1.553396105766296387e+01 3.479999999999999982e+00 2.099999971687793732e-02 -6.300166015625000000e+02
1.561900329589843750e+01 3.459999999999999964e+00 2.099999971687793732e-02 -5.400767211914062500e+02
1.573599576950073242e+01 3.549999999999999822e+00 2.099999971687793732e-02 -7.199565429687500000e+02
1.582696723937988281e+01 3.479999999999999982e+00 2.099999971687793732e-02 -5.399674072265625000e+02
1.593396019935607910e+01 3.509999999999999787e+00 2.099999971687793732e-02 -5.400767211914062500e+02
1.602496170997619629e+01 3.520000000000000018e+00 2.099999971687793732e-02 -5.400767211914062500e+02
1.611895823478698730e+01 3.600000000000000089e+00 2.099999971687793732e-02 -6.300166015625000000e+02
1.622696518898010254e+01 3.560000000000000053e+00 2.099999971687793732e-02 -5.400767211914062500e+02
1.631696057319641113e+01 3.569999999999999840e+00 2.099999971687793732e-02 -6.300166015625000000e+02
1.643396091461181641e+01 3.580000000000000071e+00 2.099999971687793732e-02 -5.399674072265625000e+02
1.651999878883361816e+01 3.529999999999999805e+00 2.099999971687793732e-02 -4.498088989257812500e+02
1.663201093673706055e+01 3.520000000000000018e+00 2.099999971687793732e-02 -5.400767211914062500e+02
1.672695827484130859e+01 3.350000000000000089e+00 2.099999971687793732e-02 0.000000000000000000e+00
1.683495807647705078e+01 3.100000000000000089e+00 2.099999971687793732e-02 0.000000000000000000e+00
1.692400336265563965e+01 3.259999999999999787e+00 2.099999971687793732e-02 0.000000000000000000e+00
1.701895785331726074e+01 3.220000000000000195e+00 2.099999971687793732e-02 0.000000000000000000e+00
1.713095688819885254e+01 2.169999999999999929e+00 4.899999871850013733e-02 9.898856811523437500e+02
1.723696112632751465e+01 2.759999999999999787e+00 4.899999871850013733e-02 7.199565429687500000e+02
1.733396506309509277e+01 3.549999999999999822e+00 4.899999871850013733e-02 5.399674072265625000e+02
1.742400932312011719e+01 3.569999999999999840e+00 4.899999871850013733e-02 5.399674072265625000e+02
1.753095698356628418e+01 3.580000000000000071e+00 4.899999871850013733e-02 5.399674072265625000e+02
1.762595796585083008e+01 3.589999999999999858e+00 4.899999871850013733e-02 4.500274658203125000e+02
1.771696209907531738e+01 3.549999999999999822e+00 4.899999871850013733e-02 5.399674072265625000e+02
1.782400417327880859e+01 3.589999999999999858e+00 4.899999871850013733e-02 2.700383605957031250e+02
1.791496133804321289e+01 3.569999999999999840e+00 4.899999871850013733e-02 2.699290771484375000e+02
1.803199958801269531e+01 3.410000000000000142e+00 4.899999871850013733e-02 5.399674072265625000e+02
1.811695957183837891e+01 3.470000000000000195e+00 4.899999871850013733e-02 8.999456787109375000e+02
1.822995829582214355e+01 3.479999999999999982e+00 4.899999871850013733e-02 8.100057373046875000e+02
1.832401776313781738e+01 3.540000000000000036e+00 4.899999871850013733e-02 6.300166015625000000e+02
1.843199682235717773e+01 3.509999999999999787e+00 4.899999871850013733e-02 3.599782714843750000e+02
1.852195739746093750e+01 3.520000000000000018e+00 4.899999871850013733e-02 3.599782714843750000e+02
1.861695861816406250e+01 3.450000000000000178e+00 4.899999871850013733e-02 3.599782714843750000e+02
1.872496294975280762e+01 3.479999999999999982e+00 4.899999871850013733e-02 2.700383605957031250e+02
1.882095932960510254e+01 3.450000000000000178e+00 4.899999871850013733e-02 4.499181823730468750e+02
1.893199801445007324e+01 3.640000000000000124e+00 4.899999871850013733e-02 4.500274658203125000e+02
1.902095746994018555e+01 3.520000000000000018e+00 4.899999871850013733e-02 6.300166015625000000e+02
1.912895941734313965e+01 3.500000000000000000e+00 4.899999871850013733e-02 9.000003051757812500e+02
1.922400379180908203e+01 3.529999999999999805e+00 4.899999871850013733e-02 9.000003051757812500e+02
1.933599281311035156e+01 3.529999999999999805e+00 4.899999871850013733e-02 6.300166015625000000e+02
1.942095828056335449e+01 3.620000000000000107e+00 4.899999871850013733e-02 5.400220947265625000e+02
1.951599884033203125e+01 3.580000000000000071e+00 4.899999871850013733e-02 7.199565429687500000e+02
1.962895989418029785e+01 3.540000000000000036e+00 4.899999871850013733e-02 6.300166015625000000e+02
1.973599624633789062e+01 3.600000000000000089e+00 4.899999871850013733e-02 5.400220947265625000e+02
1.983095669746398926e+01 3.640000000000000124e+00 4.899999871850013733e-02 5.399947509765625000e+02
1.992195940017700195e+01 3.560000000000000053e+00 4.899999871850013733e-02 5.399947509765625000e+02
2.002896142005920410e+01 3.580000000000000071e+00 4.899999871850013733e-02 5.400220947265625000e+02
2.011999797821044922e+01 3.569999999999999840e+00 4.899999871850013733e-02 3.600055847167968750e+02
2.023602795600891113e+01 3.549999999999999822e+00 4.899999871850013733e-02 4.500001525878906250e+02
2.032196021080017090e+01 3.540000000000000036e+00 4.899999871850013733e-02 4.500001525878906250e+02
2.043495965003967285e+01 3.560000000000000053e+00 4.899999871850013733e-02 5.399947509765625000e+02
2.052895998954772949e+01 3.600000000000000089e+00 4.899999871850013733e-02 4.500001525878906250e+02
2.062195611000061035e+01 3.509999999999999787e+00 4.899999871850013733e-02 2.700007934570312500e+02
2.072696709632873535e+01 3.430000000000000160e+00 4.899999871850013733e-02 5.400007324218750000e+02
2.082195830345153809e+01 3.479999999999999982e+00 4.899999871850013733e-02 4.500001525878906250e+02
2.092995715141296387e+01 3.540000000000000036e+00 4.899999871850013733e-02 4.500001525878906250e+02
2.101895785331726074e+01 3.470000000000000195e+00 4.899999871850013733e-02 5.399947509765625000e+02
2.113696455955505371e+01 3.490000000000000213e+00 4.899999871850013733e-02 6.299892578125000000e+02
2.122595930099487305e+01 3.609999999999999876e+00 4.899999871850013733e-02 4.500001525878906250e+02
2.133396172523498535e+01 3.549999999999999822e+00 4.899999871850013733e-02 4.500001525878906250e+02
2.142895746231079102e+01 3.490000000000000213e+00 4.899999871850013733e-02 4.500001525878906250e+02
2.151895809173583984e+01 3.540000000000000036e+00 4.899999871850013733e-02 4.500001525878906250e+02
2.162596201896667480e+01 3.490000000000000213e+00 4.899999871850013733e-02 4.500001525878906250e+02
2.172095632553100586e+01 3.359999999999999876e+00 4.899999871850013733e-02 7.199565429687500000e+02
2.183396172523498535e+01 3.390000000000000124e+00 4.899999871850013733e-02 7.200111694335937500e+02
2.191895604133605957e+01 3.500000000000000000e+00 4.899999871850013733e-02 6.300166015625000000e+02
2.203599786758422852e+01 3.500000000000000000e+00 4.899999871850013733e-02 6.299619750976562500e+02
2.212696409225463867e+01 3.509999999999999787e+00 4.899999871850013733e-02 5.400220947265625000e+02
2.223396348953247070e+01 3.529999999999999805e+00 4.899999871850013733e-02 4.500274658203125000e+02
2.232496571540832520e+01 3.479999999999999982e+00 4.899999871850013733e-02 4.499728393554687500e+02
2.241895723342895508e+01 3.410000000000000142e+00 4.899999871850013733e-02 3.599782714843750000e+02
2.252695655822753906e+01 3.370000000000000107e+00 4.899999871850013733e-02 4.500274658203125000e+02
2.261695861816406250e+01 3.419999999999999929e+00 4.899999871850013733e-02 6.300166015625000000e+02
2.273395705223083496e+01 3.459999999999999964e+00 4.899999871850013733e-02 5.400767211914062500e+02
2.281999802589416504e+01 3.509999999999999787e+00 4.899999871850013733e-02 6.300166015625000000e+02
2.293199443817138672e+01 3.609999999999999876e+00 4.899999871850013733e-02 4.499181823730468750e+02
2.302705502510070801e+01 3.529999999999999805e+00 4.899999871850013733e-02 3.599782714843750000e+02
2.313495922088623047e+01 3.509999999999999787e+00 4.899999871850013733e-02 3.599782714843750000e+02
2.322400236129760742e+01 3.500000000000000000e+00 4.899999871850013733e-02 4.500274658203125000e+02
2.331895685195922852e+01 3.529999999999999805e+00 4.899999871850013733e-02 5.399674072265625000e+02
2.343095850944519043e+01 3.529999999999999805e+00 4.899999871850013733e-02 4.500274658203125000e+02
2.351600027084350586e+01 3.509999999999999787e+00 4.899999871850013733e-02 4.500274658203125000e+02
2.363396596908569336e+01 3.540000000000000036e+00 4.899999871850013733e-02 4.500274658203125000e+02
2.372401356697082520e+01 3.520000000000000018e+00 4.899999871850013733e-02 6.300166015625000000e+02
2.383095979690551758e+01 3.450000000000000178e+00 4.899999871850013733e-02 4.499181823730468750e+02
2.392596077919006348e+01 3.509999999999999787e+00 4.899999871850013733e-02 4.500274658203125000e+02
2.401695990562438965e+01 3.529999999999999805e+00 4.899999871850013733e-02 3.599782714843750000e+02
2.412401103973388672e+01 3.479999999999999982e+00 4.899999871850013733e-02 3.600875549316406250e+02
2.421496915817260742e+01 3.470000000000000195e+00 4.899999871850013733e-02 3.599782714843750000e+02
2.433199596405029297e+01 3.450000000000000178e+00 4.899999871850013733e-02 6.299072875976562500e+02
2.441695666313171387e+01 3.500000000000000000e+00 4.899999871850013733e-02 8.100057373046875000e+02
2.452995991706848145e+01 3.520000000000000018e+00 4.899999871850013733e-02 7.199565429687500000e+02
2.462400674819946289e+01 3.640000000000000124e+00 4.899999871850013733e-02 5.400767211914062500e+02
2.473200225830078125e+01 3.580000000000000071e+00 4.899999871850013733e-02 4.500274658203125000e+02
2.482195734977722168e+01 3.509999999999999787e+00 4.899999871850013733e-02 4.500274658203125000e+02
2.491696929931640625e+01 3.450000000000000178e+00 4.899999871850013733e-02 7.199565429687500000e+02
2.502496027946472168e+01 3.529999999999999805e+00 4.899999871850013733e-02 6.301258544921875000e+02
2.512095761299133301e+01 3.560000000000000053e+00 4.899999871850013733e-02 6.301258544921875000e+02
2.523200130462646484e+01 3.540000000000000036e+00 4.899999871850013733e-02 6.301258544921875000e+02
2.532096076011657715e+01 3.560000000000000053e+00 4.899999871850013733e-02 6.299072875976562500e+02
2.542896246910095215e+01 3.509999999999999787e+00 4.899999871850013733e-02 4.500274658203125000e+02
2.552400064468383789e+01 3.479999999999999982e+00 4.899999871850013733e-02 4.500274658203125000e+02
2.563600087165832520e+01 3.560000000000000053e+00 4.899999871850013733e-02 5.400767211914062500e+02
2.572096276283264160e+01 3.560000000000000053e+00 4.899999871850013733e-02 5.400767211914062500e+02
2.581600761413574219e+01 3.549999999999999822e+00 4.899999871850013733e-02 6.299072875976562500e+02
2.592895960807800293e+01 3.520000000000000018e+00 4.899999871850013733e-02 7.201751098632812500e+02
2.603599238395690918e+01 3.509999999999999787e+00 4.899999871850013733e-02 5.400767211914062500e+02
2.613095736503601074e+01 3.470000000000000195e+00 4.899999871850013733e-02 6.301258544921875000e+02
2.622195911407470703e+01 3.479999999999999982e+00 4.899999871850013733e-02 7.199565429687500000e+02
2.632895922660827637e+01 3.620000000000000107e+00 4.899999871850013733e-02 6.299072875976562500e+02
2.641999077796936035e+01 3.490000000000000213e+00 4.899999871850013733e-02 4.498088989257812500e+02
2.653695940971374512e+01 3.540000000000000036e+00 4.899999871850013733e-02 2.701476440429687500e+02
2.662195730209350586e+01 3.529999999999999805e+00 4.899999871850013733e-02 3.599782714843750000e+02
2.673496055603027344e+01 3.490000000000000213e+00 4.899999871850013733e-02 4.500274658203125000e+02
2.682895874977111816e+01 3.390000000000000124e+00 4.899999871850013733e-02 7.199565429687500000e+02
2.693695664405822754e+01 3.490000000000000213e+00 4.899999871850013733e-02 6.301258544921875000e+02
2.702695608139038086e+01 3.580000000000000071e+00 4.899999871850013733e-02 5.400767211914062500e+02
2.712195611000061035e+01 3.589999999999999858e+00 4.899999871850013733e-02 4.500274658203125000e+02
2.722996282577514648e+01 3.600000000000000089e+00 4.899999871850013733e-02 5.398581542968750000e+02
2.731895756721496582e+01 3.600000000000000089e+00 4.899999871850013733e-02 4.500274658203125000e+02
2.743695926666259766e+01 3.609999999999999876e+00 4.899999871850013733e-02 4.500274658203125000e+02
2.752595853805541992e+01 3.569999999999999840e+00 4.899999871850013733e-02 4.500274658203125000e+02
2.763395857810974121e+01 3.580000000000000071e+00 4.899999871850013733e-02 5.400767211914062500e+02
2.772895717620849609e+01 3.529999999999999805e+00 4.899999871850013733e-02 5.398581542968750000e+02
2.781895565986633301e+01 3.520000000000000018e+00 4.899999871850013733e-02 5.398581542968750000e+02
2.792595672607421875e+01 3.529999999999999805e+00 4.899999871850013733e-02 5.398581542968750000e+02
2.802096080780029297e+01 3.540000000000000036e+00 4.899999871850013733e-02 6.299072875976562500e+02
2.813396096229553223e+01 3.580000000000000071e+00 4.899999871850013733e-02 4.502460327148437500e+02
2.821895933151245117e+01 3.490000000000000213e+00 4.899999871850013733e-02 5.398581542968750000e+02
2.833600687980651855e+01 3.500000000000000000e+00 4.899999871850013733e-02 6.303444213867187500e+02
2.842695617675781250e+01 3.540000000000000036e+00 4.899999871850013733e-02 6.299072875976562500e+02
2.853396320343017578e+01 3.520000000000000018e+00 4.899999871850013733e-02 2.701476440429687500e+02
2.862495875358581543e+01 3.479999999999999982e+00 4.899999871850013733e-02 4.498088989257812500e+02
2.871895647048950195e+01 3.529999999999999805e+00 4.899999871850013733e-02 4.502460327148437500e+02
2.882695794105529785e+01 3.589999999999999858e+00 4.899999871850013733e-02 3.597597045898437500e+02
2.891696619987487793e+01 3.529999999999999805e+00 4.899999871850013733e-02 5.402952880859375000e+02
2.903396320343017578e+01 3.500000000000000000e+00 4.899999871850013733e-02 5.402952880859375000e+02
2.912000799179077148e+01 3.520000000000000018e+00 4.899999871850013733e-02 4.502460327148437500e+02
2.923200273513793945e+01 3.500000000000000000e+00 4.899999871850013733e-02 3.601968383789062500e+02
2.932696127891540527e+01 3.419999999999999929e+00 4.899999871850013733e-02 5.398581542968750000e+02
2.943496012687683105e+01 3.520000000000000018e+00 4.899999871850013733e-02 8.961207580566406250e+01
2.952399802207946777e+01 3.649999999999999911e+00 4.899999871850013733e-02 9.004920959472656250e+01
2.961895990371704102e+01 3.629999999999999893e+00 4.899999871850013733e-02 0.000000000000000000e+00
2.973096299171447754e+01 3.689999999999999947e+00 4.899999871850013733e-02 0.000000000000000000e+00
2.982296895980834961e+01 4.969999999999999751e+00 4.899999871850013733e-02 0.000000000000000000e+00
2.993395853042602539e+01 6.549999999999999822e+00 2.099999971687793732e-02 -8.100057373046875000e+02
3.002402448654174805e+01 3.589999999999999858e+00 2.099999971687793732e-02 -7.199565429687500000e+02
3.013095998764038086e+01 3.479999999999999982e+00 2.099999971687793732e-02 -7.199565429687500000e+02
3.022595858573913574e+01 3.569999999999999840e+00 2.099999971687793732e-02 -8.100057373046875000e+02
3.031695842742919922e+01 3.629999999999999893e+00 2.099999971687793732e-02 -1.170202514648437500e+03
3.042399501800537109e+01 3.569999999999999840e+00 2.099999971687793732e-02 -1.259814575195312500e+03
3.051497554779052734e+01 3.520000000000000018e+00 2.099999971687793732e-02 -1.259814575195312500e+03
3.063199973106384277e+01 3.470000000000000195e+00 2.099999971687793732e-02 -1.260251708984375000e+03
3.071695733070373535e+01 3.529999999999999805e+00 2.099999971687793732e-02 -1.259814575195312500e+03
3.082995700836181641e+01 3.600000000000000089e+00 2.099999971687793732e-02 -1.350082397460937500e+03
3.092401456832885742e+01 3.520000000000000018e+00 2.099999971687793732e-02 -1.349863891601562500e+03
3.103200840950012207e+01 3.399999999999999911e+00 2.099999971687793732e-02 -1.169984008789062500e+03
3.112196564674377441e+01 3.479999999999999982e+00 2.099999971687793732e-02 -9.898856811523437500e+02
3.121695947647094727e+01 3.509999999999999787e+00 2.099999971687793732e-02 -8.998363647460937500e+02
3.132496500015258789e+01 3.490000000000000213e+00 2.099999971687793732e-02 -7.199565429687500000e+02
3.143696069717407227e+01 3.490000000000000213e+00 2.099999971687793732e-02 -8.100057373046875000e+02
3.153200626373291016e+01 3.529999999999999805e+00 2.099999971687793732e-02 -9.898856811523437500e+02
3.162095832824707031e+01 3.569999999999999840e+00 2.099999971687793732e-02 -9.898856811523437500e+02
3.172895932197570801e+01 3.549999999999999822e+00 2.099999971687793732e-02 -9.901042480468750000e+02
3.182401275634765625e+01 3.490000000000000213e+00 2.099999971687793732e-02 -8.100057373046875000e+02
3.193600440025329590e+01 3.490000000000000213e+00 2.099999971687793732e-02 -8.100057373046875000e+02
3.202096104621887207e+01 3.540000000000000036e+00 2.099999971687793732e-02 -8.998363647460937500e+02
3.211599707603454590e+01 3.629999999999999893e+00 2.099999971687793732e-02 -1.169984008789062500e+03
3.222896027565002441e+01 3.600000000000000089e+00 2.099999971687793732e-02 -1.260033203125000000e+03
3.233600950241088867e+01 3.520000000000000018e+00 2.099999971687793732e-02 -1.350082397460937500e+03
3.243095946311950684e+01 3.490000000000000213e+00 2.099999971687793732e-02 -1.260033203125000000e+03
3.252195763587951660e+01 3.529999999999999805e+00 2.099999971687793732e-02 -1.169984008789062500e+03
3.262896251678466797e+01 3.459999999999999964e+00 2.099999971687793732e-02 -1.169984008789062500e+03
3.272000241279602051e+01 3.470000000000000195e+00 2.099999971687793732e-02 -1.169984008789062500e+03
3.282895827293395996e+01 3.560000000000000053e+00 2.099999971687793732e-02 -1.440022338867187500e+03
3.292195725440979004e+01 3.509999999999999787e+00 2.099999971687793732e-02 -1.349973144531250000e+03
3.303495931625366211e+01 3.470000000000000195e+00 2.099999971687793732e-02 -1.349973144531250000e+03
3.312896037101745605e+01 3.450000000000000178e+00 2.099999971687793732e-02 -1.349973144531250000e+03
3.323696875572204590e+01 3.500000000000000000e+00 2.099999971687793732e-02 -1.169984008789062500e+03
3.332695508003234863e+01 3.500000000000000000e+00 2.099999971687793732e-02 -1.259978515625000000e+03
3.342195582389831543e+01 3.490000000000000213e+00 2.099999971687793732e-02 -1.169984008789062500e+03
3.352996015548706055e+01 3.430000000000000160e+00 2.099999971687793732e-02 -1.169984008789062500e+03
3.361895585060119629e+01 3.459999999999999964e+00 2.099999971687793732e-02 -1.079989501953125000e+03
3.373695611953735352e+01 3.470000000000000195e+00 2.099999971687793732e-02 -1.080016845703125000e+03
3.382595825195312500e+01 3.459999999999999964e+00 2.099999971687793732e-02 -9.000003051757812500e+02
3.393396186828613281e+01 3.459999999999999964e+00 2.099999971687793732e-02 -9.900086059570312500e+02
3.402895998954772949e+01 3.509999999999999787e+00 2.099999971687793732e-02 -9.900017089843750000e+02
3.411895704269409180e+01 3.540000000000000036e+00 2.099999971687793732e-02 -9.900017089843750000e+02
3.422595620155334473e+01 3.529999999999999805e+00 2.099999971687793732e-02 -9.899949340820312500e+02
3.432096028327941895e+01 3.490000000000000213e+00 2.099999971687793732e-02 -1.079989501953125000e+03
3.443396425247192383e+01 3.589999999999999858e+00 2.099999971687793732e-02 -1.260005859375000000e+03
3.451895833015441895e+01 3.549999999999999822e+00 2.099999971687793732e-02 -1.349973144531250000e+03
3.463601231575012207e+01 3.439999999999999947e+00 2.099999971687793732e-02 -1.440022338867187500e+03
3.472695851325988770e+01 3.470000000000000195e+00 2.099999971687793732e-02 -1.530016845703125000e+03
3.483396434783935547e+01 3.490000000000000213e+00 2.099999971687793732e-02 -1.530071533203125000e+03
3.492496466636657715e+01 3.410000000000000142e+00 2.099999971687793732e-02 -1.530071533203125000e+03
3.501895809173583984e+01 3.459999999999999964e+00 2.099999971687793732e-02 -1.529962280273437500e+03
3.512695908546447754e+01 3.410000000000000142e+00 2.099999971687793732e-02 -1.349973144531250000e+03
3.521695780754089355e+01 3.390000000000000124e+00 2.099999971687793732e-02 -1.080044189453125000e+03
3.533396601676940918e+01 3.459999999999999964e+00 2.099999971687793732e-02 -8.999456787109375000e+02
3.541999959945678711e+01 3.549999999999999822e+00 2.099999971687793732e-02 -8.999456787109375000e+02
3.553201317787170410e+01 3.560000000000000053e+00 2.099999971687793732e-02 -9.899949340820312500e+02
3.562695765495300293e+01 3.529999999999999805e+00 2.099999971687793732e-02 -9.000549316406250000e+02
3.573495793342590332e+01 3.200000000000000178e+00 2.099999971687793732e-02 0.000000000000000000e+00
3.582400918006896973e+01 2.379999999999999893e+00 2.099999971687793732e-02 0.000000000000000000e+00
3.591895961761474609e+01 2.350000000000000089e+00 2.099999971687793732e-02 0.000000000000000000e+00
3.603095674514770508e+01 1.570000000000000062e+00 4.899999871850013733e-02 9.901042480468750000e+02
3.611599946022033691e+01 3.229999999999999982e+00 4.899999871850013733e-02 1.620011474609375000e+03
3.623396635055541992e+01 3.629999999999999893e+00 4.899999871850013733e-02 1.529962280273437500e+03
3.632401275634765625e+01 3.580000000000000071e+00 4.899999871850013733e-02 1.800000610351562500e+03
3.643095541000366211e+01 3.500000000000000000e+00 4.899999871850013733e-02 1.709951416015625000e+03
3.652595901489257812e+01 3.520000000000000018e+00 4.899999871850013733e-02 1.440022338867187500e+03
3.661696171760559082e+01 3.609999999999999876e+00 4.899999871850013733e-02 1.440022338867187500e+03
3.672401022911071777e+01 3.640000000000000124e+00 4.899999871850013733e-02 1.169984008789062500e+03
3.681495952606201172e+01 3.540000000000000036e+00 4.899999871850013733e-02 1.169984008789062500e+03
3.693199896812438965e+01 3.490000000000000213e+00 4.899999871850013733e-02 1.440022338867187500e+03
3.701695871353149414e+01 3.569999999999999840e+00 4.899999871850013733e-02 1.530016845703125000e+03
3.712995958328247070e+01 3.600000000000000089e+00 4.899999871850013733e-02 1.260005859375000000e+03
3.722399687767028809e+01 3.569999999999999840e+00 4.899999871850013733e-02 1.350000488281250000e+03
3.733199024200439453e+01 3.609999999999999876e+00 4.899999871850013733e-02 1.259999145507812500e+03
3.742195844650268555e+01 3.509999999999999787e+00 4.899999871850013733e-02 1.350000488281250000e+03
3.751695895195007324e+01 3.509999999999999787e+00 4.899999871850013733e-02 1.350000488281250000e+03
3.762496042251586914e+01 3.609999999999999876e+00 4.899999871850013733e-02 1.170011352539062500e+03
3.772895669937133789e+01 3.600000000000000089e+00 4.899999871850013733e-02 1.259978515625000000e+03
3.783200573921203613e+01 3.540000000000000036e+00 4.899999871850013733e-02 9.899949340820312500e+02
3.792096161842346191e+01 3.620000000000000107e+00 4.899999871850013733e-02 9.899949340820312500e+02
3.802896094322204590e+01 3.580000000000000071e+00 4.899999871850013733e-02 1.080044189453125000e+03
3.812400865554809570e+01 3.529999999999999805e+00 4.899999871850013733e-02 9.899949340820312500e+02
3.823600006103515625e+01 3.419999999999999929e+00 4.899999871850013733e-02 8.999456787109375000e+02
3.832095766067504883e+01 3.410000000000000142e+00 4.899999871850013733e-02 9.899949340820312500e+02
3.841600370407104492e+01 3.509999999999999787e+00 4.899999871850013733e-02 1.169984008789062500e+03
3.852896165847778320e+01 3.490000000000000213e+00 4.899999871850013733e-02 1.440022338867187500e+03
3.863599753379821777e+01 3.509999999999999787e+00 4.899999871850013733e-02 1.349973144531250000e+03
3.873096013069152832e+01 3.569999999999999840e+00 4.899999871850013733e-02 1.260033203125000000e+03
3.882195806503295898e+01 3.500000000000000000e+00 4.899999871850013733e-02 1.080044189453125000e+03
3.892895913124084473e+01 3.589999999999999858e+00 4.899999871850013733e-02 1.079934814453125000e+03
3.902000617980957031e+01 3.560000000000000053e+00 4.899999871850013733e-02 9.898856811523437500e+02
3.913599967956542969e+01 3.569999999999999840e+00 4.899999871850013733e-02 9.898856811523437500e+02
3.922195696830749512e+01 3.600000000000000089e+00 4.899999871850013733e-02 9.901042480468750000e+02
3.933496308326721191e+01 3.580000000000000071e+00 4.899999871850013733e-02 1.079934814453125000e+03
3.942895817756652832e+01 3.589999999999999858e+00 4.899999871850013733e-02 1.079934814453125000e+03
3.953496026992797852e+01 3.600000000000000089e+00 4.899999871850013733e-02 9.898856811523437500e+02
3.962695789337158203e+01 3.549999999999999822e+00 4.899999871850013733e-02 9.901042480468750000e+02
3.972195935249328613e+01 3.520000000000000018e+00 4.899999871850013733e-02 9.000549316406250000e+02
3.982995748519897461e+01 3.569999999999999840e+00 4.899999871850013733e-02 8.998363647460937500e+02
3.991895651817321777e+01 3.540000000000000036e+00 4.899999871850013733e-02 1.079934814453125000e+03
4.003695988655090332e+01 3.459999999999999964e+00 4.899999871850013733e-02 1.170202514648437500e+03
4.012596106529235840e+01 3.600000000000000089e+00 4.899999871850013733e-02 9.901042480468750000e+02
4.023396277427673340e+01 3.509999999999999787e+00 4.899999871850013733e-02 9.000549316406250000e+02
4.032895898818969727e+01 3.509999999999999787e+00 4.899999871850013733e-02 9.901042480468750000e+02
4.041895627975463867e+01 3.470000000000000195e+00 4.899999871850013733e-02 1.080153442382812500e+03
4.052596044540405273e+01 3.609999999999999876e+00 4.899999871850013733e-02 9.000549316406250000e+02
4.062102603912353516e+01 3.649999999999999911e+00 4.899999871850013733e-02 8.100057373046875000e+02
4.073396635055541992e+01 3.629999999999999893e+00 4.899999871850013733e-02 6.299072875976562500e+02
4.081895852088928223e+01 3.569999999999999840e+00 4.899999871850013733e-02 7.201751098632812500e+02
4.093600511550903320e+01 3.569999999999999840e+00 4.899999871850013733e-02 7.199565429687500000e+02
4.102696299552917480e+01 3.540000000000000036e+00 4.899999871850013733e-02 5.398581542968750000e+02
4.113396120071411133e+01 3.569999999999999840e+00 4.899999871850013733e-02 5.398581542968750000e+02
4.122496533393859863e+01 3.569999999999999840e+00 4.899999871850013733e-02 5.398581542968750000e+02
4.131896853446960449e+01 3.529999999999999805e+00 4.899999871850013733e-02 6.299072875976562500e+02
4.142695784568786621e+01 3.430000000000000160e+00 4.899999871850013733e-02 6.299072875976562500e+02
4.151696085929870605e+01 3.529999999999999805e+00 4.899999871850013733e-02 5.402952880859375000e+02
4.163399696350097656e+01 3.520000000000000018e+00 4.899999871850013733e-02 5.398581542968750000e+02
4.172000265121459961e+01 3.490000000000000213e+00 4.899999871850013733e-02 7.199565429687500000e+02
4.183199906349182129e+01 3.529999999999999805e+00 4.899999871850013733e-02 6.299072875976562500e+02
4.192695879936218262e+01 3.560000000000000053e+00 4.899999871850013733e-02 4.498088989257812500e+02
4.203496575355529785e+01 3.580000000000000071e+00 4.899999871850013733e-02 3.601968383789062500e+02
4.212399959564208984e+01 3.520000000000000018e+00 4.899999871850013733e-02 5.398581542968750000e+02
4.221895837783813477e+01 3.450000000000000178e+00 4.899999871850013733e-02 5.402952880859375000e+02
4.233095717430114746e+01 3.450000000000000178e+00 4.899999871850013733e-02 5.398581542968750000e+02
4.241599774360656738e+01 3.450000000000000178e+00 4.899999871850013733e-02 4.498088989257812500e+02
4.253395819664001465e+01 3.589999999999999858e+00 4.899999871850013733e-02 0.000000000000000000e+00
4.262400245666503906e+01 3.509999999999999787e+00 4.899999871850013733e-02 0.000000000000000000e+00
4.273095846176147461e+01 3.350000000000000089e+00 4.899999871850013733e-02 0.000000000000000000e+00
4.282595825195312500e+01 4.759999999999999787e+00 2.099999971687793732e-02 0.000000000000000000e+00
4.291695880889892578e+01 4.839999999999999858e+00 2.099999971687793732e-02 -1.259814575195312500e+03
4.302400255203247070e+01 3.689999999999999947e+00 2.099999971687793732e-02 -1.710060668945312500e+03
4.311496067047119141e+01 3.560000000000000053e+00 2.099999971687793732e-02 -1.800109863281250000e+03
4.323199534416198730e+01 3.549999999999999822e+00 2.099999971687793732e-02 -2.339968017578125000e+03
4.331695818901062012e+01 3.439999999999999947e+00 2.099999971687793732e-02 -2.430017089843750000e+03
4.342995882034301758e+01 3.439999999999999947e+00 2.099999971687793732e-02 -2.160088378906250000e+03
4.352401185035705566e+01 3.399999999999999911e+00 2.099999971687793732e-02 -2.250137451171875000e+03
4.363200521469116211e+01 3.450000000000000178e+00 2.099999971687793732e-02 -2.339968017578125000e+03
4.372195887565612793e+01 3.439999999999999947e+00 2.099999971687793732e-02 -2.339968017578125000e+03
4.381695795059204102e+01 3.450000000000000178e+00 2.099999971687793732e-02 -2.879826171875000000e+03
4.392496013641357422e+01 3.540000000000000036e+00 2.099999971687793732e-02 -2.609896972656250000e+03
4.402095842361450195e+01 3.600000000000000089e+00 2.099999971687793732e-02 -2.880044677734375000e+03
4.413201618194580078e+01 3.609999999999999876e+00 2.099999971687793732e-02 -2.789995361328125000e+03
4.422096467018127441e+01 3.620000000000000107e+00 2.099999971687793732e-02 -2.880044677734375000e+03
4.432895994186401367e+01 3.569999999999999840e+00 2.099999971687793732e-02 -2.969984619140625000e+03
4.442400288581848145e+01 3.609999999999999876e+00 2.099999971687793732e-02 -3.059979248046875000e+03
4.453600025177001953e+01 3.589999999999999858e+00 2.099999971687793732e-02 -2.789995361328125000e+03
4.462096214294433594e+01 3.589999999999999858e+00 2.099999971687793732e-02 -2.879989990234375000e+03
4.471599745750427246e+01 3.560000000000000053e+00 2.099999971687793732e-02 -2.790002441406250000e+03
4.482896399497985840e+01 3.600000000000000089e+00 2.099999971687793732e-02 -2.969984619140625000e+03
4.493600440025329590e+01 3.640000000000000124e+00 2.099999971687793732e-02 -2.789995361328125000e+03
4.503095793724060059e+01 3.520000000000000018e+00 2.099999971687793732e-02 -2.610006347656250000e+03
4.512195730209350586e+01 3.520000000000000018e+00 2.099999971687793732e-02 -2.250028320312500000e+03
4.522895956039428711e+01 3.529999999999999805e+00 2.099999971687793732e-02 -2.339968017578125000e+03
4.531998920440673828e+01 3.529999999999999805e+00 2.099999971687793732e-02 -1.889940673828125000e+03
4.543696117401123047e+01 3.509999999999999787e+00 2.099999971687793732e-02 -1.529962280273437500e+03
4.552195906639099121e+01 3.520000000000000018e+00 2.099999971687793732e-02 -1.080044189453125000e+03
4.563496994972229004e+01 3.509999999999999787e+00 2.099999971687793732e-02 -8.100057373046875000e+02
4.572895908355712891e+01 3.279999999999999805e+00 2.099999971687793732e-02 0.000000000000000000e+00
4.583600330352783203e+01 3.160000000000000142e+00 2.099999971687793732e-02 0.000000000000000000e+00
4.592695808410644531e+01 2.129999999999999893e+00 4.899999871850013733e-02 1.439913085937500000e+03
4.602196025848388672e+01 2.450000000000000178e+00 4.899999871850013733e-02 2.339968017578125000e+03
4.612995743751525879e+01 3.479999999999999982e+00 4.899999871850013733e-02 2.700055419921875000e+03
4.621895647048950195e+01 3.629999999999999893e+00 4.899999871850013733e-02 2.250028320312500000e+03
4.633599591255187988e+01 3.580000000000000071e+00 4.899999871850013733e-02 2.250028320312500000e+03
4.642595815658569336e+01 3.609999999999999876e+00 4.899999871850013733e-02 2.160033691406250000e+03
4.653396630287170410e+01 3.529999999999999805e+00 4.899999871850013733e-02 2.700000976562500000e+03
4.662895727157592773e+01 3.569999999999999840e+00 4.899999871850013733e-02 2.789995361328125000e+03
4.671899747848510742e+01 3.589999999999999858e+00 4.899999871850013733e-02 2.699997558593750000e+03
4.682596802711486816e+01 3.580000000000000071e+00 4.899999871850013733e-02 2.520011718750000000e+03
4.692096829414367676e+01 3.629999999999999893e+00 4.899999871850013733e-02 2.520011718750000000e+03
4.703396391868591309e+01 3.649999999999999911e+00 4.899999871850013733e-02 2.159979003906250000e+03
4.711895751953125000e+01 3.680000000000000160e+00 4.899999871850013733e-02 2.069929687500000000e+03
4.723599743843078613e+01 3.640000000000000124e+00 4.899999871850013733e-02 1.890049926757812500e+03
4.732695722579956055e+01 3.620000000000000107e+00 4.899999871850013733e-02 1.979989868164062500e+03
4.743396329879760742e+01 3.560000000000000053e+00 4.899999871850013733e-02 1.889940673828125000e+03
4.752496147155761719e+01 3.520000000000000018e+00 4.899999871850013733e-02 2.159979003906250000e+03
4.761895656585693359e+01 3.569999999999999840e+00 4.899999871850013733e-02 2.249918945312500000e+03
4.772695684432983398e+01 3.569999999999999840e+00 4.899999871850013733e-02 2.520066406250000000e+03
4.781696128845214844e+01 3.589999999999999858e+00 4.899999871850013733e-02 2.699946289062500000e+03
4.793396520614624023e+01 3.609999999999999876e+00 4.899999871850013733e-02 2.520066406250000000e+03
4.801999878883361816e+01 3.600000000000000089e+00 4.899999871850013733e-02 2.339968017578125000e+03
4.813199472427368164e+01 3.669999999999999929e+00 4.899999871850013733e-02 1.800109863281250000e+03
4.822696399688720703e+01 3.600000000000000089e+00 4.899999871850013733e-02 1.710060668945312500e+03
4.833495879173278809e+01 3.660000000000000142e+00 4.899999871850013733e-02 1.620011474609375000e+03
4.842401480674743652e+01 3.680000000000000160e+00 4.899999871850013733e-02 1.349863891601562500e+03
4.851895880699157715e+01 3.620000000000000107e+00 4.899999871850013733e-02 1.170202514648437500e+03
4.863095688819885254e+01 3.580000000000000071e+00 4.899999871850013733e-02 1.259814575195312500e+03
4.872295713424682617e+01 3.529999999999999805e+00 4.899999871850013733e-02 1.260251708984375000e+03
4.883396768569946289e+01 3.549999999999999822e+00 4.899999871850013733e-02 1.080153442382812500e+03
4.892399525642395020e+01 3.589999999999999858e+00 4.899999871850013733e-02 9.901042480468750000e+02
4.903095769882202148e+01 3.520000000000000018e+00 4.899999871850013733e-02 1.079716308593750000e+03
4.912595844268798828e+01 3.509999999999999787e+00 4.899999871850013733e-02 1.079716308593750000e+03
4.921696281433105469e+01 3.549999999999999822e+00 4.899999871850013733e-02 3.601968383789062500e+02
4.932400751113891602e+01 3.649999999999999911e+00 4.899999871850013733e-02 0.000000000000000000e+00
4.941496109962463379e+01 3.649999999999999911e+00 4.899999871850013733e-02 0.000000000000000000e+00
4.953199434280395508e+01 3.470000000000000195e+00 4.899999871850013733e-02 0.000000000000000000e+00
4.961696767807006836e+01 3.580000000000000071e+00 4.899999871850013733e-02 0.000000000000000000e+00
4.972995615005493164e+01 3.399999999999999911e+00 4.899999871850013733e-02 0.000000000000000000e+00
4.982400536537170410e+01 3.359999999999999876e+00 4.899999871850013733e-02 0.000000000000000000e+00
4.993199586868286133e+01 3.339999999999999858e+00 4.899999871850013733e-02 0.000000000000000000e+00
5.002198529243469238e+01 3.330000000000000071e+00 4.899999871850013733e-02 0.000000000000000000e+00
5.011696028709411621e+01 3.319999999999999840e+00 4.899999871850013733e-02 0.000000000000000000e+00
5.022495865821838379e+01 3.330000000000000071e+00 4.899999871850013733e-02 0.000000000000000000e+00
5.032096791267395020e+01 3.319999999999999840e+00 4.899999871850013733e-02 0.000000000000000000e+00
5.043200111389160156e+01 3.319999999999999840e+00 4.899999871850013733e-02 0.000000000000000000e+00
5.052096009254455566e+01 3.310000000000000053e+00 4.899999871850013733e-02 0.000000000000000000e+00
5.062895846366882324e+01 3.310000000000000053e+00 4.899999871850013733e-02 0.000000000000000000e+00
5.072400069236755371e+01 3.310000000000000053e+00 4.899999871850013733e-02 0.000000000000000000e+00
5.082095742225646973e+01 3.310000000000000053e+00 4.899999871850013733e-02 0.000000000000000000e+00
5.092095947265625000e+01 3.310000000000000053e+00 4.899999871850013733e-02 0.000000000000000000e+00
5.101599168777465820e+01 3.310000000000000053e+00 4.899999871850013733e-02 0.000000000000000000e+00
5.112895679473876953e+01 3.299999999999999822e+00 4.899999871850013733e-02 0.000000000000000000e+00
5.123600554466247559e+01 3.299999999999999822e+00 4.899999871850013733e-02 0.000000000000000000e+00
5.133096575736999512e+01 3.299999999999999822e+00 4.899999871850013733e-02 0.000000000000000000e+00
5.142195701599121094e+01 3.299999999999999822e+00 4.899999871850013733e-02 0.000000000000000000e+00
5.152895879745483398e+01 3.299999999999999822e+00 4.899999871850013733e-02 0.000000000000000000e+00
5.162000560760498047e+01 3.299999999999999822e+00 4.899999871850013733e-02 0.000000000000000000e+00
5.172000098228454590e+01 3.299999999999999822e+00 4.899999871850013733e-02 0.000000000000000000e+00
