5.993843078613281250e-02 1.229999999999999982e+00 1.999999955296516418e-02 0.000000000000000000e+00
1.599452495574951172e-01 1.219999999999999973e+00 1.999999955296516418e-02 0.000000000000000000e+00
2.499411106109619141e-01 1.260000000000000009e+00 1.999999955296516418e-02 0.000000000000000000e+00
3.399388790130615234e-01 1.719999999999999973e+00 1.999999955296516418e-02 0.000000000000000000e+00
4.499392509460449219e-01 2.319999999999999840e+00 1.999999955296516418e-02 0.000000000000000000e+00
5.409884452819824219e-01 3.169999999999999929e+00 1.999999955296516418e-02 -9.004920959472656250e+01
6.579427719116210938e-01 3.649999999999999911e+00 1.999999955296516418e-02 -5.402952880859375000e+02
7.479443550109863281e-01 3.529999999999999805e+00 1.999999955296516418e-02 -5.398581542968750000e+02
8.549368381500244141e-01 3.399999999999999911e+00 1.999999955296516418e-02 0.000000000000000000e+00
9.439401626586914062e-01 3.700000000000000178e+00 1.999999955296516418e-02 -1.800984191894531250e+02
1.057944774627685547e+00 3.899999999999999911e+00 1.999999955296516418e-02 -1.890159179687500000e+03
1.151938438415527344e+00 3.660000000000000142e+00 1.999999955296516418e-02 -2.339968017578125000e+03
1.258938789367675781e+00 3.290000000000000036e+00 1.999999955296516418e-02 -1.979771362304687500e+03
1.353940010070800781e+00 3.220000000000000195e+00 1.999999955296516418e-02 -1.890159179687500000e+03
1.443938255310058594e+00 3.209999999999999964e+00 1.999999955296516418e-02 -1.800109863281250000e+03
1.554939031600952148e+00 3.319999999999999840e+00 1.999999955296516418e-02 -1.979771362304687500e+03
1.639937877655029297e+00 3.390000000000000124e+00 1.999999955296516418e-02 -2.339968017578125000e+03
1.752993583679199219e+00 3.270000000000000018e+00 1.999999955296516418e-02 -2.430017089843750000e+03
1.847944259643554688e+00 3.330000000000000071e+00 1.999999955296516418e-02 -2.249918945312500000e+03
1.944980144500732422e+00 3.279999999999999805e+00 1.999999955296516418e-02 -2.519629150390625000e+03
2.044982194900512695e+00 3.189999999999999947e+00 1.999999955296516418e-02 -2.430017089843750000e+03
2.155940055847167969e+00 3.339999999999999858e+00 1.999999955296516418e-02 -2.520066406250000000e+03
2.249932765960693359e+00 3.290000000000000036e+00 1.999999955296516418e-02 -2.789995361328125000e+03
2.356977939605712891e+00 3.430000000000000160e+00 1.999999955296516418e-02 -2.699946289062500000e+03
2.446943044662475586e+00 3.379999999999999893e+00 1.999999955296516418e-02 -2.430017089843750000e+03
2.541951656341552734e+00 3.399999999999999911e+00 1.999999955296516418e-02 -2.430017089843750000e+03
2.660985231399536133e+00 3.370000000000000107e+00 1.999999955296516418e-02 -2.070039062500000000e+03
2.759942293167114258e+00 3.419999999999999929e+00 1.999999955296516418e-02 -1.890049926757812500e+03
2.851940155029296875e+00 3.430000000000000160e+00 1.999999955296516418e-02 -1.710060668945312500e+03
2.942938566207885742e+00 3.439999999999999947e+00 1.999999955296516418e-02 -1.529962280273437500e+03
3.053941011428833008e+00 3.399999999999999911e+00 1.999999955296516418e-02 -1.440022338867187500e+03
3.140987157821655273e+00 3.459999999999999964e+00 1.999999955296516418e-02 -1.259923950195312500e+03
3.257942438125610352e+00 3.390000000000000124e+00 1.999999955296516418e-02 -1.169984008789062500e+03
3.346945524215698242e+00 3.470000000000000195e+00 1.999999955296516418e-02 -1.079989501953125000e+03
3.455936431884765625e+00 3.540000000000000036e+00 1.999999955296516418e-02 -1.170038574218750000e+03
3.550937891006469727e+00 3.399999999999999911e+00 1.999999955296516418e-02 -7.200111694335937500e+02
3.639940738677978516e+00 3.279999999999999805e+00 1.999999955296516418e-02 -8.999456787109375000e+01
3.747940778732299805e+00 3.040000000000000036e+00 1.999999955296516418e-02 8.999456787109375000e+01
3.842939615249633789e+00 1.090000000000000080e+00 1.999999955296516418e-02 4.500274658203125000e+02
3.954937458038330078e+00 9.100000000000000311e-01 1.999999955296516418e-02 8.100057373046875000e+02
4.039948940277099609e+00 8.900000000000000133e-01 1.999999955296516418e-02 1.080044189453125000e+03
4.157944679260253906e+00 9.200000000000000400e-01 1.999999955296516418e-02 1.709951416015625000e+03
4.247944116592407227e+00 9.599999999999999645e-01 1.999999955296516418e-02 1.800000610351562500e+03
4.354929685592651367e+00 9.000000000000000222e-01 1.999999955296516418e-02 1.620011474609375000e+03
4.449946641921997070e+00 9.699999999999999734e-01 1.999999955296516418e-02 1.979989868164062500e+03
4.539932727813720703e+00 9.899999999999999911e-01 1.999999955296516418e-02 2.159979003906250000e+03
4.647933006286621094e+00 9.499999999999999556e-01 1.999999955296516418e-02 2.339968017578125000e+03
4.741950988769531250e+00 9.200000000000000400e-01 1.999999955296516418e-02 2.700164794921875000e+03
4.854938030242919922e+00 1.070000000000000062e+00 1.999999955296516418e-02 2.159869628906250000e+03
4.943938016891479492e+00 1.010000000000000009e+00 1.999999955296516418e-02 2.249918945312500000e+03
5.056993484497070312e+00 1.020000000000000018e+00 1.999999955296516418e-02 2.159869628906250000e+03
5.147940874099731445e+00 9.599999999999999645e-01 1.999999955296516418e-02 2.430017089843750000e+03
5.258938789367675781e+00 9.599999999999999645e-01 1.999999955296516418e-02 2.160088378906250000e+03
5.345941305160522461e+00 1.040000000000000036e+00 1.999999955296516418e-02 2.519847900390625000e+03
5.440989971160888672e+00 9.399999999999999467e-01 1.999999955296516418e-02 2.700164794921875000e+03
5.551939249038696289e+00 1.070000000000000062e+00 1.999999955296516418e-02 2.159869628906250000e+03
5.644980907440185547e+00 1.040000000000000036e+00 1.999999955296516418e-02 2.159869628906250000e+03
5.755939245223999023e+00 1.010000000000000009e+00 1.999999955296516418e-02 2.070257568359375000e+03
5.844994783401489258e+00 1.090000000000000080e+00 1.999999955296516418e-02 1.710060668945312500e+03
5.952984809875488281e+00 1.110000000000000098e+00 1.999999955296516418e-02 1.439913085937500000e+03
6.047941207885742188e+00 1.060000000000000053e+00 1.999999955296516418e-02 9.896671142578125000e+02
6.144989013671875000e+00 1.050000000000000044e+00 1.999999955296516418e-02 8.100057373046875000e+02
6.244988918304443359e+00 1.139999999999999902e+00 1.999999955296516418e-02 2.701476440429687500e+02
6.339937686920166016e+00 9.699999999999999734e-01 1.999999955296516418e-02 4.502460327148437500e+02
6.452986240386962891e+00 8.599999999999999867e-01 1.999999955296516418e-02 1.079716308593750000e+03
6.559936285018920898e+00 1.010000000000000009e+00 1.999999955296516418e-02 8.100057373046875000e+02
6.654939174652099609e+00 1.060000000000000053e+00 1.999999955296516418e-02 4.502460327148437500e+02
6.744981050491333008e+00 1.060000000000000053e+00 1.999999955296516418e-02 3.601968383789062500e+02
6.852987766265869141e+00 9.200000000000000400e-01 1.999999955296516418e-02 7.199565429687500000e+02
6.946948051452636719e+00 9.499999999999999556e-01 1.999999955296516418e-02 6.303444213867187500e+02
7.059939622879028320e+00 1.020000000000000018e+00 1.999999955296516418e-02 4.498088989257812500e+02
7.148982763290405273e+00 1.100000000000000089e+00 1.999999955296516418e-02 1.800984191894531250e+02
7.235929965972900391e+00 9.799999999999999822e-01 1.999999955296516418e-02 1.796612854003906250e+02
7.352979183197021484e+00 9.399999999999999467e-01 1.999999955296516418e-02 5.398581542968750000e+02
7.441939115524291992e+00 1.040000000000000036e+00 1.999999955296516418e-02 0.000000000000000000e+00
7.550940036773681641e+00 1.179999999999999938e+00 1.999999955296516418e-02 0.000000000000000000e+00
7.645937204360961914e+00 1.750000000000000000e+00 1.999999955296516418e-02 0.000000000000000000e+00
7.756982088088989258e+00 2.720000000000000195e+00 1.999999955296516418e-02 0.000000000000000000e+00
7.842937231063842773e+00 3.350000000000000089e+00 1.999999955296516418e-02 -9.004920959472656250e+01
7.952986001968383789e+00 3.750000000000000000e+00 1.999999955296516418e-02 -9.901042480468750000e+02
8.049938917160034180e+00 3.660000000000000142e+00 1.999999955296516418e-02 -1.800109863281250000e+03
8.157938718795776367e+00 3.660000000000000142e+00 1.999999955296516418e-02 -2.790214111328125000e+03
8.252979040145874023e+00 3.500000000000000000e+00 1.999999955296516418e-02 -2.699727783203125000e+03
8.342939853668212891e+00 3.450000000000000178e+00 1.999999955296516418e-02 -2.430017089843750000e+03
8.449939489364624023e+00 3.410000000000000142e+00 1.999999955296516418e-02 -2.610115478515625000e+03
8.544981002807617188e+00 3.529999999999999805e+00 1.999999955296516418e-02 -2.519629150390625000e+03
8.657951354980468750e+00 3.399999999999999911e+00 1.999999955296516418e-02 -2.249918945312500000e+03
8.742939233779907227e+00 3.419999999999999929e+00 1.999999955296516418e-02 -2.159869628906250000e+03
8.859937429428100586e+00 3.569999999999999840e+00 1.999999955296516418e-02 -2.610115478515625000e+03
8.949944496154785156e+00 3.509999999999999787e+00 1.999999955296516418e-02 -2.969875244140625000e+03
9.057942152023315430e+00 3.520000000000000018e+00 1.999999955296516418e-02 -3.060143066406250000e+03
9.151941061019897461e+00 3.490000000000000213e+00 1.999999955296516418e-02 -2.789995361328125000e+03
9.242938041687011719e+00 3.359999999999999876e+00 1.999999955296516418e-02 -2.430017089843750000e+03
9.353938817977905273e+00 3.390000000000000124e+00 1.999999955296516418e-02 -2.699946289062500000e+03
9.440980672836303711e+00 3.399999999999999911e+00 1.999999955296516418e-02 -2.430017089843750000e+03
9.557943582534790039e+00 3.520000000000000018e+00 1.999999955296516418e-02 -2.519957031250000000e+03
9.646942615509033203e+00 3.459999999999999964e+00 1.999999955296516418e-02 -2.339968017578125000e+03
9.755949020385742188e+00 3.419999999999999929e+00 1.999999955296516418e-02 -2.250028320312500000e+03
9.850938558578491211e+00 3.350000000000000089e+00 1.999999955296516418e-02 -1.530071533203125000e+03
9.960991382598876953e+00 3.270000000000000018e+00 1.999999955296516418e-02 -1.349973144531250000e+03
1.004793977737426758e+01 3.479999999999999982e+00 1.999999955296516418e-02 -1.349973144531250000e+03
1.014293622970581055e+01 3.430000000000000160e+00 1.999999955296516418e-02 -9.899949340820312500e+02
1.025493621826171875e+01 3.390000000000000124e+00 1.999999955296516418e-02 -5.400220947265625000e+02
1.033993840217590332e+01 3.359999999999999876e+00 1.999999955296516418e-02 0.000000000000000000e+00
1.045794081687927246e+01 1.620000000000000107e+00 1.999999955296516418e-02 9.899949340820312500e+02
1.054794073104858398e+01 8.900000000000000133e-01 1.999999955296516418e-02 9.899949340820312500e+02
1.065493965148925781e+01 8.699999999999999956e-01 1.999999955296516418e-02 1.439967651367187500e+03
1.074994063377380371e+01 9.799999999999999822e-01 1.999999955296516418e-02 1.709951416015625000e+03
1.083993721008300781e+01 9.499999999999999556e-01 1.999999955296516418e-02 1.800000610351562500e+03
1.094794249534606934e+01 9.300000000000000488e-01 1.999999955296516418e-02 2.069929687500000000e+03
1.104194092750549316e+01 9.399999999999999467e-01 1.999999955296516418e-02 2.339968017578125000e+03
1.115494775772094727e+01 8.800000000000000044e-01 1.999999955296516418e-02 2.699946289062500000e+03
1.124393749237060547e+01 9.499999999999999556e-01 1.999999955296516418e-02 2.789995361328125000e+03
1.135698580741882324e+01 9.699999999999999734e-01 1.999999955296516418e-02 2.880044677734375000e+03
1.144793891906738281e+01 1.000000000000000000e+00 1.999999955296516418e-02 2.969875244140625000e+03
1.155893850326538086e+01 9.699999999999999734e-01 1.999999955296516418e-02 2.880044677734375000e+03
1.164594101905822754e+01 9.499999999999999556e-01 1.999999955296516418e-02 3.330072265625000000e+03
1.174098014831542969e+01 1.040000000000000036e+00 1.999999955296516418e-02 3.059924560546875000e+03
1.185193777084350586e+01 1.179999999999999938e+00 1.999999955296516418e-02 1.800109863281250000e+03
1.193794107437133789e+01 1.030000000000000027e+00 1.999999955296516418e-02 2.250356201171875000e+03
1.205593919754028320e+01 9.100000000000000311e-01 1.999999955296516418e-02 2.430017089843750000e+03
1.214498376846313477e+01 1.030000000000000027e+00 1.999999955296516418e-02 2.430017089843750000e+03
1.225298094749450684e+01 1.070000000000000062e+00 1.999999955296516418e-02 1.889722045898437500e+03
1.234794020652770996e+01 1.159999999999999920e+00 1.999999955296516418e-02 1.349863891601562500e+03
1.245995116233825684e+01 1.060000000000000053e+00 1.999999955296516418e-02 1.080153442382812500e+03
1.254499793052673340e+01 1.120000000000000107e+00 1.999999955296516418e-02 5.402952880859375000e+02
1.263993883132934570e+01 9.799999999999999822e-01 1.999999955296516418e-02 8.996177978515625000e+02
1.275298547744750977e+01 7.900000000000000355e-01 1.999999955296516418e-02 1.439913085937500000e+03
1.285993981361389160e+01 1.189999999999999947e+00 1.999999955296516418e-02 0.000000000000000000e+00
1.295493793487548828e+01 1.270000000000000018e+00 1.999999955296516418e-02 0.000000000000000000e+00
1.304498577117919922e+01 1.530000000000000027e+00 1.999999955296516418e-02 0.000000000000000000e+00
1.315298748016357422e+01 2.250000000000000000e+00 1.999999955296516418e-02 0.000000000000000000e+00
1.324694657325744629e+01 3.189999999999999947e+00 1.999999955296516418e-02 -9.004920959472656250e+01
1.335993957519531250e+01 3.779999999999999805e+00 1.999999955296516418e-02 -9.000549316406250000e+02
1.344898605346679688e+01 3.629999999999999893e+00 1.999999955296516418e-02 -1.260251708984375000e+03
1.353593802452087402e+01 3.450000000000000178e+00 1.999999955296516418e-02 -1.259814575195312500e+03
1.365297794342041016e+01 3.390000000000000124e+00 1.999999955296516418e-02 -1.349863891601562500e+03
1.374194025993347168e+01 3.319999999999999840e+00 1.999999955296516418e-02 -1.349863891601562500e+03
1.385094571113586426e+01 3.459999999999999964e+00 1.999999955296516418e-02 -1.800109863281250000e+03
1.394594192504882812e+01 3.540000000000000036e+00 1.999999955296516418e-02 -2.789776855468750000e+03
1.405698680877685547e+01 3.509999999999999787e+00 1.999999955296516418e-02 -2.699727783203125000e+03
1.414293837547302246e+01 3.549999999999999822e+00 1.999999955296516418e-02 -2.880263183593750000e+03
1.426098370552062988e+01 3.600000000000000089e+00 1.999999955296516418e-02 -3.600001220703125000e+03
1.434993815422058105e+01 3.529999999999999805e+00 1.999999955296516418e-02 -3.689832031250000000e+03
1.445794081687927246e+01 3.399999999999999911e+00 1.999999955296516418e-02 -3.420121337890625000e+03
1.455298447608947754e+01 3.379999999999999893e+00 1.999999955296516418e-02 -3.060143066406250000e+03
1.464293694496154785e+01 3.359999999999999876e+00 1.999999955296516418e-02 -2.609896972656250000e+03
1.474994897842407227e+01 3.259999999999999787e+00 1.999999955296516418e-02 -2.609896972656250000e+03
1.484497666358947754e+01 3.520000000000000018e+00 1.999999955296516418e-02 -2.339968017578125000e+03
1.495794343948364258e+01 3.370000000000000107e+00 1.999999955296516418e-02 -2.250028320312500000e+03
1.504293799400329590e+01 3.520000000000000018e+00 1.999999955296516418e-02 -2.340077148437500000e+03
1.515993928909301758e+01 3.399999999999999911e+00 1.999999955296516418e-02 -1.979989868164062500e+03
1.524994039535522461e+01 3.330000000000000071e+00 1.999999955296516418e-02 -1.800000610351562500e+03
1.535793948173522949e+01 3.390000000000000124e+00 1.999999955296516418e-02 -1.619956787109375000e+03
1.545193839073181152e+01 3.350000000000000089e+00 1.999999955296516418e-02 -9.899949340820312500e+02
1.554293751716613770e+01 3.370000000000000107e+00 1.999999955296516418e-02 -7.199565429687500000e+02
1.565394425392150879e+01 3.509999999999999787e+00 1.999999955296516418e-02 0.000000000000000000e+00
1.574099254608154297e+01 2.729999999999999982e+00 1.999999955296516418e-02 8.999456787109375000e+01
1.585793924331665039e+01 9.200000000000000400e-01 1.999999955296516418e-02 8.099511108398437500e+02
1.594693899154663086e+01 9.699999999999999734e-01 1.999999955296516418e-02 9.899949340820312500e+02
1.605593705177307129e+01 8.699999999999999956e-01 1.999999955296516418e-02 1.619956787109375000e+03
1.615093684196472168e+01 9.599999999999999645e-01 1.999999955296516418e-02 1.529962280273437500e+03
1.623993897438049316e+01 9.399999999999999467e-01 1.999999955296516418e-02 1.979989868164062500e+03
1.634793996810913086e+01 9.499999999999999556e-01 1.999999955296516418e-02 2.069929687500000000e+03
1.644297504425048828e+01 9.100000000000000311e-01 1.999999955296516418e-02 2.159979003906250000e+03
1.655493998527526855e+01 9.000000000000000222e-01 1.999999955296516418e-02 2.699946289062500000e+03
1.663993787765502930e+01 8.599999999999999867e-01 1.999999955296516418e-02 3.059924560546875000e+03
1.675794029235839844e+01 1.000000000000000000e+00 1.999999955296516418e-02 3.150192382812500000e+03
1.684794020652770996e+01 1.030000000000000027e+00 1.999999955296516418e-02 2.880044677734375000e+03
1.695493841171264648e+01 1.000000000000000000e+00 1.999999955296516418e-02 2.699946289062500000e+03
1.704994392395019531e+01 1.030000000000000027e+00 1.999999955296516418e-02 2.789995361328125000e+03
1.713993692398071289e+01 1.030000000000000027e+00 1.999999955296516418e-02 2.700164794921875000e+03
1.724794006347656250e+01 9.799999999999999822e-01 1.999999955296516418e-02 2.700164794921875000e+03
1.734193944931030273e+01 1.060000000000000053e+00 1.999999955296516418e-02 2.520066406250000000e+03
1.745493817329406738e+01 1.050000000000000044e+00 1.999999955296516418e-02 2.159869628906250000e+03
1.754393744468688965e+01 1.050000000000000044e+00 1.999999955296516418e-02 2.160306884765625000e+03
1.765699625015258789e+01 9.899999999999999911e-01 1.999999955296516418e-02 2.069820556640625000e+03
1.774794459342956543e+01 1.060000000000000053e+00 1.999999955296516418e-02 1.980208496093750000e+03
1.785298037528991699e+01 1.030000000000000027e+00 1.999999955296516418e-02 1.620011474609375000e+03
1.794594097137451172e+01 1.169999999999999929e+00 1.999999955296516418e-02 9.901042480468750000e+02
1.804098558425903320e+01 1.030000000000000027e+00 1.999999955296516418e-02 9.896671142578125000e+02
1.815194058418273926e+01 9.100000000000000311e-01 1.999999955296516418e-02 1.169765380859375000e+03
1.823793864250183105e+01 1.040000000000000036e+00 1.999999955296516418e-02 1.170202514648437500e+03
1.835593795776367188e+01 1.040000000000000036e+00 1.999999955296516418e-02 6.303444213867187500e+02
1.844498229026794434e+01 1.060000000000000053e+00 1.999999955296516418e-02 6.303444213867187500e+02
1.855301737785339355e+01 9.000000000000000222e-01 1.999999955296516418e-02 9.901042480468750000e+02
1.864794111251831055e+01 1.199999999999999956e+00 1.999999955296516418e-02 0.000000000000000000e+00
1.875893044471740723e+01 1.580000000000000071e+00 1.999999955296516418e-02 0.000000000000000000e+00
1.884499025344848633e+01 1.399999999999999911e+00 1.999999955296516418e-02 0.000000000000000000e+00
1.893994021415710449e+01 1.320000000000000062e+00 1.999999955296516418e-02 0.000000000000000000e+00
1.905298995971679688e+01 1.270000000000000018e+00 1.999999955296516418e-02 0.000000000000000000e+00
1.915993833541870117e+01 1.239999999999999991e+00 1.999999955296516418e-02 0.000000000000000000e+00
1.925493812561035156e+01 1.219999999999999973e+00 1.999999955296516418e-02 0.000000000000000000e+00
1.934499645233154297e+01 1.159999999999999920e+00 1.999999955296516418e-02 0.000000000000000000e+00
1.945298385620117188e+01 1.159999999999999920e+00 1.999999955296516418e-02 0.000000000000000000e+00
1.954694175720214844e+01 1.149999999999999911e+00 1.999999955296516418e-02 0.000000000000000000e+00
1.965994524955749512e+01 1.139999999999999902e+00 1.999999955296516418e-02 0.000000000000000000e+00
1.974899148941040039e+01 1.129999999999999893e+00 1.999999955296516418e-02 0.000000000000000000e+00
1.983593750000000000e+01 1.129999999999999893e+00 1.999999955296516418e-02 0.000000000000000000e+00
1.995298361778259277e+01 1.120000000000000107e+00 1.999999955296516418e-02 0.000000000000000000e+00
2.004194235801696777e+01 1.110000000000000098e+00 1.999999955296516418e-02 0.000000000000000000e+00
2.015093803405761719e+01 1.100000000000000089e+00 1.999999955296516418e-02 0.000000000000000000e+00
2.024593901634216309e+01 1.100000000000000089e+00 1.999999955296516418e-02 0.000000000000000000e+00
2.035699415206909180e+01 1.090000000000000080e+00 1.999999955296516418e-02 0.000000000000000000e+00
2.044293808937072754e+01 1.080000000000000071e+00 1.999999955296516418e-02 0.000000000000000000e+00
2.055993819236755371e+01 1.070000000000000062e+00 1.999999955296516418e-02 0.000000000000000000e+00
2.064993810653686523e+01 1.070000000000000062e+00 1.999999955296516418e-02 0.000000000000000000e+00
