4.798007011413574219e-02 3.700000000000000178e+00 1.700000092387199402e-02 -3.566997680664062500e+02
1.479649543762207031e-01 3.189999999999999947e+00 1.700000092387199402e-02 -9.931641235351562500e+02
2.289621829986572266e-01 3.180000000000000160e+00 1.600000075995922089e-02 -1.804481201171875000e+03
3.419616222381591797e-01 3.069999999999999840e+00 1.499999966472387314e-02 -2.972498046875000000e+03
4.319627285003662109e-01 3.069999999999999840e+00 1.400000043213367462e-02 -3.420121337890625000e+03
5.449683666229248047e-01 2.899999999999999911e+00 1.400000043213367462e-02 -4.140515136718750000e+03
6.329736709594726562e-01 2.890000000000000124e+00 1.300000026822090149e-02 -4.679061523437500000e+03
7.419617176055908203e-01 2.770000000000000018e+00 1.300000026822090149e-02 -4.860908691406250000e+03
8.369641304016113281e-01 2.589999999999999858e+00 1.300000026822090149e-02 -4.588138671875000000e+03
9.269638061523437500e-01 2.479999999999999982e+00 1.300000026822090149e-02 -4.231438964843750000e+03
1.038966178894042969e+00 2.540000000000000036e+00 1.400000043213367462e-02 -3.685897949218750000e+03
1.123995304107666016e+00 2.629999999999999893e+00 1.400000043213367462e-02 -3.420121337890625000e+03
1.239964723587036133e+00 2.609999999999999876e+00 1.499999966472387314e-02 -2.699727783203125000e+03
1.330962896347045898e+00 2.600000000000000089e+00 1.499999966472387314e-02 -2.161181152343750000e+03
1.444005966186523438e+00 2.620000000000000107e+00 1.600000075995922089e-02 -5.455408935546875000e+02
1.532964944839477539e+00 1.639999999999999902e+00 2.300000004470348358e-02 2.699727783203125000e+03
1.644968748092651367e+00 7.800000000000000266e-01 2.500000037252902985e-02 4.049591796875000000e+03
1.734965562820434570e+00 1.370000000000000107e+00 2.600000053644180298e-02 4.413285644531250000e+03
1.835962295532226562e+00 1.290000000000000036e+00 2.600000053644180298e-02 4.951832031250000000e+03
1.937964439392089844e+00 1.510000000000000009e+00 2.700000070035457611e-02 5.217608398437500000e+03
2.026962518692016602e+00 1.600000000000000089e+00 2.700000070035457611e-02 5.042755371093750000e+03
2.138964176177978516e+00 1.659999999999999920e+00 2.600000053644180298e-02 4.769985351562500000e+03
2.229962110519409180e+00 1.679999999999999938e+00 2.600000053644180298e-02 4.140515136718750000e+03
2.342976570129394531e+00 1.620000000000000107e+00 2.500000037252902985e-02 3.776821289062500000e+03
2.433055162429809570e+00 1.530000000000000027e+00 2.500000037252902985e-02 3.063421630859375000e+03
2.540060997009277344e+00 1.879999999999999893e+00 2.199999988079071045e-02 3.636938781738281250e+02
2.629966497421264648e+00 2.439999999999999947e+00 1.700000092387199402e-02 -9.931641235351562500e+02
2.746965169906616211e+00 3.350000000000000089e+00 1.499999966472387314e-02 -2.154187011718750000e+03
2.837961673736572266e+00 2.919999999999999929e+00 1.499999966472387314e-02 -2.343027832031250000e+03
2.926966667175292969e+00 2.700000000000000178e+00 1.499999966472387314e-02 -2.252104736328125000e+03
3.037964820861816406e+00 2.549999999999999822e+00 1.600000075995922089e-02 -1.797487060546875000e+03
3.127963781356811523e+00 2.759999999999999787e+00 1.600000075995922089e-02 -1.888410644531250000e+03
3.240963459014892578e+00 2.830000000000000071e+00 1.499999966472387314e-02 -2.433951416015625000e+03
3.331962585449218750e+00 2.660000000000000142e+00 1.499999966472387314e-02 -2.252104736328125000e+03
3.442961454391479492e+00 2.549999999999999822e+00 1.600000075995922089e-02 -1.622634277343750000e+03
3.532966852188110352e+00 2.569999999999999840e+00 1.700000092387199402e-02 -3.636938781738281250e+02
3.645963907241821289e+00 1.540000000000000036e+00 2.300000004470348358e-02 1.349863891601562500e+03
3.758964538574218750e+00 1.070000000000000062e+00 2.400000020861625671e-02 2.070257568359375000e+03
3.848966121673583984e+00 1.219999999999999973e+00 2.400000020861625671e-02 2.524874755859375000e+03
3.955961942672729492e+00 1.300000000000000044e+00 2.400000020861625671e-02 2.336033691406250000e+03
4.045963048934936523e+00 1.360000000000000098e+00 2.400000020861625671e-02 2.343027832031250000e+03
4.162962913513183594e+00 1.320000000000000062e+00 2.400000020861625671e-02 2.524874755859375000e+03
4.254005908966064453e+00 1.520000000000000018e+00 2.300000004470348358e-02 1.168016845703125000e+03
4.364966869354248047e+00 1.979999999999999982e+00 1.700000092387199402e-02 -9.022406005859375000e+02
4.453985452651977539e+00 3.470000000000000195e+00 1.600000075995922089e-02 -1.979334228515625000e+03
4.566962718963623047e+00 3.189999999999999947e+00 1.499999966472387314e-02 -2.874580566406250000e+03
4.656963825225830078e+00 3.029999999999999805e+00 1.400000043213367462e-02 -3.420121337890625000e+03
4.747962713241577148e+00 2.799999999999999822e+00 1.400000043213367462e-02 -3.420121337890625000e+03
4.858961820602416992e+00 2.709999999999999964e+00 1.400000043213367462e-02 -3.329197998046875000e+03
4.948966264724731445e+00 2.709999999999999964e+00 1.400000043213367462e-02 -3.147350830078125000e+03
5.061966180801391602e+00 2.770000000000000018e+00 1.400000043213367462e-02 -3.329197998046875000e+03
5.151963949203491211e+00 2.759999999999999787e+00 1.400000043213367462e-02 -3.238274414062500000e+03
5.264967203140258789e+00 2.779999999999999805e+00 1.400000043213367462e-02 -3.420121337890625000e+03
5.352966308593750000e+00 2.669999999999999929e+00 1.499999966472387314e-02 -2.881574707031250000e+03
5.461963653564453125e+00 2.700000000000000178e+00 1.499999966472387314e-02 -2.161181152343750000e+03
5.556965589523315430e+00 2.700000000000000178e+00 1.600000075995922089e-02 -1.895404785156250000e+03
5.646976470947265625e+00 2.819999999999999840e+00 1.700000092387199402e-02 -7.203936767578125000e+02
5.758966922760009766e+00 1.530000000000000027e+00 2.300000004470348358e-02 1.349863891601562500e+03
5.843971014022827148e+00 9.300000000000000488e-01 2.400000020861625671e-02 2.517880615234375000e+03
5.959962606430053711e+00 1.050000000000000044e+00 2.500000037252902985e-02 3.958668457031250000e+03
6.050963163375854492e+00 1.229999999999999982e+00 2.600000053644180298e-02 4.679061523437500000e+03
6.163970232009887695e+00 1.310000000000000053e+00 2.700000070035457611e-02 5.854072753906250000e+03
6.252966403961181641e+00 1.479999999999999982e+00 2.700000070035457611e-02 5.854072753906250000e+03
6.364969253540039062e+00 1.649999999999999911e+00 2.700000070035457611e-02 5.938001953125000000e+03
6.454969406127929688e+00 1.570000000000000062e+00 2.700000070035457611e-02 5.847078613281250000e+03
6.566962242126464844e+00 1.679999999999999938e+00 2.600000053644180298e-02 4.860908691406250000e+03
6.657962083816528320e+00 2.089999999999999858e+00 2.400000020861625671e-02 2.252104736328125000e+03
6.746964693069458008e+00 2.000000000000000000e+00 2.199999988079071045e-02 0.000000000000000000e+00
6.858966350555419922e+00 3.490000000000000213e+00 1.499999966472387314e-02 -2.790651123046875000e+03
6.949969053268432617e+00 3.229999999999999982e+00 1.400000043213367462e-02 -3.601968261718750000e+03
7.062969684600830078e+00 2.629999999999999893e+00 1.499999966472387314e-02 -2.426957275390625000e+03
7.152975082397460938e+00 2.259999999999999787e+00 1.700000092387199402e-02 0.000000000000000000e+00
7.259964942932128906e+00 1.169999999999999929e+00 2.300000004470348358e-02 2.161181152343750000e+03
7.349964618682861328e+00 9.000000000000000222e-01 2.500000037252902985e-02 3.238274414062500000e+03
7.467054605484008789e+00 1.469999999999999973e+00 2.400000020861625671e-02 2.252104736328125000e+03
7.558058023452758789e+00 1.659999999999999920e+00 2.199999988079071045e-02 4.546173706054687500e+02
7.646974086761474609e+00 2.680000000000000160e+00 1.600000075995922089e-02 -1.349863891601562500e+03
7.757964849472045898e+00 3.439999999999999947e+00 1.499999966472387314e-02 -2.874580566406250000e+03
7.847963333129882812e+00 3.049999999999999822e+00 1.400000043213367462e-02 -3.245268554687500000e+03
7.960963964462280273e+00 2.700000000000000178e+00 1.499999966472387314e-02 -2.790651123046875000e+03
8.051968812942504883e+00 2.729999999999999982e+00 1.499999966472387314e-02 -2.426957275390625000e+03
8.162962436676025391e+00 2.899999999999999911e+00 1.499999966472387314e-02 -2.608804199218750000e+03
8.252964973449707031e+00 2.950000000000000178e+00 1.499999966472387314e-02 -2.699727783203125000e+03
8.365964889526367188e+00 2.850000000000000089e+00 1.499999966472387314e-02 -2.524874755859375000e+03
8.455964565277099609e+00 2.790000000000000036e+00 1.499999966472387314e-02 -2.252104736328125000e+03
8.545965194702148438e+00 2.839999999999999858e+00 1.499999966472387314e-02 -2.161181152343750000e+03
8.656964063644409180e+00 2.839999999999999858e+00 1.499999966472387314e-02 -2.154187011718750000e+03
8.765963315963745117e+00 2.890000000000000124e+00 1.499999966472387314e-02 -2.426957275390625000e+03
8.860965013504028320e+00 2.919999999999999929e+00 1.499999966472387314e-02 -2.608804199218750000e+03
8.950962305068969727e+00 2.879999999999999893e+00 1.499999966472387314e-02 -2.517880615234375000e+03
9.062962293624877930e+00 2.870000000000000107e+00 1.499999966472387314e-02 -2.433951416015625000e+03
9.147962093353271484e+00 2.810000000000000053e+00 1.499999966472387314e-02 -2.252104736328125000e+03
9.264002799987792969e+00 2.759999999999999787e+00 1.600000075995922089e-02 -1.888410644531250000e+03
9.354967355728149414e+00 2.899999999999999911e+00 1.600000075995922089e-02 -1.713557739257812500e+03
9.452963352203369141e+00 2.850000000000000089e+00 1.600000075995922089e-02 -1.084087646484375000e+03
9.556964635848999023e+00 2.859999999999999876e+00 1.700000092387199402e-02 -4.476232604980468750e+02
9.645964860916137695e+00 2.970000000000000195e+00 1.700000092387199402e-02 0.000000000000000000e+00
9.758962869644165039e+00 1.290000000000000036e+00 2.199999988079071045e-02 1.168016845703125000e+03
9.848963260650634766e+00 1.110000000000000098e+00 2.300000004470348358e-02 1.440787353515625000e+03
9.961965799331665039e+00 1.129999999999999893e+00 2.400000020861625671e-02 2.154187011718750000e+03
1.005096364021301270e+01 1.239999999999999991e+00 2.400000020861625671e-02 2.426957275390625000e+03
1.016296362876892090e+01 1.340000000000000080e+00 2.400000020861625671e-02 2.252104736328125000e+03
1.025400376319885254e+01 1.320000000000000062e+00 2.400000020861625671e-02 2.336033691406250000e+03
1.036696243286132812e+01 1.270000000000000018e+00 2.400000020861625671e-02 2.608804199218750000e+03
1.045696496963500977e+01 1.399999999999999911e+00 2.400000020861625671e-02 2.252104736328125000e+03
1.056402516365051270e+01 1.429999999999999938e+00 2.300000004470348358e-02 1.888410644531250000e+03
1.065399622917175293e+01 1.280000000000000027e+00 2.300000004470348358e-02 1.979334228515625000e+03
1.074896478652954102e+01 1.199999999999999956e+00 2.400000020861625671e-02 2.343027832031250000e+03
1.086196494102478027e+01 1.370000000000000107e+00 2.400000020861625671e-02 2.161181152343750000e+03
1.095096206665039062e+01 1.399999999999999911e+00 2.300000004470348358e-02 1.888410644531250000e+03
1.106196475028991699e+01 1.310000000000000053e+00 2.300000004470348358e-02 1.531710815429687500e+03
1.115196180343627930e+01 1.290000000000000036e+00 2.300000004470348358e-02 1.440787353515625000e+03
1.126497054100036621e+01 1.310000000000000053e+00 2.300000004470348358e-02 1.622634277343750000e+03
1.135596656799316406e+01 1.250000000000000000e+00 2.300000004470348358e-02 1.433793212890625000e+03
1.146696233749389648e+01 1.179999999999999938e+00 2.300000004470348358e-02 1.797487060546875000e+03
1.155696535110473633e+01 1.300000000000000044e+00 2.300000004470348358e-02 1.531710815429687500e+03
1.164696264266967773e+01 1.429999999999999938e+00 2.199999988079071045e-02 9.931641235351562500e+02
1.175996446609497070e+01 1.270000000000000018e+00 2.199999988079071045e-02 0.000000000000000000e+00
1.184996151924133301e+01 3.009999999999999787e+00 1.700000092387199402e-02 -1.888410644531250000e+03
1.196096396446228027e+01 3.160000000000000142e+00 1.499999966472387314e-02 -2.336033691406250000e+03
1.205096340179443359e+01 2.810000000000000053e+00 1.499999966472387314e-02 -2.790651123046875000e+03
1.216496682167053223e+01 3.020000000000000018e+00 1.400000043213367462e-02 -3.238274414062500000e+03
1.225497436523437500e+01 2.810000000000000053e+00 1.400000043213367462e-02 -2.965503906250000000e+03
1.236696171760559082e+01 2.709999999999999964e+00 1.499999966472387314e-02 -2.699727783203125000e+03
1.245196652412414551e+01 2.859999999999999876e+00 1.499999966472387314e-02 -2.790651123046875000e+03
1.256696176528930664e+01 2.910000000000000142e+00 1.499999966472387314e-02 -2.881574707031250000e+03
1.265896201133728027e+01 2.720000000000000195e+00 1.499999966472387314e-02 -2.699727783203125000e+03
1.274996256828308105e+01 2.680000000000000160e+00 1.600000075995922089e-02 -1.713557739257812500e+03
1.286096501350402832e+01 2.629999999999999893e+00 1.700000092387199402e-02 0.000000000000000000e+00
1.294996476173400879e+01 1.669999999999999929e+00 2.199999988079071045e-02 1.168016845703125000e+03
1.306296229362487793e+01 7.399999999999999911e-01 2.400000020861625671e-02 2.790651123046875000e+03
1.315296173095703125e+01 1.209999999999999964e+00 2.400000020861625671e-02 2.881574707031250000e+03
1.326596260070800781e+01 1.350000000000000089e+00 2.400000020861625671e-02 2.699727783203125000e+03
1.335496616363525391e+01 1.389999999999999902e+00 2.400000020861625671e-02 1.888410644531250000e+03
1.346696662902832031e+01 1.760000000000000009e+00 2.199999988079071045e-02 0.000000000000000000e+00
1.355796265602111816e+01 2.850000000000000089e+00 1.600000075995922089e-02 -1.349863891601562500e+03
1.364796257019042969e+01 3.189999999999999947e+00 1.600000075995922089e-02 -1.888410644531250000e+03
1.376096177101135254e+01 2.910000000000000142e+00 1.499999966472387314e-02 -2.252104736328125000e+03
1.386697196960449219e+01 2.720000000000000195e+00 1.499999966472387314e-02 -2.343027832031250000e+03
1.395797324180603027e+01 2.720000000000000195e+00 1.499999966472387314e-02 -2.524874755859375000e+03
1.405297517776489258e+01 2.910000000000000142e+00 1.499999966472387314e-02 -2.699727783203125000e+03
1.416596317291259766e+01 2.899999999999999911e+00 1.499999966472387314e-02 -2.699727783203125000e+03
1.425496459007263184e+01 2.810000000000000053e+00 1.499999966472387314e-02 -2.433951416015625000e+03
1.436596345901489258e+01 2.870000000000000107e+00 1.499999966472387314e-02 -2.252104736328125000e+03
1.445596313476562500e+01 2.799999999999999822e+00 1.499999966472387314e-02 -2.161181152343750000e+03
1.454696416854858398e+01 2.859999999999999876e+00 1.600000075995922089e-02 -2.070257568359375000e+03
1.465996217727661133e+01 2.859999999999999876e+00 1.600000075995922089e-02 -1.615640136718750000e+03
1.474896454811096191e+01 2.890000000000000124e+00 1.600000075995922089e-02 -1.168016845703125000e+03
1.486096286773681641e+01 2.750000000000000000e+00 1.700000092387199402e-02 0.000000000000000000e+00
1.495096564292907715e+01 1.620000000000000107e+00 2.199999988079071045e-02 1.168016845703125000e+03
1.506401252746582031e+01 8.900000000000000133e-01 2.400000020861625671e-02 2.433951416015625000e+03
1.515399408340454102e+01 1.110000000000000098e+00 2.400000020861625671e-02 2.972498046875000000e+03
1.526506161689758301e+01 1.280000000000000027e+00 2.500000037252902985e-02 3.336192138671875000e+03
1.535506296157836914e+01 1.370000000000000107e+00 2.500000037252902985e-02 3.511044921875000000e+03
1.544605588912963867e+01 1.360000000000000098e+00 2.500000037252902985e-02 3.685897949218750000e+03
1.555905723571777344e+01 1.370000000000000107e+00 2.500000037252902985e-02 3.776821289062500000e+03
1.564905452728271484e+01 1.429999999999999938e+00 2.500000037252902985e-02 3.692892089843750000e+03
1.575604867935180664e+01 1.479999999999999982e+00 2.500000037252902985e-02 3.336192138671875000e+03
1.584605526924133301e+01 1.550000000000000044e+00 2.400000020861625671e-02 2.972498046875000000e+03
1.596305704116821289e+01 1.449999999999999956e+00 2.400000020861625671e-02 2.426957275390625000e+03
1.605397939682006836e+01 1.419999999999999929e+00 2.400000020861625671e-02 2.252104736328125000e+03
1.616496396064758301e+01 1.500000000000000000e+00 2.300000004470348358e-02 1.440787353515625000e+03
1.625397920608520508e+01 1.439999999999999947e+00 2.199999988079071045e-02 6.294701538085937500e+02
1.636696243286132812e+01 1.639999999999999902e+00 1.700000092387199402e-02 -2.657763061523437500e+02
1.645696187019348145e+01 3.709999999999999964e+00 1.499999966472387314e-02 -2.433951416015625000e+03
1.654796433448791504e+01 3.049999999999999822e+00 1.499999966472387314e-02 -3.147350830078125000e+03
1.665896487236022949e+01 3.109999999999999876e+00 1.400000043213367462e-02 -3.685897949218750000e+03
1.674896550178527832e+01 2.890000000000000124e+00 1.400000043213367462e-02 -3.867744873046875000e+03
1.686196422576904297e+01 2.759999999999999787e+00 1.400000043213367462e-02 -4.049591796875000000e+03
1.695196151733398438e+01 2.819999999999999840e+00 1.300000026822090149e-02 -4.231438964843750000e+03
1.706496715545654297e+01 2.680000000000000160e+00 1.300000026822090149e-02 -4.056585937500000000e+03
1.715296506881713867e+01 2.589999999999999858e+00 1.400000043213367462e-02 -3.783815429687500000e+03
1.726196146011352539e+01 2.669999999999999929e+00 1.400000043213367462e-02 -2.972498046875000000e+03
1.735696387290954590e+01 2.600000000000000089e+00 1.499999966472387314e-02 -2.252104736328125000e+03
1.744696426391601562e+01 2.700000000000000178e+00 1.600000075995922089e-02 -1.615640136718750000e+03
1.755896091461181641e+01 2.700000000000000178e+00 1.700000092387199402e-02 -1.748528289794921875e+02
1.764396405220031738e+01 2.419999999999999929e+00 1.700000092387199402e-02 1.818469390869140625e+02
1.775996375083923340e+01 8.100000000000000533e-01 2.300000004470348358e-02 1.797487060546875000e+03
1.785096383094787598e+01 1.060000000000000053e+00 2.400000020861625671e-02 2.245110595703125000e+03
1.796396756172180176e+01 1.320000000000000062e+00 2.400000020861625671e-02 2.252104736328125000e+03
1.805295991897583008e+01 1.310000000000000053e+00 2.400000020861625671e-02 2.336033691406250000e+03
1.816497468948364258e+01 1.370000000000000107e+00 2.400000020861625671e-02 2.252104736328125000e+03
1.825496912002563477e+01 1.290000000000000036e+00 2.400000020861625671e-02 2.426957275390625000e+03
1.836796450614929199e+01 1.199999999999999956e+00 2.500000037252902985e-02 3.063421630859375000e+03
1.845796370506286621e+01 1.239999999999999991e+00 2.500000037252902985e-02 3.413127197265625000e+03
1.856896591186523438e+01 1.439999999999999947e+00 2.500000037252902985e-02 3.420121337890625000e+03
1.865896368026733398e+01 1.399999999999999911e+00 2.500000037252902985e-02 3.511044921875000000e+03
1.874996495246887207e+01 1.409999999999999920e+00 2.500000037252902985e-02 3.329197998046875000e+03
1.886296176910400391e+01 1.510000000000000009e+00 2.500000037252902985e-02 2.972498046875000000e+03
1.895296502113342285e+01 1.479999999999999982e+00 2.400000020861625671e-02 2.615798339843750000e+03
1.905996131896972656e+01 1.429999999999999938e+00 2.300000004470348358e-02 1.615640136718750000e+03
1.914996242523193359e+01 1.929999999999999938e+00 2.199999988079071045e-02 0.000000000000000000e+00
1.926696205139160156e+01 3.430000000000000160e+00 1.600000075995922089e-02 -1.713557739257812500e+03
1.935796356201171875e+01 3.250000000000000000e+00 1.499999966472387314e-02 -2.517880615234375000e+03
1.946896553039550781e+01 2.890000000000000124e+00 1.499999966472387314e-02 -2.336033691406250000e+03
1.955796194076538086e+01 2.950000000000000178e+00 1.499999966472387314e-02 -2.608804199218750000e+03
1.964796376228332520e+01 2.950000000000000178e+00 1.499999966472387314e-02 -2.608804199218750000e+03
1.976096415519714355e+01 2.899999999999999911e+00 1.499999966472387314e-02 -2.608804199218750000e+03
1.985196280479431152e+01 2.879999999999999893e+00 1.499999966472387314e-02 -2.426957275390625000e+03
1.996296882629394531e+01 2.669999999999999929e+00 1.600000075995922089e-02 -7.203936767578125000e+02
2.005296564102172852e+01 1.629999999999999893e+00 2.199999988079071045e-02 1.077093505859375000e+03
2.016596364974975586e+01 7.900000000000000355e-01 2.400000020861625671e-02 2.615798339843750000e+03
2.025597310066223145e+01 1.179999999999999938e+00 2.400000020861625671e-02 2.790651123046875000e+03
2.036896443367004395e+01 1.320000000000000062e+00 2.400000020861625671e-02 2.972498046875000000e+03
2.045696616172790527e+01 1.239999999999999991e+00 2.400000020861625671e-02 2.874580566406250000e+03
2.056596207618713379e+01 1.629999999999999893e+00 2.199999988079071045e-02 0.000000000000000000e+00
2.066096425056457520e+01 3.259999999999999787e+00 1.600000075995922089e-02 -1.804481201171875000e+03
2.075096297264099121e+01 3.339999999999999858e+00 1.499999966472387314e-02 -2.608804199218750000e+03
2.086296391487121582e+01 2.750000000000000000e+00 1.600000075995922089e-02 -8.113171386718750000e+02
2.094796228408813477e+01 1.590000000000000080e+00 2.199999988079071045e-02 1.258940307617187500e+03
2.106397342681884766e+01 7.199999999999999734e-01 2.500000037252902985e-02 3.238274414062500000e+03
2.115496373176574707e+01 1.290000000000000036e+00 2.500000037252902985e-02 3.420121337890625000e+03
2.126796531677246094e+01 1.419999999999999929e+00 2.400000020861625671e-02 2.790651123046875000e+03
2.135697245597839355e+01 1.409999999999999920e+00 2.400000020861625671e-02 2.252104736328125000e+03
2.146896600723266602e+01 1.479999999999999982e+00 2.300000004470348358e-02 1.622634277343750000e+03
2.155896186828613281e+01 1.260000000000000009e+00 2.300000004470348358e-02 1.531710815429687500e+03
2.164896607398986816e+01 1.669999999999999929e+00 2.199999988079071045e-02 0.000000000000000000e+00
2.176196217536926270e+01 3.729999999999999982e+00 1.499999966472387314e-02 -3.056427490234375000e+03
2.185096335411071777e+01 3.319999999999999840e+00 1.400000043213367462e-02 -3.511044921875000000e+03
2.196296143531799316e+01 2.839999999999999858e+00 1.400000043213367462e-02 -3.692892089843750000e+03
2.205405211448669434e+01 2.859999999999999876e+00 1.400000043213367462e-02 -3.594974121093750000e+03
2.216705060005187988e+01 2.680000000000000160e+00 1.400000043213367462e-02 -3.245268554687500000e+03
2.225705528259277344e+01 2.790000000000000036e+00 1.400000043213367462e-02 -3.420121337890625000e+03
2.236407303810119629e+01 2.810000000000000053e+00 1.400000043213367462e-02 -3.245268554687500000e+03
2.245406174659729004e+01 2.660000000000000142e+00 1.499999966472387314e-02 -2.699727783203125000e+03
2.254904747009277344e+01 2.759999999999999787e+00 1.499999966472387314e-02 -2.426957275390625000e+03
2.266205596923828125e+01 2.930000000000000160e+00 1.499999966472387314e-02 -2.615798339843750000e+03
2.275097680091857910e+01 2.870000000000000107e+00 1.499999966472387314e-02 -2.517880615234375000e+03
2.286196446418762207e+01 2.870000000000000107e+00 1.499999966472387314e-02 -2.426957275390625000e+03
2.295196247100830078e+01 2.950000000000000178e+00 1.499999966472387314e-02 -2.426957275390625000e+03
2.306496834754943848e+01 2.709999999999999964e+00 1.700000092387199402e-02 -8.952465209960937500e+02
2.315596389770507812e+01 1.510000000000000009e+00 2.300000004470348358e-02 2.245110595703125000e+03
2.326696205139160156e+01 6.199999999999999956e-01 2.600000053644180298e-02 4.049591796875000000e+03
2.335696673393249512e+01 1.320000000000000062e+00 2.600000053644180298e-02 4.231438964843750000e+03
2.344696235656738281e+01 1.360000000000000098e+00 2.600000053644180298e-02 4.679061523437500000e+03
2.356005644798278809e+01 1.399999999999999911e+00 2.700000070035457611e-02 4.944837890625000000e+03
2.364996409416198730e+01 1.600000000000000089e+00 2.600000053644180298e-02 4.504209472656250000e+03
2.376096463203430176e+01 1.629999999999999893e+00 2.600000053644180298e-02 3.958668457031250000e+03
2.385096502304077148e+01 1.570000000000000062e+00 2.500000037252902985e-02 3.329197998046875000e+03
2.396496534347534180e+01 1.560000000000000053e+00 2.400000020861625671e-02 2.608804199218750000e+03
2.405497074127197266e+01 1.419999999999999929e+00 2.400000020861625671e-02 2.252104736328125000e+03
2.416697263717651367e+01 1.379999999999999893e+00 2.300000004470348358e-02 1.433793212890625000e+03
2.425196313858032227e+01 2.020000000000000018e+00 2.199999988079071045e-02 0.000000000000000000e+00
2.434196424484252930e+01 3.729999999999999982e+00 1.600000075995922089e-02 -2.161181152343750000e+03
2.445896196365356445e+01 3.339999999999999858e+00 1.499999966472387314e-02 -2.426957275390625000e+03
2.454996466636657715e+01 1.860000000000000098e+00 2.199999988079071045e-02 4.476232604980468750e+02
2.466096472740173340e+01 6.700000000000000400e-01 2.400000020861625671e-02 2.252104736328125000e+03
2.474996662139892578e+01 1.310000000000000053e+00 2.300000004470348358e-02 1.440787353515625000e+03
2.486296701431274414e+01 1.719999999999999973e+00 2.199999988079071045e-02 0.000000000000000000e+00
2.495296549797058105e+01 3.629999999999999893e+00 1.600000075995922089e-02 -1.895404785156250000e+03
2.506596517562866211e+01 3.379999999999999893e+00 1.400000043213367462e-02 -3.063421630859375000e+03
2.515496444702148438e+01 3.029999999999999805e+00 1.400000043213367462e-02 -3.511044921875000000e+03
2.526695966720581055e+01 2.959999999999999964e+00 1.400000043213367462e-02 -3.874739013671875000e+03
2.535796689987182617e+01 2.870000000000000107e+00 1.400000043213367462e-02 -3.776821289062500000e+03
2.544796228408813477e+01 2.359999999999999876e+00 1.600000075995922089e-02 -1.349863891601562500e+03
2.556096339225769043e+01 1.070000000000000062e+00 2.300000004470348358e-02 1.888410644531250000e+03
2.566696238517761230e+01 1.020000000000000018e+00 2.300000004470348358e-02 1.531710815429687500e+03
2.575796365737915039e+01 1.709999999999999964e+00 2.199999988079071045e-02 0.000000000000000000e+00
2.585296154022216797e+01 3.459999999999999964e+00 1.700000092387199402e-02 -1.531710815429687500e+03
2.596597599983215332e+01 3.419999999999999929e+00 1.499999966472387314e-02 -2.790651123046875000e+03
2.605496859550476074e+01 2.939999999999999947e+00 1.499999966472387314e-02 -2.790651123046875000e+03
2.616596126556396484e+01 3.089999999999999858e+00 1.400000043213367462e-02 -3.147350830078125000e+03
2.625596404075622559e+01 2.629999999999999893e+00 1.600000075995922089e-02 -1.615640136718750000e+03
2.634696483612060547e+01 1.600000000000000089e+00 2.199999988079071045e-02 6.364642944335937500e+02
2.645996332168579102e+01 5.500000000000000444e-01 2.500000037252902985e-02 3.783815429687500000e+03
2.654896187782287598e+01 1.080000000000000071e+00 2.600000053644180298e-02 4.322362304687500000e+03
2.666096329689025879e+01 1.419999999999999929e+00 2.600000053644180298e-02 4.224444824218750000e+03
2.675096225738525391e+01 1.810000000000000053e+00 2.400000020861625671e-02 1.979334228515625000e+03
2.686402130126953125e+01 2.629999999999999893e+00 1.700000092387199402e-02 -5.455408935546875000e+02
2.695406079292297363e+01 3.899999999999999911e+00 1.499999966472387314e-02 -2.881574707031250000e+03
2.706496930122375488e+01 3.259999999999999787e+00 1.400000043213367462e-02 -3.511044921875000000e+03
2.715496492385864258e+01 2.720000000000000195e+00 1.499999966472387314e-02 -2.965503906250000000e+03
2.724606657028198242e+01 2.799999999999999822e+00 1.499999966472387314e-02 -2.881574707031250000e+03
2.735905504226684570e+01 2.950000000000000178e+00 1.499999966472387314e-02 -2.881574707031250000e+03
2.744896411895751953e+01 2.890000000000000124e+00 1.499999966472387314e-02 -2.699727783203125000e+03
2.755596542358398438e+01 2.870000000000000107e+00 1.499999966472387314e-02 -2.615798339843750000e+03
2.764596366882324219e+01 2.939999999999999947e+00 1.499999966472387314e-02 -2.608804199218750000e+03
2.776296424865722656e+01 2.830000000000000071e+00 1.499999966472387314e-02 -2.245110595703125000e+03
2.785397076606750488e+01 2.479999999999999982e+00 1.700000092387199402e-02 0.000000000000000000e+00
2.796496629714965820e+01 8.100000000000000533e-01 2.400000020861625671e-02 3.056427490234375000e+03
2.805396890640258789e+01 8.900000000000000133e-01 2.500000037252902985e-02 3.594974121093750000e+03
2.816696453094482422e+01 1.360000000000000098e+00 2.500000037252902985e-02 3.958668457031250000e+03
2.825696516036987305e+01 1.280000000000000027e+00 2.600000053644180298e-02 4.588138671875000000e+03
2.834796500205993652e+01 1.409999999999999920e+00 2.600000053644180298e-02 4.413285644531250000e+03
2.845896267890930176e+01 1.510000000000000009e+00 2.600000053644180298e-02 4.140515136718750000e+03
2.854896569252014160e+01 1.500000000000000000e+00 2.600000053644180298e-02 4.140515136718750000e+03
2.866196203231811523e+01 1.580000000000000071e+00 2.500000037252902985e-02 3.329197998046875000e+03
2.875196480751037598e+01 1.530000000000000027e+00 2.400000020861625671e-02 2.699727783203125000e+03
2.886496758460998535e+01 1.439999999999999947e+00 2.400000020861625671e-02 2.336033691406250000e+03
2.895298862457275391e+01 1.449999999999999956e+00 2.300000004470348358e-02 1.168016845703125000e+03
2.906196284294128418e+01 2.500000000000000000e+00 1.700000092387199402e-02 -1.084087646484375000e+03
2.915696454048156738e+01 3.669999999999999929e+00 1.499999966472387314e-02 -2.881574707031250000e+03
2.924696922302246094e+01 3.049999999999999822e+00 1.499999966472387314e-02 -2.608804199218750000e+03
2.935896158218383789e+01 2.370000000000000107e+00 1.700000092387199402e-02 -4.476232604980468750e+02
2.944397687911987305e+01 3.060000000000000053e+00 1.700000092387199402e-02 -6.294701538085937500e+02
2.955996775627136230e+01 3.000000000000000000e+00 1.700000092387199402e-02 0.000000000000000000e+00
2.965096306800842285e+01 1.520000000000000018e+00 1.700000092387199402e-02 9.092346954345703125e+01
2.976399636268615723e+01 8.800000000000000044e-01 2.300000004470348358e-02 1.175010986328125000e+03
2.985296845436096191e+01 1.120000000000000107e+00 2.300000004470348358e-02 1.349863891601562500e+03
2.996496462821960449e+01 1.270000000000000018e+00 2.300000004470348358e-02 1.168016845703125000e+03
3.005497431755065918e+01 1.239999999999999991e+00 2.199999988079071045e-02 8.952465209960937500e+02
3.016696119308471680e+01 1.310000000000000053e+00 2.199999988079071045e-02 1.748528289794921875e+02
3.025796413421630859e+01 1.110000000000000098e+00 2.199999988079071045e-02 2.657763061523437500e+02
3.036206793785095215e+01 1.510000000000000009e+00 2.199999988079071045e-02 0.000000000000000000e+00
3.045897412300109863e+01 3.359999999999999876e+00 1.700000092387199402e-02 -8.113171386718750000e+02
3.054996371269226074e+01 3.319999999999999840e+00 1.600000075995922089e-02 -1.706563598632812500e+03
3.066305708885192871e+01 3.009999999999999787e+00 1.600000075995922089e-02 -1.979334228515625000e+03
3.075305724143981934e+01 2.839999999999999858e+00 1.499999966472387314e-02 -1.979334228515625000e+03
3.086005949974060059e+01 2.819999999999999840e+00 1.600000075995922089e-02 -2.070257568359375000e+03
3.095006966590881348e+01 2.839999999999999858e+00 1.499999966472387314e-02 -2.336033691406250000e+03
3.106705689430236816e+01 2.740000000000000213e+00 1.499999966472387314e-02 -2.426957275390625000e+03
3.115806150436401367e+01 2.709999999999999964e+00 1.499999966472387314e-02 -2.517880615234375000e+03
3.124707102775573730e+01 2.810000000000000053e+00 1.499999966472387314e-02 -2.343027832031250000e+03
3.135796689987182617e+01 2.790000000000000036e+00 1.600000075995922089e-02 -1.888410644531250000e+03
3.144796276092529297e+01 3.000000000000000000e+00 1.600000075995922089e-02 -1.888410644531250000e+03
3.156106042861938477e+01 2.990000000000000213e+00 1.600000075995922089e-02 -1.713557739257812500e+03
3.165197777748107910e+01 3.100000000000000089e+00 1.600000075995922089e-02 -1.888410644531250000e+03
3.176296186447143555e+01 3.040000000000000036e+00 1.600000075995922089e-02 -2.070257568359375000e+03
3.185296535491943359e+01 2.930000000000000160e+00 1.600000075995922089e-02 -1.888410644531250000e+03
3.196596527099609375e+01 2.979999999999999982e+00 1.600000075995922089e-02 -1.706563598632812500e+03
3.205596566200256348e+01 2.890000000000000124e+00 1.600000075995922089e-02 -1.168016845703125000e+03
3.214596319198608398e+01 2.799999999999999822e+00 1.700000092387199402e-02 -9.092346954345703125e+01
3.225697445869445801e+01 1.540000000000000036e+00 2.199999988079071045e-02 8.952465209960937500e+02
3.236596345901489258e+01 9.000000000000000222e-01 2.300000004470348358e-02 1.888410644531250000e+03
3.246107721328735352e+01 1.179999999999999938e+00 2.300000004470348358e-02 1.888410644531250000e+03
3.255096173286437988e+01 1.239999999999999991e+00 2.300000004470348358e-02 1.888410644531250000e+03
3.266296148300170898e+01 1.199999999999999956e+00 2.400000020861625671e-02 2.161181152343750000e+03
3.274796533584594727e+01 1.229999999999999982e+00 2.400000020861625671e-02 2.517880615234375000e+03
3.286399435997009277e+01 1.250000000000000000e+00 2.400000020861625671e-02 2.699727783203125000e+03
3.295506143569946289e+01 1.310000000000000053e+00 2.400000020861625671e-02 2.608804199218750000e+03
3.304605889320373535e+01 1.310000000000000053e+00 2.400000020861625671e-02 2.517880615234375000e+03
3.315705037117004395e+01 1.389999999999999902e+00 2.400000020861625671e-02 2.524874755859375000e+03
3.324597835540771484e+01 1.350000000000000089e+00 2.400000020861625671e-02 2.252104736328125000e+03
3.335896205902099609e+01 1.389999999999999902e+00 2.400000020861625671e-02 1.979334228515625000e+03
3.344896388053894043e+01 1.370000000000000107e+00 2.300000004470348358e-02 1.888410644531250000e+03
3.356196165084838867e+01 1.270000000000000018e+00 2.300000004470348358e-02 1.888410644531250000e+03
3.365096116065979004e+01 1.199999999999999956e+00 2.400000020861625671e-02 2.070257568359375000e+03
3.376305437088012695e+01 1.360000000000000098e+00 2.300000004470348358e-02 1.706563598632812500e+03
3.385398435592651367e+01 1.399999999999999911e+00 2.300000004470348358e-02 7.203936767578125000e+02
3.396696424484252930e+01 1.739999999999999991e+00 1.700000092387199402e-02 -9.092346954345703125e+01
3.405696392059326172e+01 3.580000000000000071e+00 1.600000075995922089e-02 -2.161181152343750000e+03
3.416396784782409668e+01 3.339999999999999858e+00 1.499999966472387314e-02 -2.965503906250000000e+03
3.425397038459777832e+01 2.879999999999999893e+00 1.499999966472387314e-02 -2.699727783203125000e+03
3.434905433654785156e+01 2.910000000000000142e+00 1.499999966472387314e-02 -2.433951416015625000e+03
3.446205782890319824e+01 2.850000000000000089e+00 1.499999966472387314e-02 -2.161181152343750000e+03
3.455096220970153809e+01 2.930000000000000160e+00 1.499999966472387314e-02 -2.343027832031250000e+03
3.466196560859680176e+01 2.970000000000000195e+00 1.499999966472387314e-02 -2.426957275390625000e+03
3.475196242332458496e+01 2.879999999999999893e+00 1.499999966472387314e-02 -2.343027832031250000e+03
3.486496710777282715e+01 2.819999999999999840e+00 1.499999966472387314e-02 -2.161181152343750000e+03
3.495596194267272949e+01 2.879999999999999893e+00 1.600000075995922089e-02 -1.895404785156250000e+03
3.506696319580078125e+01 2.910000000000000142e+00 1.600000075995922089e-02 -1.175010986328125000e+03
3.515696525573730469e+01 2.649999999999999911e+00 1.700000092387199402e-02 0.000000000000000000e+00
3.524696326255798340e+01 1.050000000000000044e+00 2.300000004470348358e-02 1.440787353515625000e+03
3.535996222496032715e+01 9.599999999999999645e-01 2.400000020861625671e-02 2.336033691406250000e+03
3.544996213912963867e+01 1.300000000000000044e+00 2.400000020861625671e-02 2.343027832031250000e+03
3.556096649169921875e+01 1.340000000000000080e+00 2.400000020861625671e-02 2.070257568359375000e+03
3.565096378326416016e+01 1.350000000000000089e+00 2.300000004470348358e-02 1.804481201171875000e+03
3.576496767997741699e+01 1.300000000000000044e+00 2.300000004470348358e-02 1.524716674804687500e+03
3.585497021675109863e+01 1.260000000000000009e+00 2.300000004470348358e-02 1.531710815429687500e+03
3.596696162223815918e+01 1.360000000000000098e+00 2.199999988079071045e-02 5.455408935546875000e+02
3.605205869674682617e+01 1.510000000000000009e+00 2.199999988079071045e-02 0.000000000000000000e+00
3.616705989837646484e+01 2.620000000000000107e+00 2.199999988079071045e-02 0.000000000000000000e+00
3.625906181335449219e+01 3.890000000000000124e+00 1.700000092387199402e-02 -8.043229980468750000e+02
3.635005640983581543e+01 3.240000000000000213e+00 1.600000075995922089e-02 -1.258940307617187500e+03
3.646105575561523438e+01 2.910000000000000142e+00 1.600000075995922089e-02 -1.349863891601562500e+03
3.655005741119384766e+01 2.879999999999999893e+00 1.600000075995922089e-02 -1.168016845703125000e+03
3.666305971145629883e+01 2.879999999999999893e+00 1.700000092387199402e-02 -9.022406005859375000e+02
3.675305986404418945e+01 3.009999999999999787e+00 1.700000092387199402e-02 -8.113171386718750000e+02
3.686596751213073730e+01 3.100000000000000089e+00 1.600000075995922089e-02 -1.258940307617187500e+03
3.695506095886230469e+01 2.979999999999999982e+00 1.600000075995922089e-02 -1.440787353515625000e+03
3.706706094741821289e+01 2.919999999999999929e+00 1.600000075995922089e-02 -1.713557739257812500e+03
3.715796256065368652e+01 2.899999999999999911e+00 1.600000075995922089e-02 -1.797487060546875000e+03
3.724796223640441895e+01 2.919999999999999929e+00 1.499999966472387314e-02 -2.154187011718750000e+03
3.736096549034118652e+01 2.779999999999999805e+00 1.499999966472387314e-02 -2.161181152343750000e+03
3.746796607971191406e+01 2.669999999999999929e+00 1.499999966472387314e-02 -2.070257568359375000e+03
3.755796456336975098e+01 2.720000000000000195e+00 1.499999966472387314e-02 -2.161181152343750000e+03
3.765296387672424316e+01 2.700000000000000178e+00 1.499999966472387314e-02 -2.070257568359375000e+03
3.776596426963806152e+01 2.770000000000000018e+00 1.499999966472387314e-02 -2.245110595703125000e+03
3.785506200790405273e+01 2.700000000000000178e+00 1.499999966472387314e-02 -2.161181152343750000e+03
3.796596312522888184e+01 2.560000000000000053e+00 1.600000075995922089e-02 -1.084087646484375000e+03
3.805596637725830078e+01 2.169999999999999929e+00 2.199999988079071045e-02 1.818469390869140625e+02
3.814696478843688965e+01 7.600000000000000089e-01 2.300000004470348358e-02 1.979334228515625000e+03
3.825996375083923340e+01 1.000000000000000000e+00 2.400000020861625671e-02 2.699727783203125000e+03
3.834896564483642578e+01 1.330000000000000071e+00 2.400000020861625671e-02 2.608804199218750000e+03
3.846096611022949219e+01 1.340000000000000080e+00 2.400000020861625671e-02 2.426957275390625000e+03
3.855096220970153809e+01 1.409999999999999920e+00 2.300000004470348358e-02 1.979334228515625000e+03
3.866396713256835938e+01 1.280000000000000027e+00 2.300000004470348358e-02 1.797487060546875000e+03
3.875396656990051270e+01 1.219999999999999973e+00 2.300000004470348358e-02 1.979334228515625000e+03
3.886496782302856445e+01 1.199999999999999956e+00 2.400000020861625671e-02 2.699727783203125000e+03
3.895496773719787598e+01 1.209999999999999964e+00 2.400000020861625671e-02 2.608804199218750000e+03
3.904596495628356934e+01 1.350000000000000089e+00 2.400000020861625671e-02 2.517880615234375000e+03
3.915896320343017578e+01 1.399999999999999911e+00 2.400000020861625671e-02 2.154187011718750000e+03
3.924896430969238281e+01 1.370000000000000107e+00 2.400000020861625671e-02 2.070257568359375000e+03
3.935596561431884766e+01 1.350000000000000089e+00 2.300000004470348358e-02 1.615640136718750000e+03
3.944596266746520996e+01 1.489999999999999991e+00 2.199999988079071045e-02 3.566997680664062500e+02
3.956296324729919434e+01 2.850000000000000089e+00 1.700000092387199402e-02 -1.349863891601562500e+03
3.965396618843078613e+01 3.589999999999999858e+00 1.499999966472387314e-02 -2.252104736328125000e+03
3.976496434211730957e+01 1.570000000000000062e+00 2.300000004470348358e-02 1.706563598632812500e+03
3.985397553443908691e+01 8.499999999999999778e-01 2.400000020861625671e-02 1.706563598632812500e+03
3.996696352958679199e+01 1.520000000000000018e+00 2.199999988079071045e-02 4.546173706054687500e+02
4.005696511268615723e+01 1.560000000000000053e+00 2.199999988079071045e-02 0.000000000000000000e+00
4.014796376228332520e+01 3.450000000000000178e+00 1.600000075995922089e-02 -1.349863891601562500e+03
4.025905537605285645e+01 3.279999999999999805e+00 1.499999966472387314e-02 -2.433951416015625000e+03
4.034905314445495605e+01 2.970000000000000195e+00 1.499999966472387314e-02 -2.881574707031250000e+03
4.046205472946166992e+01 3.040000000000000036e+00 1.400000043213367462e-02 -3.063421630859375000e+03
4.055205750465393066e+01 2.740000000000000213e+00 1.499999966472387314e-02 -2.433951416015625000e+03
4.066505908966064453e+01 2.799999999999999822e+00 1.499999966472387314e-02 -2.245110595703125000e+03
4.075305628776550293e+01 2.990000000000000213e+00 1.499999966472387314e-02 -2.433951416015625000e+03
4.086205768585205078e+01 3.040000000000000036e+00 1.499999966472387314e-02 -2.615798339843750000e+03
4.095696496963500977e+01 2.859999999999999876e+00 1.499999966472387314e-02 -2.252104736328125000e+03
4.104696607589721680e+01 2.729999999999999982e+00 1.600000075995922089e-02 -1.349863891601562500e+03
4.115896463394165039e+01 2.080000000000000071e+00 2.199999988079071045e-02 5.455408935546875000e+02
4.124397969245910645e+01 7.099999999999999645e-01 2.300000004470348358e-02 2.245110595703125000e+03
4.135996365547180176e+01 1.090000000000000080e+00 2.400000020861625671e-02 2.972498046875000000e+03
4.145096302032470703e+01 1.209999999999999964e+00 2.500000037252902985e-02 3.420121337890625000e+03
4.156396842002868652e+01 1.229999999999999982e+00 2.500000037252902985e-02 3.783815429687500000e+03
4.165296506881713867e+01 1.510000000000000009e+00 2.500000037252902985e-02 2.972498046875000000e+03
4.176496839523315430e+01 1.580000000000000071e+00 2.300000004470348358e-02 1.706563598632812500e+03
4.185496425628662109e+01 1.520000000000000018e+00 2.199999988079071045e-02 6.294701538085937500e+02
4.194497513771057129e+01 1.409999999999999920e+00 2.199999988079071045e-02 0.000000000000000000e+00
4.205796194076538086e+01 1.189999999999999947e+00 2.199999988079071045e-02 5.385467529296875000e+02
4.216798090934753418e+01 9.699999999999999734e-01 2.300000004470348358e-02 1.440787353515625000e+03
4.225896310806274414e+01 1.139999999999999902e+00 2.300000004470348358e-02 1.622634277343750000e+03
4.234996366500854492e+01 1.250000000000000000e+00 2.300000004470348358e-02 1.440787353515625000e+03
4.246296334266662598e+01 1.370000000000000107e+00 2.199999988079071045e-02 1.818469390869140625e+02
4.255298733711242676e+01 1.669999999999999929e+00 1.700000092387199402e-02 -9.092346954345703125e+01
4.265997719764709473e+01 3.040000000000000036e+00 1.700000092387199402e-02 -9.861700439453125000e+02
4.274996447563171387e+01 3.229999999999999982e+00 1.600000075995922089e-02 -1.168016845703125000e+03
4.286595511436462402e+01 2.700000000000000178e+00 1.700000092387199402e-02 0.000000000000000000e+00
4.295796442031860352e+01 2.750000000000000000e+00 1.700000092387199402e-02 0.000000000000000000e+00
4.304697179794311523e+01 2.870000000000000107e+00 1.700000092387199402e-02 0.000000000000000000e+00
4.315796375274658203e+01 2.759999999999999787e+00 1.700000092387199402e-02 -1.818469390869140625e+02
4.324796223640441895e+01 3.470000000000000195e+00 1.700000092387199402e-02 -9.931641235351562500e+02
4.336096572875976562e+01 3.240000000000000213e+00 1.600000075995922089e-02 -2.070257568359375000e+03
4.345199227333068848e+01 2.939999999999999947e+00 1.499999966472387314e-02 -1.979334228515625000e+03
4.356296324729919434e+01 2.700000000000000178e+00 1.499999966472387314e-02 -2.070257568359375000e+03
4.365296435356140137e+01 2.669999999999999929e+00 1.600000075995922089e-02 -1.979334228515625000e+03
4.376596379280090332e+01 2.779999999999999805e+00 1.499999966472387314e-02 -2.070257568359375000e+03
4.385596179962158203e+01 2.859999999999999876e+00 1.499999966472387314e-02 -2.433951416015625000e+03
4.394596195220947266e+01 2.740000000000000213e+00 1.499999966472387314e-02 -2.343027832031250000e+03
4.405696272850036621e+01 2.700000000000000178e+00 1.499999966472387314e-02 -2.343027832031250000e+03
4.416596269607543945e+01 2.700000000000000178e+00 1.499999966472387314e-02 -2.426957275390625000e+03
4.426096653938293457e+01 2.620000000000000107e+00 1.499999966472387314e-02 -1.979334228515625000e+03
4.435096240043640137e+01 2.629999999999999893e+00 1.600000075995922089e-02 -1.440787353515625000e+03
4.446296358108520508e+01 2.689999999999999947e+00 1.700000092387199402e-02 -4.476232604980468750e+02
4.454796385765075684e+01 2.339999999999999858e+00 1.700000092387199402e-02 1.748528289794921875e+02
4.466396975517272949e+01 7.399999999999999911e-01 2.300000004470348358e-02 1.979334228515625000e+03
4.475496959686279297e+01 1.080000000000000071e+00 2.400000020861625671e-02 2.433951416015625000e+03
4.485296297073364258e+01 1.250000000000000000e+00 2.400000020861625671e-02 2.608804199218750000e+03
4.495696425437927246e+01 1.149999999999999911e+00 2.500000037252902985e-02 3.336192138671875000e+03
4.504596424102783203e+01 1.300000000000000044e+00 2.500000037252902985e-02 3.601968261718750000e+03
4.515896511077880859e+01 1.290000000000000036e+00 2.600000053644180298e-02 4.133520996093750000e+03
4.524896502494812012e+01 1.459999999999999964e+00 2.600000053644180298e-02 3.867744873046875000e+03
4.536196255683898926e+01 1.620000000000000107e+00 2.500000037252902985e-02 2.965503906250000000e+03
4.545096230506896973e+01 1.590000000000000080e+00 2.400000020861625671e-02 2.161181152343750000e+03
4.556296110153198242e+01 1.399999999999999911e+00 2.300000004470348358e-02 1.888410644531250000e+03
4.565400290489196777e+01 1.300000000000000044e+00 2.300000004470348358e-02 1.615640136718750000e+03
4.576705479621887207e+01 1.229999999999999982e+00 2.300000004470348358e-02 1.706563598632812500e+03
4.585705399513244629e+01 1.340000000000000080e+00 2.199999988079071045e-02 4.476232604980468750e+02
4.596405649185180664e+01 2.109999999999999876e+00 2.199999988079071045e-02 -9.092346954345703125e+01
4.605397486686706543e+01 3.549999999999999822e+00 1.600000075995922089e-02 -1.440787353515625000e+03
4.614896416664123535e+01 3.220000000000000195e+00 1.499999966472387314e-02 -2.070257568359375000e+03
4.626196432113647461e+01 2.810000000000000053e+00 1.499999966472387314e-02 -2.154187011718750000e+03
4.635096383094787598e+01 2.700000000000000178e+00 1.499999966472387314e-02 -2.070257568359375000e+03
4.646196413040161133e+01 2.729999999999999982e+00 1.499999966472387314e-02 -2.245110595703125000e+03
4.655196166038513184e+01 2.750000000000000000e+00 1.499999966472387314e-02 -2.433951416015625000e+03
4.666497039794921875e+01 2.959999999999999964e+00 1.499999966472387314e-02 -2.881574707031250000e+03
4.675596308708190918e+01 2.959999999999999964e+00 1.499999966472387314e-02 -2.615798339843750000e+03
4.686696171760559082e+01 2.740000000000000213e+00 1.600000075995922089e-02 -1.888410644531250000e+03
4.695696568489074707e+01 2.770000000000000018e+00 1.600000075995922089e-02 -1.258940307617187500e+03
4.704696798324584961e+01 2.870000000000000107e+00 1.700000092387199402e-02 -5.455408935546875000e+02
4.715996265411376953e+01 3.040000000000000036e+00 1.700000092387199402e-02 -2.657763061523437500e+02
4.724996232986450195e+01 3.259999999999999787e+00 1.700000092387199402e-02 -6.294701538085937500e+02
4.736097550392150879e+01 3.100000000000000089e+00 1.700000092387199402e-02 0.000000000000000000e+00
4.745096349716186523e+01 1.729999999999999982e+00 1.700000092387199402e-02 9.092346954345703125e+01
4.756496763229370117e+01 9.000000000000000222e-01 2.199999988079071045e-02 9.861700439453125000e+02
4.765497279167175293e+01 1.040000000000000036e+00 2.300000004470348358e-02 1.258940307617187500e+03
4.775196218490600586e+01 1.149999999999999911e+00 2.300000004470348358e-02 1.706563598632812500e+03
4.785196185111999512e+01 1.189999999999999947e+00 2.300000004470348358e-02 1.804481201171875000e+03
4.794199562072753906e+01 1.189999999999999947e+00 2.300000004470348358e-02 1.979334228515625000e+03
4.805896162986755371e+01 1.199999999999999956e+00 2.300000004470348358e-02 1.888410644531250000e+03
4.814996194839477539e+01 1.250000000000000000e+00 2.300000004470348358e-02 1.888410644531250000e+03
4.826096487045288086e+01 1.280000000000000027e+00 2.300000004470348358e-02 1.706563598632812500e+03
