4.396629333496093750e-02 1.159999999999999920e+00 1.600000075995922089e-02 0.000000000000000000e+00
1.439642906188964844e-01 1.159999999999999920e+00 1.600000075995922089e-02 0.000000000000000000e+00
2.289633750915527344e-01 1.159999999999999920e+00 1.600000075995922089e-02 0.000000000000000000e+00
3.359637260437011719e-01 1.159999999999999920e+00 1.600000075995922089e-02 0.000000000000000000e+00
4.249649047851562500e-01 1.159999999999999920e+00 1.600000075995922089e-02 0.000000000000000000e+00
5.420112609863281250e-01 1.159999999999999920e+00 1.600000075995922089e-02 0.000000000000000000e+00
6.330347061157226562e-01 1.169999999999999929e+00 1.600000075995922089e-02 0.000000000000000000e+00
7.439634799957275391e-01 1.169999999999999929e+00 1.600000075995922089e-02 0.000000000000000000e+00
8.289635181427001953e-01 1.169999999999999929e+00 1.600000075995922089e-02 0.000000000000000000e+00
9.239645004272460938e-01 1.169999999999999929e+00 1.600000075995922089e-02 0.000000000000000000e+00
1.036963939666748047e+00 1.169999999999999929e+00 1.600000075995922089e-02 0.000000000000000000e+00
1.142965555191040039e+00 1.169999999999999929e+00 1.600000075995922089e-02 0.000000000000000000e+00
1.238967418670654297e+00 1.169999999999999929e+00 1.600000075995922089e-02 0.000000000000000000e+00
1.328963518142700195e+00 1.159999999999999920e+00 1.600000075995922089e-02 0.000000000000000000e+00
1.436963558197021484e+00 1.159999999999999920e+00 1.600000075995922089e-02 0.000000000000000000e+00
1.530966758728027344e+00 1.139999999999999902e+00 1.600000075995922089e-02 0.000000000000000000e+00
1.642965555191040039e+00 1.139999999999999902e+00 1.600000075995922089e-02 0.000000000000000000e+00
1.733080625534057617e+00 1.120000000000000107e+00 1.600000075995922089e-02 0.000000000000000000e+00
1.819964647293090820e+00 1.030000000000000027e+00 1.600000075995922089e-02 0.000000000000000000e+00
1.936963796615600586e+00 1.530000000000000027e+00 1.600000075995922089e-02 0.000000000000000000e+00
2.026006698608398438e+00 2.669999999999999929e+00 1.600000075995922089e-02 -1.818469390869140625e+02
2.134981632232666016e+00 3.049999999999999822e+00 1.600000075995922089e-02 -6.294701538085937500e+02
2.230007171630859375e+00 2.930000000000000160e+00 1.600000075995922089e-02 -5.455408935546875000e+02
2.340963840484619141e+00 2.959999999999999964e+00 1.600000075995922089e-02 -3.636938781738281250e+02
2.426964282989501953e+00 2.910000000000000142e+00 1.600000075995922089e-02 -1.818469390869140625e+02
2.544967889785766602e+00 2.970000000000000195e+00 1.600000075995922089e-02 -2.657763061523437500e+02
2.634007930755615234e+00 3.069999999999999840e+00 1.600000075995922089e-02 -2.657763061523437500e+02
2.742016315460205078e+00 3.049999999999999822e+00 1.600000075995922089e-02 -4.476232604980468750e+02
2.836963176727294922e+00 2.990000000000000213e+00 1.600000075995922089e-02 -5.315526123046875000e+02
2.926962614059448242e+00 2.979999999999999982e+00 1.600000075995922089e-02 -5.315526123046875000e+02
3.034012794494628906e+00 2.990000000000000213e+00 1.600000075995922089e-02 -5.455408935546875000e+02
3.128963232040405273e+00 3.000000000000000000e+00 1.600000075995922089e-02 -6.294701538085937500e+02
3.242008924484252930e+00 2.979999999999999982e+00 1.600000075995922089e-02 -6.294701538085937500e+02
3.326963663101196289e+00 2.979999999999999982e+00 1.600000075995922089e-02 -6.294701538085937500e+02
3.443969964981079102e+00 2.899999999999999911e+00 1.600000075995922089e-02 -5.455408935546875000e+02
3.534011840820312500e+00 2.950000000000000178e+00 1.600000075995922089e-02 -4.476232604980468750e+02
3.642009019851684570e+00 2.919999999999999929e+00 1.600000075995922089e-02 -4.476232604980468750e+02
3.736062526702880859e+00 3.020000000000000018e+00 1.600000075995922089e-02 -4.476232604980468750e+02
3.826963424682617188e+00 3.000000000000000000e+00 1.600000075995922089e-02 -5.455408935546875000e+02
3.938003540039062500e+00 2.939999999999999947e+00 1.600000075995922089e-02 -5.455408935546875000e+02
4.024966716766357422e+00 2.899999999999999911e+00 1.600000075995922089e-02 -4.476232604980468750e+02
4.142011165618896484e+00 2.930000000000000160e+00 1.600000075995922089e-02 -5.455408935546875000e+02
4.230963945388793945e+00 2.930000000000000160e+00 1.600000075995922089e-02 -6.294701538085937500e+02
4.339963912963867188e+00 2.899999999999999911e+00 1.600000075995922089e-02 -4.616115112304687500e+02
4.434966564178466797e+00 2.879999999999999893e+00 1.600000075995922089e-02 -4.476232604980468750e+02
4.523968458175659180e+00 2.899999999999999911e+00 1.600000075995922089e-02 -5.315526123046875000e+02
4.631963253021240234e+00 2.939999999999999947e+00 1.600000075995922089e-02 -4.476232604980468750e+02
4.726968050003051758e+00 2.939999999999999947e+00 1.600000075995922089e-02 -5.315526123046875000e+02
4.838963985443115234e+00 2.939999999999999947e+00 1.600000075995922089e-02 -5.455408935546875000e+02
4.923978567123413086e+00 2.899999999999999911e+00 1.600000075995922089e-02 -5.315526123046875000e+02
5.042018651962280273e+00 2.839999999999999858e+00 1.600000075995922089e-02 -5.455408935546875000e+02
5.131964921951293945e+00 2.819999999999999840e+00 1.600000075995922089e-02 -3.636938781738281250e+02
5.238965988159179688e+00 2.850000000000000089e+00 1.600000075995922089e-02 -3.636938781738281250e+02
5.334004878997802734e+00 3.020000000000000018e+00 1.600000075995922089e-02 -3.636938781738281250e+02
5.423967599868774414e+00 2.959999999999999964e+00 1.600000075995922089e-02 -2.657763061523437500e+02
5.531963825225830078e+00 2.919999999999999929e+00 1.600000075995922089e-02 -2.797645568847656250e+02
5.626010179519653320e+00 2.990000000000000213e+00 1.600000075995922089e-02 -3.497056579589843750e+02
5.738963842391967773e+00 2.959999999999999964e+00 1.600000075995922089e-02 -3.497056579589843750e+02
5.827962636947631836e+00 2.950000000000000178e+00 1.600000075995922089e-02 -3.636938781738281250e+02
5.940964698791503906e+00 2.950000000000000178e+00 1.600000075995922089e-02 -4.476232604980468750e+02
6.031961202621459961e+00 2.919999999999999929e+00 1.600000075995922089e-02 -5.315526123046875000e+02
6.142965793609619141e+00 2.979999999999999982e+00 1.600000075995922089e-02 -5.455408935546875000e+02
6.230007648468017578e+00 2.990000000000000213e+00 1.600000075995922089e-02 -5.315526123046875000e+02
6.324966192245483398e+00 2.950000000000000178e+00 1.600000075995922089e-02 -4.616115112304687500e+02
6.435965538024902344e+00 2.970000000000000195e+00 1.600000075995922089e-02 -3.636938781738281250e+02
6.532963752746582031e+00 2.950000000000000178e+00 1.600000075995922089e-02 -3.636938781738281250e+02
6.639965295791625977e+00 2.990000000000000213e+00 1.600000075995922089e-02 -4.476232604980468750e+02
6.728974342346191406e+00 2.939999999999999947e+00 1.600000075995922089e-02 -5.455408935546875000e+02
6.836961746215820312e+00 2.859999999999999876e+00 1.600000075995922089e-02 -3.636938781738281250e+02
6.931970357894897461e+00 2.899999999999999911e+00 1.600000075995922089e-02 -3.636938781738281250e+02
7.043972015380859375e+00 2.939999999999999947e+00 1.600000075995922089e-02 -4.476232604980468750e+02
7.128962278366088867e+00 2.870000000000000107e+00 1.600000075995922089e-02 -3.636938781738281250e+02
7.223970890045166016e+00 2.939999999999999947e+00 1.600000075995922089e-02 -4.476232604980468750e+02
7.336961984634399414e+00 2.950000000000000178e+00 1.600000075995922089e-02 -3.636938781738281250e+02
7.443968772888183594e+00 2.919999999999999929e+00 1.600000075995922089e-02 -4.476232604980468750e+02
7.538964509963989258e+00 2.839999999999999858e+00 1.600000075995922089e-02 -5.315526123046875000e+02
7.628968954086303711e+00 2.899999999999999911e+00 1.600000075995922089e-02 -4.476232604980468750e+02
7.736963033676147461e+00 2.930000000000000160e+00 1.600000075995922089e-02 -4.476232604980468750e+02
7.830972909927368164e+00 2.899999999999999911e+00 1.600000075995922089e-02 -4.476232604980468750e+02
7.943969011306762695e+00 2.930000000000000160e+00 1.600000075995922089e-02 -4.616115112304687500e+02
8.032968044281005859e+00 2.879999999999999893e+00 1.600000075995922089e-02 -5.455408935546875000e+02
8.119965314865112305e+00 2.959999999999999964e+00 1.600000075995922089e-02 -5.315526123046875000e+02
8.236963033676147461e+00 2.879999999999999893e+00 1.600000075995922089e-02 -4.476232604980468750e+02
8.326004028320312500e+00 2.799999999999999822e+00 1.600000075995922089e-02 -3.636938781738281250e+02
8.434969186782836914e+00 2.919999999999999929e+00 1.600000075995922089e-02 -4.476232604980468750e+02
8.530009984970092773e+00 2.950000000000000178e+00 1.600000075995922089e-02 -4.476232604980468750e+02
8.640962123870849609e+00 2.950000000000000178e+00 1.600000075995922089e-02 -5.315526123046875000e+02
8.726963758468627930e+00 2.959999999999999964e+00 1.600000075995922089e-02 -5.455408935546875000e+02
8.844969749450683594e+00 2.990000000000000213e+00 1.600000075995922089e-02 -4.476232604980468750e+02
8.934015035629272461e+00 2.979999999999999982e+00 1.600000075995922089e-02 -5.455408935546875000e+02
9.042013168334960938e+00 2.979999999999999982e+00 1.600000075995922089e-02 -6.294701538085937500e+02
9.137071609497070312e+00 2.919999999999999929e+00 1.600000075995922089e-02 -4.476232604980468750e+02
9.227059602737426758e+00 2.939999999999999947e+00 1.600000075995922089e-02 -4.476232604980468750e+02
9.334028482437133789e+00 2.970000000000000195e+00 1.600000075995922089e-02 -4.476232604980468750e+02
9.428964614868164062e+00 2.879999999999999893e+00 1.600000075995922089e-02 -3.497056579589843750e+02
9.542013645172119141e+00 2.979999999999999982e+00 1.600000075995922089e-02 -2.657763061523437500e+02
9.626964330673217773e+00 2.990000000000000213e+00 1.600000075995922089e-02 -4.476232604980468750e+02
9.743966817855834961e+00 3.020000000000000018e+00 1.600000075995922089e-02 -3.636938781738281250e+02
9.834010839462280273e+00 2.950000000000000178e+00 1.600000075995922089e-02 -3.497056579589843750e+02
9.942013502120971680e+00 2.939999999999999947e+00 1.600000075995922089e-02 -3.636938781738281250e+02
1.003596711158752441e+01 2.950000000000000178e+00 1.600000075995922089e-02 -3.497056579589843750e+02
1.012697267532348633e+01 2.870000000000000107e+00 1.600000075995922089e-02 -3.497056579589843750e+02
1.023800158500671387e+01 3.020000000000000018e+00 1.600000075995922089e-02 -5.315526123046875000e+02
1.032496356964111328e+01 2.979999999999999982e+00 1.600000075995922089e-02 -6.294701538085937500e+02
1.044201683998107910e+01 2.910000000000000142e+00 1.600000075995922089e-02 -5.315526123046875000e+02
1.053096389770507812e+01 2.859999999999999876e+00 1.600000075995922089e-02 -6.294701538085937500e+02
1.063996481895446777e+01 2.799999999999999822e+00 1.600000075995922089e-02 -6.294701538085937500e+02
1.073496580123901367e+01 2.899999999999999911e+00 1.600000075995922089e-02 -5.315526123046875000e+02
1.082396817207336426e+01 2.890000000000000124e+00 1.600000075995922089e-02 -3.636938781738281250e+02
1.093196415901184082e+01 2.939999999999999947e+00 1.600000075995922089e-02 -3.497056579589843750e+02
1.102696609497070312e+01 2.950000000000000178e+00 1.600000075995922089e-02 -4.616115112304687500e+02
1.113897538185119629e+01 2.919999999999999929e+00 1.600000075995922089e-02 -3.497056579589843750e+02
1.122396683692932129e+01 2.930000000000000160e+00 1.600000075995922089e-02 -3.636938781738281250e+02
1.134201264381408691e+01 3.009999999999999787e+00 1.600000075995922089e-02 -4.476232604980468750e+02
1.143196249008178711e+01 2.939999999999999947e+00 1.600000075995922089e-02 -5.315526123046875000e+02
1.153896689414978027e+01 2.939999999999999947e+00 1.600000075995922089e-02 -3.636938781738281250e+02
1.163400578498840332e+01 2.990000000000000213e+00 1.600000075995922089e-02 -5.315526123046875000e+02
1.172396993637084961e+01 3.009999999999999787e+00 1.600000075995922089e-02 -5.455408935546875000e+02
1.183196306228637695e+01 2.939999999999999947e+00 1.600000075995922089e-02 -5.455408935546875000e+02
1.192600917816162109e+01 2.930000000000000160e+00 1.600000075995922089e-02 -5.315526123046875000e+02
1.203896355628967285e+01 2.899999999999999911e+00 1.600000075995922089e-02 -4.476232604980468750e+02
1.212796592712402344e+01 2.859999999999999876e+00 1.600000075995922089e-02 -3.636938781738281250e+02
1.224098086357116699e+01 3.000000000000000000e+00 1.600000075995922089e-02 -3.636938781738281250e+02
1.233196258544921875e+01 2.979999999999999982e+00 1.600000075995922089e-02 -3.636938781738281250e+02
1.244298863410949707e+01 2.990000000000000213e+00 1.600000075995922089e-02 -5.455408935546875000e+02
1.253001284599304199e+01 3.000000000000000000e+00 1.600000075995922089e-02 -6.294701538085937500e+02
1.262496733665466309e+01 2.970000000000000195e+00 1.600000075995922089e-02 -5.455408935546875000e+02
1.273596286773681641e+01 2.859999999999999876e+00 1.600000075995922089e-02 -4.476232604980468750e+02
1.284496402740478516e+01 2.870000000000000107e+00 1.600000075995922089e-02 -4.476232604980468750e+02
1.293996429443359375e+01 2.879999999999999893e+00 1.600000075995922089e-02 -4.616115112304687500e+02
1.302896428108215332e+01 2.879999999999999893e+00 1.600000075995922089e-02 -3.636938781738281250e+02
1.313696122169494629e+01 2.899999999999999911e+00 1.600000075995922089e-02 -4.476232604980468750e+02
1.323196291923522949e+01 2.930000000000000160e+00 1.600000075995922089e-02 -3.636938781738281250e+02
1.334398889541625977e+01 2.899999999999999911e+00 1.600000075995922089e-02 -3.636938781738281250e+02
1.342896437644958496e+01 2.950000000000000178e+00 1.600000075995922089e-02 -3.636938781738281250e+02
1.352397227287292480e+01 2.899999999999999911e+00 1.600000075995922089e-02 -2.657763061523437500e+02
1.363696432113647461e+01 2.990000000000000213e+00 1.600000075995922089e-02 -3.636938781738281250e+02
1.374396944046020508e+01 2.919999999999999929e+00 1.600000075995922089e-02 -3.497056579589843750e+02
1.383896374702453613e+01 2.859999999999999876e+00 1.600000075995922089e-02 -4.616115112304687500e+02
1.392896199226379395e+01 2.899999999999999911e+00 1.600000075995922089e-02 -2.657763061523437500e+02
1.403696393966674805e+01 2.919999999999999929e+00 1.600000075995922089e-02 -3.636938781738281250e+02
1.413096690177917480e+01 3.000000000000000000e+00 1.600000075995922089e-02 -2.657763061523437500e+02
1.424396991729736328e+01 3.020000000000000018e+00 1.600000075995922089e-02 -2.657763061523437500e+02
1.433296799659729004e+01 2.939999999999999947e+00 1.600000075995922089e-02 -3.636938781738281250e+02
1.444496870040893555e+01 2.970000000000000195e+00 1.600000075995922089e-02 -1.818469390869140625e+02
1.453696250915527344e+01 3.000000000000000000e+00 1.600000075995922089e-02 -2.657763061523437500e+02
1.462600326538085938e+01 3.029999999999999805e+00 1.600000075995922089e-02 -4.476232604980468750e+02
1.473496627807617188e+01 2.950000000000000178e+00 1.600000075995922089e-02 -2.657763061523437500e+02
1.483000254631042480e+01 2.939999999999999947e+00 1.600000075995922089e-02 -3.497056579589843750e+02
1.494096612930297852e+01 2.959999999999999964e+00 1.600000075995922089e-02 -3.497056579589843750e+02
1.502696943283081055e+01 2.870000000000000107e+00 1.600000075995922089e-02 -1.818469390869140625e+02
1.514497017860412598e+01 2.950000000000000178e+00 1.600000075995922089e-02 -8.392935943603515625e+01
1.523400092124938965e+01 3.060000000000000053e+00 1.600000075995922089e-02 -3.636938781738281250e+02
1.534200263023376465e+01 3.069999999999999840e+00 1.600000075995922089e-02 -6.294701538085937500e+02
1.543696641921997070e+01 2.959999999999999964e+00 1.600000075995922089e-02 -4.476232604980468750e+02
1.552696466445922852e+01 2.879999999999999893e+00 1.600000075995922089e-02 -4.476232604980468750e+02
1.563402295112609863e+01 2.899999999999999911e+00 1.600000075995922089e-02 -4.476232604980468750e+02
1.572896504402160645e+01 2.950000000000000178e+00 1.600000075995922089e-02 -4.476232604980468750e+02
1.584200406074523926e+01 2.850000000000000089e+00 1.600000075995922089e-02 -3.636938781738281250e+02
1.592696833610534668e+01 2.890000000000000124e+00 1.600000075995922089e-02 -5.455408935546875000e+02
1.604397296905517578e+01 2.990000000000000213e+00 1.600000075995922089e-02 -6.294701538085937500e+02
1.613401436805725098e+01 2.870000000000000107e+00 1.600000075995922089e-02 -4.476232604980468750e+02
1.624200177192687988e+01 2.830000000000000071e+00 1.600000075995922089e-02 -1.818469390869140625e+02
1.633596491813659668e+01 3.020000000000000018e+00 1.600000075995922089e-02 -2.657763061523437500e+02
1.642696356773376465e+01 2.979999999999999982e+00 1.600000075995922089e-02 -1.818469390869140625e+02
1.653800296783447266e+01 2.919999999999999929e+00 1.600000075995922089e-02 -1.818469390869140625e+02
1.662496662139892578e+01 2.970000000000000195e+00 1.600000075995922089e-02 -3.636938781738281250e+02
1.674200558662414551e+01 3.029999999999999805e+00 1.600000075995922089e-02 -8.113171386718750000e+02
1.683098316192626953e+01 2.540000000000000036e+00 1.600000075995922089e-02 0.000000000000000000e+00
1.693996334075927734e+01 1.850000000000000089e+00 1.600000075995922089e-02 0.000000000000000000e+00
1.703497219085693359e+01 1.879999999999999893e+00 1.600000075995922089e-02 0.000000000000000000e+00
1.714601063728332520e+01 1.659999999999999920e+00 1.600000075995922089e-02 0.000000000000000000e+00
1.723196411132812500e+01 1.129999999999999893e+00 1.600000075995922089e-02 9.791758728027343750e+01
1.732696819305419922e+01 1.310000000000000053e+00 4.399999976158142090e-02 1.077093505859375000e+03
1.743897557258605957e+01 2.950000000000000178e+00 4.399999976158142090e-02 8.113171386718750000e+02
1.753097367286682129e+01 3.180000000000000160e+00 4.399999976158142090e-02 1.818469390869140625e+02
1.764200162887573242e+01 3.009999999999999787e+00 4.399999976158142090e-02 2.657763061523437500e+02
1.773196530342102051e+01 2.950000000000000178e+00 4.399999976158142090e-02 4.476232604980468750e+02
1.783896803855895996e+01 2.939999999999999947e+00 4.399999976158142090e-02 6.294701538085937500e+02
1.793401670455932617e+01 3.060000000000000053e+00 4.399999976158142090e-02 5.315526123046875000e+02
1.803096556663513184e+01 3.009999999999999787e+00 4.399999976158142090e-02 6.294701538085937500e+02
1.813197302818298340e+01 2.959999999999999964e+00 4.399999976158142090e-02 5.315526123046875000e+02
1.822601628303527832e+01 3.020000000000000018e+00 4.399999976158142090e-02 4.476232604980468750e+02
1.833896517753601074e+01 2.970000000000000195e+00 4.399999976158142090e-02 7.273877563476562500e+02
1.842796707153320312e+01 2.990000000000000213e+00 4.399999976158142090e-02 7.273877563476562500e+02
1.854096341133117676e+01 3.040000000000000036e+00 4.399999976158142090e-02 8.113171386718750000e+02
1.863196349143981934e+01 3.049999999999999822e+00 4.399999976158142090e-02 8.113171386718750000e+02
1.874296307563781738e+01 3.009999999999999787e+00 4.399999976158142090e-02 8.952465209960937500e+02
1.882999801635742188e+01 3.060000000000000053e+00 4.399999976158142090e-02 7.973289184570312500e+02
1.892496466636657715e+01 3.069999999999999840e+00 4.399999976158142090e-02 8.113171386718750000e+02
1.903596615791320801e+01 3.120000000000000107e+00 4.399999976158142090e-02 6.294701538085937500e+02
1.912201809883117676e+01 3.020000000000000018e+00 4.399999976158142090e-02 6.294701538085937500e+02
1.923996424674987793e+01 3.009999999999999787e+00 4.399999976158142090e-02 5.315526123046875000e+02
1.932896471023559570e+01 3.029999999999999805e+00 4.399999976158142090e-02 6.294701538085937500e+02
1.943696188926696777e+01 3.000000000000000000e+00 4.399999976158142090e-02 7.273877563476562500e+02
1.953196287155151367e+01 3.029999999999999805e+00 4.399999976158142090e-02 6.294701538085937500e+02
1.964307165145874023e+01 3.020000000000000018e+00 4.399999976158142090e-02 8.113171386718750000e+02
1.972896289825439453e+01 2.970000000000000195e+00 4.399999976158142090e-02 8.113171386718750000e+02
1.982396936416625977e+01 2.910000000000000142e+00 4.399999976158142090e-02 7.133995361328125000e+02
1.993696379661560059e+01 2.950000000000000178e+00 4.399999976158142090e-02 8.113171386718750000e+02
2.004397583007812500e+01 3.020000000000000018e+00 4.399999976158142090e-02 7.133995361328125000e+02
2.013896417617797852e+01 3.040000000000000036e+00 4.399999976158142090e-02 7.273877563476562500e+02
2.022896361351013184e+01 3.029999999999999805e+00 4.399999976158142090e-02 6.294701538085937500e+02
2.033696651458740234e+01 3.020000000000000018e+00 4.399999976158142090e-02 6.294701538085937500e+02
2.043096446990966797e+01 3.040000000000000036e+00 4.399999976158142090e-02 7.273877563476562500e+02
2.054296731948852539e+01 3.109999999999999876e+00 4.399999976158142090e-02 8.113171386718750000e+02
2.063296699523925781e+01 3.080000000000000071e+00 4.399999976158142090e-02 7.133995361328125000e+02
2.071996188163757324e+01 3.080000000000000071e+00 4.399999976158142090e-02 7.133995361328125000e+02
2.083697056770324707e+01 3.020000000000000018e+00 4.399999976158142090e-02 6.294701538085937500e+02
2.092602372169494629e+01 3.029999999999999805e+00 4.399999976158142090e-02 6.294701538085937500e+02
2.103496694564819336e+01 3.060000000000000053e+00 4.399999976158142090e-02 7.133995361328125000e+02
2.113000369071960449e+01 3.060000000000000053e+00 4.399999976158142090e-02 7.133995361328125000e+02
2.124096488952636719e+01 3.000000000000000000e+00 4.399999976158142090e-02 7.133995361328125000e+02
2.132697391510009766e+01 3.020000000000000018e+00 4.399999976158142090e-02 6.294701538085937500e+02
2.143696117401123047e+01 3.069999999999999840e+00 4.399999976158142090e-02 5.455408935546875000e+02
2.153401803970336914e+01 3.000000000000000000e+00 4.399999976158142090e-02 5.455408935546875000e+02
2.164200329780578613e+01 3.029999999999999805e+00 4.399999976158142090e-02 7.273877563476562500e+02
2.173696255683898926e+01 3.040000000000000036e+00 4.399999976158142090e-02 7.273877563476562500e+02
2.182696866989135742e+01 3.089999999999999858e+00 4.399999976158142090e-02 7.273877563476562500e+02
2.193401479721069336e+01 3.020000000000000018e+00 4.399999976158142090e-02 7.273877563476562500e+02
2.202896380424499512e+01 3.049999999999999822e+00 4.399999976158142090e-02 6.434584350585937500e+02
2.214200973510742188e+01 3.129999999999999893e+00 4.399999976158142090e-02 5.455408935546875000e+02
2.222696781158447266e+01 3.069999999999999840e+00 4.399999976158142090e-02 5.455408935546875000e+02
2.234396743774414062e+01 3.040000000000000036e+00 4.399999976158142090e-02 6.294701538085937500e+02
2.243401455879211426e+01 3.060000000000000053e+00 4.399999976158142090e-02 6.294701538085937500e+02
2.254200577735900879e+01 3.009999999999999787e+00 4.399999976158142090e-02 8.113171386718750000e+02
2.263596582412719727e+01 2.990000000000000213e+00 4.399999976158142090e-02 7.133995361328125000e+02
2.272696971893310547e+01 2.959999999999999964e+00 4.399999976158142090e-02 7.133995361328125000e+02
2.283801007270812988e+01 2.919999999999999929e+00 4.399999976158142090e-02 8.113171386718750000e+02
2.292496538162231445e+01 2.990000000000000213e+00 4.399999976158142090e-02 8.113171386718750000e+02
2.304201459884643555e+01 2.950000000000000178e+00 4.399999976158142090e-02 8.113171386718750000e+02
2.313096332550048828e+01 3.000000000000000000e+00 4.399999976158142090e-02 9.092347412109375000e+02
2.323996496200561523e+01 3.009999999999999787e+00 4.399999976158142090e-02 8.113171386718750000e+02
2.333496642112731934e+01 2.990000000000000213e+00 4.399999976158142090e-02 9.092347412109375000e+02
2.342396759986877441e+01 2.979999999999999982e+00 4.399999976158142090e-02 8.113171386718750000e+02
2.353196263313293457e+01 3.020000000000000018e+00 4.399999976158142090e-02 8.113171386718750000e+02
2.362696337699890137e+01 3.049999999999999822e+00 4.399999976158142090e-02 8.952465209960937500e+02
2.373896455764770508e+01 3.040000000000000036e+00 4.399999976158142090e-02 8.952465209960937500e+02
2.382396721839904785e+01 3.060000000000000053e+00 4.399999976158142090e-02 8.113171386718750000e+02
2.394200706481933594e+01 3.120000000000000107e+00 4.399999976158142090e-02 8.952465209960937500e+02
2.403196239471435547e+01 3.089999999999999858e+00 4.399999976158142090e-02 7.133995361328125000e+02
2.413896656036376953e+01 3.009999999999999787e+00 4.399999976158142090e-02 7.133995361328125000e+02
2.423405647277832031e+01 3.049999999999999822e+00 4.399999976158142090e-02 8.113171386718750000e+02
2.432397699356079102e+01 3.040000000000000036e+00 4.399999976158142090e-02 7.273877563476562500e+02
2.443196463584899902e+01 3.080000000000000071e+00 4.399999976158142090e-02 5.315526123046875000e+02
2.452603960037231445e+01 3.029999999999999805e+00 4.399999976158142090e-02 4.476232604980468750e+02
2.463896632194519043e+01 2.950000000000000178e+00 4.399999976158142090e-02 6.294701538085937500e+02
2.472796368598937988e+01 2.970000000000000195e+00 4.399999976158142090e-02 5.315526123046875000e+02
2.484097528457641602e+01 2.950000000000000178e+00 4.399999976158142090e-02 7.273877563476562500e+02
2.493196058273315430e+01 3.029999999999999805e+00 4.399999976158142090e-02 7.133995361328125000e+02
2.504296922683715820e+01 3.060000000000000053e+00 4.399999976158142090e-02 7.133995361328125000e+02
2.513000679016113281e+01 3.020000000000000018e+00 4.399999976158142090e-02 6.294701538085937500e+02
2.522496557235717773e+01 3.029999999999999805e+00 4.399999976158142090e-02 6.294701538085937500e+02
2.533596277236938477e+01 3.000000000000000000e+00 4.399999976158142090e-02 7.133995361328125000e+02
2.544396710395812988e+01 2.990000000000000213e+00 4.399999976158142090e-02 7.273877563476562500e+02
2.553996205329895020e+01 3.060000000000000053e+00 4.399999976158142090e-02 7.273877563476562500e+02
2.562896156311035156e+01 3.080000000000000071e+00 4.399999976158142090e-02 7.273877563476562500e+02
2.573696827888488770e+01 3.040000000000000036e+00 4.399999976158142090e-02 6.294701538085937500e+02
2.583196640014648438e+01 3.049999999999999822e+00 4.399999976158142090e-02 5.455408935546875000e+02
2.594306993484497070e+01 3.069999999999999840e+00 4.399999976158142090e-02 4.476232604980468750e+02
2.602897119522094727e+01 3.069999999999999840e+00 4.399999976158142090e-02 6.294701538085937500e+02
2.612397408485412598e+01 3.080000000000000071e+00 4.399999976158142090e-02 6.294701538085937500e+02
2.623696184158325195e+01 3.069999999999999840e+00 4.399999976158142090e-02 6.294701538085937500e+02
2.634397029876708984e+01 3.089999999999999858e+00 4.399999976158142090e-02 6.294701538085937500e+02
2.643896651268005371e+01 3.020000000000000018e+00 4.399999976158142090e-02 5.455408935546875000e+02
2.652897167205810547e+01 3.000000000000000000e+00 4.399999976158142090e-02 6.294701538085937500e+02
2.663696622848510742e+01 2.979999999999999982e+00 4.399999976158142090e-02 6.294701538085937500e+02
2.673096823692321777e+01 3.100000000000000089e+00 4.399999976158142090e-02 0.000000000000000000e+00
2.684396457672119141e+01 3.100000000000000089e+00 4.399999976158142090e-02 0.000000000000000000e+00
2.693296241760253906e+01 2.910000000000000142e+00 4.399999976158142090e-02 0.000000000000000000e+00
2.701996660232543945e+01 2.919999999999999929e+00 4.399999976158142090e-02 0.000000000000000000e+00
2.713696360588073730e+01 3.089999999999999858e+00 4.399999976158142090e-02 0.000000000000000000e+00
2.722600960731506348e+01 4.240000000000000213e+00 4.399999976158142090e-02 0.000000000000000000e+00
2.733496785163879395e+01 5.540000000000000036e+00 1.600000075995922089e-02 -5.455408935546875000e+02
2.743001151084899902e+01 4.009999999999999787e+00 1.600000075995922089e-02 -1.258940307617187500e+03
2.754096817970275879e+01 2.970000000000000195e+00 1.600000075995922089e-02 -1.258940307617187500e+03
2.762696290016174316e+01 2.779999999999999805e+00 1.600000075995922089e-02 -1.175010986328125000e+03
2.773696112632751465e+01 2.859999999999999876e+00 1.600000075995922089e-02 -9.931641235351562500e+02
2.783401465415954590e+01 2.970000000000000195e+00 1.600000075995922089e-02 -1.175010986328125000e+03
2.794201231002807617e+01 2.939999999999999947e+00 1.600000075995922089e-02 -1.175010986328125000e+03
2.803696799278259277e+01 2.870000000000000107e+00 1.600000075995922089e-02 -9.931641235351562500e+02
2.812696385383605957e+01 2.910000000000000142e+00 1.600000075995922089e-02 -9.092347412109375000e+02
2.823400712013244629e+01 2.910000000000000142e+00 1.600000075995922089e-02 -8.113171386718750000e+02
2.832896828651428223e+01 2.890000000000000124e+00 1.600000075995922089e-02 -7.273877563476562500e+02
2.844201254844665527e+01 2.879999999999999893e+00 1.600000075995922089e-02 -7.273877563476562500e+02
2.852696299552917480e+01 2.919999999999999929e+00 1.600000075995922089e-02 -7.133995361328125000e+02
2.864397072792053223e+01 2.930000000000000160e+00 1.600000075995922089e-02 -8.113171386718750000e+02
2.873402070999145508e+01 2.939999999999999947e+00 1.600000075995922089e-02 -8.952465209960937500e+02
2.884200215339660645e+01 2.850000000000000089e+00 1.600000075995922089e-02 -9.931641235351562500e+02
2.893596315383911133e+01 2.779999999999999805e+00 1.600000075995922089e-02 -8.952465209960937500e+02
2.902696275711059570e+01 2.850000000000000089e+00 1.600000075995922089e-02 -8.952465209960937500e+02
2.913800597190856934e+01 2.859999999999999876e+00 1.600000075995922089e-02 -8.113171386718750000e+02
2.922496867179870605e+01 2.910000000000000142e+00 1.600000075995922089e-02 -8.952465209960937500e+02
2.934201526641845703e+01 2.879999999999999893e+00 1.600000075995922089e-02 -9.931641235351562500e+02
2.943096399307250977e+01 2.970000000000000195e+00 1.600000075995922089e-02 -8.952465209960937500e+02
2.953996443748474121e+01 2.950000000000000178e+00 1.600000075995922089e-02 -7.133995361328125000e+02
2.963496756553649902e+01 2.939999999999999947e+00 1.600000075995922089e-02 -8.952465209960937500e+02
2.972397089004516602e+01 2.919999999999999929e+00 1.600000075995922089e-02 -9.791759033203125000e+02
2.983196234703063965e+01 2.899999999999999911e+00 1.600000075995922089e-02 -1.077093505859375000e+03
2.992696428298950195e+01 2.890000000000000124e+00 1.600000075995922089e-02 -1.077093505859375000e+03
3.003896546363830566e+01 2.810000000000000053e+00 1.600000075995922089e-02 -1.091081787109375000e+03
3.012397265434265137e+01 2.859999999999999876e+00 1.600000075995922089e-02 -9.791759033203125000e+02
3.024201607704162598e+01 2.819999999999999840e+00 1.600000075995922089e-02 -1.077093505859375000e+03
3.033196806907653809e+01 2.839999999999999858e+00 1.600000075995922089e-02 -9.931641235351562500e+02
3.043896675109863281e+01 2.779999999999999805e+00 1.600000075995922089e-02 -9.931641235351562500e+02
3.053401827812194824e+01 2.839999999999999858e+00 1.600000075995922089e-02 -8.952465209960937500e+02
3.062407565116882324e+01 2.910000000000000142e+00 1.600000075995922089e-02 -8.113171386718750000e+02
3.073196315765380859e+01 2.979999999999999982e+00 1.600000075995922089e-02 -9.092347412109375000e+02
3.082602787017822266e+01 2.919999999999999929e+00 1.600000075995922089e-02 -8.952465209960937500e+02
3.093896341323852539e+01 2.919999999999999929e+00 1.600000075995922089e-02 -9.092347412109375000e+02
3.102796435356140137e+01 2.910000000000000142e+00 1.600000075995922089e-02 -8.113171386718750000e+02
3.114096236228942871e+01 2.930000000000000160e+00 1.600000075995922089e-02 -8.113171386718750000e+02
3.123196172714233398e+01 2.870000000000000107e+00 1.600000075995922089e-02 -7.273877563476562500e+02
3.134298682212829590e+01 2.910000000000000142e+00 1.600000075995922089e-02 -9.092347412109375000e+02
3.143001461029052734e+01 2.950000000000000178e+00 1.600000075995922089e-02 -8.113171386718750000e+02
3.152497148513793945e+01 2.890000000000000124e+00 1.600000075995922089e-02 -9.931641235351562500e+02
3.163596129417419434e+01 2.810000000000000053e+00 1.600000075995922089e-02 -9.092347412109375000e+02
3.174497866630554199e+01 2.859999999999999876e+00 1.600000075995922089e-02 -8.952465209960937500e+02
3.183996558189392090e+01 2.919999999999999929e+00 1.600000075995922089e-02 -1.161022827148437500e+03
3.192896628379821777e+01 2.870000000000000107e+00 1.600000075995922089e-02 -1.258940307617187500e+03
3.203696537017822266e+01 2.850000000000000089e+00 1.600000075995922089e-02 -1.161022827148437500e+03
3.213196301460266113e+01 2.890000000000000124e+00 1.600000075995922089e-02 -1.161022827148437500e+03
3.224397873878479004e+01 2.830000000000000071e+00 1.600000075995922089e-02 -1.161022827148437500e+03
3.232896518707275391e+01 2.919999999999999929e+00 1.600000075995922089e-02 -1.161022827148437500e+03
3.242397284507751465e+01 2.910000000000000142e+00 1.600000075995922089e-02 -1.440787353515625000e+03
3.253696489334106445e+01 2.839999999999999858e+00 1.600000075995922089e-02 -1.342869750976562500e+03
3.264296579360961914e+01 2.779999999999999805e+00 1.600000075995922089e-02 -1.258940307617187500e+03
3.273896527290344238e+01 2.750000000000000000e+00 1.600000075995922089e-02 -1.258940307617187500e+03
3.282897067070007324e+01 2.740000000000000213e+00 1.600000075995922089e-02 -1.077093505859375000e+03
3.293696355819702148e+01 2.790000000000000036e+00 1.600000075995922089e-02 -9.092347412109375000e+02
3.303096365928649902e+01 2.890000000000000124e+00 1.600000075995922089e-02 -1.077093505859375000e+03
3.314397454261779785e+01 2.899999999999999911e+00 1.600000075995922089e-02 -9.931641235351562500e+02
3.323296499252319336e+01 2.830000000000000071e+00 1.600000075995922089e-02 -9.092347412109375000e+02
3.331996560096740723e+01 2.950000000000000178e+00 1.600000075995922089e-02 -9.931641235351562500e+02
3.343697428703308105e+01 2.919999999999999929e+00 1.600000075995922089e-02 -9.931641235351562500e+02
3.352600002288818359e+01 2.890000000000000124e+00 1.600000075995922089e-02 -9.092347412109375000e+02
3.363496828079223633e+01 2.839999999999999858e+00 1.600000075995922089e-02 -9.092347412109375000e+02
3.373001575469970703e+01 2.899999999999999911e+00 1.600000075995922089e-02 -9.092347412109375000e+02
3.384096574783325195e+01 2.930000000000000160e+00 1.600000075995922089e-02 -9.931641235351562500e+02
3.392696285247802734e+01 2.839999999999999858e+00 1.600000075995922089e-02 -9.931641235351562500e+02
3.402796554565429688e+01 1.969999999999999973e+00 1.600000075995922089e-02 0.000000000000000000e+00
3.413400912284851074e+01 1.590000000000000080e+00 1.600000075995922089e-02 0.000000000000000000e+00
3.424199962615966797e+01 1.629999999999999893e+00 1.600000075995922089e-02 0.000000000000000000e+00
3.433696770668029785e+01 1.250000000000000000e+00 1.600000075995922089e-02 0.000000000000000000e+00
3.442695736885070801e+01 9.100000000000000311e-01 1.600000075995922089e-02 0.000000000000000000e+00
3.453404283523559570e+01 7.199999999999999734e-01 1.600000075995922089e-02 0.000000000000000000e+00
3.462896537780761719e+01 7.099999999999999645e-01 4.399999976158142090e-02 8.113171386718750000e+02
3.474200391769409180e+01 2.540000000000000036e+00 4.399999976158142090e-02 1.622634277343750000e+03
3.482696509361267090e+01 3.000000000000000000e+00 4.399999976158142090e-02 1.356857910156250000e+03
3.494396972656250000e+01 3.029999999999999805e+00 4.399999976158142090e-02 1.440787353515625000e+03
3.503401947021484375e+01 2.970000000000000195e+00 4.399999976158142090e-02 1.720551879882812500e+03
3.514200329780578613e+01 3.009999999999999787e+00 4.399999976158142090e-02 1.804481201171875000e+03
3.523596453666687012e+01 3.069999999999999840e+00 4.399999976158142090e-02 1.622634277343750000e+03
3.532696413993835449e+01 3.109999999999999876e+00 4.399999976158142090e-02 1.706563598632812500e+03
3.543801188468933105e+01 3.100000000000000089e+00 4.399999976158142090e-02 1.524716674804687500e+03
3.552496910095214844e+01 3.080000000000000071e+00 4.399999976158142090e-02 1.440787353515625000e+03
3.564202308654785156e+01 3.089999999999999858e+00 4.399999976158142090e-02 1.258940307617187500e+03
3.573096752166748047e+01 3.089999999999999858e+00 4.399999976158142090e-02 1.258940307617187500e+03
3.583996510505676270e+01 3.049999999999999822e+00 4.399999976158142090e-02 1.161022827148437500e+03
3.593496656417846680e+01 3.100000000000000089e+00 4.399999976158142090e-02 1.342869750976562500e+03
3.602397203445434570e+01 3.040000000000000036e+00 4.399999976158142090e-02 1.175010986328125000e+03
3.613196229934692383e+01 3.009999999999999787e+00 4.399999976158142090e-02 1.258940307617187500e+03
3.622696685791015625e+01 3.100000000000000089e+00 4.399999976158142090e-02 1.608645996093750000e+03
3.633896374702453613e+01 3.100000000000000089e+00 4.399999976158142090e-02 1.356857910156250000e+03
3.642396736145019531e+01 3.100000000000000089e+00 4.399999976158142090e-02 1.175010986328125000e+03
3.654200911521911621e+01 3.049999999999999822e+00 4.399999976158142090e-02 1.175010986328125000e+03
3.663196825981140137e+01 3.040000000000000036e+00 4.399999976158142090e-02 1.161022827148437500e+03
3.673896598815917969e+01 3.060000000000000053e+00 4.399999976158142090e-02 1.161022827148437500e+03
3.683402085304260254e+01 3.089999999999999858e+00 4.399999976158142090e-02 1.091081787109375000e+03
3.692397260665893555e+01 3.080000000000000071e+00 4.399999976158142090e-02 1.077093505859375000e+03
3.703196549415588379e+01 3.089999999999999858e+00 4.399999976158142090e-02 9.931641235351562500e+02
3.712600779533386230e+01 3.069999999999999840e+00 4.399999976158142090e-02 1.077093505859375000e+03
3.723896646499633789e+01 3.080000000000000071e+00 4.399999976158142090e-02 1.091081787109375000e+03
3.732796406745910645e+01 3.069999999999999840e+00 4.399999976158142090e-02 9.931641235351562500e+02
3.744097304344177246e+01 3.069999999999999840e+00 4.399999976158142090e-02 8.113171386718750000e+02
3.753196334838867188e+01 3.020000000000000018e+00 4.399999976158142090e-02 7.273877563476562500e+02
3.764297389984130859e+01 3.020000000000000018e+00 4.399999976158142090e-02 8.952465209960937500e+02
3.773000478744506836e+01 2.939999999999999947e+00 4.399999976158142090e-02 9.931641235351562500e+02
3.782496452331542969e+01 3.060000000000000053e+00 4.399999976158142090e-02 9.791759033203125000e+02
3.793596839904785156e+01 3.029999999999999805e+00 4.399999976158142090e-02 8.113171386718750000e+02
3.802796721458435059e+01 3.000000000000000000e+00 4.399999976158142090e-02 9.092347412109375000e+02
3.813996624946594238e+01 3.009999999999999787e+00 4.399999976158142090e-02 9.931641235351562500e+02
3.822896170616149902e+01 3.060000000000000053e+00 4.399999976158142090e-02 8.952465209960937500e+02
3.833696699142456055e+01 3.020000000000000018e+00 4.399999976158142090e-02 9.092347412109375000e+02
3.843196201324462891e+01 3.060000000000000053e+00 4.399999976158142090e-02 8.952465209960937500e+02
3.854296755790710449e+01 3.109999999999999876e+00 4.399999976158142090e-02 9.791759033203125000e+02
3.862896227836608887e+01 3.080000000000000071e+00 4.399999976158142090e-02 7.273877563476562500e+02
3.872397518157958984e+01 3.080000000000000071e+00 4.399999976158142090e-02 7.273877563476562500e+02
3.883696508407592773e+01 3.020000000000000018e+00 4.399999976158142090e-02 7.273877563476562500e+02
3.894406580924987793e+01 3.009999999999999787e+00 4.399999976158142090e-02 7.133995361328125000e+02
3.903896522521972656e+01 3.080000000000000071e+00 4.399999976158142090e-02 7.273877563476562500e+02
3.912905287742614746e+01 2.959999999999999964e+00 4.399999976158142090e-02 7.133995361328125000e+02
3.923696231842041016e+01 3.000000000000000000e+00 4.399999976158142090e-02 7.133995361328125000e+02
3.933096551895141602e+01 2.959999999999999964e+00 4.399999976158142090e-02 8.113171386718750000e+02
3.944396638870239258e+01 3.029999999999999805e+00 4.399999976158142090e-02 8.113171386718750000e+02
3.953301501274108887e+01 3.029999999999999805e+00 4.399999976158142090e-02 9.931641235351562500e+02
3.961996555328369141e+01 3.020000000000000018e+00 4.399999976158142090e-02 9.791759033203125000e+02
3.973696208000183105e+01 3.029999999999999805e+00 4.399999976158142090e-02 9.791759033203125000e+02
3.982600378990173340e+01 3.040000000000000036e+00 4.399999976158142090e-02 9.791759033203125000e+02
3.993496751785278320e+01 3.100000000000000089e+00 4.399999976158142090e-02 9.931641235351562500e+02
4.002999997138977051e+01 3.069999999999999840e+00 4.399999976158142090e-02 8.113171386718750000e+02
4.014096260070800781e+01 3.069999999999999840e+00 4.399999976158142090e-02 8.113171386718750000e+02
4.022696447372436523e+01 3.029999999999999805e+00 4.399999976158142090e-02 9.791759033203125000e+02
4.033696722984313965e+01 3.100000000000000089e+00 4.399999976158142090e-02 9.092347412109375000e+02
4.043401241302490234e+01 3.149999999999999911e+00 4.399999976158142090e-02 7.273877563476562500e+02
4.054199957847595215e+01 3.029999999999999805e+00 4.399999976158142090e-02 5.455408935546875000e+02
4.063696432113647461e+01 3.029999999999999805e+00 4.399999976158142090e-02 4.476232604980468750e+02
4.072696566581726074e+01 3.020000000000000018e+00 4.399999976158142090e-02 4.476232604980468750e+02
4.083401799201965332e+01 3.069999999999999840e+00 4.399999976158142090e-02 0.000000000000000000e+00
4.092896723747253418e+01 2.919999999999999929e+00 4.399999976158142090e-02 8.392935943603515625e+01
4.104204702377319336e+01 2.870000000000000107e+00 4.399999976158142090e-02 2.657763061523437500e+02
4.112696337699890137e+01 2.950000000000000178e+00 4.399999976158142090e-02 0.000000000000000000e+00
4.124396729469299316e+01 2.919999999999999929e+00 4.399999976158142090e-02 0.000000000000000000e+00
4.133400177955627441e+01 2.959999999999999964e+00 4.399999976158142090e-02 0.000000000000000000e+00
4.144201016426086426e+01 3.020000000000000018e+00 4.399999976158142090e-02 0.000000000000000000e+00
4.153596568107604980e+01 3.009999999999999787e+00 4.399999976158142090e-02 0.000000000000000000e+00
4.162696385383605957e+01 3.189999999999999947e+00 4.399999976158142090e-02 0.000000000000000000e+00
4.173800039291381836e+01 3.149999999999999911e+00 4.399999976158142090e-02 0.000000000000000000e+00
4.182496500015258789e+01 3.040000000000000036e+00 4.399999976158142090e-02 0.000000000000000000e+00
4.194201087951660156e+01 3.459999999999999964e+00 4.399999976158142090e-02 0.000000000000000000e+00
4.203096485137939453e+01 3.899999999999999911e+00 4.399999976158142090e-02 0.000000000000000000e+00
4.213996458053588867e+01 4.719999999999999751e+00 4.399999976158142090e-02 0.000000000000000000e+00
4.223496842384338379e+01 5.179999999999999716e+00 4.399999976158142090e-02 0.000000000000000000e+00
4.232396340370178223e+01 5.669999999999999929e+00 4.399999976158142090e-02 0.000000000000000000e+00
4.243196415901184082e+01 5.919999999999999929e+00 1.600000075995922089e-02 -5.455408935546875000e+02
4.252696585655212402e+01 3.729999999999999982e+00 1.600000075995922089e-02 -1.091081787109375000e+03
4.263896393775939941e+01 2.950000000000000178e+00 1.600000075995922089e-02 -1.161022827148437500e+03
4.272396850585937500e+01 2.919999999999999929e+00 1.600000075995922089e-02 -1.258940307617187500e+03
4.284201526641845703e+01 2.950000000000000178e+00 1.600000075995922089e-02 -1.706563598632812500e+03
4.293196177482604980e+01 2.970000000000000195e+00 1.600000075995922089e-02 -1.804481201171875000e+03
4.303896331787109375e+01 2.939999999999999947e+00 1.600000075995922089e-02 -2.336033691406250000e+03
4.313401293754577637e+01 2.890000000000000124e+00 1.600000075995922089e-02 -2.252104736328125000e+03
4.322396612167358398e+01 2.779999999999999805e+00 1.600000075995922089e-02 -2.252104736328125000e+03
4.333196234703063965e+01 2.720000000000000195e+00 1.600000075995922089e-02 -2.252104736328125000e+03
4.342600822448730469e+01 2.790000000000000036e+00 1.600000075995922089e-02 -2.615798339843750000e+03
4.353896689414978027e+01 2.990000000000000213e+00 1.600000075995922089e-02 -2.881574707031250000e+03
4.362796258926391602e+01 3.049999999999999822e+00 1.600000075995922089e-02 -2.601810058593750000e+03
4.374096512794494629e+01 3.029999999999999805e+00 1.600000075995922089e-02 -2.881574707031250000e+03
4.383196258544921875e+01 2.990000000000000213e+00 1.600000075995922089e-02 -2.979492187500000000e+03
4.394296574592590332e+01 2.990000000000000213e+00 1.600000075995922089e-02 -3.511044921875000000e+03
4.403000068664550781e+01 3.109999999999999876e+00 1.600000075995922089e-02 -3.413127197265625000e+03
4.412496471405029297e+01 3.060000000000000053e+00 1.600000075995922089e-02 -3.594974121093750000e+03
4.423596167564392090e+01 3.020000000000000018e+00 1.600000075995922089e-02 -3.594974121093750000e+03
4.434396481513977051e+01 3.060000000000000053e+00 1.600000075995922089e-02 -3.776821289062500000e+03
4.443996238708496094e+01 3.069999999999999840e+00 1.600000075995922089e-02 -3.776821289062500000e+03
4.452896237373352051e+01 2.930000000000000160e+00 1.600000075995922089e-02 -3.776821289062500000e+03
4.463697671890258789e+01 2.859999999999999876e+00 1.600000075995922089e-02 -3.245268554687500000e+03
4.473196434974670410e+01 2.819999999999999840e+00 1.600000075995922089e-02 -2.517880615234375000e+03
4.484396743774414062e+01 2.879999999999999893e+00 1.600000075995922089e-02 -2.238116455078125000e+03
4.492896223068237305e+01 2.959999999999999964e+00 1.600000075995922089e-02 -3.636938781738281250e+02
4.502396631240844727e+01 2.439999999999999947e+00 1.600000075995922089e-02 0.000000000000000000e+00
4.513696265220642090e+01 1.659999999999999920e+00 1.600000075995922089e-02 0.000000000000000000e+00
4.524396181106567383e+01 1.590000000000000080e+00 1.600000075995922089e-02 0.000000000000000000e+00
4.533896493911743164e+01 1.439999999999999947e+00 4.399999976158142090e-02 8.952465209960937500e+02
4.542896318435668945e+01 2.819999999999999840e+00 4.399999976158142090e-02 1.342869750976562500e+03
4.553696918487548828e+01 2.979999999999999982e+00 4.399999976158142090e-02 1.342869750976562500e+03
4.563096451759338379e+01 3.020000000000000018e+00 4.399999976158142090e-02 1.426799072265625000e+03
4.574397158622741699e+01 2.990000000000000213e+00 4.399999976158142090e-02 1.622634277343750000e+03
4.583296489715576172e+01 3.000000000000000000e+00 4.399999976158142090e-02 1.524716674804687500e+03
4.591996192932128906e+01 3.020000000000000018e+00 4.399999976158142090e-02 1.720551879882812500e+03
4.603696203231811523e+01 3.069999999999999840e+00 4.399999976158142090e-02 1.706563598632812500e+03
4.612600946426391602e+01 3.060000000000000053e+00 4.399999976158142090e-02 1.972340087890625000e+03
4.623496675491333008e+01 3.040000000000000036e+00 4.399999976158142090e-02 1.986328247070312500e+03
4.633001589775085449e+01 3.040000000000000036e+00 4.399999976158142090e-02 1.972340087890625000e+03
4.644097733497619629e+01 3.049999999999999822e+00 4.399999976158142090e-02 2.070257568359375000e+03
4.652696371078491211e+01 3.069999999999999840e+00 4.399999976158142090e-02 2.168175292968750000e+03
4.664396762847900391e+01 3.089999999999999858e+00 4.399999976158142090e-02 2.070257568359375000e+03
4.673400402069091797e+01 3.089999999999999858e+00 4.399999976158142090e-02 2.070257568359375000e+03
4.684200167655944824e+01 3.080000000000000071e+00 4.399999976158142090e-02 2.070257568359375000e+03
4.693696284294128418e+01 3.029999999999999805e+00 4.399999976158142090e-02 2.252104736328125000e+03
4.702696561813354492e+01 3.040000000000000036e+00 4.399999976158142090e-02 2.517880615234375000e+03
4.713401198387145996e+01 3.049999999999999822e+00 4.399999976158142090e-02 2.517880615234375000e+03
4.722896146774291992e+01 3.080000000000000071e+00 4.399999976158142090e-02 2.531868896484375000e+03
4.734201025962829590e+01 3.029999999999999805e+00 4.399999976158142090e-02 2.699727783203125000e+03
4.742696475982666016e+01 3.089999999999999858e+00 4.399999976158142090e-02 2.699727783203125000e+03
4.754396462440490723e+01 3.060000000000000053e+00 4.399999976158142090e-02 2.517880615234375000e+03
4.763401794433593750e+01 2.990000000000000213e+00 4.399999976158142090e-02 2.881574707031250000e+03
4.774200391769409180e+01 3.049999999999999822e+00 4.399999976158142090e-02 2.881574707031250000e+03
4.783596348762512207e+01 3.120000000000000107e+00 4.399999976158142090e-02 2.433951416015625000e+03
4.792696309089660645e+01 3.140000000000000124e+00 4.399999976158142090e-02 2.350021972656250000e+03
4.803800320625305176e+01 3.120000000000000107e+00 4.399999976158142090e-02 1.888410644531250000e+03
4.812496519088745117e+01 3.120000000000000107e+00 4.399999976158142090e-02 1.972340087890625000e+03
4.824200153350830078e+01 3.049999999999999822e+00 4.399999976158142090e-02 1.804481201171875000e+03
4.833096671104431152e+01 3.220000000000000195e+00 4.399999976158142090e-02 1.356857910156250000e+03
4.843996214866638184e+01 3.129999999999999893e+00 4.399999976158142090e-02 1.258940307617187500e+03
4.853496718406677246e+01 3.040000000000000036e+00 4.399999976158142090e-02 5.455408935546875000e+02
4.862395477294921875e+01 3.839999999999999858e+00 4.399999976158142090e-02 0.000000000000000000e+00
4.873196244239807129e+01 4.129999999999999893e+00 4.399999976158142090e-02 0.000000000000000000e+00
4.882697510719299316e+01 3.640000000000000124e+00 4.399999976158142090e-02 0.000000000000000000e+00
4.893896627426147461e+01 3.160000000000000142e+00 4.399999976158142090e-02 0.000000000000000000e+00
4.902396702766418457e+01 3.060000000000000053e+00 4.399999976158142090e-02 0.000000000000000000e+00
4.914200544357299805e+01 3.140000000000000124e+00 4.399999976158142090e-02 0.000000000000000000e+00
4.923196578025817871e+01 3.189999999999999947e+00 4.399999976158142090e-02 0.000000000000000000e+00
4.933896517753601074e+01 3.200000000000000178e+00 4.399999976158142090e-02 0.000000000000000000e+00
4.943400907516479492e+01 3.169999999999999929e+00 4.399999976158142090e-02 0.000000000000000000e+00
4.952396583557128906e+01 3.129999999999999893e+00 4.399999976158142090e-02 0.000000000000000000e+00
4.963196372985839844e+01 3.100000000000000089e+00 4.399999976158142090e-02 0.000000000000000000e+00
4.972600698471069336e+01 3.060000000000000053e+00 4.399999976158142090e-02 0.000000000000000000e+00
4.983896422386169434e+01 3.040000000000000036e+00 4.399999976158142090e-02 0.000000000000000000e+00
4.992796850204467773e+01 3.020000000000000018e+00 4.399999976158142090e-02 0.000000000000000000e+00
5.004096508026123047e+01 3.000000000000000000e+00 4.399999976158142090e-02 0.000000000000000000e+00
5.013196444511413574e+01 2.990000000000000213e+00 4.399999976158142090e-02 0.000000000000000000e+00
5.024296474456787109e+01 2.979999999999999982e+00 4.399999976158142090e-02 0.000000000000000000e+00
5.033000946044921875e+01 2.970000000000000195e+00 4.399999976158142090e-02 0.000000000000000000e+00
5.042496585845947266e+01 2.959999999999999964e+00 4.399999976158142090e-02 0.000000000000000000e+00
