6.799173355102539062e-02 4.150000000000000355e+00 6.100000068545341492e-02 0.000000000000000000e+00
1.639878749847412109e-01 4.150000000000000355e+00 6.100000068545341492e-02 0.000000000000000000e+00
2.499933242797851562e-01 4.150000000000000355e+00 6.100000068545341492e-02 0.000000000000000000e+00
3.619918823242187500e-01 4.150000000000000355e+00 6.100000068545341492e-02 0.000000000000000000e+00
4.569907188415527344e-01 4.150000000000000355e+00 6.100000068545341492e-02 0.000000000000000000e+00
5.649895668029785156e-01 4.150000000000000355e+00 6.100000068545341492e-02 0.000000000000000000e+00
6.539895534515380859e-01 4.150000000000000355e+00 6.100000068545341492e-02 0.000000000000000000e+00
7.489893436431884766e-01 4.150000000000000355e+00 6.100000068545341492e-02 0.000000000000000000e+00
8.609933853149414062e-01 4.150000000000000355e+00 6.100000068545341492e-02 0.000000000000000000e+00
9.679901599884033203e-01 4.150000000000000355e+00 6.100000068545341492e-02 0.000000000000000000e+00
1.063989877700805664e+00 4.150000000000000355e+00 6.100000068545341492e-02 0.000000000000000000e+00
1.153990268707275391e+00 4.150000000000000355e+00 6.100000068545341492e-02 0.000000000000000000e+00
1.261997222900390625e+00 4.150000000000000355e+00 6.100000068545341492e-02 0.000000000000000000e+00
1.355992078781127930e+00 4.150000000000000355e+00 6.100000068545341492e-02 0.000000000000000000e+00
1.447028398513793945e+00 4.129999999999999893e+00 6.100000068545341492e-02 0.000000000000000000e+00
1.553990602493286133e+00 4.139999999999999680e+00 6.100000068545341492e-02 0.000000000000000000e+00
1.644988775253295898e+00 4.120000000000000107e+00 6.100000068545341492e-02 0.000000000000000000e+00
1.761992216110229492e+00 4.139999999999999680e+00 6.100000068545341492e-02 0.000000000000000000e+00
1.868991851806640625e+00 4.099999999999999645e+00 6.100000068545341492e-02 0.000000000000000000e+00
1.960025310516357422e+00 4.290000000000000036e+00 6.100000068545341492e-02 0.000000000000000000e+00
2.053997516632080078e+00 4.480000000000000426e+00 6.100000068545341492e-02 0.000000000000000000e+00
2.161989927291870117e+00 4.750000000000000000e+00 6.100000068545341492e-02 0.000000000000000000e+00
2.251994132995605469e+00 5.110000000000000320e+00 6.100000068545341492e-02 0.000000000000000000e+00
2.367038488388061523e+00 5.349999999999999645e+00 6.100000068545341492e-02 0.000000000000000000e+00
2.455034255981445312e+00 5.750000000000000000e+00 6.100000068545341492e-02 0.000000000000000000e+00
2.567040205001831055e+00 6.190000000000000391e+00 6.100000068545341492e-02 0.000000000000000000e+00
2.661990165710449219e+00 6.530000000000000249e+00 6.100000068545341492e-02 0.000000000000000000e+00
2.751055955886840820e+00 6.839999999999999858e+00 6.100000068545341492e-02 0.000000000000000000e+00
2.859041690826416016e+00 6.990000000000000213e+00 6.100000068545341492e-02 0.000000000000000000e+00
2.953989267349243164e+00 7.049999999999999822e+00 6.100000068545341492e-02 0.000000000000000000e+00
3.065990447998046875e+00 7.280000000000000249e+00 6.100000068545341492e-02 0.000000000000000000e+00
3.151990175247192383e+00 7.519999999999999574e+00 6.100000068545341492e-02 0.000000000000000000e+00
3.260996341705322266e+00 7.700000000000000178e+00 2.899999916553497314e-02 -6.294701538085937500e+02
3.359026908874511719e+00 5.650000000000000355e+00 2.899999916553497314e-02 -9.931641235351562500e+02
3.467033624649047852e+00 4.280000000000000249e+00 2.899999916553497314e-02 -4.476232604980468750e+02
3.560994148254394531e+00 4.410000000000000142e+00 2.899999916553497314e-02 -2.797645568847656250e+02
3.651993036270141602e+00 4.509999999999999787e+00 2.899999916553497314e-02 -5.455408935546875000e+02
3.759038686752319336e+00 4.469999999999999751e+00 2.899999916553497314e-02 -4.476232604980468750e+02
3.849992036819458008e+00 4.459999999999999964e+00 2.899999916553497314e-02 -4.616115112304687500e+02
3.967029333114624023e+00 4.469999999999999751e+00 2.899999916553497314e-02 -5.315526123046875000e+02
4.051992893218994141e+00 4.469999999999999751e+00 2.899999916553497314e-02 -4.476232604980468750e+02
4.164990425109863281e+00 4.549999999999999822e+00 2.899999916553497314e-02 -5.315526123046875000e+02
4.259024620056152344e+00 4.610000000000000320e+00 2.899999916553497314e-02 -5.315526123046875000e+02
4.367033481597900391e+00 4.530000000000000249e+00 2.899999916553497314e-02 -5.315526123046875000e+02
4.456990480422973633e+00 4.480000000000000426e+00 2.899999916553497314e-02 -4.476232604980468750e+02
4.551993131637573242e+00 4.509999999999999787e+00 2.899999916553497314e-02 -5.315526123046875000e+02
4.659993410110473633e+00 4.500000000000000000e+00 2.899999916553497314e-02 -5.455408935546875000e+02
4.748987913131713867e+00 4.540000000000000036e+00 2.899999916553497314e-02 -4.476232604980468750e+02
4.867036819458007812e+00 4.519999999999999574e+00 2.899999916553497314e-02 -3.497056579589843750e+02
4.955991029739379883e+00 4.570000000000000284e+00 2.899999916553497314e-02 -5.315526123046875000e+02
5.063990831375122070e+00 4.519999999999999574e+00 2.899999916553497314e-02 -7.273877563476562500e+02
5.159037113189697266e+00 4.469999999999999751e+00 2.899999916553497314e-02 -5.455408935546875000e+02
5.248990297317504883e+00 4.429999999999999716e+00 2.899999916553497314e-02 -5.455408935546875000e+02
5.356989860534667969e+00 4.459999999999999964e+00 2.899999916553497314e-02 -6.434584350585937500e+02
5.451035261154174805e+00 4.459999999999999964e+00 2.899999916553497314e-02 -9.092347412109375000e+02
5.563994884490966797e+00 4.389999999999999680e+00 2.899999916553497314e-02 -8.113171386718750000e+02
5.648989439010620117e+00 4.370000000000000107e+00 2.899999916553497314e-02 -6.294701538085937500e+02
5.765991449356079102e+00 4.349999999999999645e+00 2.899999916553497314e-02 -6.294701538085937500e+02
5.856988668441772461e+00 4.339999999999999858e+00 2.899999916553497314e-02 -4.616115112304687500e+02
5.963989496231079102e+00 4.320000000000000284e+00 2.899999916553497314e-02 -5.315526123046875000e+02
6.055022716522216797e+00 4.440000000000000391e+00 2.899999916553497314e-02 -4.476232604980468750e+02
6.148988723754882812e+00 4.480000000000000426e+00 2.899999916553497314e-02 -2.657763061523437500e+02
6.256989955902099609e+00 4.480000000000000426e+00 2.899999916553497314e-02 -3.636938781738281250e+02
6.347036600112915039e+00 4.500000000000000000e+00 2.899999916553497314e-02 -4.616115112304687500e+02
6.463989257812500000e+00 4.480000000000000426e+00 2.899999916553497314e-02 -4.476232604980468750e+02
6.549995183944702148e+00 4.509999999999999787e+00 2.899999916553497314e-02 -4.476232604980468750e+02
6.661993503570556641e+00 4.500000000000000000e+00 2.899999916553497314e-02 -3.636938781738281250e+02
6.757097005844116211e+00 4.410000000000000142e+00 2.899999916553497314e-02 -3.497056579589843750e+02
6.864990234375000000e+00 4.519999999999999574e+00 2.899999916553497314e-02 -5.455408935546875000e+02
6.953989267349243164e+00 4.570000000000000284e+00 2.899999916553497314e-02 -5.455408935546875000e+02
7.048995018005371094e+00 4.559999999999999609e+00 2.899999916553497314e-02 -5.455408935546875000e+02
7.161001920700073242e+00 4.509999999999999787e+00 2.899999916553497314e-02 -4.476232604980468750e+02
7.267989397048950195e+00 4.519999999999999574e+00 2.899999916553497314e-02 -5.455408935546875000e+02
7.363992452621459961e+00 4.490000000000000213e+00 2.899999916553497314e-02 -4.616115112304687500e+02
7.453991889953613281e+00 4.410000000000000142e+00 2.899999916553497314e-02 -4.476232604980468750e+02
7.561993598937988281e+00 4.419999999999999929e+00 2.899999916553497314e-02 -5.455408935546875000e+02
7.655992507934570312e+00 4.459999999999999964e+00 2.899999916553497314e-02 -6.294701538085937500e+02
7.753988742828369141e+00 4.400000000000000355e+00 2.899999916553497314e-02 -6.294701538085937500e+02
7.853989362716674805e+00 4.400000000000000355e+00 2.899999916553497314e-02 -6.294701538085937500e+02
7.944987773895263672e+00 4.370000000000000107e+00 2.899999916553497314e-02 -4.616115112304687500e+02
8.061992883682250977e+00 4.419999999999999929e+00 2.899999916553497314e-02 -4.616115112304687500e+02
8.153989076614379883e+00 4.389999999999999680e+00 2.899999916553497314e-02 -4.476232604980468750e+02
8.259996891021728516e+00 4.459999999999999964e+00 2.899999916553497314e-02 -4.476232604980468750e+02
8.353988885879516602e+00 4.459999999999999964e+00 2.899999916553497314e-02 -4.476232604980468750e+02
8.461991310119628906e+00 4.419999999999999929e+00 2.899999916553497314e-02 -6.434584350585937500e+02
8.551996707916259766e+00 4.320000000000000284e+00 2.899999916553497314e-02 -4.476232604980468750e+02
8.647034406661987305e+00 4.450000000000000178e+00 2.899999916553497314e-02 -5.315526123046875000e+02
8.755041837692260742e+00 4.410000000000000142e+00 2.899999916553497314e-02 -4.476232604980468750e+02
8.867033958435058594e+00 4.360000000000000320e+00 2.899999916553497314e-02 -5.455408935546875000e+02
8.961991071701049805e+00 4.379999999999999893e+00 2.899999916553497314e-02 -4.476232604980468750e+02
9.068997621536254883e+00 4.419999999999999929e+00 2.899999916553497314e-02 -3.636938781738281250e+02
9.159039258956909180e+00 4.410000000000000142e+00 2.899999916553497314e-02 -3.636938781738281250e+02
9.253992557525634766e+00 4.519999999999999574e+00 2.899999916553497314e-02 -3.636938781738281250e+02
9.365991830825805664e+00 4.509999999999999787e+00 2.899999916553497314e-02 -3.636938781738281250e+02
9.451995849609375000e+00 4.559999999999999609e+00 2.899999916553497314e-02 -3.636938781738281250e+02
9.551992177963256836e+00 4.629999999999999893e+00 2.899999916553497314e-02 -6.294701538085937500e+02
9.659025192260742188e+00 4.570000000000000284e+00 2.899999916553497314e-02 -8.952465209960937500e+02
9.767026901245117188e+00 4.389999999999999680e+00 2.899999916553497314e-02 -8.952465209960937500e+02
9.860995769500732422e+00 4.320000000000000284e+00 2.899999916553497314e-02 -6.294701538085937500e+02
9.951996803283691406e+00 4.349999999999999645e+00 2.899999916553497314e-02 -4.476232604980468750e+02
1.005902957916259766e+01 4.450000000000000178e+00 2.899999916553497314e-02 -2.657763061523437500e+02
1.014999628067016602e+01 4.589999999999999858e+00 2.899999916553497314e-02 -2.657763061523437500e+02
1.026703119277954102e+01 4.559999999999999609e+00 2.899999916553497314e-02 -3.497056579589843750e+02
1.035199475288391113e+01 4.509999999999999787e+00 2.899999916553497314e-02 -4.476232604980468750e+02
1.046500611305236816e+01 4.410000000000000142e+00 2.899999916553497314e-02 -2.797645568847656250e+02
1.055902647972106934e+01 4.450000000000000178e+00 2.899999916553497314e-02 -1.818469390869140625e+02
1.066702938079833984e+01 4.490000000000000213e+00 2.899999916553497314e-02 -3.636938781738281250e+02
1.075698876380920410e+01 4.509999999999999787e+00 2.899999916553497314e-02 -3.636938781738281250e+02
1.085199522972106934e+01 4.480000000000000426e+00 2.899999916553497314e-02 -4.476232604980468750e+02
1.095999097824096680e+01 4.519999999999999574e+00 2.899999916553497314e-02 -7.273877563476562500e+02
1.104898881912231445e+01 4.389999999999999680e+00 2.899999916553497314e-02 -8.113171386718750000e+02
1.116703271865844727e+01 4.269999999999999574e+00 2.899999916553497314e-02 -6.294701538085937500e+02
1.125599074363708496e+01 4.330000000000000071e+00 2.899999916553497314e-02 -4.476232604980468750e+02
1.136399555206298828e+01 4.480000000000000426e+00 2.899999916553497314e-02 -3.636938781738281250e+02
1.145903253555297852e+01 4.480000000000000426e+00 2.899999916553497314e-02 -4.476232604980468750e+02
1.154898905754089355e+01 4.440000000000000391e+00 2.899999916553497314e-02 -4.476232604980468750e+02
1.165699100494384766e+01 4.519999999999999574e+00 2.899999916553497314e-02 -6.294701538085937500e+02
1.175104808807373047e+01 4.480000000000000426e+00 2.899999916553497314e-02 -8.113171386718750000e+02
1.186399173736572266e+01 4.429999999999999716e+00 2.899999916553497314e-02 -6.434584350585937500e+02
1.194899034500122070e+01 4.429999999999999716e+00 2.899999916553497314e-02 -3.497056579589843750e+02
1.206599116325378418e+01 4.490000000000000213e+00 2.899999916553497314e-02 -1.818469390869140625e+02
1.215698981285095215e+01 4.459999999999999964e+00 2.899999916553497314e-02 0.000000000000000000e+00
1.226399230957031250e+01 4.209999999999999964e+00 2.899999916553497314e-02 0.000000000000000000e+00
1.235503721237182617e+01 4.339999999999999858e+00 2.899999916553497314e-02 0.000000000000000000e+00
1.244899058341979980e+01 4.450000000000000178e+00 2.899999916553497314e-02 0.000000000000000000e+00
1.255699086189270020e+01 4.599999999999999645e+00 2.899999916553497314e-02 0.000000000000000000e+00
1.264702749252319336e+01 4.750000000000000000e+00 2.899999916553497314e-02 0.000000000000000000e+00
1.276399135589599609e+01 4.929999999999999716e+00 2.899999916553497314e-02 -3.497056579589843750e+02
1.284998941421508789e+01 4.669999999999999929e+00 2.899999916553497314e-02 -5.315526123046875000e+02
1.296199107170104980e+01 4.509999999999999787e+00 2.899999916553497314e-02 -3.636938781738281250e+02
1.305699014663696289e+01 4.480000000000000426e+00 2.899999916553497314e-02 -2.797645568847656250e+02
1.316498923301696777e+01 4.519999999999999574e+00 2.899999916553497314e-02 -2.797645568847656250e+02
1.325399756431579590e+01 4.610000000000000320e+00 2.899999916553497314e-02 -3.636938781738281250e+02
1.334899306297302246e+01 4.570000000000000284e+00 2.899999916553497314e-02 -4.476232604980468750e+02
1.346099638938903809e+01 4.500000000000000000e+00 2.899999916553497314e-02 -1.818469390869140625e+02
1.356898856163024902e+01 4.610000000000000320e+00 2.899999916553497314e-02 0.000000000000000000e+00
1.366399598121643066e+01 4.719999999999999751e+00 2.899999916553497314e-02 0.000000000000000000e+00
1.375399017333984375e+01 4.750000000000000000e+00 2.899999916553497314e-02 0.000000000000000000e+00
1.386199188232421875e+01 4.870000000000000107e+00 2.899999916553497314e-02 -2.797645568847656250e+02
1.395599246025085449e+01 4.759999999999999787e+00 2.899999916553497314e-02 -6.294701538085937500e+02
1.406799030303955078e+01 4.540000000000000036e+00 2.899999916553497314e-02 -3.636938781738281250e+02
1.415398883819580078e+01 4.549999999999999822e+00 2.899999916553497314e-02 -2.657763061523437500e+02
1.424499106407165527e+01 4.599999999999999645e+00 2.899999916553497314e-02 -3.636938781738281250e+02
1.436199355125427246e+01 4.589999999999999858e+00 2.899999916553497314e-02 -6.294701538085937500e+02
1.446799015998840332e+01 4.480000000000000426e+00 2.899999916553497314e-02 -6.294701538085937500e+02
1.455999112129211426e+01 4.419999999999999929e+00 2.899999916553497314e-02 -7.273877563476562500e+02
1.465398907661437988e+01 4.379999999999999893e+00 2.899999916553497314e-02 -5.455408935546875000e+02
1.476199173927307129e+01 4.309999999999999609e+00 2.899999916553497314e-02 -2.657763061523437500e+02
1.485199570655822754e+01 4.509999999999999787e+00 2.899999916553497314e-02 -2.797645568847656250e+02
1.496899557113647461e+01 4.519999999999999574e+00 2.899999916553497314e-02 -3.636938781738281250e+02
1.505503082275390625e+01 4.540000000000000036e+00 2.899999916553497314e-02 -4.476232604980468750e+02
1.516703319549560547e+01 4.429999999999999716e+00 2.899999916553497314e-02 -5.455408935546875000e+02
1.526199221611022949e+01 4.419999999999999929e+00 2.899999916553497314e-02 -6.294701538085937500e+02
1.535104846954345703e+01 4.370000000000000107e+00 2.899999916553497314e-02 -7.273877563476562500e+02
1.545902943611145020e+01 4.410000000000000142e+00 2.899999916553497314e-02 -5.455408935546875000e+02
1.555398917198181152e+01 4.450000000000000178e+00 2.899999916553497314e-02 -2.657763061523437500e+02
1.566598916053771973e+01 4.509999999999999787e+00 2.899999916553497314e-02 -3.497056579589843750e+02
1.575199389457702637e+01 4.610000000000000320e+00 2.899999916553497314e-02 -6.294701538085937500e+02
1.585199189186096191e+01 4.509999999999999787e+00 2.899999916553497314e-02 -7.273877563476562500e+02
1.595904326438903809e+01 4.480000000000000426e+00 2.899999916553497314e-02 -8.113171386718750000e+02
1.606703495979309082e+01 4.469999999999999751e+00 2.899999916553497314e-02 -8.113171386718750000e+02
1.616108822822570801e+01 4.509999999999999787e+00 2.899999916553497314e-02 -7.273877563476562500e+02
1.625199437141418457e+01 4.450000000000000178e+00 2.899999916553497314e-02 -7.273877563476562500e+02
1.635904073715209961e+01 4.450000000000000178e+00 2.899999916553497314e-02 -8.113171386718750000e+02
1.645000195503234863e+01 4.360000000000000320e+00 2.899999916553497314e-02 -7.273877563476562500e+02
1.656703519821166992e+01 4.389999999999999680e+00 2.899999916553497314e-02 -5.315526123046875000e+02
1.665200257301330566e+01 4.440000000000000391e+00 2.899999916553497314e-02 -7.133995361328125000e+02
1.676499223709106445e+01 4.419999999999999929e+00 2.899999916553497314e-02 -7.273877563476562500e+02
1.685902786254882812e+01 4.379999999999999893e+00 2.899999916553497314e-02 -6.294701538085937500e+02
1.696705222129821777e+01 4.360000000000000320e+00 2.899999916553497314e-02 -8.392935943603515625e+01
1.705699253082275391e+01 3.879999999999999893e+00 2.899999916553497314e-02 0.000000000000000000e+00
1.715199017524719238e+01 3.750000000000000000e+00 2.899999916553497314e-02 0.000000000000000000e+00
1.725999093055725098e+01 3.529999999999999805e+00 2.899999916553497314e-02 0.000000000000000000e+00
1.734899091720581055e+01 2.870000000000000107e+00 2.899999916553497314e-02 0.000000000000000000e+00
1.746702957153320312e+01 2.330000000000000071e+00 2.899999916553497314e-02 0.000000000000000000e+00
1.755599617958068848e+01 2.020000000000000018e+00 2.899999916553497314e-02 0.000000000000000000e+00
1.766399073600769043e+01 1.870000000000000107e+00 2.899999916553497314e-02 0.000000000000000000e+00
1.775904250144958496e+01 1.739999999999999991e+00 6.100000068545341492e-02 8.113171386718750000e+02
1.784898972511291504e+01 4.110000000000000320e+00 6.100000068545341492e-02 1.440787353515625000e+03
1.795698881149291992e+01 4.660000000000000142e+00 6.100000068545341492e-02 7.133995361328125000e+02
1.805104398727416992e+01 4.490000000000000213e+00 6.100000068545341492e-02 8.952465209960937500e+02
1.816399407386779785e+01 4.469999999999999751e+00 6.100000068545341492e-02 1.077093505859375000e+03
1.824899101257324219e+01 4.490000000000000213e+00 6.100000068545341492e-02 8.952465209960937500e+02
1.836599707603454590e+01 4.490000000000000213e+00 6.100000068545341492e-02 8.952465209960937500e+02
1.845699071884155273e+01 4.549999999999999822e+00 6.100000068545341492e-02 8.113171386718750000e+02
1.856399130821228027e+01 4.519999999999999574e+00 6.100000068545341492e-02 9.931641235351562500e+02
1.865503668785095215e+01 4.519999999999999574e+00 6.100000068545341492e-02 7.973289184570312500e+02
1.874898862838745117e+01 4.549999999999999822e+00 6.100000068545341492e-02 8.113171386718750000e+02
1.885698938369750977e+01 4.570000000000000284e+00 6.100000068545341492e-02 8.952465209960937500e+02
1.894704008102416992e+01 4.549999999999999822e+00 6.100000068545341492e-02 7.273877563476562500e+02
1.906398987770080566e+01 4.500000000000000000e+00 6.100000068545341492e-02 5.315526123046875000e+02
1.914999222755432129e+01 4.429999999999999716e+00 6.100000068545341492e-02 7.273877563476562500e+02
1.926199793815612793e+01 4.469999999999999751e+00 6.100000068545341492e-02 8.113171386718750000e+02
1.935698866844177246e+01 4.519999999999999574e+00 6.100000068545341492e-02 7.133995361328125000e+02
1.946498966217041016e+01 4.459999999999999964e+00 6.100000068545341492e-02 7.973289184570312500e+02
1.955409049987792969e+01 4.490000000000000213e+00 6.100000068545341492e-02 7.133995361328125000e+02
1.964899063110351562e+01 4.500000000000000000e+00 6.100000068545341492e-02 8.113171386718750000e+02
1.976099228858947754e+01 4.540000000000000036e+00 6.100000068545341492e-02 6.294701538085937500e+02
1.986799049377441406e+01 4.639999999999999680e+00 6.100000068545341492e-02 4.476232604980468750e+02
1.996399521827697754e+01 4.500000000000000000e+00 6.100000068545341492e-02 5.455408935546875000e+02
2.005398869514465332e+01 4.440000000000000391e+00 6.100000068545341492e-02 7.133995361328125000e+02
2.016199421882629395e+01 4.490000000000000213e+00 6.100000068545341492e-02 7.273877563476562500e+02
2.025599384307861328e+01 4.530000000000000249e+00 6.100000068545341492e-02 5.315526123046875000e+02
2.036799001693725586e+01 4.469999999999999751e+00 6.100000068545341492e-02 9.931641235351562500e+02
2.045398950576782227e+01 4.570000000000000284e+00 6.100000068545341492e-02 8.952465209960937500e+02
2.054498887062072754e+01 4.589999999999999858e+00 6.100000068545341492e-02 5.455408935546875000e+02
2.066199207305908203e+01 4.549999999999999822e+00 6.100000068545341492e-02 5.455408935546875000e+02
2.074702692031860352e+01 4.469999999999999751e+00 6.100000068545341492e-02 4.476232604980468750e+02
2.085999250411987305e+01 4.459999999999999964e+00 6.100000068545341492e-02 5.455408935546875000e+02
2.095398783683776855e+01 4.469999999999999751e+00 6.100000068545341492e-02 6.294701538085937500e+02
2.106199860572814941e+01 4.530000000000000249e+00 6.100000068545341492e-02 5.455408935546875000e+02
2.115199446678161621e+01 4.469999999999999751e+00 6.100000068545341492e-02 3.636938781738281250e+02
2.126798915863037109e+01 4.360000000000000320e+00 6.100000068545341492e-02 4.476232604980468750e+02
2.135502791404724121e+01 4.410000000000000142e+00 6.100000068545341492e-02 5.315526123046875000e+02
2.146702456474304199e+01 4.440000000000000391e+00 6.100000068545341492e-02 6.294701538085937500e+02
2.156198930740356445e+01 4.440000000000000391e+00 6.100000068545341492e-02 6.294701538085937500e+02
2.165102720260620117e+01 4.440000000000000391e+00 6.100000068545341492e-02 7.273877563476562500e+02
2.175902390480041504e+01 4.469999999999999751e+00 6.100000068545341492e-02 7.273877563476562500e+02
2.185398840904235840e+01 4.490000000000000213e+00 6.100000068545341492e-02 6.294701538085937500e+02
2.196598958969116211e+01 4.490000000000000213e+00 6.100000068545341492e-02 8.113171386718750000e+02
2.205199575424194336e+01 4.500000000000000000e+00 6.100000068545341492e-02 6.294701538085937500e+02
2.216099405288696289e+01 4.500000000000000000e+00 6.100000068545341492e-02 4.476232604980468750e+02
2.225903487205505371e+01 4.519999999999999574e+00 6.100000068545341492e-02 5.315526123046875000e+02
2.236703205108642578e+01 4.480000000000000426e+00 6.100000068545341492e-02 5.455408935546875000e+02
2.246099376678466797e+01 4.500000000000000000e+00 6.100000068545341492e-02 4.476232604980468750e+02
2.255199527740478516e+01 4.530000000000000249e+00 6.100000068545341492e-02 5.315526123046875000e+02
2.265902447700500488e+01 4.519999999999999574e+00 6.100000068545341492e-02 7.273877563476562500e+02
2.275002360343933105e+01 4.490000000000000213e+00 6.100000068545341492e-02 7.273877563476562500e+02
2.286703848838806152e+01 4.509999999999999787e+00 6.100000068545341492e-02 6.294701538085937500e+02
2.295199489593505859e+01 4.450000000000000178e+00 6.100000068545341492e-02 5.315526123046875000e+02
2.306499028205871582e+01 4.400000000000000355e+00 6.100000068545341492e-02 6.294701538085937500e+02
2.315902781486511230e+01 4.469999999999999751e+00 6.100000068545341492e-02 7.133995361328125000e+02
2.326702857017517090e+01 4.429999999999999716e+00 6.100000068545341492e-02 6.294701538085937500e+02
2.335699057579040527e+01 4.370000000000000107e+00 6.100000068545341492e-02 6.294701538085937500e+02
2.345199275016784668e+01 4.500000000000000000e+00 6.100000068545341492e-02 6.294701538085937500e+02
2.356004047393798828e+01 4.490000000000000213e+00 6.100000068545341492e-02 5.455408935546875000e+02
2.364898753166198730e+01 4.469999999999999751e+00 6.100000068545341492e-02 5.455408935546875000e+02
2.376702094078063965e+01 4.400000000000000355e+00 6.100000068545341492e-02 6.294701538085937500e+02
2.385599160194396973e+01 4.410000000000000142e+00 6.100000068545341492e-02 6.294701538085937500e+02
2.396400022506713867e+01 4.410000000000000142e+00 6.100000068545341492e-02 8.952465209960937500e+02
2.405902719497680664e+01 4.440000000000000391e+00 6.100000068545341492e-02 7.133995361328125000e+02
2.414898991584777832e+01 4.480000000000000426e+00 6.100000068545341492e-02 6.294701538085937500e+02
2.425698924064636230e+01 4.549999999999999822e+00 6.100000068545341492e-02 5.315526123046875000e+02
2.435103440284729004e+01 4.490000000000000213e+00 6.100000068545341492e-02 5.315526123046875000e+02
2.446399974822998047e+01 4.509999999999999787e+00 6.100000068545341492e-02 6.294701538085937500e+02
2.454899430274963379e+01 4.540000000000000036e+00 6.100000068545341492e-02 8.113171386718750000e+02
2.466599106788635254e+01 4.459999999999999964e+00 6.100000068545341492e-02 9.931641235351562500e+02
2.475698924064636230e+01 4.570000000000000284e+00 6.100000068545341492e-02 8.952465209960937500e+02
2.486399197578430176e+01 4.519999999999999574e+00 6.100000068545341492e-02 7.273877563476562500e+02
2.495502805709838867e+01 4.549999999999999822e+00 6.100000068545341492e-02 8.113171386718750000e+02
2.504899024963378906e+01 4.469999999999999751e+00 6.100000068545341492e-02 6.294701538085937500e+02
2.515698909759521484e+01 4.360000000000000320e+00 6.100000068545341492e-02 9.092347412109375000e+02
2.524703669548034668e+01 4.429999999999999716e+00 6.100000068545341492e-02 9.092347412109375000e+02
2.536399841308593750e+01 4.540000000000000036e+00 6.100000068545341492e-02 7.133995361328125000e+02
2.545002388954162598e+01 4.570000000000000284e+00 6.100000068545341492e-02 7.133995361328125000e+02
2.556199049949645996e+01 4.450000000000000178e+00 6.100000068545341492e-02 7.133995361328125000e+02
2.565698885917663574e+01 4.509999999999999787e+00 6.100000068545341492e-02 5.455408935546875000e+02
2.576498961448669434e+01 4.500000000000000000e+00 6.100000068545341492e-02 5.455408935546875000e+02
2.585398864746093750e+01 4.400000000000000355e+00 6.100000068545341492e-02 5.455408935546875000e+02
2.594899034500122070e+01 4.429999999999999716e+00 6.100000068545341492e-02 6.294701538085937500e+02
2.606099414825439453e+01 4.519999999999999574e+00 6.100000068545341492e-02 8.113171386718750000e+02
2.616798925399780273e+01 4.530000000000000249e+00 6.100000068545341492e-02 8.952465209960937500e+02
2.626399326324462891e+01 4.549999999999999822e+00 6.100000068545341492e-02 8.113171386718750000e+02
2.635399079322814941e+01 4.490000000000000213e+00 6.100000068545341492e-02 8.113171386718750000e+02
2.646199297904968262e+01 4.530000000000000249e+00 6.100000068545341492e-02 7.973289184570312500e+02
2.655599284172058105e+01 4.559999999999999609e+00 6.100000068545341492e-02 8.952465209960937500e+02
2.666799068450927734e+01 4.570000000000000284e+00 6.100000068545341492e-02 8.113171386718750000e+02
2.675398826599121094e+01 4.509999999999999787e+00 6.100000068545341492e-02 7.133995361328125000e+02
2.684498977661132812e+01 4.480000000000000426e+00 6.100000068545341492e-02 6.294701538085937500e+02
2.696199178695678711e+01 4.480000000000000426e+00 6.100000068545341492e-02 4.476232604980468750e+02
2.706799006462097168e+01 4.450000000000000178e+00 6.100000068545341492e-02 0.000000000000000000e+00
2.715999794006347656e+01 4.509999999999999787e+00 6.100000068545341492e-02 0.000000000000000000e+00
2.725399589538574219e+01 4.360000000000000320e+00 6.100000068545341492e-02 0.000000000000000000e+00
2.736199045181274414e+01 4.280000000000000249e+00 6.100000068545341492e-02 0.000000000000000000e+00
2.745199513435363770e+01 4.940000000000000391e+00 6.100000068545341492e-02 0.000000000000000000e+00
2.756303238868713379e+01 6.080000000000000071e+00 6.100000068545341492e-02 0.000000000000000000e+00
2.765503716468811035e+01 6.490000000000000213e+00 6.100000068545341492e-02 0.000000000000000000e+00
2.776709842681884766e+01 6.889999999999999680e+00 6.100000068545341492e-02 0.000000000000000000e+00
2.786199283599853516e+01 7.259999999999999787e+00 6.100000068545341492e-02 0.000000000000000000e+00
2.795102739334106445e+01 7.509999999999999787e+00 6.100000068545341492e-02 0.000000000000000000e+00
2.805903196334838867e+01 7.830000000000000071e+00 6.100000068545341492e-02 0.000000000000000000e+00
2.815399146080017090e+01 8.199999999999999289e+00 6.100000068545341492e-02 0.000000000000000000e+00
2.826599001884460449e+01 8.460000000000000853e+00 2.899999916553497314e-02 -8.952465209960937500e+02
2.835199379920959473e+01 5.610000000000000320e+00 2.899999916553497314e-02 -1.622634277343750000e+03
2.845298814773559570e+01 4.169999999999999929e+00 2.899999916553497314e-02 -5.455408935546875000e+02
2.855902647972106934e+01 4.320000000000000284e+00 2.899999916553497314e-02 -4.476232604980468750e+02
2.866703081130981445e+01 4.580000000000000071e+00 2.899999916553497314e-02 -9.092347412109375000e+02
2.876099681854248047e+01 4.530000000000000249e+00 2.899999916553497314e-02 -1.091081787109375000e+03
2.885199069976806641e+01 4.519999999999999574e+00 2.899999916553497314e-02 -1.161022827148437500e+03
2.895902776718139648e+01 4.450000000000000178e+00 2.899999916553497314e-02 -9.791759033203125000e+02
2.905000138282775879e+01 4.459999999999999964e+00 2.899999916553497314e-02 -8.952465209960937500e+02
2.916703391075134277e+01 4.469999999999999751e+00 2.899999916553497314e-02 -8.113171386718750000e+02
2.925199365615844727e+01 4.450000000000000178e+00 2.899999916553497314e-02 -7.133995361328125000e+02
2.936498904228210449e+01 4.480000000000000426e+00 2.899999916553497314e-02 -8.113171386718750000e+02
2.945902585983276367e+01 4.509999999999999787e+00 2.899999916553497314e-02 -9.931641235351562500e+02
2.956703329086303711e+01 4.389999999999999680e+00 2.899999916553497314e-02 -9.092347412109375000e+02
2.965699291229248047e+01 4.349999999999999645e+00 2.899999916553497314e-02 -8.113171386718750000e+02
2.975199174880981445e+01 4.400000000000000355e+00 2.899999916553497314e-02 -7.273877563476562500e+02
2.985999727249145508e+01 4.429999999999999716e+00 2.899999916553497314e-02 -8.113171386718750000e+02
2.994898962974548340e+01 4.349999999999999645e+00 2.899999916553497314e-02 -8.952465209960937500e+02
3.006703281402587891e+01 4.389999999999999680e+00 2.899999916553497314e-02 -9.791759033203125000e+02
3.015599274635314941e+01 4.360000000000000320e+00 2.899999916553497314e-02 -8.113171386718750000e+02
3.026399135589599609e+01 4.370000000000000107e+00 2.899999916553497314e-02 -7.273877563476562500e+02
3.035902857780456543e+01 4.440000000000000391e+00 2.899999916553497314e-02 -8.113171386718750000e+02
3.044899153709411621e+01 4.509999999999999787e+00 2.899999916553497314e-02 -8.952465209960937500e+02
3.055699253082275391e+01 4.549999999999999822e+00 2.899999916553497314e-02 -7.973289184570312500e+02
3.065104818344116211e+01 4.500000000000000000e+00 2.899999916553497314e-02 -9.092347412109375000e+02
3.076399230957031250e+01 4.459999999999999964e+00 2.899999916553497314e-02 -7.273877563476562500e+02
3.084899091720581055e+01 4.379999999999999893e+00 2.899999916553497314e-02 -7.133995361328125000e+02
3.096599507331848145e+01 4.440000000000000391e+00 2.899999916553497314e-02 -8.113171386718750000e+02
3.105699229240417480e+01 4.410000000000000142e+00 2.899999916553497314e-02 -9.092347412109375000e+02
3.116399669647216797e+01 4.370000000000000107e+00 2.899999916553497314e-02 -9.791759033203125000e+02
3.125502824783325195e+01 4.349999999999999645e+00 2.899999916553497314e-02 -8.113171386718750000e+02
3.134898877143859863e+01 4.400000000000000355e+00 2.899999916553497314e-02 -7.273877563476562500e+02
3.145698952674865723e+01 4.339999999999999858e+00 2.899999916553497314e-02 -8.952465209960937500e+02
3.154702687263488770e+01 4.389999999999999680e+00 2.899999916553497314e-02 -9.931641235351562500e+02
3.166399192810058594e+01 4.299999999999999822e+00 2.899999916553497314e-02 -9.791759033203125000e+02
3.174999165534973145e+01 4.360000000000000320e+00 2.899999916553497314e-02 -8.113171386718750000e+02
3.186199355125427246e+01 4.330000000000000071e+00 2.899999916553497314e-02 -7.273877563476562500e+02
3.195699024200439453e+01 4.490000000000000213e+00 2.899999916553497314e-02 -6.294701538085937500e+02
3.206499123573303223e+01 4.540000000000000036e+00 2.899999916553497314e-02 -6.294701538085937500e+02
3.215398812294006348e+01 4.519999999999999574e+00 2.899999916553497314e-02 -8.113171386718750000e+02
3.224899220466613770e+01 4.519999999999999574e+00 2.899999916553497314e-02 -9.931641235351562500e+02
3.236099147796630859e+01 4.480000000000000426e+00 2.899999916553497314e-02 -1.161022827148437500e+03
3.246799564361572266e+01 4.459999999999999964e+00 2.899999916553497314e-02 -1.258940307617187500e+03
3.256399106979370117e+01 4.330000000000000071e+00 2.899999916553497314e-02 -1.175010986328125000e+03
3.265399956703186035e+01 4.400000000000000355e+00 2.899999916553497314e-02 -1.077093505859375000e+03
3.276198983192443848e+01 4.370000000000000107e+00 2.899999916553497314e-02 -1.258940307617187500e+03
3.285598921775817871e+01 4.309999999999999609e+00 2.899999916553497314e-02 -1.356857910156250000e+03
3.295398902893066406e+01 4.330000000000000071e+00 2.899999916553497314e-02 -1.258940307617187500e+03
3.305398893356323242e+01 4.330000000000000071e+00 2.899999916553497314e-02 -1.356857910156250000e+03
3.314498805999755859e+01 4.389999999999999680e+00 2.899999916553497314e-02 -1.258940307617187500e+03
3.326199364662170410e+01 4.419999999999999929e+00 2.899999916553497314e-02 -1.175010986328125000e+03
3.336798977851867676e+01 4.379999999999999893e+00 2.899999916553497314e-02 -1.077093505859375000e+03
3.346001410484313965e+01 4.459999999999999964e+00 2.899999916553497314e-02 -1.175010986328125000e+03
3.355398964881896973e+01 4.440000000000000391e+00 2.899999916553497314e-02 -1.077093505859375000e+03
3.366199350357055664e+01 4.419999999999999929e+00 2.899999916553497314e-02 -1.175010986328125000e+03
3.375199651718139648e+01 4.370000000000000107e+00 2.899999916553497314e-02 -1.091081787109375000e+03
3.386798977851867676e+01 4.309999999999999609e+00 2.899999916553497314e-02 -8.952465209960937500e+02
3.395503473281860352e+01 4.309999999999999609e+00 2.899999916553497314e-02 -8.952465209960937500e+02
3.406703877449035645e+01 4.370000000000000107e+00 2.899999916553497314e-02 -1.175010986328125000e+03
3.416200184822082520e+01 4.330000000000000071e+00 2.899999916553497314e-02 -9.931641235351562500e+02
3.425104284286499023e+01 4.400000000000000355e+00 2.899999916553497314e-02 -8.952465209960937500e+02
3.435904097557067871e+01 4.400000000000000355e+00 2.899999916553497314e-02 -9.931641235351562500e+02
3.445399069786071777e+01 4.459999999999999964e+00 2.899999916553497314e-02 -9.931641235351562500e+02
3.456608986854553223e+01 4.419999999999999929e+00 2.899999916553497314e-02 -7.133995361328125000e+02
3.465199470520019531e+01 4.450000000000000178e+00 2.899999916553497314e-02 -6.294701538085937500e+02
3.476799106597900391e+01 4.500000000000000000e+00 2.899999916553497314e-02 -8.113171386718750000e+02
3.485905861854553223e+01 4.469999999999999751e+00 2.899999916553497314e-02 -7.973289184570312500e+02
3.496702885627746582e+01 4.400000000000000355e+00 2.899999916553497314e-02 -7.133995361328125000e+02
3.506099200248718262e+01 4.379999999999999893e+00 2.899999916553497314e-02 -4.476232604980468750e+02
3.515199446678161621e+01 4.389999999999999680e+00 2.899999916553497314e-02 -4.476232604980468750e+02
3.525903344154357910e+01 4.540000000000000036e+00 2.899999916553497314e-02 -6.294701538085937500e+02
3.534999012947082520e+01 4.440000000000000391e+00 2.899999916553497314e-02 -7.133995361328125000e+02
3.546703147888183594e+01 4.320000000000000284e+00 2.899999916553497314e-02 0.000000000000000000e+00
3.555199122428894043e+01 3.430000000000000160e+00 2.899999916553497314e-02 0.000000000000000000e+00
3.566499185562133789e+01 3.359999999999999876e+00 2.899999916553497314e-02 0.000000000000000000e+00
3.575903081893920898e+01 2.629999999999999893e+00 2.899999916553497314e-02 8.392935943603515625e+01
3.586702990531921387e+01 3.089999999999999858e+00 6.100000068545341492e-02 1.790493041992187500e+03
3.595698976516723633e+01 4.440000000000000391e+00 6.100000068545341492e-02 1.258940307617187500e+03
3.605199313163757324e+01 4.629999999999999893e+00 6.100000068545341492e-02 9.931641235351562500e+02
3.615999293327331543e+01 4.450000000000000178e+00 6.100000068545341492e-02 1.272928588867187500e+03
3.624898934364318848e+01 4.379999999999999893e+00 6.100000068545341492e-02 1.524716674804687500e+03
3.636704230308532715e+01 4.459999999999999964e+00 6.100000068545341492e-02 1.986328247070312500e+03
3.645599412918090820e+01 4.570000000000000284e+00 6.100000068545341492e-02 1.706563598632812500e+03
3.656399083137512207e+01 4.690000000000000391e+00 6.100000068545341492e-02 1.342869750976562500e+03
3.665903139114379883e+01 4.549999999999999822e+00 6.100000068545341492e-02 1.161022827148437500e+03
3.674898862838745117e+01 4.519999999999999574e+00 6.100000068545341492e-02 1.175010986328125000e+03
3.685698795318603516e+01 4.530000000000000249e+00 6.100000068545341492e-02 1.077093505859375000e+03
3.695104742050170898e+01 4.490000000000000213e+00 6.100000068545341492e-02 1.175010986328125000e+03
3.706399226188659668e+01 4.480000000000000426e+00 6.100000068545341492e-02 1.175010986328125000e+03
3.714898967742919922e+01 4.530000000000000249e+00 6.100000068545341492e-02 1.077093505859375000e+03
3.726599740982055664e+01 4.469999999999999751e+00 6.100000068545341492e-02 1.077093505859375000e+03
3.735699248313903809e+01 4.469999999999999751e+00 6.100000068545341492e-02 1.175010986328125000e+03
3.746399474143981934e+01 4.570000000000000284e+00 6.100000068545341492e-02 1.258940307617187500e+03
3.755503344535827637e+01 4.610000000000000320e+00 6.100000068545341492e-02 1.077093505859375000e+03
3.764898920059204102e+01 4.559999999999999609e+00 6.100000068545341492e-02 9.931641235351562500e+02
3.775698828697204590e+01 4.540000000000000036e+00 6.100000068545341492e-02 8.952465209960937500e+02
3.784702610969543457e+01 4.500000000000000000e+00 6.100000068545341492e-02 1.077093505859375000e+03
3.796398901939392090e+01 4.459999999999999964e+00 6.100000068545341492e-02 1.258940307617187500e+03
3.804998898506164551e+01 4.509999999999999787e+00 6.100000068545341492e-02 1.175010986328125000e+03
3.816199159622192383e+01 4.540000000000000036e+00 6.100000068545341492e-02 1.258940307617187500e+03
3.825705957412719727e+01 4.559999999999999609e+00 6.100000068545341492e-02 1.258940307617187500e+03
3.836499309539794922e+01 4.530000000000000249e+00 6.100000068545341492e-02 1.175010986328125000e+03
3.845398950576782227e+01 4.559999999999999609e+00 6.100000068545341492e-02 1.175010986328125000e+03
3.854899597167968750e+01 4.540000000000000036e+00 6.100000068545341492e-02 1.258940307617187500e+03
3.866099572181701660e+01 4.519999999999999574e+00 6.100000068545341492e-02 1.258940307617187500e+03
3.876799035072326660e+01 4.509999999999999787e+00 6.100000068545341492e-02 1.342869750976562500e+03
3.886399364471435547e+01 4.500000000000000000e+00 6.100000068545341492e-02 1.342869750976562500e+03
3.895398664474487305e+01 4.469999999999999751e+00 6.100000068545341492e-02 1.175010986328125000e+03
3.906199979782104492e+01 4.540000000000000036e+00 6.100000068545341492e-02 1.077093505859375000e+03
3.915599393844604492e+01 4.519999999999999574e+00 6.100000068545341492e-02 1.161022827148437500e+03
3.926798939704895020e+01 4.459999999999999964e+00 6.100000068545341492e-02 1.161022827148437500e+03
3.935398960113525391e+01 4.490000000000000213e+00 6.100000068545341492e-02 1.077093505859375000e+03
3.944508695602416992e+01 4.540000000000000036e+00 6.100000068545341492e-02 9.791759033203125000e+02
3.956199097633361816e+01 4.570000000000000284e+00 6.100000068545341492e-02 9.931641235351562500e+02
3.966799473762512207e+01 4.599999999999999645e+00 6.100000068545341492e-02 9.931641235351562500e+02
3.976010179519653320e+01 4.519999999999999574e+00 6.100000068545341492e-02 1.077093505859375000e+03
3.985398864746093750e+01 4.509999999999999787e+00 6.100000068545341492e-02 9.791759033203125000e+02
3.996199274063110352e+01 4.540000000000000036e+00 6.100000068545341492e-02 9.931641235351562500e+02
4.005200076103210449e+01 4.480000000000000426e+00 6.100000068545341492e-02 1.077093505859375000e+03
4.015398907661437988e+01 4.459999999999999964e+00 6.100000068545341492e-02 9.092347412109375000e+02
4.025503110885620117e+01 4.480000000000000426e+00 6.100000068545341492e-02 1.091081787109375000e+03
4.036703300476074219e+01 4.540000000000000036e+00 6.100000068545341492e-02 1.161022827148437500e+03
4.046198916435241699e+01 4.480000000000000426e+00 6.100000068545341492e-02 1.258940307617187500e+03
4.055103302001953125e+01 4.500000000000000000e+00 6.100000068545341492e-02 1.258940307617187500e+03
4.065903306007385254e+01 4.610000000000000320e+00 6.100000068545341492e-02 1.077093505859375000e+03
4.075399065017700195e+01 4.580000000000000071e+00 6.100000068545341492e-02 9.931641235351562500e+02
4.086598801612854004e+01 4.549999999999999822e+00 6.100000068545341492e-02 8.113171386718750000e+02
4.095199418067932129e+01 4.549999999999999822e+00 6.100000068545341492e-02 7.973289184570312500e+02
4.105298709869384766e+01 4.570000000000000284e+00 6.100000068545341492e-02 8.113171386718750000e+02
4.115902996063232422e+01 4.549999999999999822e+00 6.100000068545341492e-02 8.113171386718750000e+02
4.126702117919921875e+01 4.530000000000000249e+00 6.100000068545341492e-02 6.294701538085937500e+02
4.136099696159362793e+01 4.469999999999999751e+00 6.100000068545341492e-02 5.455408935546875000e+02
4.145199251174926758e+01 4.429999999999999716e+00 6.100000068545341492e-02 6.294701538085937500e+02
4.155903339385986328e+01 4.419999999999999929e+00 6.100000068545341492e-02 3.497056579589843750e+02
4.164999413490295410e+01 4.660000000000000142e+00 6.100000068545341492e-02 0.000000000000000000e+00
4.176703763008117676e+01 4.599999999999999645e+00 6.100000068545341492e-02 0.000000000000000000e+00
4.185199785232543945e+01 4.299999999999999822e+00 6.100000068545341492e-02 0.000000000000000000e+00
4.196498966217041016e+01 4.320000000000000284e+00 6.100000068545341492e-02 0.000000000000000000e+00
4.205904126167297363e+01 4.290000000000000036e+00 6.100000068545341492e-02 0.000000000000000000e+00
4.216703248023986816e+01 4.349999999999999645e+00 6.100000068545341492e-02 0.000000000000000000e+00
4.225698828697204590e+01 4.339999999999999858e+00 6.100000068545341492e-02 0.000000000000000000e+00
4.235199022293090820e+01 4.309999999999999609e+00 6.100000068545341492e-02 0.000000000000000000e+00
4.245999312400817871e+01 4.309999999999999609e+00 6.100000068545341492e-02 0.000000000000000000e+00
4.254898953437805176e+01 4.360000000000000320e+00 6.100000068545341492e-02 0.000000000000000000e+00
4.266703510284423828e+01 4.990000000000000213e+00 6.100000068545341492e-02 0.000000000000000000e+00
4.275599360466003418e+01 5.820000000000000284e+00 6.100000068545341492e-02 0.000000000000000000e+00
4.286398768424987793e+01 6.669999999999999929e+00 6.100000068545341492e-02 0.000000000000000000e+00
4.295903611183166504e+01 7.599999999999999645e+00 6.100000068545341492e-02 0.000000000000000000e+00
4.304898810386657715e+01 7.599999999999999645e+00 2.899999916553497314e-02 -1.175010986328125000e+03
4.315698862075805664e+01 4.660000000000000142e+00 2.899999916553497314e-02 -2.252104736328125000e+03
4.325104475021362305e+01 4.349999999999999645e+00 2.899999916553497314e-02 -2.419963134765625000e+03
4.336399030685424805e+01 4.370000000000000107e+00 2.899999916553497314e-02 -2.517880615234375000e+03
4.344899034500122070e+01 4.400000000000000355e+00 2.899999916553497314e-02 -2.419963134765625000e+03
4.356599068641662598e+01 4.309999999999999609e+00 2.899999916553497314e-02 -2.601810058593750000e+03
4.365699100494384766e+01 4.230000000000000426e+00 2.899999916553497314e-02 -2.517880615234375000e+03
4.376399064064025879e+01 4.219999999999999751e+00 2.899999916553497314e-02 -2.783656982421875000e+03
4.385502648353576660e+01 4.349999999999999645e+00 2.899999916553497314e-02 -2.601810058593750000e+03
4.394900465011596680e+01 4.309999999999999609e+00 2.899999916553497314e-02 -2.419963134765625000e+03
4.405698895454406738e+01 4.339999999999999858e+00 2.899999916553497314e-02 -2.615798339843750000e+03
4.414703178405761719e+01 4.299999999999999822e+00 2.899999916553497314e-02 -3.063421630859375000e+03
4.426399207115173340e+01 4.290000000000000036e+00 2.899999916553497314e-02 -3.147350830078125000e+03
4.434999012947082520e+01 4.459999999999999964e+00 2.899999916553497314e-02 -2.797645263671875000e+03
4.446199035644531250e+01 4.450000000000000178e+00 2.899999916553497314e-02 -2.699727783203125000e+03
4.455698847770690918e+01 4.519999999999999574e+00 2.899999916553497314e-02 -2.881574707031250000e+03
4.466498970985412598e+01 4.450000000000000178e+00 2.899999916553497314e-02 -3.161339111328125000e+03
4.475398874282836914e+01 4.490000000000000213e+00 2.899999916553497314e-02 -3.231280273437500000e+03
4.484899091720581055e+01 4.530000000000000249e+00 2.899999916553497314e-02 -3.245268554687500000e+03
4.496099805831909180e+01 4.429999999999999716e+00 2.899999916553497314e-02 -2.881574707031250000e+03
4.505398988723754883e+01 4.230000000000000426e+00 2.899999916553497314e-02 -2.517880615234375000e+03
4.516399478912353516e+01 4.259999999999999787e+00 2.899999916553497314e-02 -1.888410644531250000e+03
4.525398993492126465e+01 4.309999999999999609e+00 2.899999916553497314e-02 -1.077093505859375000e+03
4.536199140548706055e+01 4.459999999999999964e+00 2.899999916553497314e-02 -8.113171386718750000e+02
4.545599317550659180e+01 4.589999999999999858e+00 2.899999916553497314e-02 -1.161022827148437500e+03
4.555398869514465332e+01 4.549999999999999822e+00 2.899999916553497314e-02 -1.077093505859375000e+03
4.565398931503295898e+01 4.459999999999999964e+00 2.899999916553497314e-02 -8.113171386718750000e+02
4.574499082565307617e+01 4.519999999999999574e+00 2.899999916553497314e-02 -7.273877563476562500e+02
4.586199235916137695e+01 4.440000000000000391e+00 2.899999916553497314e-02 -1.077093505859375000e+03
4.595399045944213867e+01 3.390000000000000124e+00 2.899999916553497314e-02 0.000000000000000000e+00
4.605999374389648438e+01 2.399999999999999911e+00 2.899999916553497314e-02 0.000000000000000000e+00
4.615399289131164551e+01 2.029999999999999805e+00 6.100000068545341492e-02 1.077093505859375000e+03
4.626199030876159668e+01 4.169999999999999929e+00 6.100000068545341492e-02 2.433951416015625000e+03
4.635199379920959473e+01 4.429999999999999716e+00 6.100000068545341492e-02 2.517880615234375000e+03
4.644703674316406250e+01 4.530000000000000249e+00 6.100000068545341492e-02 2.531868896484375000e+03
4.655502796173095703e+01 4.549999999999999822e+00 6.100000068545341492e-02 2.517880615234375000e+03
4.666703224182128906e+01 4.559999999999999609e+00 6.100000068545341492e-02 2.881574707031250000e+03
4.676199078559875488e+01 4.530000000000000249e+00 6.100000068545341492e-02 2.881574707031250000e+03
4.685102844238281250e+01 4.530000000000000249e+00 6.100000068545341492e-02 2.881574707031250000e+03
4.695903038978576660e+01 4.610000000000000320e+00 6.100000068545341492e-02 2.783656982421875000e+03
4.705398845672607422e+01 4.580000000000000071e+00 6.100000068545341492e-02 2.797645263671875000e+03
4.716599750518798828e+01 4.610000000000000320e+00 6.100000068545341492e-02 2.699727783203125000e+03
4.725200009346008301e+01 4.540000000000000036e+00 6.100000068545341492e-02 2.965503906250000000e+03
4.735298943519592285e+01 4.559999999999999609e+00 6.100000068545341492e-02 2.783656982421875000e+03
4.745903348922729492e+01 4.559999999999999609e+00 6.100000068545341492e-02 2.979492187500000000e+03
4.756702804565429688e+01 4.580000000000000071e+00 6.100000068545341492e-02 2.881574707031250000e+03
4.766100144386291504e+01 4.540000000000000036e+00 6.100000068545341492e-02 2.979492187500000000e+03
4.775199460983276367e+01 4.540000000000000036e+00 6.100000068545341492e-02 2.699727783203125000e+03
4.785903429985046387e+01 4.530000000000000249e+00 6.100000068545341492e-02 2.783656982421875000e+03
4.794999575614929199e+01 4.629999999999999893e+00 6.100000068545341492e-02 2.699727783203125000e+03
4.806702780723571777e+01 4.639999999999999680e+00 6.100000068545341492e-02 2.252104736328125000e+03
4.815199327468872070e+01 4.599999999999999645e+00 6.100000068545341492e-02 2.154187011718750000e+03
4.826499080657958984e+01 4.570000000000000284e+00 6.100000068545341492e-02 2.070257568359375000e+03
4.835902404785156250e+01 4.549999999999999822e+00 6.100000068545341492e-02 1.888410644531250000e+03
4.846703577041625977e+01 4.679999999999999716e+00 6.100000068545341492e-02 1.538704956054687500e+03
4.855701899528503418e+01 4.570000000000000284e+00 6.100000068545341492e-02 1.258940307617187500e+03
4.865199494361877441e+01 4.589999999999999858e+00 6.100000068545341492e-02 1.524716674804687500e+03
4.876010203361511230e+01 4.559999999999999609e+00 6.100000068545341492e-02 1.524716674804687500e+03
4.884898996353149414e+01 4.469999999999999751e+00 6.100000068545341492e-02 1.440787353515625000e+03
4.896703767776489258e+01 6.280000000000000249e+00 6.100000068545341492e-02 0.000000000000000000e+00
4.905599617958068848e+01 7.169999999999999929e+00 6.100000068545341492e-02 0.000000000000000000e+00
4.916401243209838867e+01 6.379999999999999893e+00 6.100000068545341492e-02 0.000000000000000000e+00
4.925903439521789551e+01 5.969999999999999751e+00 6.100000068545341492e-02 0.000000000000000000e+00
4.934898924827575684e+01 5.839999999999999858e+00 6.100000068545341492e-02 0.000000000000000000e+00
4.945699000358581543e+01 5.750000000000000000e+00 6.100000068545341492e-02 0.000000000000000000e+00
4.955104732513427734e+01 5.650000000000000355e+00 6.100000068545341492e-02 0.000000000000000000e+00
4.966399002075195312e+01 5.570000000000000284e+00 6.100000068545341492e-02 0.000000000000000000e+00
4.974899387359619141e+01 5.509999999999999787e+00 6.100000068545341492e-02 0.000000000000000000e+00
4.986599516868591309e+01 5.450000000000000178e+00 6.100000068545341492e-02 0.000000000000000000e+00
4.995699095726013184e+01 5.400000000000000355e+00 6.100000068545341492e-02 0.000000000000000000e+00
5.006399273872375488e+01 5.349999999999999645e+00 6.100000068545341492e-02 0.000000000000000000e+00
5.015503120422363281e+01 5.309999999999999609e+00 6.100000068545341492e-02 0.000000000000000000e+00
5.024898910522460938e+01 5.280000000000000249e+00 6.100000068545341492e-02 0.000000000000000000e+00
5.035699129104614258e+01 5.240000000000000213e+00 6.100000068545341492e-02 0.000000000000000000e+00
5.044702887535095215e+01 5.209999999999999964e+00 6.100000068545341492e-02 0.000000000000000000e+00
5.056400108337402344e+01 5.179999999999999716e+00 6.100000068545341492e-02 0.000000000000000000e+00
5.064999389648437500e+01 5.160000000000000142e+00 6.100000068545341492e-02 0.000000000000000000e+00
5.076199102401733398e+01 5.139999999999999680e+00 6.100000068545341492e-02 0.000000000000000000e+00
5.085698914527893066e+01 5.120000000000000107e+00 6.100000068545341492e-02 0.000000000000000000e+00
5.096499037742614746e+01 5.099999999999999645e+00 6.100000068545341492e-02 0.000000000000000000e+00
5.105400085449218750e+01 5.080000000000000071e+00 6.100000068545341492e-02 0.000000000000000000e+00
5.114898920059204102e+01 5.059999999999999609e+00 6.100000068545341492e-02 0.000000000000000000e+00
5.126099061965942383e+01 5.049999999999999822e+00 6.100000068545341492e-02 0.000000000000000000e+00
