6.701898574829101562e-02 3.640000000000000124e+00 3.999999910593032837e-02 0.000000000000000000e+00
1.639831066131591797e-01 3.640000000000000124e+00 3.999999910593032837e-02 0.000000000000000000e+00
2.529842853546142578e-01 3.640000000000000124e+00 3.999999910593032837e-02 0.000000000000000000e+00
3.660018444061279297e-01 3.640000000000000124e+00 3.999999910593032837e-02 0.000000000000000000e+00
4.599907398223876953e-01 3.640000000000000124e+00 3.999999910593032837e-02 0.000000000000000000e+00
5.670216083526611328e-01 3.640000000000000124e+00 3.999999910593032837e-02 0.000000000000000000e+00
6.579828262329101562e-01 3.640000000000000124e+00 3.999999910593032837e-02 0.000000000000000000e+00
7.529847621917724609e-01 3.640000000000000124e+00 3.999999910593032837e-02 0.000000000000000000e+00
8.609857559204101562e-01 3.640000000000000124e+00 3.999999910593032837e-02 0.000000000000000000e+00
9.499869346618652344e-01 3.640000000000000124e+00 3.999999910593032837e-02 0.000000000000000000e+00
1.067987442016601562e+00 3.640000000000000124e+00 3.999999910593032837e-02 0.000000000000000000e+00
1.156984567642211914e+00 3.640000000000000124e+00 3.999999910593032837e-02 0.000000000000000000e+00
1.264983415603637695e+00 3.640000000000000124e+00 3.999999910593032837e-02 0.000000000000000000e+00
1.359989404678344727e+00 3.640000000000000124e+00 3.999999910593032837e-02 0.000000000000000000e+00
1.449986934661865234e+00 3.640000000000000124e+00 3.999999910593032837e-02 0.000000000000000000e+00
1.556984186172485352e+00 3.640000000000000124e+00 3.999999910593032837e-02 0.000000000000000000e+00
1.651987791061401367e+00 3.629999999999999893e+00 3.999999910593032837e-02 0.000000000000000000e+00
1.764982700347900391e+00 3.629999999999999893e+00 3.999999910593032837e-02 0.000000000000000000e+00
1.849985837936401367e+00 3.660000000000000142e+00 3.999999910593032837e-02 0.000000000000000000e+00
1.967025279998779297e+00 3.700000000000000178e+00 3.999999910593032837e-02 0.000000000000000000e+00
2.057982921600341797e+00 3.759999999999999787e+00 3.999999910593032837e-02 0.000000000000000000e+00
2.164985656738281250e+00 3.839999999999999858e+00 3.999999910593032837e-02 0.000000000000000000e+00
2.255987405776977539e+00 4.059999999999999609e+00 3.999999910593032837e-02 0.000000000000000000e+00
2.349998474121093750e+00 4.440000000000000391e+00 3.999999910593032837e-02 0.000000000000000000e+00
2.457974672317504883e+00 4.889999999999999680e+00 3.999999910593032837e-02 0.000000000000000000e+00
2.547983646392822266e+00 5.660000000000000142e+00 3.999999910593032837e-02 -8.392935943603515625e+01
2.664983749389648438e+00 6.009999999999999787e+00 3.999999910593032837e-02 -1.818469390869140625e+02
2.751039505004882812e+00 5.780000000000000249e+00 3.999999910593032837e-02 -5.455408935546875000e+02
2.863033533096313477e+00 5.709999999999999964e+00 3.999999910593032837e-02 -3.636938781738281250e+02
2.957978010177612305e+00 5.799999999999999822e+00 3.999999910593032837e-02 -1.678587188720703125e+02
3.065987110137939453e+00 5.820000000000000284e+00 3.999999910593032837e-02 -2.797645568847656250e+02
3.155036449432373047e+00 5.950000000000000178e+00 3.999999910593032837e-02 -2.657763061523437500e+02
3.249989509582519531e+00 5.950000000000000178e+00 3.999999910593032837e-02 -2.657763061523437500e+02
3.361982345581054688e+00 5.870000000000000107e+00 3.999999910593032837e-02 -3.636938781738281250e+02
3.447028160095214844e+00 5.759999999999999787e+00 3.999999910593032837e-02 -3.636938781738281250e+02
3.564984560012817383e+00 5.870000000000000107e+00 3.999999910593032837e-02 -5.315526123046875000e+02
3.655029535293579102e+00 5.820000000000000284e+00 3.999999910593032837e-02 -6.294701538085937500e+02
3.765999317169189453e+00 5.750000000000000000e+00 3.999999910593032837e-02 -5.315526123046875000e+02
3.860990047454833984e+00 5.820000000000000284e+00 3.999999910593032837e-02 -4.476232604980468750e+02
3.951988458633422852e+00 5.849999999999999645e+00 3.999999910593032837e-02 -5.315526123046875000e+02
4.059025049209594727e+00 5.879999999999999893e+00 3.999999910593032837e-02 -5.455408935546875000e+02
4.149976491928100586e+00 5.870000000000000107e+00 3.999999910593032837e-02 -6.294701538085937500e+02
4.267058372497558594e+00 5.799999999999999822e+00 3.999999910593032837e-02 -6.294701538085937500e+02
4.351985454559326172e+00 5.860000000000000320e+00 3.999999910593032837e-02 -6.294701538085937500e+02
4.464982748031616211e+00 5.759999999999999787e+00 3.999999910593032837e-02 -3.636938781738281250e+02
4.559018135070800781e+00 5.910000000000000142e+00 3.999999910593032837e-02 -2.657763061523437500e+02
4.667022466659545898e+00 5.959999999999999964e+00 3.999999910593032837e-02 -1.818469390869140625e+02
4.756981849670410156e+00 5.990000000000000213e+00 3.999999910593032837e-02 -2.657763061523437500e+02
4.851983070373535156e+00 6.009999999999999787e+00 3.999999910593032837e-02 -4.616115112304687500e+02
4.959984540939331055e+00 5.839999999999999858e+00 3.999999910593032837e-02 -3.636938781738281250e+02
5.048982381820678711e+00 5.860000000000000320e+00 3.999999910593032837e-02 -3.636938781738281250e+02
5.159020900726318359e+00 5.839999999999999858e+00 3.999999910593032837e-02 -3.636938781738281250e+02
5.255994558334350586e+00 5.849999999999999645e+00 3.999999910593032837e-02 -3.636938781738281250e+02
5.363987445831298828e+00 5.790000000000000036e+00 3.999999910593032837e-02 -4.476232604980468750e+02
5.459024190902709961e+00 5.759999999999999787e+00 3.999999910593032837e-02 -4.476232604980468750e+02
5.548982858657836914e+00 5.769999999999999574e+00 3.999999910593032837e-02 -3.636938781738281250e+02
5.655987262725830078e+00 5.799999999999999822e+00 3.999999910593032837e-02 -3.636938781738281250e+02
5.751024723052978516e+00 5.900000000000000355e+00 3.999999910593032837e-02 -4.476232604980468750e+02
5.863987207412719727e+00 5.879999999999999893e+00 3.999999910593032837e-02 -5.455408935546875000e+02
5.948983192443847656e+00 5.750000000000000000e+00 3.999999910593032837e-02 -5.315526123046875000e+02
6.065984487533569336e+00 5.799999999999999822e+00 3.999999910593032837e-02 -5.315526123046875000e+02
6.156982898712158203e+00 5.679999999999999716e+00 3.999999910593032837e-02 -4.476232604980468750e+02
6.263982772827148438e+00 5.599999999999999645e+00 3.999999910593032837e-02 -4.476232604980468750e+02
6.355037927627563477e+00 5.709999999999999964e+00 3.999999910593032837e-02 -4.476232604980468750e+02
6.448983192443847656e+00 5.769999999999999574e+00 3.999999910593032837e-02 -2.657763061523437500e+02
6.556982278823852539e+00 5.830000000000000071e+00 3.999999910593032837e-02 -2.657763061523437500e+02
6.647024869918823242e+00 5.889999999999999680e+00 3.999999910593032837e-02 -4.476232604980468750e+02
6.763984441757202148e+00 5.750000000000000000e+00 3.999999910593032837e-02 -3.497056579589843750e+02
6.849998712539672852e+00 5.799999999999999822e+00 3.999999910593032837e-02 -2.657763061523437500e+02
6.961974143981933594e+00 5.830000000000000071e+00 3.999999910593032837e-02 -2.797645568847656250e+02
7.056973218917846680e+00 5.870000000000000107e+00 3.999999910593032837e-02 -3.636938781738281250e+02
7.164984464645385742e+00 5.860000000000000320e+00 3.999999910593032837e-02 -3.636938781738281250e+02
7.253983736038208008e+00 5.799999999999999822e+00 3.999999910593032837e-02 -3.636938781738281250e+02
7.348983764648437500e+00 5.780000000000000249e+00 3.999999910593032837e-02 -3.636938781738281250e+02
7.460986614227294922e+00 5.870000000000000107e+00 3.999999910593032837e-02 -9.791758728027343750e+01
7.567985296249389648e+00 5.980000000000000426e+00 3.999999910593032837e-02 0.000000000000000000e+00
7.664000272750854492e+00 6.269999999999999574e+00 3.999999910593032837e-02 0.000000000000000000e+00
7.753983736038208008e+00 6.480000000000000426e+00 3.999999910593032837e-02 -2.657763061523437500e+02
7.860989809036254883e+00 6.099999999999999645e+00 3.999999910593032837e-02 -6.294701538085937500e+02
7.955985784530639648e+00 5.919999999999999929e+00 3.999999910593032837e-02 -7.273877563476562500e+02
8.067984580993652344e+00 5.860000000000000320e+00 3.999999910593032837e-02 -8.113171386718750000e+02
8.153975486755371094e+00 5.780000000000000249e+00 3.999999910593032837e-02 -9.931641235351562500e+02
8.244982004165649414e+00 5.660000000000000142e+00 3.999999910593032837e-02 -8.113171386718750000e+02
8.361982583999633789e+00 5.650000000000000355e+00 3.999999910593032837e-02 -9.092347412109375000e+02
8.454002380371093750e+00 5.639999999999999680e+00 3.999999910593032837e-02 -8.113171386718750000e+02
8.559988021850585938e+00 5.549999999999999822e+00 3.999999910593032837e-02 -6.294701538085937500e+02
8.653982877731323242e+00 5.620000000000000107e+00 3.999999910593032837e-02 -3.636938781738281250e+02
8.761985063552856445e+00 5.799999999999999822e+00 3.999999910593032837e-02 -3.636938781738281250e+02
8.851983308792114258e+00 5.839999999999999858e+00 3.999999910593032837e-02 -3.636938781738281250e+02
8.947025537490844727e+00 5.790000000000000036e+00 3.999999910593032837e-02 -4.616115112304687500e+02
9.055031538009643555e+00 5.740000000000000213e+00 3.999999910593032837e-02 -4.476232604980468750e+02
9.167029857635498047e+00 5.669999999999999929e+00 3.999999910593032837e-02 -2.657763061523437500e+02
9.261984586715698242e+00 5.820000000000000284e+00 3.999999910593032837e-02 -3.497056579589843750e+02
9.351028919219970703e+00 5.839999999999999858e+00 3.999999910593032837e-02 -3.636938781738281250e+02
9.459028959274291992e+00 5.730000000000000426e+00 3.999999910593032837e-02 -4.476232604980468750e+02
9.553982973098754883e+00 5.730000000000000426e+00 3.999999910593032837e-02 -5.315526123046875000e+02
9.665985345840454102e+00 5.660000000000000142e+00 3.999999910593032837e-02 -5.315526123046875000e+02
9.751038312911987305e+00 5.719999999999999751e+00 3.999999910593032837e-02 -3.636938781738281250e+02
9.845984935760498047e+00 5.719999999999999751e+00 3.999999910593032837e-02 -3.636938781738281250e+02
9.959021806716918945e+00 5.759999999999999787e+00 3.999999910593032837e-02 -2.657763061523437500e+02
1.006598091125488281e+01 5.860000000000000320e+00 3.999999910593032837e-02 -1.818469390869140625e+02
1.016098475456237793e+01 5.980000000000000426e+00 3.999999910593032837e-02 -1.818469390869140625e+02
1.025198650360107422e+01 6.000000000000000000e+00 3.999999910593032837e-02 -2.657763061523437500e+02
1.035905551910400391e+01 5.980000000000000426e+00 3.999999910593032837e-02 -4.476232604980468750e+02
1.044997763633728027e+01 5.900000000000000355e+00 3.999999910593032837e-02 -4.616115112304687500e+02
1.056702995300292969e+01 5.750000000000000000e+00 3.999999910593032837e-02 -3.497056579589843750e+02
1.065198516845703125e+01 5.849999999999999645e+00 3.999999910593032837e-02 -4.476232604980468750e+02
1.076498198509216309e+01 5.879999999999999893e+00 3.999999910593032837e-02 -4.476232604980468750e+02
1.085902309417724609e+01 5.809999999999999609e+00 3.999999910593032837e-02 -5.315526123046875000e+02
1.096703791618347168e+01 5.769999999999999574e+00 3.999999910593032837e-02 -5.455408935546875000e+02
1.105698370933532715e+01 5.830000000000000071e+00 3.999999910593032837e-02 -4.476232604980468750e+02
1.115198683738708496e+01 5.849999999999999645e+00 3.999999910593032837e-02 -3.636938781738281250e+02
1.125998735427856445e+01 5.910000000000000142e+00 3.999999910593032837e-02 -3.497056579589843750e+02
1.134898257255554199e+01 5.839999999999999858e+00 3.999999910593032837e-02 -4.476232604980468750e+02
1.146702384948730469e+01 5.830000000000000071e+00 3.999999910593032837e-02 -6.434584350585937500e+02
1.155598711967468262e+01 5.759999999999999787e+00 3.999999910593032837e-02 -5.455408935546875000e+02
1.166398406028747559e+01 5.759999999999999787e+00 3.999999910593032837e-02 -5.455408935546875000e+02
1.175902414321899414e+01 5.700000000000000178e+00 3.999999910593032837e-02 -4.476232604980468750e+02
1.184898352622985840e+01 5.769999999999999574e+00 3.999999910593032837e-02 -4.476232604980468750e+02
1.195597743988037109e+01 5.660000000000000142e+00 3.999999910593032837e-02 -5.455408935546875000e+02
1.205102372169494629e+01 5.660000000000000142e+00 3.999999910593032837e-02 -4.476232604980468750e+02
1.216398620605468750e+01 5.809999999999999609e+00 3.999999910593032837e-02 -6.294701538085937500e+02
1.224898242950439453e+01 5.730000000000000426e+00 3.999999910593032837e-02 -5.455408935546875000e+02
1.236599278450012207e+01 5.690000000000000391e+00 3.999999910593032837e-02 -3.636938781738281250e+02
1.245698475837707520e+01 5.740000000000000213e+00 3.999999910593032837e-02 -3.636938781738281250e+02
1.256398558616638184e+01 5.870000000000000107e+00 3.999999910593032837e-02 -5.315526123046875000e+02
1.265502595901489258e+01 5.809999999999999609e+00 3.999999910593032837e-02 -5.315526123046875000e+02
1.274898219108581543e+01 5.790000000000000036e+00 3.999999910593032837e-02 -4.476232604980468750e+02
1.285698223114013672e+01 5.799999999999999822e+00 3.999999910593032837e-02 -4.616115112304687500e+02
1.294703698158264160e+01 5.900000000000000355e+00 3.999999910593032837e-02 -5.455408935546875000e+02
1.306398487091064453e+01 5.860000000000000320e+00 3.999999910593032837e-02 -5.455408935546875000e+02
1.314998698234558105e+01 5.830000000000000071e+00 3.999999910593032837e-02 -4.476232604980468750e+02
1.326198577880859375e+01 5.900000000000000355e+00 3.999999910593032837e-02 -4.476232604980468750e+02
1.335698294639587402e+01 5.900000000000000355e+00 3.999999910593032837e-02 -4.476232604980468750e+02
1.346498513221740723e+01 5.830000000000000071e+00 3.999999910593032837e-02 -4.476232604980468750e+02
1.355398440361022949e+01 5.799999999999999822e+00 3.999999910593032837e-02 -4.476232604980468750e+02
1.364898300170898438e+01 5.919999999999999929e+00 3.999999910593032837e-02 -5.455408935546875000e+02
1.376098608970642090e+01 5.929999999999999716e+00 3.999999910593032837e-02 -5.455408935546875000e+02
1.386798381805419922e+01 5.860000000000000320e+00 3.999999910593032837e-02 -5.315526123046875000e+02
1.396398401260375977e+01 5.809999999999999609e+00 3.999999910593032837e-02 -4.476232604980468750e+02
1.405398273468017578e+01 5.900000000000000355e+00 3.999999910593032837e-02 -4.476232604980468750e+02
1.416099476814270020e+01 5.830000000000000071e+00 3.999999910593032837e-02 -4.476232604980468750e+02
1.425598621368408203e+01 5.790000000000000036e+00 3.999999910593032837e-02 -6.294701538085937500e+02
1.434702348709106445e+01 5.740000000000000213e+00 3.999999910593032837e-02 -4.476232604980468750e+02
1.445398116111755371e+01 5.790000000000000036e+00 3.999999910593032837e-02 -3.636938781738281250e+02
1.454498338699340820e+01 5.759999999999999787e+00 3.999999910593032837e-02 -3.636938781738281250e+02
1.466198062896728516e+01 5.929999999999999716e+00 3.999999910593032837e-02 -6.294701538085937500e+02
1.476798415184020996e+01 5.790000000000000036e+00 3.999999910593032837e-02 -6.294701538085937500e+02
1.485998916625976562e+01 5.719999999999999751e+00 3.999999910593032837e-02 -6.294701538085937500e+02
1.495398259162902832e+01 5.709999999999999964e+00 3.999999910593032837e-02 -5.455408935546875000e+02
1.506199216842651367e+01 5.669999999999999929e+00 3.999999910593032837e-02 -5.455408935546875000e+02
1.515198493003845215e+01 5.740000000000000213e+00 3.999999910593032837e-02 -4.476232604980468750e+02
1.524702239036560059e+01 5.830000000000000071e+00 3.999999910593032837e-02 -3.497056579589843750e+02
1.535502719879150391e+01 5.900000000000000355e+00 3.999999910593032837e-02 -2.657763061523437500e+02
1.546703767776489258e+01 5.879999999999999893e+00 3.999999910593032837e-02 -4.476232604980468750e+02
1.556198191642761230e+01 5.889999999999999680e+00 3.999999910593032837e-02 -5.315526123046875000e+02
1.565102291107177734e+01 5.799999999999999822e+00 3.999999910593032837e-02 -5.315526123046875000e+02
1.575902628898620605e+01 5.860000000000000320e+00 3.999999910593032837e-02 -6.294701538085937500e+02
1.585398244857788086e+01 5.820000000000000284e+00 3.999999910593032837e-02 -5.455408935546875000e+02
1.596598267555236816e+01 5.879999999999999893e+00 3.999999910593032837e-02 -5.455408935546875000e+02
1.605102658271789551e+01 5.889999999999999680e+00 3.999999910593032837e-02 -5.315526123046875000e+02
1.615197682380676270e+01 5.839999999999999858e+00 3.999999910593032837e-02 -6.294701538085937500e+02
1.625904655456542969e+01 5.820000000000000284e+00 3.999999910593032837e-02 -5.455408935546875000e+02
1.636597895622253418e+01 5.780000000000000249e+00 3.999999910593032837e-02 -4.476232604980468750e+02
1.646099090576171875e+01 5.809999999999999609e+00 3.999999910593032837e-02 -5.315526123046875000e+02
1.655199217796325684e+01 5.769999999999999574e+00 3.999999910593032837e-02 -8.113171386718750000e+02
1.665902495384216309e+01 5.759999999999999787e+00 3.999999910593032837e-02 -4.476232604980468750e+02
1.674998664855957031e+01 5.769999999999999574e+00 3.999999910593032837e-02 -3.636938781738281250e+02
1.686702513694763184e+01 5.830000000000000071e+00 3.999999910593032837e-02 -6.294701538085937500e+02
1.695198607444763184e+01 5.809999999999999609e+00 3.999999910593032837e-02 -5.455408935546875000e+02
1.706498718261718750e+01 5.730000000000000426e+00 3.999999910593032837e-02 -6.294701538085937500e+02
1.715902543067932129e+01 5.639999999999999680e+00 3.999999910593032837e-02 0.000000000000000000e+00
1.726703834533691406e+01 5.089999999999999858e+00 3.999999910593032837e-02 0.000000000000000000e+00
1.735697650909423828e+01 5.059999999999999609e+00 3.999999910593032837e-02 0.000000000000000000e+00
1.745198678970336914e+01 4.950000000000000178e+00 3.999999910593032837e-02 0.000000000000000000e+00
1.755998706817626953e+01 4.059999999999999609e+00 3.999999910593032837e-02 0.000000000000000000e+00
1.764899063110351562e+01 2.850000000000000089e+00 3.999999910593032837e-02 1.818469390869140625e+02
1.776702642440795898e+01 2.620000000000000107e+00 3.999999910593032837e-02 1.818469390869140625e+02
1.785598397254943848e+01 2.629999999999999893e+00 3.999999910593032837e-02 1.818469390869140625e+02
1.796398401260375977e+01 2.520000000000000018e+00 3.999999910593032837e-02 1.678587188720703125e+02
1.805903029441833496e+01 2.479999999999999982e+00 3.999999910593032837e-02 3.636938781738281250e+02
1.814898872375488281e+01 2.509999999999999787e+00 3.999999910593032837e-02 5.455408935546875000e+02
1.825597906112670898e+01 2.640000000000000124e+00 3.999999910593032837e-02 4.476232604980468750e+02
1.835104393959045410e+01 2.569999999999999840e+00 3.999999910593032837e-02 4.476232604980468750e+02
1.846398353576660156e+01 2.629999999999999893e+00 3.999999910593032837e-02 4.476232604980468750e+02
1.854898452758789062e+01 2.629999999999999893e+00 3.999999910593032837e-02 2.657763061523437500e+02
1.866598510742187500e+01 2.629999999999999893e+00 3.999999910593032837e-02 4.476232604980468750e+02
1.875698232650756836e+01 2.629999999999999893e+00 3.999999910593032837e-02 5.455408935546875000e+02
1.886398625373840332e+01 2.640000000000000124e+00 3.999999910593032837e-02 5.455408935546875000e+02
1.895504093170166016e+01 2.580000000000000071e+00 3.999999910593032837e-02 5.455408935546875000e+02
1.904898262023925781e+01 2.649999999999999911e+00 3.999999910593032837e-02 5.455408935546875000e+02
1.915698337554931641e+01 2.649999999999999911e+00 3.999999910593032837e-02 4.476232604980468750e+02
1.924702763557434082e+01 2.640000000000000124e+00 3.999999910593032837e-02 6.294701538085937500e+02
1.936399054527282715e+01 2.629999999999999893e+00 3.999999910593032837e-02 7.273877563476562500e+02
1.944997859001159668e+01 2.680000000000000160e+00 3.999999910593032837e-02 5.455408935546875000e+02
1.956197881698608398e+01 2.669999999999999929e+00 3.999999910593032837e-02 4.476232604980468750e+02
1.965698313713073730e+01 2.629999999999999893e+00 3.999999910593032837e-02 5.315526123046875000e+02
1.976497411727905273e+01 2.640000000000000124e+00 3.999999910593032837e-02 5.455408935546875000e+02
1.985398244857788086e+01 2.660000000000000142e+00 3.999999910593032837e-02 6.294701538085937500e+02
1.994899225234985352e+01 2.680000000000000160e+00 3.999999910593032837e-02 5.455408935546875000e+02
2.006098651885986328e+01 2.750000000000000000e+00 3.999999910593032837e-02 2.797645568847656250e+02
2.016800713539123535e+01 2.629999999999999893e+00 3.999999910593032837e-02 3.497056579589843750e+02
2.026398611068725586e+01 2.600000000000000089e+00 3.999999910593032837e-02 4.476232604980468750e+02
2.035397672653198242e+01 2.580000000000000071e+00 3.999999910593032837e-02 4.476232604980468750e+02
2.046098327636718750e+01 2.620000000000000107e+00 3.999999910593032837e-02 6.294701538085937500e+02
2.055599451065063477e+01 2.609999999999999876e+00 3.999999910593032837e-02 7.273877563476562500e+02
2.064702653884887695e+01 2.660000000000000142e+00 3.999999910593032837e-02 7.133995361328125000e+02
2.075399303436279297e+01 2.669999999999999929e+00 3.999999910593032837e-02 7.273877563476562500e+02
2.084497666358947754e+01 2.640000000000000124e+00 3.999999910593032837e-02 6.294701538085937500e+02
2.096198487281799316e+01 2.629999999999999893e+00 3.999999910593032837e-02 7.133995361328125000e+02
2.104702353477478027e+01 2.580000000000000071e+00 3.999999910593032837e-02 7.273877563476562500e+02
2.115999007225036621e+01 2.609999999999999876e+00 3.999999910593032837e-02 8.113171386718750000e+02
2.125398302078247070e+01 2.669999999999999929e+00 3.999999910593032837e-02 7.133995361328125000e+02
2.136198282241821289e+01 2.660000000000000142e+00 3.999999910593032837e-02 6.294701538085937500e+02
2.145198583602905273e+01 2.620000000000000107e+00 3.999999910593032837e-02 7.273877563476562500e+02
2.154702544212341309e+01 2.620000000000000107e+00 3.999999910593032837e-02 8.113171386718750000e+02
2.165503263473510742e+01 2.680000000000000160e+00 3.999999910593032837e-02 8.113171386718750000e+02
2.176701951026916504e+01 2.750000000000000000e+00 3.999999910593032837e-02 7.273877563476562500e+02
2.186198639869689941e+01 2.709999999999999964e+00 3.999999910593032837e-02 7.273877563476562500e+02
2.195102810859680176e+01 2.680000000000000160e+00 3.999999910593032837e-02 6.294701538085937500e+02
2.205902743339538574e+01 2.680000000000000160e+00 3.999999910593032837e-02 6.294701538085937500e+02
2.215398120880126953e+01 2.649999999999999911e+00 3.999999910593032837e-02 5.315526123046875000e+02
2.226598262786865234e+01 2.700000000000000178e+00 3.999999910593032837e-02 6.294701538085937500e+02
2.235103392601013184e+01 2.680000000000000160e+00 3.999999910593032837e-02 6.294701538085937500e+02
2.244598364830017090e+01 2.620000000000000107e+00 3.999999910593032837e-02 5.455408935546875000e+02
2.255903863906860352e+01 2.660000000000000142e+00 3.999999910593032837e-02 5.455408935546875000e+02
2.266598343849182129e+01 2.640000000000000124e+00 3.999999910593032837e-02 6.294701538085937500e+02
2.276098680496215820e+01 2.629999999999999893e+00 3.999999910593032837e-02 7.273877563476562500e+02
2.285198593139648438e+01 2.689999999999999947e+00 3.999999910593032837e-02 7.133995361328125000e+02
2.295904135704040527e+01 2.689999999999999947e+00 3.999999910593032837e-02 7.133995361328125000e+02
2.305000066757202148e+01 2.700000000000000178e+00 3.999999910593032837e-02 7.133995361328125000e+02
2.316702651977539062e+01 2.669999999999999929e+00 3.999999910593032837e-02 7.273877563476562500e+02
2.325205016136169434e+01 2.680000000000000160e+00 3.999999910593032837e-02 6.294701538085937500e+02
2.336498427391052246e+01 2.709999999999999964e+00 3.999999910593032837e-02 5.455408935546875000e+02
2.345902442932128906e+01 2.680000000000000160e+00 3.999999910593032837e-02 7.273877563476562500e+02
2.356702017784118652e+01 2.660000000000000142e+00 3.999999910593032837e-02 7.133995361328125000e+02
2.365697431564331055e+01 2.689999999999999947e+00 3.999999910593032837e-02 6.434584350585937500e+02
2.375198650360107422e+01 2.700000000000000178e+00 3.999999910593032837e-02 7.133995361328125000e+02
2.385998535156250000e+01 2.689999999999999947e+00 3.999999910593032837e-02 7.273877563476562500e+02
2.394898343086242676e+01 2.680000000000000160e+00 3.999999910593032837e-02 5.455408935546875000e+02
2.406702899932861328e+01 2.600000000000000089e+00 3.999999910593032837e-02 5.315526123046875000e+02
2.415598511695861816e+01 2.520000000000000018e+00 3.999999910593032837e-02 6.294701538085937500e+02
2.426398491859436035e+01 2.569999999999999840e+00 3.999999910593032837e-02 4.476232604980468750e+02
2.435903000831604004e+01 2.540000000000000036e+00 3.999999910593032837e-02 4.476232604980468750e+02
2.444898891448974609e+01 2.459999999999999964e+00 3.999999910593032837e-02 4.476232604980468750e+02
2.455598735809326172e+01 2.569999999999999840e+00 3.999999910593032837e-02 6.294701538085937500e+02
2.465102720260620117e+01 2.609999999999999876e+00 3.999999910593032837e-02 5.455408935546875000e+02
2.476399397850036621e+01 2.580000000000000071e+00 3.999999910593032837e-02 6.294701538085937500e+02
2.484899353981018066e+01 2.589999999999999858e+00 3.999999910593032837e-02 5.315526123046875000e+02
2.496598863601684570e+01 2.569999999999999840e+00 3.999999910593032837e-02 5.315526123046875000e+02
2.505698156356811523e+01 2.589999999999999858e+00 3.999999910593032837e-02 6.294701538085937500e+02
2.516397738456726074e+01 2.629999999999999893e+00 3.999999910593032837e-02 8.113171386718750000e+02
2.525502800941467285e+01 2.669999999999999929e+00 3.999999910593032837e-02 8.113171386718750000e+02
2.534898900985717773e+01 2.660000000000000142e+00 3.999999910593032837e-02 7.133995361328125000e+02
2.545698642730712891e+01 2.689999999999999947e+00 3.999999910593032837e-02 7.133995361328125000e+02
2.554702043533325195e+01 2.720000000000000195e+00 3.999999910593032837e-02 8.113171386718750000e+02
2.566398715972900391e+01 2.740000000000000213e+00 3.999999910593032837e-02 8.113171386718750000e+02
2.574998426437377930e+01 2.680000000000000160e+00 3.999999910593032837e-02 7.273877563476562500e+02
2.586198282241821289e+01 2.689999999999999947e+00 3.999999910593032837e-02 8.113171386718750000e+02
2.595698189735412598e+01 2.649999999999999911e+00 3.999999910593032837e-02 8.113171386718750000e+02
2.606498241424560547e+01 2.689999999999999947e+00 3.999999910593032837e-02 7.133995361328125000e+02
2.615398240089416504e+01 2.720000000000000195e+00 3.999999910593032837e-02 7.133995361328125000e+02
2.624898338317871094e+01 2.620000000000000107e+00 3.999999910593032837e-02 6.294701538085937500e+02
2.636097621917724609e+01 2.609999999999999876e+00 3.999999910593032837e-02 6.294701538085937500e+02
2.646702456474304199e+01 2.600000000000000089e+00 3.999999910593032837e-02 7.133995361328125000e+02
2.656398725509643555e+01 2.680000000000000160e+00 3.999999910593032837e-02 8.113171386718750000e+02
2.665398335456848145e+01 2.720000000000000195e+00 3.999999910593032837e-02 6.294701538085937500e+02
2.676098704338073730e+01 2.649999999999999911e+00 3.999999910593032837e-02 6.294701538085937500e+02
2.685598349571228027e+01 2.649999999999999911e+00 3.999999910593032837e-02 7.273877563476562500e+02
2.694702267646789551e+01 2.640000000000000124e+00 3.999999910593032837e-02 8.113171386718750000e+02
2.705398392677307129e+01 2.649999999999999911e+00 3.999999910593032837e-02 8.952465209960937500e+02
2.714498496055603027e+01 2.729999999999999982e+00 3.999999910593032837e-02 8.113171386718750000e+02
2.726198124885559082e+01 2.709999999999999964e+00 3.999999910593032837e-02 7.133995361328125000e+02
2.734702301025390625e+01 2.660000000000000142e+00 3.999999910593032837e-02 8.113171386718750000e+02
2.745999145507812500e+01 2.660000000000000142e+00 3.999999910593032837e-02 9.931641235351562500e+02
2.755398201942443848e+01 2.740000000000000213e+00 3.999999910593032837e-02 8.113171386718750000e+02
2.766198515892028809e+01 2.759999999999999787e+00 3.999999910593032837e-02 6.294701538085937500e+02
2.775198650360107422e+01 2.700000000000000178e+00 3.999999910593032837e-02 4.476232604980468750e+02
2.784703898429870605e+01 2.680000000000000160e+00 3.999999910593032837e-02 4.616115112304687500e+02
2.795502710342407227e+01 2.629999999999999893e+00 3.999999910593032837e-02 2.657763061523437500e+02
2.806701970100402832e+01 2.649999999999999911e+00 3.999999910593032837e-02 3.636938781738281250e+02
2.816199040412902832e+01 2.589999999999999858e+00 3.999999910593032837e-02 4.476232604980468750e+02
2.825102257728576660e+01 2.629999999999999893e+00 3.999999910593032837e-02 2.657763061523437500e+02
2.835902190208435059e+01 2.640000000000000124e+00 3.999999910593032837e-02 3.636938781738281250e+02
2.845398283004760742e+01 2.589999999999999858e+00 3.999999910593032837e-02 4.476232604980468750e+02
2.856598234176635742e+01 2.660000000000000142e+00 3.999999910593032837e-02 0.000000000000000000e+00
2.865104031562805176e+01 2.680000000000000160e+00 3.999999910593032837e-02 0.000000000000000000e+00
2.874598407745361328e+01 2.520000000000000018e+00 3.999999910593032837e-02 8.392935943603515625e+01
2.885902667045593262e+01 2.549999999999999822e+00 3.999999910593032837e-02 0.000000000000000000e+00
2.896598339080810547e+01 2.589999999999999858e+00 3.999999910593032837e-02 0.000000000000000000e+00
2.906098556518554688e+01 2.569999999999999840e+00 3.999999910593032837e-02 0.000000000000000000e+00
2.915198898315429688e+01 2.640000000000000124e+00 3.999999910593032837e-02 0.000000000000000000e+00
2.925902056694030762e+01 2.720000000000000195e+00 3.999999910593032837e-02 0.000000000000000000e+00
2.934998488426208496e+01 2.709999999999999964e+00 3.999999910593032837e-02 0.000000000000000000e+00
2.946701598167419434e+01 2.600000000000000089e+00 3.999999910593032837e-02 0.000000000000000000e+00
2.955198597908020020e+01 2.600000000000000089e+00 3.999999910593032837e-02 0.000000000000000000e+00
2.966498398780822754e+01 3.180000000000000160e+00 3.999999910593032837e-02 0.000000000000000000e+00
2.975902223587036133e+01 4.089999999999999858e+00 3.999999910593032837e-02 0.000000000000000000e+00
2.985198211669921875e+01 4.969999999999999751e+00 3.999999910593032837e-02 0.000000000000000000e+00
2.995698666572570801e+01 5.410000000000000142e+00 3.999999910593032837e-02 0.000000000000000000e+00
3.005198955535888672e+01 5.690000000000000391e+00 3.999999910593032837e-02 -2.657763061523437500e+02
3.016000723838806152e+01 5.799999999999999822e+00 3.999999910593032837e-02 -8.113171386718750000e+02
3.024898290634155273e+01 5.849999999999999645e+00 3.999999910593032837e-02 -9.092347412109375000e+02
3.036702752113342285e+01 5.759999999999999787e+00 3.999999910593032837e-02 -1.175010986328125000e+03
3.045599889755249023e+01 5.620000000000000107e+00 3.999999910593032837e-02 -1.161022827148437500e+03
3.056398487091064453e+01 5.650000000000000355e+00 3.999999910593032837e-02 -1.077093505859375000e+03
3.065901994705200195e+01 5.809999999999999609e+00 3.999999910593032837e-02 -9.931641235351562500e+02
3.074898219108581543e+01 5.820000000000000284e+00 3.999999910593032837e-02 -1.077093505859375000e+03
3.085598444938659668e+01 5.830000000000000071e+00 3.999999910593032837e-02 -1.426799072265625000e+03
3.095101785659790039e+01 5.849999999999999645e+00 3.999999910593032837e-02 -1.622634277343750000e+03
3.106397795677185059e+01 5.740000000000000213e+00 3.999999910593032837e-02 -1.986328247070312500e+03
3.114899349212646484e+01 5.669999999999999929e+00 3.999999910593032837e-02 -2.070257568359375000e+03
3.126598286628723145e+01 5.490000000000000213e+00 3.999999910593032837e-02 -2.517880615234375000e+03
3.135698246955871582e+01 5.509999999999999787e+00 3.999999910593032837e-02 -2.615798339843750000e+03
3.146398329734802246e+01 5.610000000000000320e+00 3.999999910593032837e-02 -2.881574707031250000e+03
3.155502581596374512e+01 5.540000000000000036e+00 3.999999910593032837e-02 -2.699727783203125000e+03
3.164898729324340820e+01 5.480000000000000426e+00 3.999999910593032837e-02 -2.699727783203125000e+03
3.175698423385620117e+01 5.459999999999999964e+00 3.999999910593032837e-02 -2.797645263671875000e+03
3.184703826904296875e+01 5.459999999999999964e+00 3.999999910593032837e-02 -2.881574707031250000e+03
3.196400165557861328e+01 5.530000000000000249e+00 3.999999910593032837e-02 -2.615798339843750000e+03
3.204998421669006348e+01 5.450000000000000178e+00 3.999999910593032837e-02 -2.252104736328125000e+03
3.216198325157165527e+01 5.549999999999999822e+00 3.999999910593032837e-02 -2.252104736328125000e+03
3.225698089599609375e+01 5.459999999999999964e+00 3.999999910593032837e-02 -2.070257568359375000e+03
3.236498236656188965e+01 5.450000000000000178e+00 3.999999910593032837e-02 -1.804481201171875000e+03
3.245398402214050293e+01 5.580000000000000071e+00 3.999999910593032837e-02 -1.608645996093750000e+03
3.254898262023925781e+01 5.639999999999999680e+00 3.999999910593032837e-02 -1.524716674804687500e+03
3.266098499298095703e+01 5.750000000000000000e+00 3.999999910593032837e-02 -1.440787353515625000e+03
3.276198196411132812e+01 5.669999999999999929e+00 3.999999910593032837e-02 -1.524716674804687500e+03
3.286398291587829590e+01 5.650000000000000355e+00 3.999999910593032837e-02 -1.622634277343750000e+03
3.295398092269897461e+01 5.490000000000000213e+00 3.999999910593032837e-02 -1.258940307617187500e+03
3.306098675727844238e+01 5.469999999999999751e+00 3.999999910593032837e-02 -1.175010986328125000e+03
3.315599298477172852e+01 5.639999999999999680e+00 3.999999910593032837e-02 -1.342869750976562500e+03
3.324702453613281250e+01 5.700000000000000178e+00 3.999999910593032837e-02 -1.356857910156250000e+03
3.335398316383361816e+01 5.629999999999999893e+00 3.999999910593032837e-02 -1.161022827148437500e+03
3.344498443603515625e+01 5.700000000000000178e+00 3.999999910593032837e-02 -9.931641235351562500e+02
3.356198167800903320e+01 5.769999999999999574e+00 3.999999910593032837e-02 -1.077093505859375000e+03
3.364702296257019043e+01 5.730000000000000426e+00 3.999999910593032837e-02 -1.161022827148437500e+03
3.375998806953430176e+01 5.639999999999999680e+00 3.999999910593032837e-02 -8.952465209960937500e+02
3.385399389266967773e+01 5.610000000000000320e+00 3.999999910593032837e-02 -6.294701538085937500e+02
3.396198272705078125e+01 5.780000000000000249e+00 3.999999910593032837e-02 -8.113171386718750000e+02
3.405198431015014648e+01 5.719999999999999751e+00 3.999999910593032837e-02 -9.931641235351562500e+02
3.414702868461608887e+01 4.950000000000000178e+00 3.999999910593032837e-02 0.000000000000000000e+00
3.425502467155456543e+01 4.179999999999999716e+00 3.999999910593032837e-02 0.000000000000000000e+00
3.436703109741210938e+01 4.160000000000000142e+00 3.999999910593032837e-02 0.000000000000000000e+00
3.446198415756225586e+01 3.169999999999999929e+00 3.999999910593032837e-02 8.392935943603515625e+01
3.455102729797363281e+01 2.560000000000000053e+00 3.999999910593032837e-02 2.797645568847656250e+02
3.465902662277221680e+01 2.569999999999999840e+00 3.999999910593032837e-02 6.294701538085937500e+02
3.475398159027099609e+01 2.580000000000000071e+00 3.999999910593032837e-02 7.273877563476562500e+02
3.486598300933837891e+01 2.600000000000000089e+00 3.999999910593032837e-02 8.113171386718750000e+02
3.495103716850280762e+01 2.549999999999999822e+00 3.999999910593032837e-02 1.175010986328125000e+03
3.504598474502563477e+01 2.620000000000000107e+00 3.999999910593032837e-02 1.440787353515625000e+03
3.515903377532958984e+01 2.689999999999999947e+00 3.999999910593032837e-02 1.272928588867187500e+03
3.526598238945007324e+01 2.729999999999999982e+00 3.999999910593032837e-02 9.931641235351562500e+02
3.536098551750183105e+01 2.720000000000000195e+00 3.999999910593032837e-02 8.113171386718750000e+02
3.545199036598205566e+01 2.680000000000000160e+00 3.999999910593032837e-02 8.113171386718750000e+02
3.555902409553527832e+01 2.669999999999999929e+00 3.999999910593032837e-02 8.113171386718750000e+02
3.564998435974121094e+01 2.720000000000000195e+00 3.999999910593032837e-02 9.931641235351562500e+02
3.576702237129211426e+01 2.680000000000000160e+00 3.999999910593032837e-02 8.952465209960937500e+02
3.585198569297790527e+01 2.640000000000000124e+00 3.999999910593032837e-02 9.931641235351562500e+02
3.596499133110046387e+01 2.640000000000000124e+00 3.999999910593032837e-02 9.931641235351562500e+02
3.605901622772216797e+01 2.649999999999999911e+00 3.999999910593032837e-02 1.077093505859375000e+03
3.616702556610107422e+01 2.649999999999999911e+00 3.999999910593032837e-02 1.077093505859375000e+03
3.625698256492614746e+01 2.669999999999999929e+00 3.999999910593032837e-02 9.931641235351562500e+02
3.635198903083801270e+01 2.689999999999999947e+00 3.999999910593032837e-02 9.931641235351562500e+02
3.645999145507812500e+01 2.709999999999999964e+00 3.999999910593032837e-02 1.077093505859375000e+03
3.654898428916931152e+01 2.660000000000000142e+00 3.999999910593032837e-02 9.931641235351562500e+02
3.666702628135681152e+01 2.649999999999999911e+00 3.999999910593032837e-02 1.077093505859375000e+03
3.675598692893981934e+01 2.709999999999999964e+00 3.999999910593032837e-02 1.175010986328125000e+03
3.686400175094604492e+01 2.729999999999999982e+00 3.999999910593032837e-02 1.077093505859375000e+03
3.695902347564697266e+01 2.709999999999999964e+00 3.999999910593032837e-02 9.931641235351562500e+02
3.704898500442504883e+01 2.669999999999999929e+00 3.999999910593032837e-02 7.973289184570312500e+02
3.715598464012145996e+01 2.689999999999999947e+00 3.999999910593032837e-02 8.113171386718750000e+02
3.725103592872619629e+01 2.680000000000000160e+00 3.999999910593032837e-02 9.931641235351562500e+02
3.736398458480834961e+01 2.620000000000000107e+00 3.999999910593032837e-02 1.161022827148437500e+03
3.744898247718811035e+01 2.649999999999999911e+00 3.999999910593032837e-02 1.161022827148437500e+03
3.756598424911499023e+01 2.700000000000000178e+00 3.999999910593032837e-02 1.258940307617187500e+03
3.765698242187500000e+01 2.729999999999999982e+00 3.999999910593032837e-02 1.077093505859375000e+03
3.776398468017578125e+01 2.709999999999999964e+00 3.999999910593032837e-02 9.931641235351562500e+02
3.785502386093139648e+01 2.720000000000000195e+00 3.999999910593032837e-02 9.092347412109375000e+02
3.794898271560668945e+01 2.689999999999999947e+00 3.999999910593032837e-02 8.952465209960937500e+02
3.805697512626647949e+01 2.729999999999999982e+00 3.999999910593032837e-02 7.133995361328125000e+02
3.814703154563903809e+01 2.700000000000000178e+00 3.999999910593032837e-02 7.273877563476562500e+02
3.826398754119873047e+01 2.700000000000000178e+00 3.999999910593032837e-02 7.273877563476562500e+02
3.834997677803039551e+01 2.649999999999999911e+00 3.999999910593032837e-02 8.952465209960937500e+02
3.846197652816772461e+01 2.609999999999999876e+00 3.999999910593032837e-02 9.092347412109375000e+02
3.855697441101074219e+01 2.680000000000000160e+00 3.999999910593032837e-02 6.294701538085937500e+02
3.866497898101806641e+01 2.620000000000000107e+00 3.999999910593032837e-02 6.294701538085937500e+02
3.875397419929504395e+01 2.640000000000000124e+00 3.999999910593032837e-02 1.077093505859375000e+03
3.884899497032165527e+01 2.620000000000000107e+00 3.999999910593032837e-02 1.175010986328125000e+03
3.896097731590270996e+01 2.669999999999999929e+00 3.999999910593032837e-02 1.077093505859375000e+03
3.906702709197998047e+01 2.640000000000000124e+00 3.999999910593032837e-02 1.440787353515625000e+03
3.916398596763610840e+01 2.640000000000000124e+00 3.999999910593032837e-02 1.706563598632812500e+03
3.925398278236389160e+01 2.700000000000000178e+00 3.999999910593032837e-02 1.706563598632812500e+03
3.936098623275756836e+01 2.750000000000000000e+00 3.999999910593032837e-02 1.356857910156250000e+03
3.945598578453063965e+01 2.750000000000000000e+00 3.999999910593032837e-02 1.356857910156250000e+03
3.954703879356384277e+01 2.709999999999999964e+00 3.999999910593032837e-02 1.258940307617187500e+03
3.965398168563842773e+01 2.640000000000000124e+00 3.999999910593032837e-02 1.258940307617187500e+03
3.974497437477111816e+01 2.649999999999999911e+00 3.999999910593032837e-02 1.258940307617187500e+03
3.986198449134826660e+01 2.720000000000000195e+00 3.999999910593032837e-02 1.161022827148437500e+03
3.994702291488647461e+01 2.709999999999999964e+00 3.999999910593032837e-02 1.161022827148437500e+03
4.005998015403747559e+01 2.669999999999999929e+00 3.999999910593032837e-02 1.440787353515625000e+03
4.015398192405700684e+01 2.729999999999999982e+00 3.999999910593032837e-02 1.258940307617187500e+03
4.026198053359985352e+01 2.729999999999999982e+00 3.999999910593032837e-02 9.092347412109375000e+02
4.035198926925659180e+01 2.700000000000000178e+00 3.999999910593032837e-02 9.931641235351562500e+02
4.044702148437500000e+01 2.759999999999999787e+00 3.999999910593032837e-02 8.113171386718750000e+02
4.055503201484680176e+01 2.720000000000000195e+00 3.999999910593032837e-02 7.133995361328125000e+02
4.066701984405517578e+01 2.669999999999999929e+00 3.999999910593032837e-02 8.113171386718750000e+02
4.076198172569274902e+01 2.669999999999999929e+00 3.999999910593032837e-02 7.273877563476562500e+02
4.085103797912597656e+01 2.660000000000000142e+00 3.999999910593032837e-02 7.133995361328125000e+02
4.095904064178466797e+01 2.660000000000000142e+00 3.999999910593032837e-02 1.678587188720703125e+02
4.105398297309875488e+01 2.859999999999999876e+00 3.999999910593032837e-02 0.000000000000000000e+00
4.116598224639892578e+01 2.839999999999999858e+00 3.999999910593032837e-02 0.000000000000000000e+00
4.125102305412292480e+01 2.700000000000000178e+00 3.999999910593032837e-02 0.000000000000000000e+00
4.136798453330993652e+01 3.259999999999999787e+00 3.999999910593032837e-02 0.000000000000000000e+00
4.145902276039123535e+01 4.440000000000000391e+00 3.999999910593032837e-02 0.000000000000000000e+00
4.156598281860351562e+01 5.200000000000000178e+00 3.999999910593032837e-02 0.000000000000000000e+00
4.166098761558532715e+01 5.799999999999999822e+00 3.999999910593032837e-02 -8.392935943603515625e+01
4.175199389457702637e+01 5.879999999999999893e+00 3.999999910593032837e-02 -2.657763061523437500e+02
4.185902261734008789e+01 5.780000000000000249e+00 3.999999910593032837e-02 -4.476232604980468750e+02
4.194998621940612793e+01 5.849999999999999645e+00 3.999999910593032837e-02 -7.133995361328125000e+02
4.206702780723571777e+01 5.830000000000000071e+00 3.999999910593032837e-02 -1.077093505859375000e+03
4.215198659896850586e+01 5.709999999999999964e+00 3.999999910593032837e-02 -1.342869750976562500e+03
4.226498198509216309e+01 5.709999999999999964e+00 3.999999910593032837e-02 -1.258940307617187500e+03
4.235901880264282227e+01 5.780000000000000249e+00 3.999999910593032837e-02 -1.440787353515625000e+03
4.246703720092773438e+01 5.750000000000000000e+00 3.999999910593032837e-02 -1.538704956054687500e+03
4.255697703361511230e+01 5.809999999999999609e+00 3.999999910593032837e-02 -1.622634277343750000e+03
4.265197730064392090e+01 5.780000000000000249e+00 3.999999910593032837e-02 -2.070257568359375000e+03
4.275998830795288086e+01 5.679999999999999716e+00 3.999999910593032837e-02 -2.154187011718750000e+03
4.284898281097412109e+01 5.530000000000000249e+00 3.999999910593032837e-02 -2.168175292968750000e+03
4.296703767776489258e+01 5.429999999999999716e+00 3.999999910593032837e-02 -2.336033691406250000e+03
4.305598425865173340e+01 5.500000000000000000e+00 3.999999910593032837e-02 -2.168175292968750000e+03
4.316398644447326660e+01 5.679999999999999716e+00 3.999999910593032837e-02 -1.888410644531250000e+03
4.325902342796325684e+01 5.650000000000000355e+00 3.999999910593032837e-02 -1.888410644531250000e+03
4.334898400306701660e+01 5.620000000000000107e+00 3.999999910593032837e-02 -2.070257568359375000e+03
4.345598506927490234e+01 5.570000000000000284e+00 3.999999910593032837e-02 -2.252104736328125000e+03
4.355103015899658203e+01 5.490000000000000213e+00 3.999999910593032837e-02 -2.154187011718750000e+03
4.366398406028747559e+01 5.490000000000000213e+00 3.999999910593032837e-02 -2.154187011718750000e+03
4.374898290634155273e+01 5.660000000000000142e+00 3.999999910593032837e-02 -1.888410644531250000e+03
4.386598229408264160e+01 5.650000000000000355e+00 3.999999910593032837e-02 -1.888410644531250000e+03
4.395698094367980957e+01 5.639999999999999680e+00 3.999999910593032837e-02 -1.804481201171875000e+03
4.406398224830627441e+01 5.639999999999999680e+00 3.999999910593032837e-02 -1.986328247070312500e+03
4.415502095222473145e+01 5.530000000000000249e+00 3.999999910593032837e-02 -1.902398925781250000e+03
4.424898290634155273e+01 5.549999999999999822e+00 3.999999910593032837e-02 -1.804481201171875000e+03
4.435698246955871582e+01 5.599999999999999645e+00 3.999999910593032837e-02 -1.706563598632812500e+03
4.444702363014221191e+01 5.669999999999999929e+00 3.999999910593032837e-02 -1.706563598632812500e+03
4.456400346755981445e+01 5.700000000000000178e+00 3.999999910593032837e-02 -1.706563598632812500e+03
4.464998722076416016e+01 5.650000000000000355e+00 3.999999910593032837e-02 -1.356857910156250000e+03
4.476198363304138184e+01 5.639999999999999680e+00 3.999999910593032837e-02 -1.161022827148437500e+03
4.485698366165161133e+01 5.629999999999999893e+00 3.999999910593032837e-02 -1.258940307617187500e+03
4.496498155593872070e+01 5.589999999999999858e+00 3.999999910593032837e-02 -1.077093505859375000e+03
4.505398678779602051e+01 5.549999999999999822e+00 3.999999910593032837e-02 -1.077093505859375000e+03
4.514898276329040527e+01 5.620000000000000107e+00 3.999999910593032837e-02 -8.952465209960937500e+02
4.526098465919494629e+01 5.650000000000000355e+00 3.999999910593032837e-02 -7.133995361328125000e+02
4.536702275276184082e+01 5.750000000000000000e+00 3.999999910593032837e-02 -8.952465209960937500e+02
4.546398758888244629e+01 5.719999999999999751e+00 3.999999910593032837e-02 -8.113171386718750000e+02
4.555398368835449219e+01 5.759999999999999787e+00 3.999999910593032837e-02 -7.273877563476562500e+02
4.566098356246948242e+01 5.790000000000000036e+00 3.999999910593032837e-02 -6.294701538085937500e+02
4.575598740577697754e+01 5.820000000000000284e+00 3.999999910593032837e-02 -8.113171386718750000e+02
4.584702730178833008e+01 5.790000000000000036e+00 3.999999910593032837e-02 -8.113171386718750000e+02
4.595399045944213867e+01 5.700000000000000178e+00 3.999999910593032837e-02 -8.952465209960937500e+02
4.604498314857482910e+01 5.719999999999999751e+00 3.999999910593032837e-02 -7.273877563476562500e+02
4.616198515892028809e+01 5.669999999999999929e+00 3.999999910593032837e-02 -5.455408935546875000e+02
4.624702835083007812e+01 5.820000000000000284e+00 3.999999910593032837e-02 -8.113171386718750000e+02
4.635998868942260742e+01 5.709999999999999964e+00 3.999999910593032837e-02 -1.077093505859375000e+03
4.645398378372192383e+01 4.889999999999999680e+00 3.999999910593032837e-02 0.000000000000000000e+00
4.656198239326477051e+01 4.019999999999999574e+00 3.999999910593032837e-02 0.000000000000000000e+00
4.665198397636413574e+01 3.910000000000000142e+00 3.999999910593032837e-02 0.000000000000000000e+00
4.676798915863037109e+01 3.140000000000000124e+00 3.999999910593032837e-02 9.791758728027343750e+01
4.685503268241882324e+01 2.609999999999999876e+00 3.999999910593032837e-02 5.455408935546875000e+02
4.696703481674194336e+01 2.509999999999999787e+00 3.999999910593032837e-02 1.077093505859375000e+03
4.706198167800903320e+01 2.549999999999999822e+00 3.999999910593032837e-02 1.622634277343750000e+03
4.715102672576904297e+01 2.490000000000000213e+00 3.999999910593032837e-02 2.252104736328125000e+03
4.725902986526489258e+01 2.560000000000000053e+00 3.999999910593032837e-02 2.517880615234375000e+03
4.735398292541503906e+01 2.709999999999999964e+00 3.999999910593032837e-02 2.336033691406250000e+03
4.746598124504089355e+01 2.750000000000000000e+00 3.999999910593032837e-02 2.252104736328125000e+03
4.755102539062500000e+01 2.620000000000000107e+00 3.999999910593032837e-02 2.699727783203125000e+03
4.764598369598388672e+01 2.580000000000000071e+00 3.999999910593032837e-02 3.147350830078125000e+03
4.775902223587036133e+01 2.629999999999999893e+00 3.999999910593032837e-02 3.594974121093750000e+03
4.786598157882690430e+01 2.689999999999999947e+00 3.999999910593032837e-02 3.511044921875000000e+03
4.796098637580871582e+01 2.750000000000000000e+00 3.999999910593032837e-02 3.063421630859375000e+03
4.805198407173156738e+01 2.770000000000000018e+00 3.999999910593032837e-02 3.147350830078125000e+03
4.815902829170227051e+01 2.709999999999999964e+00 3.999999910593032837e-02 3.231280273437500000e+03
4.824998736381530762e+01 2.649999999999999911e+00 3.999999910593032837e-02 3.511044921875000000e+03
4.836702895164489746e+01 2.609999999999999876e+00 3.999999910593032837e-02 3.511044921875000000e+03
4.845198559761047363e+01 2.779999999999999805e+00 3.999999910593032837e-02 3.329197998046875000e+03
4.856498193740844727e+01 2.810000000000000053e+00 3.999999910593032837e-02 2.615798339843750000e+03
4.865902638435363770e+01 2.770000000000000018e+00 3.999999910593032837e-02 2.433951416015625000e+03
4.876701736450195312e+01 2.740000000000000213e+00 3.999999910593032837e-02 2.517880615234375000e+03
4.885699200630187988e+01 2.580000000000000071e+00 3.999999910593032837e-02 2.713715820312500000e+03
4.895198440551757812e+01 2.759999999999999787e+00 3.999999910593032837e-02 2.336033691406250000e+03
4.905999159812927246e+01 2.910000000000000142e+00 3.999999910593032837e-02 1.538704956054687500e+03
4.914898252487182617e+01 2.709999999999999964e+00 3.999999910593032837e-02 1.524716674804687500e+03
4.926702165603637695e+01 2.779999999999999805e+00 3.999999910593032837e-02 9.931641235351562500e+02
4.935598564147949219e+01 2.819999999999999840e+00 3.999999910593032837e-02 7.273877563476562500e+02
4.946398520469665527e+01 2.689999999999999947e+00 3.999999910593032837e-02 8.113171386718750000e+02
4.955902695655822754e+01 2.589999999999999858e+00 3.999999910593032837e-02 9.931641235351562500e+02
4.964898514747619629e+01 2.620000000000000107e+00 3.999999910593032837e-02 8.113171386718750000e+02
4.975598430633544922e+01 3.350000000000000089e+00 3.999999910593032837e-02 0.000000000000000000e+00
4.985101866722106934e+01 3.799999999999999822e+00 3.999999910593032837e-02 0.000000000000000000e+00
4.996398639678955078e+01 3.020000000000000018e+00 3.999999910593032837e-02 0.000000000000000000e+00
5.004898262023925781e+01 2.660000000000000142e+00 3.999999910593032837e-02 0.000000000000000000e+00
5.016598510742187500e+01 2.779999999999999805e+00 3.999999910593032837e-02 0.000000000000000000e+00
5.025698256492614746e+01 2.870000000000000107e+00 3.999999910593032837e-02 0.000000000000000000e+00
5.036398816108703613e+01 2.919999999999999929e+00 3.999999910593032837e-02 0.000000000000000000e+00
5.045501708984375000e+01 2.890000000000000124e+00 3.999999910593032837e-02 0.000000000000000000e+00
5.054898166656494141e+01 2.859999999999999876e+00 3.999999910593032837e-02 0.000000000000000000e+00
5.065698289871215820e+01 2.830000000000000071e+00 3.999999910593032837e-02 0.000000000000000000e+00
5.074701833724975586e+01 2.810000000000000053e+00 3.999999910593032837e-02 0.000000000000000000e+00
5.086398434638977051e+01 2.779999999999999805e+00 3.999999910593032837e-02 0.000000000000000000e+00
5.094998836517333984e+01 2.770000000000000018e+00 3.999999910593032837e-02 0.000000000000000000e+00
5.106198430061340332e+01 2.750000000000000000e+00 3.999999910593032837e-02 0.000000000000000000e+00
5.115698528289794922e+01 2.729999999999999982e+00 3.999999910593032837e-02 0.000000000000000000e+00
5.126498317718505859e+01 2.709999999999999964e+00 3.999999910593032837e-02 0.000000000000000000e+00
5.135397434234619141e+01 2.700000000000000178e+00 3.999999910593032837e-02 0.000000000000000000e+00
5.144899582862854004e+01 2.689999999999999947e+00 3.999999910593032837e-02 0.000000000000000000e+00
