6.795096397399902344e-02 3.339999999999999858e+00 5.000000074505805969e-02 0.000000000000000000e+00
1.639552116394042969e-01 3.339999999999999858e+00 5.000000074505805969e-02 0.000000000000000000e+00
2.489502429962158203e-01 3.339999999999999858e+00 5.000000074505805969e-02 0.000000000000000000e+00
3.599524497985839844e-01 3.339999999999999858e+00 5.000000074505805969e-02 0.000000000000000000e+00
4.499497413635253906e-01 3.339999999999999858e+00 5.000000074505805969e-02 0.000000000000000000e+00
5.679531097412109375e-01 3.330000000000000071e+00 5.000000074505805969e-02 0.000000000000000000e+00
6.539494991302490234e-01 3.330000000000000071e+00 5.000000074505805969e-02 0.000000000000000000e+00
7.649488449096679688e-01 3.330000000000000071e+00 5.000000074505805969e-02 0.000000000000000000e+00
8.539495468139648438e-01 3.330000000000000071e+00 5.000000074505805969e-02 0.000000000000000000e+00
9.679546356201171875e-01 3.330000000000000071e+00 5.000000074505805969e-02 0.000000000000000000e+00
1.061953067779541016e+00 3.330000000000000071e+00 5.000000074505805969e-02 0.000000000000000000e+00
1.150995016098022461e+00 3.330000000000000071e+00 5.000000074505805969e-02 0.000000000000000000e+00
1.258990764617919922e+00 3.319999999999999840e+00 5.000000074505805969e-02 0.000000000000000000e+00
1.353949069976806641e+00 3.319999999999999840e+00 5.000000074505805969e-02 0.000000000000000000e+00
1.465949773788452148e+00 3.319999999999999840e+00 5.000000074505805969e-02 0.000000000000000000e+00
1.550997257232666016e+00 3.319999999999999840e+00 5.000000074505805969e-02 0.000000000000000000e+00
1.668951272964477539e+00 3.330000000000000071e+00 5.000000074505805969e-02 0.000000000000000000e+00
1.758993864059448242e+00 3.439999999999999947e+00 5.000000074505805969e-02 0.000000000000000000e+00
1.865949392318725586e+00 3.589999999999999858e+00 5.000000074505805969e-02 0.000000000000000000e+00
1.960949420928955078e+00 4.080000000000000071e+00 5.000000074505805969e-02 0.000000000000000000e+00
2.051960706710815430e+00 4.709999999999999964e+00 5.000000074505805969e-02 0.000000000000000000e+00
2.158995151519775391e+00 5.660000000000000142e+00 5.000000074505805969e-02 0.000000000000000000e+00
2.249949693679809570e+00 6.129999999999999893e+00 5.000000074505805969e-02 0.000000000000000000e+00
2.366988420486450195e+00 6.459999999999999964e+00 5.000000074505805969e-02 0.000000000000000000e+00
2.451954364776611328e+00 6.679999999999999716e+00 5.000000074505805969e-02 0.000000000000000000e+00
2.564951181411743164e+00 6.959999999999999964e+00 5.000000074505805969e-02 0.000000000000000000e+00
2.658993959426879883e+00 7.049999999999999822e+00 5.000000074505805969e-02 -8.392935943603515625e+01
2.766991138458251953e+00 7.230000000000000426e+00 1.999999955296516418e-02 -1.258940307617187500e+03
2.856950998306274414e+00 4.070000000000000284e+00 1.999999955296516418e-02 -1.356857910156250000e+03
2.951958179473876953e+00 3.180000000000000160e+00 1.999999955296516418e-02 -1.077093505859375000e+03
3.060056686401367188e+00 3.209999999999999964e+00 1.999999955296516418e-02 -8.113171386718750000e+02
3.148947477340698242e+00 3.379999999999999893e+00 1.999999955296516418e-02 -7.273877563476562500e+02
3.266997098922729492e+00 3.439999999999999947e+00 1.999999955296516418e-02 -8.113171386718750000e+02
3.355969905853271484e+00 3.459999999999999964e+00 1.999999955296516418e-02 -8.952465209960937500e+02
3.463949203491210938e+00 3.450000000000000178e+00 1.999999955296516418e-02 -7.973289184570312500e+02
3.558998107910156250e+00 3.399999999999999911e+00 1.999999955296516418e-02 -7.133995361328125000e+02
3.648948192596435547e+00 3.399999999999999911e+00 1.999999955296516418e-02 -6.294701538085937500e+02
3.755953311920166016e+00 3.399999999999999911e+00 1.999999955296516418e-02 -5.455408935546875000e+02
3.850987195968627930e+00 3.359999999999999876e+00 1.999999955296516418e-02 -4.476232604980468750e+02
3.963948011398315430e+00 3.450000000000000178e+00 1.999999955296516418e-02 -6.294701538085937500e+02
4.048949480056762695e+00 3.419999999999999929e+00 1.999999955296516418e-02 -6.294701538085937500e+02
4.165949583053588867e+00 3.310000000000000053e+00 1.999999955296516418e-02 -4.476232604980468750e+02
4.256947994232177734e+00 3.350000000000000089e+00 1.999999955296516418e-02 -4.476232604980468750e+02
4.363951444625854492e+00 3.370000000000000107e+00 1.999999955296516418e-02 -4.476232604980468750e+02
4.454987525939941406e+00 3.450000000000000178e+00 1.999999955296516418e-02 -4.476232604980468750e+02
4.548948764801025391e+00 3.419999999999999929e+00 1.999999955296516418e-02 -4.476232604980468750e+02
4.656949281692504883e+00 3.439999999999999947e+00 1.999999955296516418e-02 -5.455408935546875000e+02
4.752955913543701172e+00 3.350000000000000089e+00 1.999999955296516418e-02 -4.476232604980468750e+02
4.863948822021484375e+00 3.319999999999999840e+00 1.999999955296516418e-02 -5.315526123046875000e+02
4.949948310852050781e+00 3.310000000000000053e+00 1.999999955296516418e-02 -5.315526123046875000e+02
5.061962127685546875e+00 3.350000000000000089e+00 1.999999955296516418e-02 -4.476232604980468750e+02
5.156949281692504883e+00 3.399999999999999911e+00 1.999999955296516418e-02 -3.497056579589843750e+02
5.264948606491088867e+00 3.390000000000000124e+00 1.999999955296516418e-02 -4.616115112304687500e+02
5.353948116302490234e+00 3.419999999999999929e+00 1.999999955296516418e-02 -4.476232604980468750e+02
5.448953390121459961e+00 3.419999999999999929e+00 1.999999955296516418e-02 -5.455408935546875000e+02
5.560954093933105469e+00 3.410000000000000142e+00 1.999999955296516418e-02 -5.455408935546875000e+02
5.667948484420776367e+00 3.339999999999999858e+00 1.999999955296516418e-02 -6.294701538085937500e+02
5.763954162597656250e+00 3.450000000000000178e+00 1.999999955296516418e-02 -5.455408935546875000e+02
5.853948116302490234e+00 3.479999999999999982e+00 1.999999955296516418e-02 -5.455408935546875000e+02
5.960950374603271484e+00 3.479999999999999982e+00 1.999999955296516418e-02 -6.294701538085937500e+02
6.055949449539184570e+00 3.450000000000000178e+00 1.999999955296516418e-02 -7.133995361328125000e+02
6.168958663940429688e+00 3.350000000000000089e+00 1.999999955296516418e-02 -6.294701538085937500e+02
6.253947019577026367e+00 3.350000000000000089e+00 1.999999955296516418e-02 -5.455408935546875000e+02
6.344948768615722656e+00 3.390000000000000124e+00 1.999999955296516418e-02 -4.476232604980468750e+02
6.461955070495605469e+00 3.450000000000000178e+00 1.999999955296516418e-02 -6.294701538085937500e+02
6.568948507308959961e+00 3.390000000000000124e+00 1.999999955296516418e-02 -4.476232604980468750e+02
6.659950017929077148e+00 3.359999999999999876e+00 1.999999955296516418e-02 -1.818469390869140625e+02
6.753946542739868164e+00 3.479999999999999982e+00 1.999999955296516418e-02 -3.636938781738281250e+02
6.861960649490356445e+00 3.439999999999999947e+00 1.999999955296516418e-02 -5.315526123046875000e+02
6.951957941055297852e+00 3.390000000000000124e+00 1.999999955296516418e-02 -8.113171386718750000e+02
7.053947925567626953e+00 3.419999999999999929e+00 1.999999955296516418e-02 -6.294701538085937500e+02
7.155001640319824219e+00 3.359999999999999876e+00 1.999999955296516418e-02 -7.273877563476562500e+02
7.266991376876831055e+00 3.310000000000000053e+00 1.999999955296516418e-02 -7.273877563476562500e+02
7.361968278884887695e+00 3.379999999999999893e+00 1.999999955296516418e-02 -7.133995361328125000e+02
7.450996398925781250e+00 3.310000000000000053e+00 1.999999955296516418e-02 -6.294701538085937500e+02
7.558999061584472656e+00 3.290000000000000036e+00 1.999999955296516418e-02 -7.133995361328125000e+02
7.653959512710571289e+00 3.379999999999999893e+00 1.999999955296516418e-02 -7.133995361328125000e+02
7.765949487686157227e+00 3.399999999999999911e+00 1.999999955296516418e-02 -7.133995361328125000e+02
7.850988388061523438e+00 3.490000000000000213e+00 1.999999955296516418e-02 -8.113171386718750000e+02
7.968951702117919922e+00 3.419999999999999929e+00 1.999999955296516418e-02 -7.273877563476562500e+02
8.058995008468627930e+00 3.379999999999999893e+00 1.999999955296516418e-02 -8.113171386718750000e+02
8.165949583053588867e+00 3.410000000000000142e+00 1.999999955296516418e-02 -8.113171386718750000e+02
8.260959148406982422e+00 3.359999999999999876e+00 1.999999955296516418e-02 -6.294701538085937500e+02
8.351957321166992188e+00 3.419999999999999929e+00 1.999999955296516418e-02 -6.294701538085937500e+02
8.458996057510375977e+00 3.500000000000000000e+00 1.999999955296516418e-02 -8.952465209960937500e+02
8.549949407577514648e+00 3.379999999999999893e+00 1.999999955296516418e-02 -8.113171386718750000e+02
8.666996479034423828e+00 3.390000000000000124e+00 1.999999955296516418e-02 -7.273877563476562500e+02
8.751959085464477539e+00 3.390000000000000124e+00 1.999999955296516418e-02 -7.133995361328125000e+02
8.864955902099609375e+00 3.339999999999999858e+00 1.999999955296516418e-02 -7.133995361328125000e+02
8.958987951278686523e+00 3.299999999999999822e+00 1.999999955296516418e-02 -7.273877563476562500e+02
9.066995382308959961e+00 3.339999999999999858e+00 1.999999955296516418e-02 -8.952465209960937500e+02
9.156950235366821289e+00 3.359999999999999876e+00 1.999999955296516418e-02 -8.113171386718750000e+02
9.251978397369384766e+00 3.330000000000000071e+00 1.999999955296516418e-02 -8.113171386718750000e+02
9.359951734542846680e+00 3.319999999999999840e+00 1.999999955296516418e-02 -8.113171386718750000e+02
9.448951244354248047e+00 3.410000000000000142e+00 1.999999955296516418e-02 -7.273877563476562500e+02
9.566990613937377930e+00 3.450000000000000178e+00 1.999999955296516418e-02 -9.092347412109375000e+02
9.655953645706176758e+00 3.419999999999999929e+00 1.999999955296516418e-02 -8.952465209960937500e+02
9.763949394226074219e+00 3.319999999999999840e+00 1.999999955296516418e-02 -8.113171386718750000e+02
9.858993053436279297e+00 3.399999999999999911e+00 1.999999955296516418e-02 -7.973289184570312500e+02
9.948949337005615234e+00 3.410000000000000142e+00 1.999999955296516418e-02 -8.113171386718750000e+02
1.005595040321350098e+01 3.390000000000000124e+00 1.999999955296516418e-02 -8.113171386718750000e+02
1.015098810195922852e+01 3.359999999999999876e+00 1.999999955296516418e-02 -8.113171386718750000e+02
1.026395177841186523e+01 3.319999999999999840e+00 1.999999955296516418e-02 -9.092347412109375000e+02
1.036094737052917480e+01 3.330000000000000071e+00 1.999999955296516418e-02 -7.973289184570312500e+02
1.046595001220703125e+01 3.350000000000000089e+00 1.999999955296516418e-02 -1.077093505859375000e+03
1.055694961547851562e+01 3.290000000000000036e+00 1.999999955296516418e-02 -8.952465209960937500e+02
1.066394925117492676e+01 3.220000000000000195e+00 1.999999955296516418e-02 -8.113171386718750000e+02
1.075498747825622559e+01 3.290000000000000036e+00 1.999999955296516418e-02 -6.294701538085937500e+02
1.084894800186157227e+01 3.399999999999999911e+00 1.999999955296516418e-02 -5.455408935546875000e+02
1.095694947242736816e+01 3.419999999999999929e+00 1.999999955296516418e-02 -6.294701538085937500e+02
1.106995010375976562e+01 3.379999999999999893e+00 1.999999955296516418e-02 -6.294701538085937500e+02
1.116395115852355957e+01 3.419999999999999929e+00 1.999999955296516418e-02 -7.273877563476562500e+02
1.124994921684265137e+01 3.430000000000000160e+00 1.999999955296516418e-02 -8.113171386718750000e+02
1.136198067665100098e+01 3.410000000000000142e+00 1.999999955296516418e-02 -7.273877563476562500e+02
1.145694875717163086e+01 3.359999999999999876e+00 1.999999955296516418e-02 -5.315526123046875000e+02
1.156495213508605957e+01 3.430000000000000160e+00 1.999999955296516418e-02 -6.294701538085937500e+02
1.165395236015319824e+01 3.399999999999999911e+00 1.999999955296516418e-02 -6.294701538085937500e+02
1.174895119667053223e+01 3.350000000000000089e+00 1.999999955296516418e-02 -7.273877563476562500e+02
1.186095404624938965e+01 3.390000000000000124e+00 1.999999955296516418e-02 -7.133995361328125000e+02
1.196894907951354980e+01 3.339999999999999858e+00 1.999999955296516418e-02 -6.434584350585937500e+02
1.206395268440246582e+01 3.399999999999999911e+00 1.999999955296516418e-02 -7.133995361328125000e+02
1.215396380424499512e+01 3.350000000000000089e+00 1.999999955296516418e-02 -6.294701538085937500e+02
1.226095151901245117e+01 3.209999999999999964e+00 1.999999955296516418e-02 0.000000000000000000e+00
1.235595607757568359e+01 2.859999999999999876e+00 1.999999955296516418e-02 0.000000000000000000e+00
1.246894907951354980e+01 2.850000000000000089e+00 1.999999955296516418e-02 0.000000000000000000e+00
1.255395078659057617e+01 2.350000000000000089e+00 1.999999955296516418e-02 0.000000000000000000e+00
1.264496040344238281e+01 1.459999999999999964e+00 1.999999955296516418e-02 0.000000000000000000e+00
1.276196002960205078e+01 1.040000000000000036e+00 5.000000074505805969e-02 8.952465209960937500e+02
1.286894798278808594e+01 3.169999999999999929e+00 5.000000074505805969e-02 1.622634277343750000e+03
1.295995235443115234e+01 3.540000000000000036e+00 5.000000074505805969e-02 1.538704956054687500e+03
1.305394840240478516e+01 3.620000000000000107e+00 5.000000074505805969e-02 1.272928588867187500e+03
1.316195249557495117e+01 3.549999999999999822e+00 5.000000074505805969e-02 1.258940307617187500e+03
1.325195622444152832e+01 3.569999999999999840e+00 5.000000074505805969e-02 1.258940307617187500e+03
1.336894822120666504e+01 3.589999999999999858e+00 5.000000074505805969e-02 1.175010986328125000e+03
1.345499253273010254e+01 3.569999999999999840e+00 5.000000074505805969e-02 1.161022827148437500e+03
1.356698656082153320e+01 3.649999999999999911e+00 5.000000074505805969e-02 9.931641235351562500e+02
1.366195297241210938e+01 3.620000000000000107e+00 5.000000074505805969e-02 8.952465209960937500e+02
1.376994967460632324e+01 3.580000000000000071e+00 5.000000074505805969e-02 8.113171386718750000e+02
1.385897970199584961e+01 3.540000000000000036e+00 5.000000074505805969e-02 8.952465209960937500e+02
1.395394706726074219e+01 3.520000000000000018e+00 5.000000074505805969e-02 1.091081787109375000e+03
1.406595301628112793e+01 3.540000000000000036e+00 5.000000074505805969e-02 1.077093505859375000e+03
1.415100026130676270e+01 3.589999999999999858e+00 5.000000074505805969e-02 8.952465209960937500e+02
1.426894903182983398e+01 3.529999999999999805e+00 5.000000074505805969e-02 1.077093505859375000e+03
1.435899162292480469e+01 3.609999999999999876e+00 5.000000074505805969e-02 1.077093505859375000e+03
1.446595168113708496e+01 3.609999999999999876e+00 5.000000074505805969e-02 9.931641235351562500e+02
1.456095051765441895e+01 3.569999999999999840e+00 5.000000074505805969e-02 8.952465209960937500e+02
1.465196752548217773e+01 3.540000000000000036e+00 5.000000074505805969e-02 9.791759033203125000e+02
1.475898289680480957e+01 3.620000000000000107e+00 5.000000074505805969e-02 8.113171386718750000e+02
1.484994840621948242e+01 3.600000000000000089e+00 5.000000074505805969e-02 7.133995361328125000e+02
1.496699070930480957e+01 3.580000000000000071e+00 5.000000074505805969e-02 7.273877563476562500e+02
1.505195498466491699e+01 3.500000000000000000e+00 5.000000074505805969e-02 8.113171386718750000e+02
1.516494941711425781e+01 3.560000000000000053e+00 5.000000074505805969e-02 6.294701538085937500e+02
1.525898265838623047e+01 3.600000000000000089e+00 5.000000074505805969e-02 5.455408935546875000e+02
1.536699175834655762e+01 3.479999999999999982e+00 5.000000074505805969e-02 6.294701538085937500e+02
1.545694971084594727e+01 3.479999999999999982e+00 5.000000074505805969e-02 7.273877563476562500e+02
1.555196762084960938e+01 3.529999999999999805e+00 5.000000074505805969e-02 9.092347412109375000e+02
1.565994858741760254e+01 3.529999999999999805e+00 5.000000074505805969e-02 9.092347412109375000e+02
1.574894857406616211e+01 3.560000000000000053e+00 5.000000074505805969e-02 8.113171386718750000e+02
1.586698746681213379e+01 3.600000000000000089e+00 5.000000074505805969e-02 8.113171386718750000e+02
1.595598077774047852e+01 3.569999999999999840e+00 5.000000074505805969e-02 8.113171386718750000e+02
1.606394910812377930e+01 3.560000000000000053e+00 5.000000074505805969e-02 8.952465209960937500e+02
1.615899229049682617e+01 3.600000000000000089e+00 5.000000074505805969e-02 8.952465209960937500e+02
1.627098512649536133e+01 3.569999999999999840e+00 5.000000074505805969e-02 8.952465209960937500e+02
1.635595536231994629e+01 3.560000000000000053e+00 5.000000074505805969e-02 9.092347412109375000e+02
1.645098876953125000e+01 3.549999999999999822e+00 5.000000074505805969e-02 8.952465209960937500e+02
1.656395196914672852e+01 3.560000000000000053e+00 5.000000074505805969e-02 9.931641235351562500e+02
1.667099475860595703e+01 3.490000000000000213e+00 5.000000074505805969e-02 8.952465209960937500e+02
1.676595044136047363e+01 3.580000000000000071e+00 5.000000074505805969e-02 8.113171386718750000e+02
1.685694909095764160e+01 3.470000000000000195e+00 5.000000074505805969e-02 8.113171386718750000e+02
1.696395111083984375e+01 3.540000000000000036e+00 5.000000074505805969e-02 1.077093505859375000e+03
1.705499577522277832e+01 3.540000000000000036e+00 5.000000074505805969e-02 9.791759033203125000e+02
1.714894795417785645e+01 3.529999999999999805e+00 5.000000074505805969e-02 9.931641235351562500e+02
1.725694847106933594e+01 3.529999999999999805e+00 5.000000074505805969e-02 8.113171386718750000e+02
1.734699821472167969e+01 3.569999999999999840e+00 5.000000074505805969e-02 8.113171386718750000e+02
1.746395444869995117e+01 3.520000000000000018e+00 5.000000074505805969e-02 9.931641235351562500e+02
1.754994702339172363e+01 3.589999999999999858e+00 5.000000074505805969e-02 9.092347412109375000e+02
1.766195702552795410e+01 3.620000000000000107e+00 5.000000074505805969e-02 9.092347412109375000e+02
1.775695013999938965e+01 3.620000000000000107e+00 5.000000074505805969e-02 8.113171386718750000e+02
1.786494946479797363e+01 3.569999999999999840e+00 5.000000074505805969e-02 8.113171386718750000e+02
1.795394778251647949e+01 3.540000000000000036e+00 5.000000074505805969e-02 8.113171386718750000e+02
1.804895019531250000e+01 3.540000000000000036e+00 5.000000074505805969e-02 8.952465209960937500e+02
1.816094899177551270e+01 3.600000000000000089e+00 5.000000074505805969e-02 7.273877563476562500e+02
1.826895189285278320e+01 3.470000000000000195e+00 5.000000074505805969e-02 8.113171386718750000e+02
1.836395263671875000e+01 3.479999999999999982e+00 5.000000074505805969e-02 8.952465209960937500e+02
1.845395469665527344e+01 3.529999999999999805e+00 5.000000074505805969e-02 8.952465209960937500e+02
1.856095075607299805e+01 3.600000000000000089e+00 5.000000074505805969e-02 8.113171386718750000e+02
1.865595173835754395e+01 3.549999999999999822e+00 5.000000074505805969e-02 7.133995361328125000e+02
1.876894903182983398e+01 3.549999999999999822e+00 5.000000074505805969e-02 8.113171386718750000e+02
1.885394930839538574e+01 3.500000000000000000e+00 5.000000074505805969e-02 7.133995361328125000e+02
1.894495010375976562e+01 3.549999999999999822e+00 5.000000074505805969e-02 8.113171386718750000e+02
1.906195497512817383e+01 3.589999999999999858e+00 5.000000074505805969e-02 8.113171386718750000e+02
1.916894912719726562e+01 3.560000000000000053e+00 5.000000074505805969e-02 7.133995361328125000e+02
1.925995182991027832e+01 3.600000000000000089e+00 5.000000074505805969e-02 6.294701538085937500e+02
1.935395073890686035e+01 3.569999999999999840e+00 5.000000074505805969e-02 5.315526123046875000e+02
1.946195602416992188e+01 3.549999999999999822e+00 5.000000074505805969e-02 7.133995361328125000e+02
1.955195450782775879e+01 3.629999999999999893e+00 5.000000074505805969e-02 7.133995361328125000e+02
1.966894769668579102e+01 3.600000000000000089e+00 5.000000074505805969e-02 4.476232604980468750e+02
1.975498533248901367e+01 3.609999999999999876e+00 5.000000074505805969e-02 4.476232604980468750e+02
1.986698889732360840e+01 3.529999999999999805e+00 5.000000074505805969e-02 5.455408935546875000e+02
1.996196460723876953e+01 3.479999999999999982e+00 5.000000074505805969e-02 5.315526123046875000e+02
2.006894850730895996e+01 3.520000000000000018e+00 5.000000074505805969e-02 3.636938781738281250e+02
2.015898585319519043e+01 3.509999999999999787e+00 5.000000074505805969e-02 4.616115112304687500e+02
2.025394892692565918e+01 3.479999999999999982e+00 5.000000074505805969e-02 8.392935943603515625e+01
2.036595273017883301e+01 3.500000000000000000e+00 5.000000074505805969e-02 8.392935943603515625e+01
2.045099091529846191e+01 3.370000000000000107e+00 5.000000074505805969e-02 8.392935943603515625e+01
2.056894850730895996e+01 3.390000000000000124e+00 5.000000074505805969e-02 0.000000000000000000e+00
2.065899395942687988e+01 3.959999999999999964e+00 5.000000074505805969e-02 0.000000000000000000e+00
2.076594257354736328e+01 5.320000000000000284e+00 5.000000074505805969e-02 0.000000000000000000e+00
2.086095237731933594e+01 6.280000000000000249e+00 5.000000074505805969e-02 -9.791758728027343750e+01
2.095195293426513672e+01 6.929999999999999716e+00 5.000000074505805969e-02 0.000000000000000000e+00
2.105899024009704590e+01 7.160000000000000142e+00 1.999999955296516418e-02 -5.455408935546875000e+02
2.114994859695434570e+01 4.919999999999999929e+00 1.999999955296516418e-02 -1.720551879882812500e+03
2.126698684692382812e+01 3.359999999999999876e+00 1.999999955296516418e-02 -1.440787353515625000e+03
2.135195994377136230e+01 3.129999999999999893e+00 1.999999955296516418e-02 -9.092347412109375000e+02
2.146494889259338379e+01 3.359999999999999876e+00 1.999999955296516418e-02 -8.952465209960937500e+02
2.155899190902709961e+01 3.540000000000000036e+00 1.999999955296516418e-02 -1.258940307617187500e+03
2.166699504852294922e+01 3.500000000000000000e+00 1.999999955296516418e-02 -1.538704956054687500e+03
2.175694680213928223e+01 3.399999999999999911e+00 1.999999955296516418e-02 -1.538704956054687500e+03
2.185195708274841309e+01 3.319999999999999840e+00 1.999999955296516418e-02 -1.538704956054687500e+03
2.195995140075683594e+01 3.279999999999999805e+00 1.999999955296516418e-02 -1.342869750976562500e+03
2.204895067214965820e+01 3.259999999999999787e+00 1.999999955296516418e-02 -1.091081787109375000e+03
2.216698837280273438e+01 3.330000000000000071e+00 1.999999955296516418e-02 -1.077093505859375000e+03
2.225595188140869141e+01 3.270000000000000018e+00 1.999999955296516418e-02 -1.161022827148437500e+03
2.236395168304443359e+01 3.310000000000000053e+00 1.999999955296516418e-02 -9.931641235351562500e+02
2.245899105072021484e+01 3.310000000000000053e+00 1.999999955296516418e-02 -8.952465209960937500e+02
2.254894852638244629e+01 3.419999999999999929e+00 1.999999955296516418e-02 -7.973289184570312500e+02
2.265594840049743652e+01 3.390000000000000124e+00 1.999999955296516418e-02 -8.113171386718750000e+02
2.275098896026611328e+01 3.450000000000000178e+00 1.999999955296516418e-02 -6.294701538085937500e+02
2.286394929885864258e+01 3.479999999999999982e+00 1.999999955296516418e-02 -7.133995361328125000e+02
2.294894790649414062e+01 3.470000000000000195e+00 1.999999955296516418e-02 -6.294701538085937500e+02
2.306595087051391602e+01 3.470000000000000195e+00 1.999999955296516418e-02 -8.113171386718750000e+02
2.315695261955261230e+01 3.399999999999999911e+00 1.999999955296516418e-02 -9.092347412109375000e+02
2.326395082473754883e+01 3.379999999999999893e+00 1.999999955296516418e-02 -8.952465209960937500e+02
2.335498642921447754e+01 3.390000000000000124e+00 1.999999955296516418e-02 -8.952465209960937500e+02
2.344894886016845703e+01 3.339999999999999858e+00 1.999999955296516418e-02 -1.077093505859375000e+03
2.355695247650146484e+01 3.350000000000000089e+00 1.999999955296516418e-02 -9.931641235351562500e+02
2.364699220657348633e+01 3.259999999999999787e+00 1.999999955296516418e-02 -1.175010986328125000e+03
2.376394963264465332e+01 3.310000000000000053e+00 1.999999955296516418e-02 -1.161022827148437500e+03
2.384994888305664062e+01 3.250000000000000000e+00 1.999999955296516418e-02 -1.161022827148437500e+03
2.396195173263549805e+01 3.319999999999999840e+00 1.999999955296516418e-02 -1.161022827148437500e+03
2.405694866180419922e+01 3.410000000000000142e+00 1.999999955296516418e-02 -1.175010986328125000e+03
2.416495132446289062e+01 3.370000000000000107e+00 1.999999955296516418e-02 -1.175010986328125000e+03
2.425394892692565918e+01 3.359999999999999876e+00 1.999999955296516418e-02 -1.342869750976562500e+03
2.434894967079162598e+01 3.390000000000000124e+00 1.999999955296516418e-02 -1.440787353515625000e+03
2.446094942092895508e+01 3.319999999999999840e+00 1.999999955296516418e-02 -1.538704956054687500e+03
2.456794810295104980e+01 3.319999999999999840e+00 1.999999955296516418e-02 -1.720551879882812500e+03
2.466394901275634766e+01 3.220000000000000195e+00 1.999999955296516418e-02 -1.706563598632812500e+03
2.475394916534423828e+01 3.259999999999999787e+00 1.999999955296516418e-02 -1.706563598632812500e+03
2.486095023155212402e+01 3.240000000000000213e+00 1.999999955296516418e-02 -1.720551879882812500e+03
2.495595026016235352e+01 3.339999999999999858e+00 1.999999955296516418e-02 -1.804481201171875000e+03
2.506894850730895996e+01 3.250000000000000000e+00 1.999999955296516418e-02 -1.538704956054687500e+03
2.515395021438598633e+01 3.299999999999999822e+00 1.999999955296516418e-02 -1.440787353515625000e+03
2.524494791030883789e+01 3.330000000000000071e+00 1.999999955296516418e-02 -1.440787353515625000e+03
2.536196660995483398e+01 3.299999999999999822e+00 1.999999955296516418e-02 -1.706563598632812500e+03
2.546895003318786621e+01 3.240000000000000213e+00 1.999999955296516418e-02 -1.622634277343750000e+03
2.555994963645935059e+01 3.169999999999999929e+00 1.999999955296516418e-02 -1.538704956054687500e+03
2.565395021438598633e+01 3.189999999999999947e+00 1.999999955296516418e-02 -9.931641235351562500e+02
2.576195859909057617e+01 3.279999999999999805e+00 1.999999955296516418e-02 -8.113171386718750000e+02
2.585195708274841309e+01 3.339999999999999858e+00 1.999999955296516418e-02 -8.113171386718750000e+02
2.596894884109497070e+01 3.430000000000000160e+00 1.999999955296516418e-02 -7.273877563476562500e+02
2.605499172210693359e+01 3.459999999999999964e+00 1.999999955296516418e-02 -8.113171386718750000e+02
2.616700291633605957e+01 3.450000000000000178e+00 1.999999955296516418e-02 -9.931641235351562500e+02
2.626196289062500000e+01 3.370000000000000107e+00 1.999999955296516418e-02 -9.931641235351562500e+02
2.635598039627075195e+01 3.350000000000000089e+00 1.999999955296516418e-02 -8.113171386718750000e+02
2.645899152755737305e+01 3.370000000000000107e+00 1.999999955296516418e-02 -9.092347412109375000e+02
2.655395030975341797e+01 3.490000000000000213e+00 1.999999955296516418e-02 -1.356857910156250000e+03
2.666594958305358887e+01 2.339999999999999858e+00 1.999999955296516418e-02 0.000000000000000000e+00
2.675099277496337891e+01 1.290000000000000036e+00 1.999999955296516418e-02 0.000000000000000000e+00
2.686896491050720215e+01 1.229999999999999982e+00 5.000000074505805969e-02 1.077093505859375000e+03
2.695899128913879395e+01 3.149999999999999911e+00 5.000000074505805969e-02 2.615798339843750000e+03
2.706595087051391602e+01 3.310000000000000053e+00 5.000000074505805969e-02 3.329197998046875000e+03
2.716095304489135742e+01 3.560000000000000053e+00 5.000000074505805969e-02 2.797645263671875000e+03
2.725195789337158203e+01 3.689999999999999947e+00 5.000000074505805969e-02 2.531868896484375000e+03
2.735898780822753906e+01 3.680000000000000160e+00 5.000000074505805969e-02 2.350021972656250000e+03
2.744994926452636719e+01 3.549999999999999822e+00 5.000000074505805969e-02 2.252104736328125000e+03
2.756699037551879883e+01 3.540000000000000036e+00 5.000000074505805969e-02 2.252104736328125000e+03
2.765196013450622559e+01 3.569999999999999840e+00 5.000000074505805969e-02 2.433951416015625000e+03
2.776494812965393066e+01 3.589999999999999858e+00 5.000000074505805969e-02 2.168175292968750000e+03
2.785898947715759277e+01 3.680000000000000160e+00 5.000000074505805969e-02 1.986328247070312500e+03
2.796698665618896484e+01 3.649999999999999911e+00 5.000000074505805969e-02 1.888410644531250000e+03
2.805695271492004395e+01 3.560000000000000053e+00 5.000000074505805969e-02 1.790493041992187500e+03
2.815196537971496582e+01 3.600000000000000089e+00 5.000000074505805969e-02 1.804481201171875000e+03
2.826000761985778809e+01 3.600000000000000089e+00 5.000000074505805969e-02 1.888410644531250000e+03
2.834895348548889160e+01 3.600000000000000089e+00 5.000000074505805969e-02 1.804481201171875000e+03
2.846699476242065430e+01 3.620000000000000107e+00 5.000000074505805969e-02 1.524716674804687500e+03
2.855595803260803223e+01 3.600000000000000089e+00 5.000000074505805969e-02 1.622634277343750000e+03
2.866394996643066406e+01 3.520000000000000018e+00 5.000000074505805969e-02 1.804481201171875000e+03
2.875899648666381836e+01 3.509999999999999787e+00 5.000000074505805969e-02 1.986328247070312500e+03
2.884894752502441406e+01 3.569999999999999840e+00 5.000000074505805969e-02 1.804481201171875000e+03
2.895595002174377441e+01 3.589999999999999858e+00 5.000000074505805969e-02 1.790493041992187500e+03
2.905098414421081543e+01 3.569999999999999840e+00 5.000000074505805969e-02 1.804481201171875000e+03
2.916394972801208496e+01 3.640000000000000124e+00 5.000000074505805969e-02 1.706563598632812500e+03
2.924894928932189941e+01 3.620000000000000107e+00 5.000000074505805969e-02 1.356857910156250000e+03
2.936595344543457031e+01 3.600000000000000089e+00 5.000000074505805969e-02 1.258940307617187500e+03
2.945695304870605469e+01 3.549999999999999822e+00 5.000000074505805969e-02 1.161022827148437500e+03
2.956396698951721191e+01 3.490000000000000213e+00 5.000000074505805969e-02 1.356857910156250000e+03
2.965498828887939453e+01 3.609999999999999876e+00 5.000000074505805969e-02 1.091081787109375000e+03
2.974895262718200684e+01 3.620000000000000107e+00 5.000000074505805969e-02 7.133995361328125000e+02
2.985694837570190430e+01 3.589999999999999858e+00 5.000000074505805969e-02 6.294701538085937500e+02
2.994699072837829590e+01 3.479999999999999982e+00 5.000000074505805969e-02 8.113171386718750000e+02
3.006395077705383301e+01 3.500000000000000000e+00 5.000000074505805969e-02 8.952465209960937500e+02
3.014995074272155762e+01 3.609999999999999876e+00 5.000000074505805969e-02 7.273877563476562500e+02
3.026195454597473145e+01 3.580000000000000071e+00 5.000000074505805969e-02 7.273877563476562500e+02
3.035695266723632812e+01 3.540000000000000036e+00 5.000000074505805969e-02 7.273877563476562500e+02
3.046494889259338379e+01 3.549999999999999822e+00 5.000000074505805969e-02 7.273877563476562500e+02
3.055394768714904785e+01 3.529999999999999805e+00 5.000000074505805969e-02 1.091081787109375000e+03
3.064895057678222656e+01 3.640000000000000124e+00 5.000000074505805969e-02 8.113171386718750000e+02
3.076095795631408691e+01 3.629999999999999893e+00 5.000000074505805969e-02 7.273877563476562500e+02
3.086894989013671875e+01 3.529999999999999805e+00 5.000000074505805969e-02 6.294701538085937500e+02
3.096395182609558105e+01 3.509999999999999787e+00 5.000000074505805969e-02 7.133995361328125000e+02
3.105394983291625977e+01 3.540000000000000036e+00 5.000000074505805969e-02 3.636938781738281250e+02
3.116094899177551270e+01 3.609999999999999876e+00 5.000000074505805969e-02 0.000000000000000000e+00
3.125595188140869141e+01 3.520000000000000018e+00 5.000000074505805969e-02 9.791758728027343750e+01
3.136894893646240234e+01 3.450000000000000178e+00 5.000000074505805969e-02 0.000000000000000000e+00
3.145394825935363770e+01 3.509999999999999787e+00 5.000000074505805969e-02 0.000000000000000000e+00
3.154495215415954590e+01 3.500000000000000000e+00 5.000000074505805969e-02 0.000000000000000000e+00
3.166195344924926758e+01 3.529999999999999805e+00 5.000000074505805969e-02 0.000000000000000000e+00
3.176894927024841309e+01 3.799999999999999822e+00 5.000000074505805969e-02 0.000000000000000000e+00
3.185995340347290039e+01 3.959999999999999964e+00 5.000000074505805969e-02 0.000000000000000000e+00
3.195394897460937500e+01 4.490000000000000213e+00 5.000000074505805969e-02 0.000000000000000000e+00
3.206195259094238281e+01 5.570000000000000284e+00 5.000000074505805969e-02 0.000000000000000000e+00
3.215195393562316895e+01 6.059999999999999609e+00 5.000000074505805969e-02 0.000000000000000000e+00
3.226894903182983398e+01 6.740000000000000213e+00 1.999999955296516418e-02 -1.077093505859375000e+03
3.235508036613464355e+01 3.930000000000000160e+00 1.999999955296516418e-02 -2.168175292968750000e+03
3.246699118614196777e+01 3.330000000000000071e+00 1.999999955296516418e-02 -2.433951416015625000e+03
3.256197047233581543e+01 3.270000000000000018e+00 1.999999955296516418e-02 -2.238116455078125000e+03
3.266495084762573242e+01 3.379999999999999893e+00 1.999999955296516418e-02 -2.433951416015625000e+03
3.275898218154907227e+01 3.379999999999999893e+00 1.999999955296516418e-02 -2.881574707031250000e+03
3.285395050048828125e+01 3.479999999999999982e+00 1.999999955296516418e-02 -3.147350830078125000e+03
3.296594762802124023e+01 3.430000000000000160e+00 1.999999955296516418e-02 -3.413127197265625000e+03
3.305098772048950195e+01 3.500000000000000000e+00 1.999999955296516418e-02 -3.343186035156250000e+03
3.316894841194152832e+01 3.419999999999999929e+00 1.999999955296516418e-02 -2.965503906250000000e+03
3.325899028778076172e+01 3.370000000000000107e+00 1.999999955296516418e-02 -3.063421630859375000e+03
3.336595225334167480e+01 3.399999999999999911e+00 1.999999955296516418e-02 -3.231280273437500000e+03
3.346094989776611328e+01 3.609999999999999876e+00 1.999999955296516418e-02 -3.511044921875000000e+03
3.355195760726928711e+01 3.540000000000000036e+00 1.999999955296516418e-02 -3.874739013671875000e+03
3.365899038314819336e+01 3.370000000000000107e+00 1.999999955296516418e-02 -3.413127197265625000e+03
3.374994945526123047e+01 3.270000000000000018e+00 1.999999955296516418e-02 -2.881574707031250000e+03
3.386700057983398438e+01 3.390000000000000124e+00 1.999999955296516418e-02 -2.615798339843750000e+03
3.395195245742797852e+01 3.439999999999999947e+00 1.999999955296516418e-02 -2.699727783203125000e+03
3.406495428085327148e+01 3.479999999999999982e+00 1.999999955296516418e-02 -2.615798339843750000e+03
3.415902352333068848e+01 3.319999999999999840e+00 1.999999955296516418e-02 -2.699727783203125000e+03
3.426698827743530273e+01 3.290000000000000036e+00 1.999999955296516418e-02 -1.986328247070312500e+03
3.435695552825927734e+01 3.370000000000000107e+00 1.999999955296516418e-02 -1.706563598632812500e+03
3.445195865631103516e+01 3.529999999999999805e+00 1.999999955296516418e-02 -1.888410644531250000e+03
3.455995154380798340e+01 3.450000000000000178e+00 1.999999955296516418e-02 -1.804481201171875000e+03
3.464894914627075195e+01 3.410000000000000142e+00 1.999999955296516418e-02 -1.342869750976562500e+03
3.476698946952819824e+01 2.830000000000000071e+00 5.000000074505805969e-02 0.000000000000000000e+00
3.485595035552978516e+01 3.680000000000000160e+00 5.000000074505805969e-02 0.000000000000000000e+00
3.496395564079284668e+01 3.520000000000000018e+00 5.000000074505805969e-02 5.455408935546875000e+02
3.505899190902709961e+01 3.180000000000000160e+00 5.000000074505805969e-02 1.720551879882812500e+03
3.514895129203796387e+01 3.379999999999999893e+00 5.000000074505805969e-02 1.804481201171875000e+03
3.525595164299011230e+01 3.540000000000000036e+00 5.000000074505805969e-02 2.154187011718750000e+03
3.535100293159484863e+01 3.500000000000000000e+00 5.000000074505805969e-02 2.252104736328125000e+03
3.546395373344421387e+01 3.509999999999999787e+00 5.000000074505805969e-02 2.699727783203125000e+03
3.554895210266113281e+01 3.589999999999999858e+00 5.000000074505805969e-02 2.517880615234375000e+03
3.566595029830932617e+01 3.569999999999999840e+00 5.000000074505805969e-02 2.783656982421875000e+03
3.575694894790649414e+01 3.540000000000000036e+00 5.000000074505805969e-02 2.881574707031250000e+03
3.586395192146301270e+01 3.580000000000000071e+00 5.000000074505805969e-02 3.231280273437500000e+03
3.595499372482299805e+01 3.549999999999999822e+00 5.000000074505805969e-02 3.147350830078125000e+03
3.604894781112670898e+01 3.580000000000000071e+00 5.000000074505805969e-02 3.245268554687500000e+03
3.615694808959960938e+01 3.620000000000000107e+00 5.000000074505805969e-02 3.063421630859375000e+03
3.626894688606262207e+01 3.669999999999999929e+00 5.000000074505805969e-02 2.699727783203125000e+03
3.636395525932312012e+01 3.629999999999999893e+00 5.000000074505805969e-02 2.965503906250000000e+03
3.644994950294494629e+01 3.589999999999999858e+00 5.000000074505805969e-02 2.797645263671875000e+03
3.656195759773254395e+01 3.500000000000000000e+00 5.000000074505805969e-02 3.063421630859375000e+03
3.665694928169250488e+01 3.529999999999999805e+00 5.000000074505805969e-02 3.147350830078125000e+03
3.676495146751403809e+01 3.669999999999999929e+00 5.000000074505805969e-02 2.699727783203125000e+03
3.685395050048828125e+01 3.669999999999999929e+00 5.000000074505805969e-02 2.517880615234375000e+03
3.694895195960998535e+01 3.620000000000000107e+00 5.000000074505805969e-02 2.154187011718750000e+03
3.706094765663146973e+01 3.609999999999999876e+00 5.000000074505805969e-02 2.070257568359375000e+03
3.716894888877868652e+01 3.589999999999999858e+00 5.000000074505805969e-02 2.070257568359375000e+03
3.726394987106323242e+01 3.640000000000000124e+00 5.000000074505805969e-02 1.986328247070312500e+03
3.735395312309265137e+01 3.680000000000000160e+00 5.000000074505805969e-02 1.608645996093750000e+03
3.746095013618469238e+01 3.669999999999999929e+00 5.000000074505805969e-02 1.342869750976562500e+03
3.755595111846923828e+01 3.580000000000000071e+00 5.000000074505805969e-02 1.342869750976562500e+03
3.766895222663879395e+01 4.269999999999999574e+00 5.000000074505805969e-02 0.000000000000000000e+00
3.775394916534423828e+01 5.469999999999999751e+00 5.000000074505805969e-02 0.000000000000000000e+00
3.784495258331298828e+01 5.070000000000000284e+00 5.000000074505805969e-02 0.000000000000000000e+00
3.796195244789123535e+01 4.820000000000000284e+00 5.000000074505805969e-02 0.000000000000000000e+00
3.806895017623901367e+01 4.309999999999999609e+00 5.000000074505805969e-02 0.000000000000000000e+00
3.815996193885803223e+01 3.580000000000000071e+00 5.000000074505805969e-02 0.000000000000000000e+00
3.825394868850708008e+01 3.540000000000000036e+00 5.000000074505805969e-02 0.000000000000000000e+00
3.836196184158325195e+01 3.649999999999999911e+00 5.000000074505805969e-02 0.000000000000000000e+00
3.845195341110229492e+01 3.750000000000000000e+00 5.000000074505805969e-02 0.000000000000000000e+00
3.856894993782043457e+01 3.759999999999999787e+00 5.000000074505805969e-02 0.000000000000000000e+00
3.865498375892639160e+01 3.720000000000000195e+00 5.000000074505805969e-02 0.000000000000000000e+00
3.876698565483093262e+01 3.680000000000000160e+00 5.000000074505805969e-02 0.000000000000000000e+00
3.886195373535156250e+01 3.649999999999999911e+00 5.000000074505805969e-02 0.000000000000000000e+00
3.895596528053283691e+01 3.620000000000000107e+00 5.000000074505805969e-02 0.000000000000000000e+00
3.905899167060852051e+01 3.600000000000000089e+00 5.000000074505805969e-02 0.000000000000000000e+00
3.915395402908325195e+01 3.569999999999999840e+00 5.000000074505805969e-02 0.000000000000000000e+00
3.926595234870910645e+01 3.549999999999999822e+00 5.000000074505805969e-02 0.000000000000000000e+00
3.935099482536315918e+01 3.529999999999999805e+00 5.000000074505805969e-02 0.000000000000000000e+00
3.946896672248840332e+01 3.509999999999999787e+00 5.000000074505805969e-02 0.000000000000000000e+00
3.955899548530578613e+01 3.509999999999999787e+00 5.000000074505805969e-02 0.000000000000000000e+00
3.966594839096069336e+01 3.490000000000000213e+00 5.000000074505805969e-02 0.000000000000000000e+00
3.976095557212829590e+01 3.490000000000000213e+00 5.000000074505805969e-02 0.000000000000000000e+00
3.985194945335388184e+01 3.470000000000000195e+00 5.000000074505805969e-02 0.000000000000000000e+00
3.995901465415954590e+01 3.459999999999999964e+00 5.000000074505805969e-02 0.000000000000000000e+00
