1.020038127899169922e-01 1.139999999999999902e+00 9.999999776482582092e-03 0.000000000000000000e+00
1.830384731292724609e-01 1.139999999999999902e+00 9.999999776482582092e-03 0.000000000000000000e+00
2.990512847900390625e-01 1.139999999999999902e+00 9.999999776482582092e-03 0.000000000000000000e+00
3.910381793975830078e-01 1.139999999999999902e+00 9.999999776482582092e-03 0.000000000000000000e+00
5.009987354278564453e-01 1.139999999999999902e+00 9.999999776482582092e-03 0.000000000000000000e+00
5.910410881042480469e-01 1.139999999999999902e+00 9.999999776482582092e-03 0.000000000000000000e+00
6.819980144500732422e-01 1.139999999999999902e+00 9.999999776482582092e-03 0.000000000000000000e+00
7.950477600097656250e-01 1.139999999999999902e+00 9.999999776482582092e-03 0.000000000000000000e+00
8.849999904632568359e-01 1.139999999999999902e+00 9.999999776482582092e-03 0.000000000000000000e+00
9.950609207153320312e-01 1.139999999999999902e+00 9.999999776482582092e-03 0.000000000000000000e+00
1.080998182296752930e+00 1.129999999999999893e+00 9.999999776482582092e-03 0.000000000000000000e+00
1.198000431060791016e+00 1.129999999999999893e+00 9.999999776482582092e-03 0.000000000000000000e+00
1.288997650146484375e+00 1.129999999999999893e+00 9.999999776482582092e-03 0.000000000000000000e+00
1.400000333786010742e+00 1.129999999999999893e+00 9.999999776482582092e-03 0.000000000000000000e+00
1.484998464584350586e+00 1.139999999999999902e+00 9.999999776482582092e-03 0.000000000000000000e+00
1.598010063171386719e+00 1.159999999999999920e+00 9.999999776482582092e-03 0.000000000000000000e+00
1.692996740341186523e+00 1.110000000000000098e+00 9.999999776482582092e-03 0.000000000000000000e+00
1.800018548965454102e+00 1.110000000000000098e+00 9.999999776482582092e-03 0.000000000000000000e+00
1.890010356903076172e+00 1.120000000000000107e+00 9.999999776482582092e-03 0.000000000000000000e+00
1.984997987747192383e+00 1.120000000000000107e+00 9.999999776482582092e-03 0.000000000000000000e+00
2.092998504638671875e+00 1.179999999999999938e+00 9.999999776482582092e-03 0.000000000000000000e+00
2.181998491287231445e+00 1.340000000000000080e+00 9.999999776482582092e-03 0.000000000000000000e+00
2.299999237060546875e+00 1.229999999999999982e+00 9.999999776482582092e-03 0.000000000000000000e+00
2.385998964309692383e+00 1.679999999999999938e+00 9.999999776482582092e-03 0.000000000000000000e+00
2.496996879577636719e+00 2.180000000000000160e+00 9.999999776482582092e-03 -1.818469390869140625e+02
2.592001676559448242e+00 2.209999999999999964e+00 9.999999776482582092e-03 -4.616115112304687500e+02
2.701005697250366211e+00 2.299999999999999822e+00 9.999999776482582092e-03 -5.455408935546875000e+02
2.790006637573242188e+00 2.209999999999999964e+00 9.999999776482582092e-03 -5.455408935546875000e+02
2.881003379821777344e+00 2.200000000000000178e+00 9.999999776482582092e-03 -3.636938781738281250e+02
2.993998527526855469e+00 2.270000000000000018e+00 9.999999776482582092e-03 -3.636938781738281250e+02
3.082000732421875000e+00 2.240000000000000213e+00 9.999999776482582092e-03 -2.797645568847656250e+02
3.195998191833496094e+00 2.240000000000000213e+00 9.999999776482582092e-03 -3.636938781738281250e+02
3.289996623992919922e+00 2.270000000000000018e+00 9.999999776482582092e-03 -2.797645568847656250e+02
3.396996021270751953e+00 2.279999999999999805e+00 9.999999776482582092e-03 -3.636938781738281250e+02
3.487998723983764648e+00 2.209999999999999964e+00 9.999999776482582092e-03 -3.497056579589843750e+02
3.583039522171020508e+00 2.270000000000000018e+00 9.999999776482582092e-03 -4.476232604980468750e+02
3.690000057220458984e+00 2.220000000000000195e+00 9.999999776482582092e-03 -3.636938781738281250e+02
3.801998615264892578e+00 2.270000000000000018e+00 9.999999776482582092e-03 -3.636938781738281250e+02
3.897996425628662109e+00 2.270000000000000018e+00 9.999999776482582092e-03 -3.636938781738281250e+02
3.983058929443359375e+00 2.229999999999999982e+00 9.999999776482582092e-03 -3.636938781738281250e+02
4.095046520233154297e+00 2.250000000000000000e+00 9.999999776482582092e-03 -4.476232604980468750e+02
4.190013408660888672e+00 2.209999999999999964e+00 9.999999776482582092e-03 -3.497056579589843750e+02
4.297996759414672852e+00 2.290000000000000036e+00 9.999999776482582092e-03 -4.476232604980468750e+02
4.387037754058837891e+00 2.209999999999999964e+00 9.999999776482582092e-03 -2.657763061523437500e+02
4.482005119323730469e+00 2.209999999999999964e+00 9.999999776482582092e-03 -8.392935943603515625e+01
4.591047763824462891e+00 2.339999999999999858e+00 9.999999776482582092e-03 -2.657763061523437500e+02
4.687044143676757812e+00 2.299999999999999822e+00 9.999999776482582092e-03 -2.797645568847656250e+02
4.796998023986816406e+00 2.270000000000000018e+00 9.999999776482582092e-03 -2.657763061523437500e+02
4.884004592895507812e+00 2.250000000000000000e+00 9.999999776482582092e-03 -3.497056579589843750e+02
4.995044946670532227e+00 2.220000000000000195e+00 9.999999776482582092e-03 -2.657763061523437500e+02
5.085999250411987305e+00 2.209999999999999964e+00 9.999999776482582092e-03 -1.678587188720703125e+02
5.199046373367309570e+00 2.250000000000000000e+00 9.999999776482582092e-03 -1.818469390869140625e+02
5.287048339843750000e+00 2.330000000000000071e+00 9.999999776482582092e-03 -3.636938781738281250e+02
5.401005029678344727e+00 2.259999999999999787e+00 9.999999776482582092e-03 -3.636938781738281250e+02
5.495041131973266602e+00 2.209999999999999964e+00 9.999999776482582092e-03 -3.636938781738281250e+02
5.602001428604125977e+00 2.250000000000000000e+00 9.999999776482582092e-03 -4.476232604980468750e+02
5.692997455596923828e+00 2.209999999999999964e+00 9.999999776482582092e-03 -4.476232604980468750e+02
5.787997961044311523e+00 2.220000000000000195e+00 9.999999776482582092e-03 -3.636938781738281250e+02
5.895044326782226562e+00 2.209999999999999964e+00 9.999999776482582092e-03 -3.636938781738281250e+02
5.984997749328613281e+00 2.180000000000000160e+00 9.999999776482582092e-03 -3.636938781738281250e+02
6.079998254776000977e+00 2.220000000000000195e+00 9.999999776482582092e-03 -3.636938781738281250e+02
6.187997341156005859e+00 2.209999999999999964e+00 9.999999776482582092e-03 -4.616115112304687500e+02
6.300105810165405273e+00 2.240000000000000213e+00 9.999999776482582092e-03 -4.616115112304687500e+02
6.395049571990966797e+00 2.169999999999999929e+00 9.999999776482582092e-03 -3.636938781738281250e+02
6.481003761291503906e+00 2.229999999999999982e+00 9.999999776482582092e-03 -2.657763061523437500e+02
6.592005014419555664e+00 2.209999999999999964e+00 9.999999776482582092e-03 -4.476232604980468750e+02
6.687040090560913086e+00 2.169999999999999929e+00 9.999999776482582092e-03 -5.315526123046875000e+02
6.796000719070434570e+00 2.180000000000000160e+00 9.999999776482582092e-03 -4.616115112304687500e+02
6.885014057159423828e+00 2.209999999999999964e+00 9.999999776482582092e-03 -4.616115112304687500e+02
7.001001358032226562e+00 2.270000000000000018e+00 9.999999776482582092e-03 -3.636938781738281250e+02
7.088999032974243164e+00 2.209999999999999964e+00 9.999999776482582092e-03 -3.497056579589843750e+02
7.200000762939453125e+00 2.209999999999999964e+00 9.999999776482582092e-03 -3.636938781738281250e+02
7.291047573089599609e+00 2.220000000000000195e+00 9.999999776482582092e-03 -3.497056579589843750e+02
7.385000467300415039e+00 2.209999999999999964e+00 9.999999776482582092e-03 -2.657763061523437500e+02
7.492001295089721680e+00 2.279999999999999805e+00 9.999999776482582092e-03 -4.476232604980468750e+02
7.583044528961181641e+00 2.140000000000000124e+00 9.999999776482582092e-03 -3.636938781738281250e+02
7.699999809265136719e+00 2.240000000000000213e+00 9.999999776482582092e-03 -5.315526123046875000e+02
7.784996747970581055e+00 2.299999999999999822e+00 9.999999776482582092e-03 -5.455408935546875000e+02
7.897998094558715820e+00 2.290000000000000036e+00 9.999999776482582092e-03 -5.315526123046875000e+02
7.992996454238891602e+00 2.259999999999999787e+00 9.999999776482582092e-03 -4.476232604980468750e+02
8.100007534027099609e+00 2.250000000000000000e+00 9.999999776482582092e-03 -5.315526123046875000e+02
8.189996957778930664e+00 2.189999999999999947e+00 9.999999776482582092e-03 -4.476232604980468750e+02
8.284997701644897461e+00 2.169999999999999929e+00 9.999999776482582092e-03 -3.636938781738281250e+02
8.392997741699218750e+00 2.189999999999999947e+00 9.999999776482582092e-03 -4.476232604980468750e+02
8.482001543045043945e+00 2.189999999999999947e+00 9.999999776482582092e-03 -3.636938781738281250e+02
8.600011110305786133e+00 2.229999999999999982e+00 9.999999776482582092e-03 -3.636938781738281250e+02
8.685999393463134766e+00 2.220000000000000195e+00 9.999999776482582092e-03 -3.636938781738281250e+02
8.796996831893920898e+00 2.189999999999999947e+00 9.999999776482582092e-03 -3.636938781738281250e+02
8.892003297805786133e+00 2.229999999999999982e+00 9.999999776482582092e-03 -2.657763061523437500e+02
9.001006364822387695e+00 2.229999999999999982e+00 9.999999776482582092e-03 -4.476232604980468750e+02
9.089998483657836914e+00 2.189999999999999947e+00 9.999999776482582092e-03 -3.636938781738281250e+02
9.181004047393798828e+00 2.160000000000000142e+00 9.999999776482582092e-03 -2.797645568847656250e+02
9.293998956680297852e+00 2.180000000000000160e+00 9.999999776482582092e-03 -4.476232604980468750e+02
9.381998300552368164e+00 2.220000000000000195e+00 9.999999776482582092e-03 -3.497056579589843750e+02
9.496003866195678711e+00 2.200000000000000178e+00 9.999999776482582092e-03 -2.657763061523437500e+02
9.590006351470947266e+00 2.200000000000000178e+00 9.999999776482582092e-03 -3.636938781738281250e+02
9.697005987167358398e+00 2.259999999999999787e+00 9.999999776482582092e-03 -4.616115112304687500e+02
9.788008451461791992e+00 2.160000000000000142e+00 9.999999776482582092e-03 -4.476232604980468750e+02
9.883050680160522461e+00 2.149999999999999911e+00 9.999999776482582092e-03 -3.497056579589843750e+02
9.990000963211059570e+00 2.209999999999999964e+00 9.999999776482582092e-03 -2.797645568847656250e+02
1.010304689407348633e+01 2.200000000000000178e+00 9.999999776482582092e-03 -2.657763061523437500e+02
1.019799637794494629e+01 2.200000000000000178e+00 9.999999776482582092e-03 -8.392935943603515625e+01
1.028304529190063477e+01 2.250000000000000000e+00 9.999999776482582092e-03 -3.497056579589843750e+02
1.039504647254943848e+01 2.189999999999999947e+00 9.999999776482582092e-03 -3.636938781738281250e+02
1.049000024795532227e+01 2.209999999999999964e+00 9.999999776482582092e-03 -3.636938781738281250e+02
1.059799671173095703e+01 2.200000000000000178e+00 9.999999776482582092e-03 -3.497056579589843750e+02
1.068704485893249512e+01 2.180000000000000160e+00 9.999999776482582092e-03 -2.797645568847656250e+02
1.078201079368591309e+01 2.200000000000000178e+00 9.999999776482582092e-03 -8.392935943603515625e+01
1.089105439186096191e+01 2.299999999999999822e+00 9.999999776482582092e-03 -3.636938781738281250e+02
1.100100731849670410e+01 2.220000000000000195e+00 9.999999776482582092e-03 -1.818469390869140625e+02
1.109699940681457520e+01 2.270000000000000018e+00 9.999999776482582092e-03 -2.797645568847656250e+02
1.118399977684020996e+01 2.330000000000000071e+00 9.999999776482582092e-03 -3.636938781738281250e+02
1.129503655433654785e+01 2.290000000000000036e+00 9.999999776482582092e-03 -5.315526123046875000e+02
1.138600063323974609e+01 2.259999999999999787e+00 9.999999776482582092e-03 -5.455408935546875000e+02
1.149903941154479980e+01 2.169999999999999929e+00 9.999999776482582092e-03 -5.455408935546875000e+02
1.158703303337097168e+01 2.189999999999999947e+00 9.999999776482582092e-03 -4.616115112304687500e+02
1.170100545883178711e+01 2.180000000000000160e+00 9.999999776482582092e-03 -2.657763061523437500e+02
1.179503583908081055e+01 2.209999999999999964e+00 9.999999776482582092e-03 -3.636938781738281250e+02
1.190100216865539551e+01 2.240000000000000213e+00 9.999999776482582092e-03 -5.315526123046875000e+02
1.199300026893615723e+01 2.240000000000000213e+00 9.999999776482582092e-03 -5.455408935546875000e+02
1.208799934387207031e+01 2.180000000000000160e+00 9.999999776482582092e-03 -5.455408935546875000e+02
1.219503378868103027e+01 2.220000000000000195e+00 9.999999776482582092e-03 -6.294701538085937500e+02
1.228499984741210938e+01 2.189999999999999947e+00 9.999999776482582092e-03 -5.455408935546875000e+02
1.238004326820373535e+01 2.109999999999999876e+00 9.999999776482582092e-03 -4.476232604980468750e+02
1.248799991607666016e+01 2.240000000000000213e+00 9.999999776482582092e-03 -4.616115112304687500e+02
1.260000085830688477e+01 2.220000000000000195e+00 9.999999776482582092e-03 -3.636938781738281250e+02
1.269503164291381836e+01 2.209999999999999964e+00 9.999999776482582092e-03 -3.636938781738281250e+02
1.278100585937500000e+01 2.209999999999999964e+00 9.999999776482582092e-03 -4.476232604980468750e+02
1.289200425148010254e+01 2.180000000000000160e+00 9.999999776482582092e-03 -4.476232604980468750e+02
1.298703837394714355e+01 2.100000000000000089e+00 9.999999776482582092e-03 -2.657763061523437500e+02
1.309599876403808594e+01 2.189999999999999947e+00 9.999999776482582092e-03 -4.616115112304687500e+02
1.318499994277954102e+01 2.200000000000000178e+00 9.999999776482582092e-03 -2.657763061523437500e+02
1.328499698638916016e+01 2.200000000000000178e+00 9.999999776482582092e-03 -1.818469390869140625e+02
1.338899946212768555e+01 2.259999999999999787e+00 9.999999776482582092e-03 -1.818469390869140625e+02
1.349999785423278809e+01 2.290000000000000036e+00 9.999999776482582092e-03 -3.497056579589843750e+02
1.359104800224304199e+01 2.310000000000000053e+00 9.999999776482582092e-03 -4.476232604980468750e+02
1.368500208854675293e+01 2.270000000000000018e+00 9.999999776482582092e-03 -5.455408935546875000e+02
1.379200792312622070e+01 2.200000000000000178e+00 9.999999776482582092e-03 -5.315526123046875000e+02
1.388303947448730469e+01 2.209999999999999964e+00 9.999999776482582092e-03 -4.616115112304687500e+02
1.400000071525573730e+01 2.200000000000000178e+00 9.999999776482582092e-03 -4.476232604980468750e+02
1.408499836921691895e+01 2.240000000000000213e+00 9.999999776482582092e-03 -4.476232604980468750e+02
1.419799971580505371e+01 2.209999999999999964e+00 9.999999776482582092e-03 -5.315526123046875000e+02
1.429299902915954590e+01 2.229999999999999982e+00 9.999999776482582092e-03 -4.476232604980468750e+02
1.439999890327453613e+01 2.220000000000000195e+00 9.999999776482582092e-03 -4.476232604980468750e+02
1.449000239372253418e+01 2.229999999999999982e+00 9.999999776482582092e-03 -2.657763061523437500e+02
1.458500099182128906e+01 2.200000000000000178e+00 9.999999776482582092e-03 -2.797645568847656250e+02
1.469299912452697754e+01 2.189999999999999947e+00 9.999999776482582092e-03 -2.797645568847656250e+02
1.478205776214599609e+01 2.209999999999999964e+00 9.999999776482582092e-03 -3.636938781738281250e+02
1.490000009536743164e+01 2.229999999999999982e+00 9.999999776482582092e-03 -5.455408935546875000e+02
1.498599743843078613e+01 2.279999999999999805e+00 9.999999776482582092e-03 -5.315526123046875000e+02
1.509699654579162598e+01 2.220000000000000195e+00 9.999999776482582092e-03 -4.476232604980468750e+02
1.519200348854064941e+01 2.220000000000000195e+00 9.999999776482582092e-03 -2.797645568847656250e+02
1.530100154876708984e+01 2.220000000000000195e+00 9.999999776482582092e-03 -3.636938781738281250e+02
1.539000058174133301e+01 2.259999999999999787e+00 9.999999776482582092e-03 -3.636938781738281250e+02
1.548100209236145020e+01 2.209999999999999964e+00 9.999999776482582092e-03 -5.315526123046875000e+02
1.559399676322937012e+01 2.209999999999999964e+00 9.999999776482582092e-03 -5.455408935546875000e+02
1.568200254440307617e+01 2.189999999999999947e+00 9.999999776482582092e-03 -6.294701538085937500e+02
1.579599809646606445e+01 2.160000000000000142e+00 9.999999776482582092e-03 -5.455408935546875000e+02
1.588999795913696289e+01 2.209999999999999964e+00 9.999999776482582092e-03 -5.455408935546875000e+02
1.599699711799621582e+01 2.169999999999999929e+00 9.999999776482582092e-03 -5.455408935546875000e+02
1.608799958229064941e+01 2.160000000000000142e+00 9.999999776482582092e-03 -5.455408935546875000e+02
1.618303966522216797e+01 2.180000000000000160e+00 9.999999776482582092e-03 -4.476232604980468750e+02
1.628999614715576172e+01 2.200000000000000178e+00 9.999999776482582092e-03 -4.476232604980468750e+02
1.638000297546386719e+01 2.209999999999999964e+00 9.999999776482582092e-03 -6.294701538085937500e+02
1.649799656867980957e+01 2.140000000000000124e+00 9.999999776482582092e-03 -5.455408935546875000e+02
1.658304166793823242e+01 2.140000000000000124e+00 9.999999776482582092e-03 -5.455408935546875000e+02
1.669504857063293457e+01 2.209999999999999964e+00 9.999999776482582092e-03 -4.476232604980468750e+02
1.679000067710876465e+01 2.259999999999999787e+00 9.999999776482582092e-03 -5.455408935546875000e+02
1.689799976348876953e+01 2.200000000000000178e+00 9.999999776482582092e-03 -4.476232604980468750e+02
1.698703575134277344e+01 2.189999999999999947e+00 9.999999776482582092e-03 -4.476232604980468750e+02
1.708200120925903320e+01 2.200000000000000178e+00 9.999999776482582092e-03 -4.476232604980468750e+02
1.719110393524169922e+01 2.180000000000000160e+00 9.999999776482582092e-03 -4.616115112304687500e+02
1.729599928855895996e+01 2.200000000000000178e+00 9.999999776482582092e-03 -5.315526123046875000e+02
1.739699888229370117e+01 2.240000000000000213e+00 9.999999776482582092e-03 -3.497056579589843750e+02
1.748399925231933594e+01 2.270000000000000018e+00 9.999999776482582092e-03 -3.636938781738281250e+02
1.759503602981567383e+01 2.189999999999999947e+00 9.999999776482582092e-03 -2.657763061523437500e+02
1.768599772453308105e+01 2.290000000000000036e+00 9.999999776482582092e-03 -4.476232604980468750e+02
1.779903626441955566e+01 2.209999999999999964e+00 9.999999776482582092e-03 -4.476232604980468750e+02
1.788704490661621094e+01 2.189999999999999947e+00 9.999999776482582092e-03 -4.476232604980468750e+02
1.800100064277648926e+01 2.129999999999999893e+00 9.999999776482582092e-03 -4.616115112304687500e+02
1.809504055976867676e+01 2.189999999999999947e+00 9.999999776482582092e-03 -6.294701538085937500e+02
1.820100283622741699e+01 2.169999999999999929e+00 9.999999776482582092e-03 -3.636938781738281250e+02
1.829299783706665039e+01 2.169999999999999929e+00 9.999999776482582092e-03 -2.657763061523437500e+02
1.838800048828125000e+01 2.229999999999999982e+00 9.999999776482582092e-03 -3.636938781738281250e+02
1.849503016471862793e+01 2.169999999999999929e+00 9.999999776482582092e-03 -2.657763061523437500e+02
1.858499956130981445e+01 2.299999999999999822e+00 9.999999776482582092e-03 -3.636938781738281250e+02
1.868008327484130859e+01 2.270000000000000018e+00 9.999999776482582092e-03 -4.476232604980468750e+02
1.878799819946289062e+01 2.180000000000000160e+00 9.999999776482582092e-03 -3.497056579589843750e+02
1.889999818801879883e+01 2.169999999999999929e+00 9.999999776482582092e-03 -3.497056579589843750e+02
1.899506521224975586e+01 2.140000000000000124e+00 9.999999776482582092e-03 0.000000000000000000e+00
1.908099603652954102e+01 2.009999999999999787e+00 9.999999776482582092e-03 0.000000000000000000e+00
1.919200158119201660e+01 2.089999999999999858e+00 9.999999776482582092e-03 -8.392935943603515625e+01
1.928705239295959473e+01 2.080000000000000071e+00 9.999999776482582092e-03 0.000000000000000000e+00
1.939600133895874023e+01 1.729999999999999982e+00 9.999999776482582092e-03 0.000000000000000000e+00
1.948499679565429688e+01 7.199999999999999734e-01 9.999999776482582092e-03 0.000000000000000000e+00
1.960199975967407227e+01 7.399999999999999911e-01 3.400000184774398804e-02 8.952465209960937500e+02
1.968899750709533691e+01 2.109999999999999876e+00 3.400000184774398804e-02 8.952465209960937500e+02
1.979999971389770508e+01 2.259999999999999787e+00 3.400000184774398804e-02 5.455408935546875000e+02
1.989105057716369629e+01 2.209999999999999964e+00 3.400000184774398804e-02 3.497056579589843750e+02
1.998499631881713867e+01 2.100000000000000089e+00 3.400000184774398804e-02 4.476232604980468750e+02
2.009200429916381836e+01 2.200000000000000178e+00 3.400000184774398804e-02 5.455408935546875000e+02
2.018304395675659180e+01 2.220000000000000195e+00 3.400000184774398804e-02 4.476232604980468750e+02
2.030001401901245117e+01 2.209999999999999964e+00 3.400000184774398804e-02 3.497056579589843750e+02
2.038499760627746582e+01 2.129999999999999893e+00 3.400000184774398804e-02 2.657763061523437500e+02
2.049799895286560059e+01 2.180000000000000160e+00 3.400000184774398804e-02 2.797645568847656250e+02
2.059301543235778809e+01 2.189999999999999947e+00 3.400000184774398804e-02 2.657763061523437500e+02
2.070000410079956055e+01 2.180000000000000160e+00 3.400000184774398804e-02 1.818469390869140625e+02
2.078999972343444824e+01 2.129999999999999893e+00 3.400000184774398804e-02 2.657763061523437500e+02
2.088499832153320312e+01 2.160000000000000142e+00 3.400000184774398804e-02 3.497056579589843750e+02
2.099299860000610352e+01 2.149999999999999911e+00 3.400000184774398804e-02 3.636938781738281250e+02
2.108200001716613770e+01 2.169999999999999929e+00 3.400000184774398804e-02 3.636938781738281250e+02
2.119999957084655762e+01 2.209999999999999964e+00 3.400000184774398804e-02 4.616115112304687500e+02
2.128599643707275391e+01 2.169999999999999929e+00 3.400000184774398804e-02 4.476232604980468750e+02
2.139701581001281738e+01 2.189999999999999947e+00 3.400000184774398804e-02 4.476232604980468750e+02
2.149200367927551270e+01 2.189999999999999947e+00 3.400000184774398804e-02 6.294701538085937500e+02
2.160100245475769043e+01 2.209999999999999964e+00 3.400000184774398804e-02 6.294701538085937500e+02
2.168999767303466797e+01 2.209999999999999964e+00 3.400000184774398804e-02 6.294701538085937500e+02
2.178100228309631348e+01 2.250000000000000000e+00 3.400000184774398804e-02 4.476232604980468750e+02
2.189399623870849609e+01 2.220000000000000195e+00 3.400000184774398804e-02 5.455408935546875000e+02
2.198200321197509766e+01 2.209999999999999964e+00 3.400000184774398804e-02 4.476232604980468750e+02
2.209600067138671875e+01 2.180000000000000160e+00 3.400000184774398804e-02 4.616115112304687500e+02
2.218999743461608887e+01 2.169999999999999929e+00 3.400000184774398804e-02 4.476232604980468750e+02
2.229699635505676270e+01 2.209999999999999964e+00 3.400000184774398804e-02 2.657763061523437500e+02
2.238800024986267090e+01 2.120000000000000107e+00 3.400000184774398804e-02 3.636938781738281250e+02
2.248304390907287598e+01 2.160000000000000142e+00 3.400000184774398804e-02 4.476232604980468750e+02
2.258999919891357422e+01 2.149999999999999911e+00 3.400000184774398804e-02 3.636938781738281250e+02
2.267999887466430664e+01 2.169999999999999929e+00 3.400000184774398804e-02 4.476232604980468750e+02
2.279801821708679199e+01 2.180000000000000160e+00 3.400000184774398804e-02 5.455408935546875000e+02
2.288303613662719727e+01 2.169999999999999929e+00 3.400000184774398804e-02 4.616115112304687500e+02
2.299512696266174316e+01 2.209999999999999964e+00 3.400000184774398804e-02 4.476232604980468750e+02
2.308999752998352051e+01 2.180000000000000160e+00 3.400000184774398804e-02 5.455408935546875000e+02
2.319800496101379395e+01 2.189999999999999947e+00 3.400000184774398804e-02 6.294701538085937500e+02
2.328704595565795898e+01 2.209999999999999964e+00 3.400000184774398804e-02 4.476232604980468750e+02
2.338200092315673828e+01 2.270000000000000018e+00 3.400000184774398804e-02 5.315526123046875000e+02
2.349105358123779297e+01 2.220000000000000195e+00 3.400000184774398804e-02 5.315526123046875000e+02
2.360100054740905762e+01 2.200000000000000178e+00 3.400000184774398804e-02 4.616115112304687500e+02
2.369699788093566895e+01 2.189999999999999947e+00 3.400000184774398804e-02 4.476232604980468750e+02
2.378400206565856934e+01 2.189999999999999947e+00 3.400000184774398804e-02 4.476232604980468750e+02
2.389504694938659668e+01 2.209999999999999964e+00 3.400000184774398804e-02 4.476232604980468750e+02
2.398599767684936523e+01 2.189999999999999947e+00 3.400000184774398804e-02 4.476232604980468750e+02
2.409903621673583984e+01 2.240000000000000213e+00 3.400000184774398804e-02 3.636938781738281250e+02
2.418703866004943848e+01 2.250000000000000000e+00 3.400000184774398804e-02 3.636938781738281250e+02
2.430100321769714355e+01 2.220000000000000195e+00 3.400000184774398804e-02 3.636938781738281250e+02
2.439503598213195801e+01 2.229999999999999982e+00 3.400000184774398804e-02 4.476232604980468750e+02
2.447999882698059082e+01 2.189999999999999947e+00 3.400000184774398804e-02 5.315526123046875000e+02
2.459299778938293457e+01 2.200000000000000178e+00 3.400000184774398804e-02 3.636938781738281250e+02
2.468799686431884766e+01 2.180000000000000160e+00 3.400000184774398804e-02 2.797645568847656250e+02
2.479504275321960449e+01 2.160000000000000142e+00 3.400000184774398804e-02 3.497056579589843750e+02
2.488499951362609863e+01 2.180000000000000160e+00 3.400000184774398804e-02 3.636938781738281250e+02
2.497999882698059082e+01 2.169999999999999929e+00 3.400000184774398804e-02 3.497056579589843750e+02
2.508800077438354492e+01 2.200000000000000178e+00 3.400000184774398804e-02 4.476232604980468750e+02
2.520000052452087402e+01 2.240000000000000213e+00 3.400000184774398804e-02 3.636938781738281250e+02
2.529504013061523438e+01 2.209999999999999964e+00 3.400000184774398804e-02 2.657763061523437500e+02
2.538100075721740723e+01 2.209999999999999964e+00 3.400000184774398804e-02 2.657763061523437500e+02
2.549200177192687988e+01 2.109999999999999876e+00 3.400000184774398804e-02 3.636938781738281250e+02
2.558703541755676270e+01 2.149999999999999911e+00 3.400000184774398804e-02 4.616115112304687500e+02
2.569599938392639160e+01 2.200000000000000178e+00 3.400000184774398804e-02 4.616115112304687500e+02
2.578499746322631836e+01 2.160000000000000142e+00 3.400000184774398804e-02 3.636938781738281250e+02
2.588499760627746582e+01 2.229999999999999982e+00 3.400000184774398804e-02 3.497056579589843750e+02
2.598899817466735840e+01 2.160000000000000142e+00 3.400000184774398804e-02 4.616115112304687500e+02
2.610001540184020996e+01 2.220000000000000195e+00 3.400000184774398804e-02 3.636938781738281250e+02
2.619104123115539551e+01 2.250000000000000000e+00 3.400000184774398804e-02 1.818469390869140625e+02
2.628499627113342285e+01 2.149999999999999911e+00 3.400000184774398804e-02 1.818469390869140625e+02
2.639200305938720703e+01 2.180000000000000160e+00 3.400000184774398804e-02 4.476232604980468750e+02
2.648303246498107910e+01 2.180000000000000160e+00 3.400000184774398804e-02 4.476232604980468750e+02
2.660000109672546387e+01 2.189999999999999947e+00 3.400000184774398804e-02 6.294701538085937500e+02
2.668499898910522461e+01 2.200000000000000178e+00 3.400000184774398804e-02 4.476232604980468750e+02
2.679809403419494629e+01 2.240000000000000213e+00 3.400000184774398804e-02 2.657763061523437500e+02
2.689299702644348145e+01 2.189999999999999947e+00 3.400000184774398804e-02 2.657763061523437500e+02
2.700002956390380859e+01 2.189999999999999947e+00 3.400000184774398804e-02 3.497056579589843750e+02
2.708999776840209961e+01 2.270000000000000018e+00 3.400000184774398804e-02 4.476232604980468750e+02
2.718499875068664551e+01 2.209999999999999964e+00 3.400000184774398804e-02 3.636938781738281250e+02
2.729299664497375488e+01 2.209999999999999964e+00 3.400000184774398804e-02 3.497056579589843750e+02
2.738199996948242188e+01 2.169999999999999929e+00 3.400000184774398804e-02 5.315526123046875000e+02
2.749999785423278809e+01 2.209999999999999964e+00 3.400000184774398804e-02 5.315526123046875000e+02
2.758599710464477539e+01 2.209999999999999964e+00 3.400000184774398804e-02 4.476232604980468750e+02
2.769699645042419434e+01 2.200000000000000178e+00 3.400000184774398804e-02 4.476232604980468750e+02
2.779200291633605957e+01 2.169999999999999929e+00 3.400000184774398804e-02 5.315526123046875000e+02
2.790100216865539551e+01 2.209999999999999964e+00 3.400000184774398804e-02 4.476232604980468750e+02
2.798999905586242676e+01 2.200000000000000178e+00 3.400000184774398804e-02 4.476232604980468750e+02
2.808101391792297363e+01 2.149999999999999911e+00 3.400000184774398804e-02 5.315526123046875000e+02
2.819399905204772949e+01 2.189999999999999947e+00 3.400000184774398804e-02 5.315526123046875000e+02
2.828199791908264160e+01 2.180000000000000160e+00 3.400000184774398804e-02 5.315526123046875000e+02
2.839600062370300293e+01 2.160000000000000142e+00 3.400000184774398804e-02 5.315526123046875000e+02
2.848999810218811035e+01 2.129999999999999893e+00 3.400000184774398804e-02 5.455408935546875000e+02
2.859699654579162598e+01 2.240000000000000213e+00 3.400000184774398804e-02 5.455408935546875000e+02
2.868800020217895508e+01 2.259999999999999787e+00 3.400000184774398804e-02 4.476232604980468750e+02
2.878304529190063477e+01 2.160000000000000142e+00 3.400000184774398804e-02 2.797645568847656250e+02
2.889000487327575684e+01 2.160000000000000142e+00 3.400000184774398804e-02 4.476232604980468750e+02
2.898001050949096680e+01 2.140000000000000124e+00 3.400000184774398804e-02 4.476232604980468750e+02
2.909799623489379883e+01 2.120000000000000107e+00 3.400000184774398804e-02 5.315526123046875000e+02
2.918303847312927246e+01 2.129999999999999893e+00 3.400000184774398804e-02 6.294701538085937500e+02
2.929503941535949707e+01 2.200000000000000178e+00 3.400000184774398804e-02 7.133995361328125000e+02
2.938999938964843750e+01 2.229999999999999982e+00 3.400000184774398804e-02 5.455408935546875000e+02
2.949800300598144531e+01 2.180000000000000160e+00 3.400000184774398804e-02 5.315526123046875000e+02
2.958704233169555664e+01 2.200000000000000178e+00 3.400000184774398804e-02 4.476232604980468750e+02
2.968200588226318359e+01 2.180000000000000160e+00 3.400000184774398804e-02 5.315526123046875000e+02
2.979105138778686523e+01 2.200000000000000178e+00 3.400000184774398804e-02 6.294701538085937500e+02
2.990099692344665527e+01 2.270000000000000018e+00 3.400000184774398804e-02 5.455408935546875000e+02
2.999699759483337402e+01 2.229999999999999982e+00 3.400000184774398804e-02 3.636938781738281250e+02
3.008400201797485352e+01 2.209999999999999964e+00 3.400000184774398804e-02 5.455408935546875000e+02
3.019504570960998535e+01 2.169999999999999929e+00 3.400000184774398804e-02 5.455408935546875000e+02
3.028599810600280762e+01 2.220000000000000195e+00 3.400000184774398804e-02 5.455408935546875000e+02
3.039904618263244629e+01 2.160000000000000142e+00 3.400000184774398804e-02 3.636938781738281250e+02
3.048703718185424805e+01 2.200000000000000178e+00 3.400000184774398804e-02 4.476232604980468750e+02
3.060100483894348145e+01 2.169999999999999929e+00 3.400000184774398804e-02 2.657763061523437500e+02
3.069504809379577637e+01 2.229999999999999982e+00 3.400000184774398804e-02 4.476232604980468750e+02
3.078704571723937988e+01 2.200000000000000178e+00 3.400000184774398804e-02 4.476232604980468750e+02
3.089299631118774414e+01 2.160000000000000142e+00 3.400000184774398804e-02 3.636938781738281250e+02
3.098801326751708984e+01 2.120000000000000107e+00 3.400000184774398804e-02 4.476232604980468750e+02
3.109504103660583496e+01 2.120000000000000107e+00 3.400000184774398804e-02 4.476232604980468750e+02
3.118499875068664551e+01 2.109999999999999876e+00 3.400000184774398804e-02 5.455408935546875000e+02
3.127999949455261230e+01 2.189999999999999947e+00 3.400000184774398804e-02 6.294701538085937500e+02
3.138800168037414551e+01 2.209999999999999964e+00 3.400000184774398804e-02 5.455408935546875000e+02
3.149999904632568359e+01 2.209999999999999964e+00 3.400000184774398804e-02 4.616115112304687500e+02
3.159504008293151855e+01 2.160000000000000142e+00 3.400000184774398804e-02 4.476232604980468750e+02
3.170200061798095703e+01 2.169999999999999929e+00 3.400000184774398804e-02 4.476232604980468750e+02
3.179200053215026855e+01 2.149999999999999911e+00 3.400000184774398804e-02 5.455408935546875000e+02
3.188704061508178711e+01 2.209999999999999964e+00 3.400000184774398804e-02 5.455408935546875000e+02
3.199599885940551758e+01 2.160000000000000142e+00 3.400000184774398804e-02 5.315526123046875000e+02
3.208499860763549805e+01 2.180000000000000160e+00 3.400000184774398804e-02 4.476232604980468750e+02
3.220206117630004883e+01 2.229999999999999982e+00 3.400000184774398804e-02 5.455408935546875000e+02
3.228899765014648438e+01 2.209999999999999964e+00 3.400000184774398804e-02 6.294701538085937500e+02
3.239999961853027344e+01 2.220000000000000195e+00 3.400000184774398804e-02 5.455408935546875000e+02
3.249104356765747070e+01 2.220000000000000195e+00 3.400000184774398804e-02 4.476232604980468750e+02
3.258500409126281738e+01 2.169999999999999929e+00 3.400000184774398804e-02 4.476232604980468750e+02
3.269200134277343750e+01 2.189999999999999947e+00 3.400000184774398804e-02 5.455408935546875000e+02
3.278304815292358398e+01 2.200000000000000178e+00 3.400000184774398804e-02 4.476232604980468750e+02
3.289999747276306152e+01 2.250000000000000000e+00 3.400000184774398804e-02 5.455408935546875000e+02
3.298499679565429688e+01 2.240000000000000213e+00 3.400000184774398804e-02 4.616115112304687500e+02
3.309799861907958984e+01 2.200000000000000178e+00 3.400000184774398804e-02 5.315526123046875000e+02
3.319299936294555664e+01 2.189999999999999947e+00 3.400000184774398804e-02 6.294701538085937500e+02
3.329999899864196777e+01 2.200000000000000178e+00 3.400000184774398804e-02 4.476232604980468750e+02
3.339000248908996582e+01 2.209999999999999964e+00 3.400000184774398804e-02 3.636938781738281250e+02
3.348499989509582520e+01 2.160000000000000142e+00 3.400000184774398804e-02 3.636938781738281250e+02
3.359300613403320312e+01 2.189999999999999947e+00 3.400000184774398804e-02 1.818469390869140625e+02
3.368200063705444336e+01 2.209999999999999964e+00 3.400000184774398804e-02 9.791758728027343750e+01
3.379999804496765137e+01 2.240000000000000213e+00 3.400000184774398804e-02 0.000000000000000000e+00
3.388600111007690430e+01 2.209999999999999964e+00 3.400000184774398804e-02 0.000000000000000000e+00
3.399699997901916504e+01 2.620000000000000107e+00 3.400000184774398804e-02 0.000000000000000000e+00
3.409200406074523926e+01 3.930000000000000160e+00 3.400000184774398804e-02 0.000000000000000000e+00
3.420101284980773926e+01 4.830000000000000071e+00 9.999999776482582092e-03 -9.092347412109375000e+02
3.429001069068908691e+01 2.359999999999999876e+00 9.999999776482582092e-03 -1.342869750976562500e+03
3.438100075721740723e+01 2.100000000000000089e+00 9.999999776482582092e-03 -1.161022827148437500e+03
3.449399948120117188e+01 2.069999999999999840e+00 9.999999776482582092e-03 -1.161022827148437500e+03
3.458199930191040039e+01 2.149999999999999911e+00 9.999999776482582092e-03 -1.077093505859375000e+03
3.469600224494934082e+01 2.089999999999999858e+00 9.999999776482582092e-03 -8.952465209960937500e+02
3.479000258445739746e+01 2.109999999999999876e+00 9.999999776482582092e-03 -8.113171386718750000e+02
3.489699721336364746e+01 2.169999999999999929e+00 9.999999776482582092e-03 -6.294701538085937500e+02
3.498800182342529297e+01 2.209999999999999964e+00 9.999999776482582092e-03 -7.133995361328125000e+02
3.508304786682128906e+01 2.189999999999999947e+00 9.999999776482582092e-03 -7.133995361328125000e+02
3.518999767303466797e+01 2.189999999999999947e+00 9.999999776482582092e-03 -7.133995361328125000e+02
3.528010630607604980e+01 2.209999999999999964e+00 9.999999776482582092e-03 -8.113171386718750000e+02
3.539799761772155762e+01 2.149999999999999911e+00 9.999999776482582092e-03 -7.273877563476562500e+02
3.548303937911987305e+01 2.160000000000000142e+00 9.999999776482582092e-03 -7.133995361328125000e+02
3.559504151344299316e+01 2.169999999999999929e+00 9.999999776482582092e-03 -7.273877563476562500e+02
3.568999743461608887e+01 2.180000000000000160e+00 9.999999776482582092e-03 -8.113171386718750000e+02
3.579800581932067871e+01 2.120000000000000107e+00 9.999999776482582092e-03 -8.952465209960937500e+02
3.588704562187194824e+01 2.080000000000000071e+00 9.999999776482582092e-03 -9.931641235351562500e+02
3.598200035095214844e+01 2.140000000000000124e+00 9.999999776482582092e-03 -9.791759033203125000e+02
3.609104704856872559e+01 2.109999999999999876e+00 9.999999776482582092e-03 -9.931641235351562500e+02
3.620010280609130859e+01 2.089999999999999858e+00 9.999999776482582092e-03 -8.952465209960937500e+02
3.629699802398681641e+01 2.189999999999999947e+00 9.999999776482582092e-03 -8.952465209960937500e+02
3.638400125503540039e+01 2.250000000000000000e+00 9.999999776482582092e-03 -1.161022827148437500e+03
3.649503946304321289e+01 2.109999999999999876e+00 9.999999776482582092e-03 -9.931641235351562500e+02
3.658599710464477539e+01 2.109999999999999876e+00 9.999999776482582092e-03 -9.092347412109375000e+02
3.669903683662414551e+01 2.149999999999999911e+00 9.999999776482582092e-03 -8.113171386718750000e+02
3.678704547882080078e+01 2.180000000000000160e+00 9.999999776482582092e-03 -7.133995361328125000e+02
3.690100216865539551e+01 2.160000000000000142e+00 9.999999776482582092e-03 -8.113171386718750000e+02
3.699504756927490234e+01 2.129999999999999893e+00 9.999999776482582092e-03 -8.113171386718750000e+02
3.710199999809265137e+01 2.180000000000000160e+00 9.999999776482582092e-03 -8.113171386718750000e+02
3.719299960136413574e+01 2.129999999999999893e+00 9.999999776482582092e-03 -8.113171386718750000e+02
3.728800082206726074e+01 2.160000000000000142e+00 9.999999776482582092e-03 -9.791759033203125000e+02
3.739503836631774902e+01 2.109999999999999876e+00 9.999999776482582092e-03 -1.077093505859375000e+03
3.748499989509582520e+01 2.089999999999999858e+00 9.999999776482582092e-03 -9.931641235351562500e+02
3.758703899383544922e+01 2.129999999999999893e+00 9.999999776482582092e-03 -9.791759033203125000e+02
3.768799710273742676e+01 2.200000000000000178e+00 9.999999776482582092e-03 -1.077093505859375000e+03
3.780000090599060059e+01 2.129999999999999893e+00 9.999999776482582092e-03 -9.931641235351562500e+02
3.789504289627075195e+01 2.180000000000000160e+00 9.999999776482582092e-03 -1.077093505859375000e+03
3.798100996017456055e+01 2.140000000000000124e+00 9.999999776482582092e-03 -9.931641235351562500e+02
3.809200096130371094e+01 2.140000000000000124e+00 9.999999776482582092e-03 -8.952465209960937500e+02
3.818703866004943848e+01 2.120000000000000107e+00 9.999999776482582092e-03 -8.952465209960937500e+02
3.829600644111633301e+01 2.160000000000000142e+00 9.999999776482582092e-03 -8.952465209960937500e+02
3.838499689102172852e+01 2.140000000000000124e+00 9.999999776482582092e-03 -8.952465209960937500e+02
3.850200152397155762e+01 2.089999999999999858e+00 9.999999776482582092e-03 -8.952465209960937500e+02
3.858899807929992676e+01 2.149999999999999911e+00 9.999999776482582092e-03 -8.113171386718750000e+02
3.870000004768371582e+01 2.129999999999999893e+00 9.999999776482582092e-03 -9.092347412109375000e+02
3.879104709625244141e+01 2.120000000000000107e+00 9.999999776482582092e-03 -9.931641235351562500e+02
3.888499855995178223e+01 2.120000000000000107e+00 9.999999776482582092e-03 -9.931641235351562500e+02
3.899200367927551270e+01 2.140000000000000124e+00 9.999999776482582092e-03 -1.077093505859375000e+03
3.908304190635681152e+01 2.160000000000000142e+00 9.999999776482582092e-03 -8.113171386718750000e+02
3.920000410079956055e+01 2.129999999999999893e+00 9.999999776482582092e-03 -8.952465209960937500e+02
3.928499698638916016e+01 2.160000000000000142e+00 9.999999776482582092e-03 -8.113171386718750000e+02
3.939799618721008301e+01 2.209999999999999964e+00 9.999999776482582092e-03 -9.092347412109375000e+02
3.949299931526184082e+01 2.200000000000000178e+00 9.999999776482582092e-03 -9.931641235351562500e+02
3.959999918937683105e+01 2.140000000000000124e+00 9.999999776482582092e-03 -9.931641235351562500e+02
3.968999719619750977e+01 2.089999999999999858e+00 9.999999776482582092e-03 -8.952465209960937500e+02
3.978499579429626465e+01 2.120000000000000107e+00 9.999999776482582092e-03 -8.113171386718750000e+02
3.989299559593200684e+01 2.149999999999999911e+00 9.999999776482582092e-03 -8.113171386718750000e+02
3.998199772834777832e+01 2.160000000000000142e+00 9.999999776482582092e-03 -9.791759033203125000e+02
4.009999823570251465e+01 2.109999999999999876e+00 9.999999776482582092e-03 -1.077093505859375000e+03
4.018599677085876465e+01 2.080000000000000071e+00 9.999999776482582092e-03 -8.113171386718750000e+02
4.029699635505676270e+01 2.089999999999999858e+00 9.999999776482582092e-03 -6.294701538085937500e+02
4.039200258255004883e+01 2.109999999999999876e+00 9.999999776482582092e-03 -5.455408935546875000e+02
4.050100564956665039e+01 2.209999999999999964e+00 9.999999776482582092e-03 -6.294701538085937500e+02
4.058999657630920410e+01 2.200000000000000178e+00 9.999999776482582092e-03 -6.294701538085937500e+02
4.068100380897521973e+01 2.200000000000000178e+00 9.999999776482582092e-03 -5.455408935546875000e+02
4.079399943351745605e+01 2.240000000000000213e+00 9.999999776482582092e-03 -5.455408935546875000e+02
4.088200044631958008e+01 2.299999999999999822e+00 9.999999776482582092e-03 -8.113171386718750000e+02
4.099599862098693848e+01 2.189999999999999947e+00 9.999999776482582092e-03 -7.273877563476562500e+02
4.109001183509826660e+01 2.080000000000000071e+00 9.999999776482582092e-03 -6.294701538085937500e+02
4.119700217247009277e+01 2.189999999999999947e+00 9.999999776482582092e-03 -8.113171386718750000e+02
4.128800058364868164e+01 2.209999999999999964e+00 9.999999776482582092e-03 -9.092347412109375000e+02
4.138304567337036133e+01 2.169999999999999929e+00 9.999999776482582092e-03 -8.952465209960937500e+02
4.149000144004821777e+01 2.140000000000000124e+00 9.999999776482582092e-03 -9.791759033203125000e+02
4.157999968528747559e+01 1.679999999999999938e+00 9.999999776482582092e-03 0.000000000000000000e+00
4.169800209999084473e+01 8.399999999999999689e-01 9.999999776482582092e-03 0.000000000000000000e+00
4.178303694725036621e+01 8.100000000000000533e-01 9.999999776482582092e-03 0.000000000000000000e+00
4.189504480361938477e+01 2.999999999999999889e-01 3.400000184774398804e-02 1.175010986328125000e+03
4.198999810218811035e+01 1.679999999999999938e+00 3.400000184774398804e-02 1.790493041992187500e+03
4.209800100326538086e+01 2.209999999999999964e+00 3.400000184774398804e-02 1.426799072265625000e+03
4.218704557418823242e+01 2.259999999999999787e+00 3.400000184774398804e-02 1.161022827148437500e+03
4.228199982643127441e+01 2.129999999999999893e+00 3.400000184774398804e-02 1.440787353515625000e+03
4.239104223251342773e+01 2.129999999999999893e+00 3.400000184774398804e-02 1.622634277343750000e+03
4.249599981307983398e+01 2.200000000000000178e+00 3.400000184774398804e-02 1.790493041992187500e+03
4.259699726104736328e+01 2.209999999999999964e+00 3.400000184774398804e-02 1.608645996093750000e+03
4.268399786949157715e+01 2.229999999999999982e+00 3.400000184774398804e-02 1.790493041992187500e+03
4.279504632949829102e+01 2.220000000000000195e+00 3.400000184774398804e-02 1.622634277343750000e+03
4.288600993156433105e+01 2.229999999999999982e+00 3.400000184774398804e-02 1.440787353515625000e+03
4.299904251098632812e+01 2.250000000000000000e+00 3.400000184774398804e-02 1.258940307617187500e+03
4.308703446388244629e+01 2.250000000000000000e+00 3.400000184774398804e-02 1.342869750976562500e+03
4.320100426673889160e+01 2.209999999999999964e+00 3.400000184774398804e-02 1.175010986328125000e+03
4.329504585266113281e+01 2.189999999999999947e+00 3.400000184774398804e-02 1.258940307617187500e+03
4.338704204559326172e+01 2.250000000000000000e+00 3.400000184774398804e-02 1.175010986328125000e+03
4.349300003051757812e+01 2.229999999999999982e+00 3.400000184774398804e-02 1.091081787109375000e+03
4.358800673484802246e+01 2.209999999999999964e+00 3.400000184774398804e-02 1.258940307617187500e+03
4.369504618644714355e+01 2.209999999999999964e+00 3.400000184774398804e-02 1.175010986328125000e+03
4.378499722480773926e+01 2.220000000000000195e+00 3.400000184774398804e-02 9.931641235351562500e+02
4.388704442977905273e+01 2.200000000000000178e+00 3.400000184774398804e-02 9.791759033203125000e+02
4.398800277709960938e+01 2.220000000000000195e+00 3.400000184774398804e-02 9.931641235351562500e+02
4.410000085830688477e+01 2.200000000000000178e+00 3.400000184774398804e-02 1.077093505859375000e+03
4.419504356384277344e+01 2.209999999999999964e+00 3.400000184774398804e-02 1.077093505859375000e+03
4.429699778556823730e+01 2.180000000000000160e+00 3.400000184774398804e-02 1.077093505859375000e+03
4.439200043678283691e+01 2.220000000000000195e+00 3.400000184774398804e-02 1.161022827148437500e+03
4.448706817626953125e+01 2.180000000000000160e+00 3.400000184774398804e-02 1.161022827148437500e+03
4.459599804878234863e+01 2.169999999999999929e+00 3.400000184774398804e-02 1.356857910156250000e+03
4.468500041961669922e+01 2.189999999999999947e+00 3.400000184774398804e-02 1.258940307617187500e+03
4.480200123786926270e+01 2.209999999999999964e+00 3.400000184774398804e-02 1.258940307617187500e+03
4.488900041580200195e+01 2.200000000000000178e+00 3.400000184774398804e-02 1.161022827148437500e+03
4.500001645088195801e+01 2.220000000000000195e+00 3.400000184774398804e-02 1.258940307617187500e+03
4.509106874465942383e+01 2.209999999999999964e+00 3.400000184774398804e-02 1.175010986328125000e+03
4.518499565124511719e+01 2.180000000000000160e+00 3.400000184774398804e-02 1.091081787109375000e+03
4.529200720787048340e+01 2.209999999999999964e+00 3.400000184774398804e-02 1.356857910156250000e+03
4.538304519653320312e+01 2.180000000000000160e+00 3.400000184774398804e-02 1.258940307617187500e+03
4.550004005432128906e+01 2.240000000000000213e+00 3.400000184774398804e-02 1.258940307617187500e+03
4.558499717712402344e+01 2.259999999999999787e+00 3.400000184774398804e-02 9.931641235351562500e+02
4.569800233840942383e+01 2.209999999999999964e+00 3.400000184774398804e-02 9.931641235351562500e+02
4.579300570487976074e+01 2.160000000000000142e+00 3.400000184774398804e-02 1.077093505859375000e+03
4.590000128746032715e+01 2.229999999999999982e+00 3.400000184774398804e-02 1.077093505859375000e+03
4.598999691009521484e+01 2.180000000000000160e+00 3.400000184774398804e-02 8.952465209960937500e+02
4.608500003814697266e+01 2.149999999999999911e+00 3.400000184774398804e-02 9.092347412109375000e+02
4.619299745559692383e+01 2.189999999999999947e+00 3.400000184774398804e-02 1.175010986328125000e+03
4.628200244903564453e+01 2.189999999999999947e+00 3.400000184774398804e-02 1.161022827148437500e+03
4.640004420280456543e+01 2.200000000000000178e+00 3.400000184774398804e-02 1.091081787109375000e+03
4.648599863052368164e+01 2.220000000000000195e+00 3.400000184774398804e-02 1.077093505859375000e+03
4.659700131416320801e+01 2.259999999999999787e+00 3.400000184774398804e-02 9.092347412109375000e+02
4.669204902648925781e+01 2.209999999999999964e+00 3.400000184774398804e-02 9.931641235351562500e+02
4.680100488662719727e+01 2.169999999999999929e+00 3.400000184774398804e-02 9.092347412109375000e+02
4.689000201225280762e+01 2.220000000000000195e+00 3.400000184774398804e-02 1.077093505859375000e+03
4.698100209236145020e+01 2.229999999999999982e+00 3.400000184774398804e-02 9.931641235351562500e+02
4.709400153160095215e+01 2.209999999999999964e+00 3.400000184774398804e-02 1.077093505859375000e+03
4.718199944496154785e+01 2.189999999999999947e+00 3.400000184774398804e-02 8.952465209960937500e+02
4.729600119590759277e+01 2.470000000000000195e+00 3.400000184774398804e-02 0.000000000000000000e+00
4.739011216163635254e+01 2.609999999999999876e+00 3.400000184774398804e-02 0.000000000000000000e+00
4.749708938598632812e+01 2.259999999999999787e+00 3.400000184774398804e-02 0.000000000000000000e+00
4.758799862861633301e+01 2.149999999999999911e+00 3.400000184774398804e-02 0.000000000000000000e+00
4.768303894996643066e+01 2.200000000000000178e+00 3.400000184774398804e-02 0.000000000000000000e+00
4.778999924659729004e+01 2.330000000000000071e+00 3.400000184774398804e-02 0.000000000000000000e+00
4.787999868392944336e+01 2.080000000000000071e+00 3.400000184774398804e-02 0.000000000000000000e+00
4.799800062179565430e+01 2.209999999999999964e+00 3.400000184774398804e-02 0.000000000000000000e+00
4.808303976058959961e+01 2.410000000000000142e+00 3.400000184774398804e-02 0.000000000000000000e+00
4.819505310058593750e+01 3.140000000000000124e+00 3.400000184774398804e-02 0.000000000000000000e+00
4.829000020027160645e+01 3.859999999999999876e+00 3.400000184774398804e-02 0.000000000000000000e+00
4.839800071716308594e+01 4.639999999999999680e+00 3.400000184774398804e-02 0.000000000000000000e+00
4.848704051971435547e+01 4.959999999999999964e+00 9.999999776482582092e-03 -7.133995361328125000e+02
4.858199763298034668e+01 2.479999999999999982e+00 9.999999776482582092e-03 -1.440787353515625000e+03
4.869104528427124023e+01 2.250000000000000000e+00 9.999999776482582092e-03 -1.706563598632812500e+03
4.878704857826232910e+01 2.200000000000000178e+00 9.999999776482582092e-03 -2.154187011718750000e+03
4.889699792861938477e+01 2.209999999999999964e+00 9.999999776482582092e-03 -2.336033691406250000e+03
4.898400068283081055e+01 2.240000000000000213e+00 9.999999776482582092e-03 -2.517880615234375000e+03
4.909503889083862305e+01 2.270000000000000018e+00 9.999999776482582092e-03 -2.252104736328125000e+03
4.918599963188171387e+01 2.279999999999999805e+00 9.999999776482582092e-03 -2.252104736328125000e+03
4.929903888702392578e+01 2.270000000000000018e+00 9.999999776482582092e-03 -2.336033691406250000e+03
4.938704943656921387e+01 2.310000000000000053e+00 9.999999776482582092e-03 -2.336033691406250000e+03
4.950100350379943848e+01 2.379999999999999893e+00 9.999999776482582092e-03 -2.252104736328125000e+03
4.959504723548889160e+01 2.270000000000000018e+00 9.999999776482582092e-03 -2.252104736328125000e+03
4.970199966430664062e+01 2.330000000000000071e+00 9.999999776482582092e-03 -2.517880615234375000e+03
4.979299640655517578e+01 2.319999999999999840e+00 9.999999776482582092e-03 -2.699727783203125000e+03
4.988799929618835449e+01 2.350000000000000089e+00 9.999999776482582092e-03 -3.245268554687500000e+03
4.999503684043884277e+01 2.390000000000000124e+00 9.999999776482582092e-03 -3.147350830078125000e+03
5.008499836921691895e+01 2.299999999999999822e+00 9.999999776482582092e-03 -3.063421630859375000e+03
5.018000316619873047e+01 2.259999999999999787e+00 9.999999776482582092e-03 -3.245268554687500000e+03
5.028799819946289062e+01 2.250000000000000000e+00 9.999999776482582092e-03 -3.063421630859375000e+03
5.040000057220458984e+01 2.299999999999999822e+00 9.999999776482582092e-03 -2.979492187500000000e+03
5.049503469467163086e+01 2.319999999999999840e+00 9.999999776482582092e-03 -2.783656982421875000e+03
5.059699678421020508e+01 2.259999999999999787e+00 9.999999776482582092e-03 -2.517880615234375000e+03
5.069200253486633301e+01 2.200000000000000178e+00 9.999999776482582092e-03 -2.517880615234375000e+03
5.078705310821533203e+01 2.160000000000000142e+00 9.999999776482582092e-03 -1.986328247070312500e+03
5.089599847793579102e+01 2.209999999999999964e+00 9.999999776482582092e-03 -1.720551879882812500e+03
5.098500084877014160e+01 2.270000000000000018e+00 9.999999776482582092e-03 -1.356857910156250000e+03
5.110200119018554688e+01 2.209999999999999964e+00 9.999999776482582092e-03 -8.113171386718750000e+02
5.118900966644287109e+01 2.180000000000000160e+00 9.999999776482582092e-03 -5.315526123046875000e+02
5.129999804496765137e+01 2.470000000000000195e+00 9.999999776482582092e-03 -1.258940307617187500e+03
5.139104557037353516e+01 2.370000000000000107e+00 9.999999776482582092e-03 -1.356857910156250000e+03
5.148499679565429688e+01 2.209999999999999964e+00 9.999999776482582092e-03 -9.791758728027343750e+01
5.159199929237365723e+01 9.399999999999999467e-01 9.999999776482582092e-03 0.000000000000000000e+00
5.168304252624511719e+01 7.299999999999999822e-01 9.999999776482582092e-03 0.000000000000000000e+00
5.180002999305725098e+01 3.099999999999999978e-01 3.400000184774398804e-02 1.258940307617187500e+03
5.188499832153320312e+01 1.540000000000000036e+00 3.400000184774398804e-02 2.336033691406250000e+03
5.199800086021423340e+01 2.020000000000000018e+00 3.400000184774398804e-02 2.965503906250000000e+03
5.209299874305725098e+01 2.200000000000000178e+00 3.400000184774398804e-02 2.517880615234375000e+03
5.219999814033508301e+01 2.240000000000000213e+00 3.400000184774398804e-02 2.881574707031250000e+03
5.229000377655029297e+01 2.209999999999999964e+00 3.400000184774398804e-02 2.783656982421875000e+03
5.238499712944030762e+01 2.160000000000000142e+00 3.400000184774398804e-02 2.797645263671875000e+03
5.249299764633178711e+01 2.129999999999999893e+00 3.400000184774398804e-02 2.965503906250000000e+03
5.258199930191040039e+01 2.209999999999999964e+00 3.400000184774398804e-02 3.063421630859375000e+03
5.269999933242797852e+01 2.250000000000000000e+00 3.400000184774398804e-02 3.063421630859375000e+03
5.278599739074707031e+01 2.209999999999999964e+00 3.400000184774398804e-02 3.063421630859375000e+03
5.289699888229370117e+01 2.189999999999999947e+00 3.400000184774398804e-02 2.797645263671875000e+03
5.299200439453125000e+01 2.209999999999999964e+00 3.400000184774398804e-02 3.063421630859375000e+03
5.310100626945495605e+01 2.160000000000000142e+00 3.400000184774398804e-02 3.245268554687500000e+03
5.318999528884887695e+01 2.189999999999999947e+00 3.400000184774398804e-02 3.329197998046875000e+03
5.328100657463073730e+01 2.200000000000000178e+00 3.400000184774398804e-02 3.147350830078125000e+03
5.339399814605712891e+01 2.200000000000000178e+00 3.400000184774398804e-02 3.245268554687500000e+03
5.348200178146362305e+01 2.250000000000000000e+00 3.400000184774398804e-02 3.147350830078125000e+03
5.359600019454956055e+01 2.220000000000000195e+00 3.400000184774398804e-02 3.049433349609375000e+03
5.369000029563903809e+01 2.250000000000000000e+00 3.400000184774398804e-02 2.517880615234375000e+03
5.379699850082397461e+01 2.250000000000000000e+00 3.400000184774398804e-02 2.433951416015625000e+03
5.388799977302551270e+01 2.189999999999999947e+00 3.400000184774398804e-02 2.517880615234375000e+03
5.398303794860839844e+01 2.319999999999999840e+00 3.400000184774398804e-02 1.986328247070312500e+03
5.409000110626220703e+01 2.319999999999999840e+00 3.400000184774398804e-02 5.315526123046875000e+02
5.418000078201293945e+01 3.500000000000000000e+00 3.400000184774398804e-02 0.000000000000000000e+00
5.429800248146057129e+01 4.040000000000000036e+00 3.400000184774398804e-02 0.000000000000000000e+00
5.438303756713867188e+01 3.680000000000000160e+00 3.400000184774398804e-02 0.000000000000000000e+00
5.449504923820495605e+01 3.529999999999999805e+00 3.400000184774398804e-02 0.000000000000000000e+00
5.459000182151794434e+01 3.240000000000000213e+00 3.400000184774398804e-02 0.000000000000000000e+00
5.469799757003784180e+01 3.120000000000000107e+00 3.400000184774398804e-02 0.000000000000000000e+00
5.478705453872680664e+01 3.240000000000000213e+00 3.400000184774398804e-02 0.000000000000000000e+00
5.488200092315673828e+01 3.290000000000000036e+00 3.400000184774398804e-02 0.000000000000000000e+00
5.499104619026184082e+01 3.279999999999999805e+00 3.400000184774398804e-02 0.000000000000000000e+00
5.510099840164184570e+01 3.240000000000000213e+00 3.400000184774398804e-02 0.000000000000000000e+00
5.519699788093566895e+01 3.209999999999999964e+00 3.400000184774398804e-02 0.000000000000000000e+00
5.528400182723999023e+01 3.189999999999999947e+00 3.400000184774398804e-02 0.000000000000000000e+00
5.539503931999206543e+01 3.160000000000000142e+00 3.400000184774398804e-02 0.000000000000000000e+00
5.548600196838378906e+01 3.140000000000000124e+00 3.400000184774398804e-02 0.000000000000000000e+00
5.559905028343200684e+01 3.120000000000000107e+00 3.400000184774398804e-02 0.000000000000000000e+00
5.568703794479370117e+01 3.100000000000000089e+00 3.400000184774398804e-02 0.000000000000000000e+00
5.580099892616271973e+01 3.080000000000000071e+00 3.400000184774398804e-02 0.000000000000000000e+00
5.589504265785217285e+01 3.060000000000000053e+00 3.400000184774398804e-02 0.000000000000000000e+00
5.600099802017211914e+01 3.049999999999999822e+00 3.400000184774398804e-02 0.000000000000000000e+00
5.609300088882446289e+01 3.029999999999999805e+00 3.400000184774398804e-02 0.000000000000000000e+00
5.618800354003906250e+01 3.020000000000000018e+00 3.400000184774398804e-02 0.000000000000000000e+00
5.629504561424255371e+01 3.009999999999999787e+00 3.400000184774398804e-02 0.000000000000000000e+00
5.638499927520751953e+01 3.000000000000000000e+00 3.400000184774398804e-02 0.000000000000000000e+00
5.650199794769287109e+01 2.979999999999999982e+00 3.400000184774398804e-02 0.000000000000000000e+00
5.658800029754638672e+01 2.970000000000000195e+00 3.400000184774398804e-02 0.000000000000000000e+00
