7.296538352966308594e-02 1.739999999999999991e+00 2.099999971687793732e-02 0.000000000000000000e+00
1.639626026153564453e-01 1.739999999999999991e+00 2.099999971687793732e-02 0.000000000000000000e+00
2.729585170745849609e-01 1.739999999999999991e+00 2.099999971687793732e-02 0.000000000000000000e+00
3.609590530395507812e-01 1.739999999999999991e+00 2.099999971687793732e-02 0.000000000000000000e+00
4.519591331481933594e-01 1.739999999999999991e+00 2.099999971687793732e-02 0.000000000000000000e+00
5.689630508422851562e-01 1.750000000000000000e+00 2.099999971687793732e-02 0.000000000000000000e+00
6.539592742919921875e-01 1.750000000000000000e+00 2.099999971687793732e-02 0.000000000000000000e+00
7.670090198516845703e-01 1.750000000000000000e+00 2.099999971687793732e-02 0.000000000000000000e+00
8.619506359100341797e-01 1.750000000000000000e+00 2.099999971687793732e-02 0.000000000000000000e+00
9.689583778381347656e-01 1.750000000000000000e+00 2.099999971687793732e-02 0.000000000000000000e+00
1.058993101119995117e+00 1.750000000000000000e+00 2.099999971687793732e-02 0.000000000000000000e+00
1.153962612152099609e+00 1.750000000000000000e+00 2.099999971687793732e-02 0.000000000000000000e+00
1.261966705322265625e+00 1.750000000000000000e+00 2.099999971687793732e-02 0.000000000000000000e+00
1.357959508895874023e+00 1.750000000000000000e+00 2.099999971687793732e-02 0.000000000000000000e+00
1.468962192535400391e+00 1.750000000000000000e+00 2.099999971687793732e-02 0.000000000000000000e+00
1.555004358291625977e+00 1.750000000000000000e+00 2.099999971687793732e-02 0.000000000000000000e+00
1.665961742401123047e+00 1.750000000000000000e+00 2.099999971687793732e-02 0.000000000000000000e+00
1.760959386825561523e+00 1.750000000000000000e+00 2.099999971687793732e-02 0.000000000000000000e+00
1.869959354400634766e+00 1.739999999999999991e+00 2.099999971687793732e-02 0.000000000000000000e+00
1.958999156951904297e+00 1.760000000000000009e+00 2.099999971687793732e-02 0.000000000000000000e+00
2.049952507019042969e+00 1.820000000000000062e+00 2.099999971687793732e-02 0.000000000000000000e+00
2.163000106811523438e+00 2.109999999999999876e+00 2.099999971687793732e-02 0.000000000000000000e+00
2.256953716278076172e+00 2.450000000000000178e+00 2.099999971687793732e-02 -9.791758728027343750e+01
2.364969015121459961e+00 2.870000000000000107e+00 2.099999971687793732e-02 0.000000000000000000e+00
2.459006547927856445e+00 3.399999999999999911e+00 2.099999971687793732e-02 0.000000000000000000e+00
2.565958499908447266e+00 3.600000000000000089e+00 2.099999971687793732e-02 -3.636938781738281250e+02
2.656966686248779297e+00 3.509999999999999787e+00 2.099999971687793732e-02 -2.657763061523437500e+02
2.751962423324584961e+00 3.589999999999999858e+00 2.099999971687793732e-02 -2.657763061523437500e+02
2.859010696411132812e+00 3.569999999999999840e+00 2.099999971687793732e-02 -8.392935943603515625e+01
2.971961021423339844e+00 3.629999999999999893e+00 2.099999971687793732e-02 -4.476232604980468750e+02
3.067040443420410156e+00 3.609999999999999876e+00 2.099999971687793732e-02 -3.497056579589843750e+02
3.151960372924804688e+00 3.620000000000000107e+00 2.099999971687793732e-02 -2.657763061523437500e+02
3.263960838317871094e+00 3.589999999999999858e+00 2.099999971687793732e-02 -4.476232604980468750e+02
3.359011173248291016e+00 3.620000000000000107e+00 2.099999971687793732e-02 -5.455408935546875000e+02
3.467012166976928711e+00 3.540000000000000036e+00 2.099999971687793732e-02 -5.315526123046875000e+02
3.555958986282348633e+00 3.540000000000000036e+00 2.099999971687793732e-02 -6.294701538085937500e+02
3.671962022781372070e+00 3.479999999999999982e+00 2.099999971687793732e-02 -6.294701538085937500e+02
3.759960412979125977e+00 3.580000000000000071e+00 2.099999971687793732e-02 -5.455408935546875000e+02
3.871008634567260742e+00 3.609999999999999876e+00 2.099999971687793732e-02 -5.455408935546875000e+02
3.965960264205932617e+00 3.609999999999999876e+00 2.099999971687793732e-02 -5.455408935546875000e+02
4.052958726882934570e+00 3.620000000000000107e+00 2.099999971687793732e-02 -5.455408935546875000e+02
4.163960218429565430e+00 3.600000000000000089e+00 2.099999971687793732e-02 -7.133995361328125000e+02
4.255003690719604492e+00 3.549999999999999822e+00 2.099999971687793732e-02 -7.273877563476562500e+02
4.367960691452026367e+00 3.490000000000000213e+00 2.099999971687793732e-02 -7.273877563476562500e+02
4.455958127975463867e+00 3.339999999999999858e+00 2.099999971687793732e-02 -7.133995361328125000e+02
4.569957971572875977e+00 3.490000000000000213e+00 2.099999971687793732e-02 -6.294701538085937500e+02
4.663959741592407227e+00 3.520000000000000018e+00 2.099999971687793732e-02 -7.273877563476562500e+02
4.771008014678955078e+00 3.479999999999999982e+00 2.099999971687793732e-02 -6.434584350585937500e+02
4.861958503723144531e+00 3.479999999999999982e+00 2.099999971687793732e-02 -6.294701538085937500e+02
4.956965208053588867e+00 3.490000000000000213e+00 2.099999971687793732e-02 -4.616115112304687500e+02
5.063962459564208984e+00 3.589999999999999858e+00 2.099999971687793732e-02 -5.315526123046875000e+02
5.153958320617675781e+00 3.620000000000000107e+00 2.099999971687793732e-02 -7.273877563476562500e+02
5.271961212158203125e+00 3.500000000000000000e+00 2.099999971687793732e-02 -6.294701538085937500e+02
5.356967449188232422e+00 3.399999999999999911e+00 2.099999971687793732e-02 -4.476232604980468750e+02
5.468960762023925781e+00 3.470000000000000195e+00 2.099999971687793732e-02 -3.497056579589843750e+02
5.563961982727050781e+00 3.600000000000000089e+00 2.099999971687793732e-02 -4.616115112304687500e+02
5.671959638595581055e+00 3.629999999999999893e+00 2.099999971687793732e-02 -5.315526123046875000e+02
5.760960340499877930e+00 3.540000000000000036e+00 2.099999971687793732e-02 -6.294701538085937500e+02
5.856056928634643555e+00 3.520000000000000018e+00 2.099999971687793732e-02 -6.294701538085937500e+02
5.964959144592285156e+00 3.520000000000000018e+00 2.099999971687793732e-02 -6.294701538085937500e+02
6.053960084915161133e+00 3.390000000000000124e+00 2.099999971687793732e-02 -4.476232604980468750e+02
6.171009302139282227e+00 3.600000000000000089e+00 2.099999971687793732e-02 -4.476232604980468750e+02
6.257961988449096680e+00 3.649999999999999911e+00 2.099999971687793732e-02 -5.315526123046875000e+02
6.368958234786987305e+00 3.589999999999999858e+00 2.099999971687793732e-02 -5.315526123046875000e+02
6.459964275360107422e+00 3.620000000000000107e+00 2.099999971687793732e-02 -6.294701538085937500e+02
6.572959184646606445e+00 3.549999999999999822e+00 2.099999971687793732e-02 -6.294701538085937500e+02
6.660960674285888672e+00 3.490000000000000213e+00 2.099999971687793732e-02 -6.294701538085937500e+02
6.751959085464477539e+00 3.509999999999999787e+00 2.099999971687793732e-02 -6.294701538085937500e+02
6.868962049484252930e+00 3.520000000000000018e+00 2.099999971687793732e-02 -5.455408935546875000e+02
6.953958988189697266e+00 3.459999999999999964e+00 2.099999971687793732e-02 -6.294701538085937500e+02
7.067000865936279297e+00 3.490000000000000213e+00 2.099999971687793732e-02 -8.113171386718750000e+02
7.161960840225219727e+00 3.430000000000000160e+00 2.099999971687793732e-02 -8.113171386718750000e+02
7.268960237503051758e+00 3.450000000000000178e+00 2.099999971687793732e-02 -6.294701538085937500e+02
7.359003543853759766e+00 3.500000000000000000e+00 2.099999971687793732e-02 -7.273877563476562500e+02
7.453958272933959961e+00 3.459999999999999964e+00 2.099999971687793732e-02 -7.133995361328125000e+02
7.561961412429809570e+00 3.439999999999999947e+00 2.099999971687793732e-02 -7.273877563476562500e+02
7.665959358215332031e+00 3.419999999999999929e+00 2.099999971687793732e-02 -6.294701538085937500e+02
7.768959999084472656e+00 3.399999999999999911e+00 2.099999971687793732e-02 -6.294701538085937500e+02
7.855007886886596680e+00 3.450000000000000178e+00 2.099999971687793732e-02 -5.455408935546875000e+02
7.965963602066040039e+00 3.470000000000000195e+00 2.099999971687793732e-02 -5.455408935546875000e+02
8.060960292816162109e+00 3.479999999999999982e+00 2.099999971687793732e-02 -4.476232604980468750e+02
8.169961214065551758e+00 3.589999999999999858e+00 2.099999971687793732e-02 -3.636938781738281250e+02
8.259004354476928711e+00 3.620000000000000107e+00 2.099999971687793732e-02 -4.476232604980468750e+02
8.349958896636962891e+00 3.640000000000000124e+00 2.099999971687793732e-02 -5.315526123046875000e+02
8.463006496429443359e+00 3.500000000000000000e+00 2.099999971687793732e-02 -5.455408935546875000e+02
8.551005601882934570e+00 3.549999999999999822e+00 2.099999971687793732e-02 -4.476232604980468750e+02
8.664960622787475586e+00 3.560000000000000053e+00 2.099999971687793732e-02 -5.455408935546875000e+02
8.758992433547973633e+00 3.509999999999999787e+00 2.099999971687793732e-02 -5.315526123046875000e+02
8.865958452224731445e+00 3.549999999999999822e+00 2.099999971687793732e-02 -5.455408935546875000e+02
8.956961870193481445e+00 3.560000000000000053e+00 2.099999971687793732e-02 -5.315526123046875000e+02
9.051959991455078125e+00 3.580000000000000071e+00 2.099999971687793732e-02 -6.294701538085937500e+02
9.158999204635620117e+00 3.490000000000000213e+00 2.099999971687793732e-02 -5.315526123046875000e+02
9.271961688995361328e+00 3.479999999999999982e+00 2.099999971687793732e-02 -5.455408935546875000e+02
9.367000579833984375e+00 3.540000000000000036e+00 2.099999971687793732e-02 -5.455408935546875000e+02
9.451958179473876953e+00 3.520000000000000018e+00 2.099999971687793732e-02 -6.294701538085937500e+02
9.563961267471313477e+00 3.490000000000000213e+00 2.099999971687793732e-02 -7.273877563476562500e+02
9.659005403518676758e+00 3.390000000000000124e+00 2.099999971687793732e-02 -6.294701538085937500e+02
9.767055988311767578e+00 3.490000000000000213e+00 2.099999971687793732e-02 -6.294701538085937500e+02
9.855962276458740234e+00 3.470000000000000195e+00 2.099999971687793732e-02 -6.294701538085937500e+02
9.972960948944091797e+00 3.490000000000000213e+00 2.099999971687793732e-02 -5.315526123046875000e+02
1.005996465682983398e+01 3.479999999999999982e+00 2.099999971687793732e-02 -6.294701538085937500e+02
1.017100143432617188e+01 3.490000000000000213e+00 2.099999971687793732e-02 -6.294701538085937500e+02
1.026596212387084961e+01 3.509999999999999787e+00 2.099999971687793732e-02 -8.113171386718750000e+02
1.035295915603637695e+01 3.520000000000000018e+00 2.099999971687793732e-02 -7.273877563476562500e+02
1.046396374702453613e+01 3.520000000000000018e+00 2.099999971687793732e-02 -7.273877563476562500e+02
1.055499935150146484e+01 3.569999999999999840e+00 2.099999971687793732e-02 -6.294701538085937500e+02
1.066796207427978516e+01 3.540000000000000036e+00 2.099999971687793732e-02 -8.113171386718750000e+02
1.075596404075622559e+01 3.490000000000000213e+00 2.099999971687793732e-02 -7.273877563476562500e+02
1.086995983123779297e+01 3.529999999999999805e+00 2.099999971687793732e-02 -6.294701538085937500e+02
1.096395945549011230e+01 3.560000000000000053e+00 2.099999971687793732e-02 -8.113171386718750000e+02
1.107099771499633789e+01 3.500000000000000000e+00 2.099999971687793732e-02 -6.294701538085937500e+02
1.116196250915527344e+01 3.509999999999999787e+00 2.099999971687793732e-02 -7.273877563476562500e+02
1.125705885887145996e+01 3.509999999999999787e+00 2.099999971687793732e-02 -7.133995361328125000e+02
1.136396312713623047e+01 3.439999999999999947e+00 2.099999971687793732e-02 -7.133995361328125000e+02
1.145395827293395996e+01 3.419999999999999929e+00 2.099999971687793732e-02 -6.294701538085937500e+02
1.157196068763732910e+01 3.450000000000000178e+00 2.099999971687793732e-02 -5.315526123046875000e+02
1.165698647499084473e+01 3.500000000000000000e+00 2.099999971687793732e-02 -4.476232604980468750e+02
1.176897239685058594e+01 3.470000000000000195e+00 2.099999971687793732e-02 -6.294701538085937500e+02
1.186395978927612305e+01 3.470000000000000195e+00 2.099999971687793732e-02 -7.973289184570312500e+02
1.197196245193481445e+01 3.439999999999999947e+00 2.099999971687793732e-02 -8.113171386718750000e+02
1.206096100807189941e+01 3.500000000000000000e+00 2.099999971687793732e-02 -7.273877563476562500e+02
1.215596103668212891e+01 3.470000000000000195e+00 2.099999971687793732e-02 -6.294701538085937500e+02
1.226495909690856934e+01 3.490000000000000213e+00 2.099999971687793732e-02 -7.273877563476562500e+02
1.235395956039428711e+01 3.529999999999999805e+00 2.099999971687793732e-02 -7.133995361328125000e+02
1.247100567817687988e+01 3.490000000000000213e+00 2.099999971687793732e-02 -6.294701538085937500e+02
1.255796337127685547e+01 3.560000000000000053e+00 2.099999971687793732e-02 -6.294701538085937500e+02
1.266896343231201172e+01 3.540000000000000036e+00 2.099999971687793732e-02 -6.434584350585937500e+02
1.275996208190917969e+01 3.529999999999999805e+00 2.099999971687793732e-02 -5.315526123046875000e+02
1.287296199798583984e+01 3.500000000000000000e+00 2.099999971687793732e-02 -4.476232604980468750e+02
1.296096086502075195e+01 3.430000000000000160e+00 2.099999971687793732e-02 -3.636938781738281250e+02
1.305195927619934082e+01 3.500000000000000000e+00 2.099999971687793732e-02 -4.476232604980468750e+02
1.316896748542785645e+01 3.509999999999999787e+00 2.099999971687793732e-02 -2.797645568847656250e+02
1.325395750999450684e+01 3.600000000000000089e+00 2.099999971687793732e-02 -3.497056579589843750e+02
1.336701393127441406e+01 3.560000000000000053e+00 2.099999971687793732e-02 -4.476232604980468750e+02
1.346195936203002930e+01 3.479999999999999982e+00 2.099999971687793732e-02 -4.616115112304687500e+02
1.356895923614501953e+01 3.549999999999999822e+00 2.099999971687793732e-02 -2.657763061523437500e+02
1.365899586677551270e+01 3.490000000000000213e+00 2.099999971687793732e-02 -2.797645568847656250e+02
1.375396323204040527e+01 3.549999999999999822e+00 2.099999971687793732e-02 -4.476232604980468750e+02
1.386195898056030273e+01 3.439999999999999947e+00 2.099999971687793732e-02 -2.657763061523437500e+02
1.397297239303588867e+01 3.379999999999999893e+00 2.099999971687793732e-02 0.000000000000000000e+00
1.406896233558654785e+01 3.459999999999999964e+00 2.099999971687793732e-02 -8.392935943603515625e+01
1.415500020980834961e+01 3.629999999999999893e+00 2.099999971687793732e-02 0.000000000000000000e+00
1.426595902442932129e+01 3.729999999999999982e+00 2.099999971687793732e-02 0.000000000000000000e+00
1.436096119880676270e+01 3.700000000000000178e+00 2.099999971687793732e-02 0.000000000000000000e+00
1.446995878219604492e+01 2.819999999999999840e+00 2.099999971687793732e-02 0.000000000000000000e+00
1.455900597572326660e+01 1.979999999999999982e+00 2.099999971687793732e-02 0.000000000000000000e+00
1.464995932579040527e+01 1.399999999999999911e+00 2.099999971687793732e-02 0.000000000000000000e+00
1.476300859451293945e+01 1.209999999999999964e+00 4.899999871850013733e-02 9.931641235351562500e+02
1.487296032905578613e+01 2.649999999999999911e+00 4.899999871850013733e-02 1.356857910156250000e+03
1.496505165100097656e+01 3.419999999999999929e+00 4.899999871850013733e-02 1.175010986328125000e+03
1.505899930000305176e+01 3.529999999999999805e+00 4.899999871850013733e-02 9.931641235351562500e+02
1.516596126556396484e+01 3.509999999999999787e+00 4.899999871850013733e-02 8.952465209960937500e+02
1.525696754455566406e+01 3.379999999999999893e+00 4.899999871850013733e-02 1.077093505859375000e+03
1.535196304321289062e+01 3.439999999999999947e+00 4.899999871850013733e-02 1.077093505859375000e+03
1.545901060104370117e+01 3.520000000000000018e+00 4.899999871850013733e-02 9.931641235351562500e+02
1.557199287414550781e+01 3.470000000000000195e+00 4.899999871850013733e-02 9.931641235351562500e+02
1.566700410842895508e+01 3.500000000000000000e+00 4.899999871850013733e-02 8.952465209960937500e+02
1.575195860862731934e+01 3.500000000000000000e+00 4.899999871850013733e-02 1.077093505859375000e+03
1.586395931243896484e+01 3.490000000000000213e+00 4.899999871850013733e-02 1.077093505859375000e+03
1.595901107788085938e+01 3.549999999999999822e+00 4.899999871850013733e-02 7.133995361328125000e+02
1.606709599494934082e+01 3.479999999999999982e+00 4.899999871850013733e-02 7.273877563476562500e+02
1.615595889091491699e+01 3.450000000000000178e+00 4.899999871850013733e-02 8.113171386718750000e+02
1.627195906639099121e+01 3.459999999999999964e+00 4.899999871850013733e-02 8.113171386718750000e+02
1.635996222496032715e+01 3.439999999999999947e+00 4.899999871850013733e-02 7.973289184570312500e+02
1.647100973129272461e+01 3.459999999999999964e+00 4.899999871850013733e-02 8.113171386718750000e+02
1.656596183776855469e+01 3.459999999999999964e+00 4.899999871850013733e-02 8.113171386718750000e+02
1.665295863151550293e+01 3.500000000000000000e+00 4.899999871850013733e-02 8.113171386718750000e+02
1.676395916938781738e+01 3.529999999999999805e+00 4.899999871850013733e-02 8.952465209960937500e+02
1.685500645637512207e+01 3.470000000000000195e+00 4.899999871850013733e-02 8.113171386718750000e+02
1.696796011924743652e+01 3.450000000000000178e+00 4.899999871850013733e-02 8.113171386718750000e+02
1.705596089363098145e+01 3.470000000000000195e+00 4.899999871850013733e-02 8.952465209960937500e+02
1.716995882987976074e+01 3.500000000000000000e+00 4.899999871850013733e-02 8.113171386718750000e+02
1.726395845413208008e+01 3.500000000000000000e+00 4.899999871850013733e-02 8.113171386718750000e+02
1.737100958824157715e+01 3.479999999999999982e+00 4.899999871850013733e-02 4.476232604980468750e+02
1.746195721626281738e+01 3.439999999999999947e+00 4.899999871850013733e-02 3.497056579589843750e+02
1.755696964263916016e+01 3.410000000000000142e+00 4.899999871850013733e-02 3.636938781738281250e+02
1.766395950317382812e+01 3.439999999999999947e+00 4.899999871850013733e-02 4.476232604980468750e+02
1.775395822525024414e+01 3.479999999999999982e+00 4.899999871850013733e-02 4.476232604980468750e+02
1.787196040153503418e+01 3.479999999999999982e+00 4.899999871850013733e-02 3.497056579589843750e+02
1.795696735382080078e+01 3.399999999999999911e+00 4.899999871850013733e-02 3.497056579589843750e+02
1.806896114349365234e+01 3.350000000000000089e+00 4.899999871850013733e-02 5.455408935546875000e+02
1.816395807266235352e+01 3.370000000000000107e+00 4.899999871850013733e-02 8.113171386718750000e+02
1.827195858955383301e+01 3.430000000000000160e+00 4.899999871850013733e-02 7.273877563476562500e+02
1.836096024513244629e+01 3.459999999999999964e+00 4.899999871850013733e-02 7.273877563476562500e+02
1.845596218109130859e+01 3.459999999999999964e+00 4.899999871850013733e-02 7.273877563476562500e+02
1.856495976448059082e+01 3.470000000000000195e+00 4.899999871850013733e-02 7.133995361328125000e+02
1.865395784378051758e+01 3.500000000000000000e+00 4.899999871850013733e-02 7.133995361328125000e+02
1.877099180221557617e+01 3.450000000000000178e+00 4.899999871850013733e-02 8.113171386718750000e+02
1.885796189308166504e+01 3.479999999999999982e+00 4.899999871850013733e-02 7.273877563476562500e+02
1.896896100044250488e+01 3.540000000000000036e+00 4.899999871850013733e-02 5.315526123046875000e+02
1.905996489524841309e+01 3.490000000000000213e+00 4.899999871850013733e-02 6.294701538085937500e+02
1.917296171188354492e+01 3.479999999999999982e+00 4.899999871850013733e-02 7.273877563476562500e+02
1.926095819473266602e+01 3.509999999999999787e+00 4.899999871850013733e-02 5.455408935546875000e+02
1.935196280479431152e+01 3.450000000000000178e+00 4.899999871850013733e-02 6.294701538085937500e+02
1.946896219253540039e+01 3.439999999999999947e+00 4.899999871850013733e-02 5.455408935546875000e+02
1.955395865440368652e+01 3.439999999999999947e+00 4.899999871850013733e-02 5.455408935546875000e+02
1.966701793670654297e+01 3.399999999999999911e+00 4.899999871850013733e-02 5.315526123046875000e+02
1.976195907592773438e+01 3.410000000000000142e+00 4.899999871850013733e-02 6.294701538085937500e+02
1.986896014213562012e+01 3.419999999999999929e+00 4.899999871850013733e-02 5.455408935546875000e+02
1.995899844169616699e+01 3.359999999999999876e+00 4.899999871850013733e-02 7.133995361328125000e+02
2.005395817756652832e+01 3.430000000000000160e+00 4.899999871850013733e-02 8.113171386718750000e+02
2.016196274757385254e+01 3.470000000000000195e+00 4.899999871850013733e-02 9.931641235351562500e+02
2.025099229812622070e+01 3.459999999999999964e+00 4.899999871850013733e-02 9.092347412109375000e+02
2.036895871162414551e+01 3.430000000000000160e+00 4.899999871850013733e-02 8.113171386718750000e+02
2.045500016212463379e+01 3.439999999999999947e+00 4.899999871850013733e-02 7.273877563476562500e+02
2.056595849990844727e+01 3.459999999999999964e+00 4.899999871850013733e-02 7.273877563476562500e+02
2.066095924377441406e+01 3.439999999999999947e+00 4.899999871850013733e-02 8.113171386718750000e+02
2.076995921134948730e+01 3.490000000000000213e+00 4.899999871850013733e-02 8.113171386718750000e+02
2.085900521278381348e+01 3.520000000000000018e+00 4.899999871850013733e-02 7.273877563476562500e+02
2.094997072219848633e+01 3.560000000000000053e+00 4.899999871850013733e-02 7.133995361328125000e+02
2.106300210952758789e+01 3.509999999999999787e+00 4.899999871850013733e-02 6.434584350585937500e+02
2.115099716186523438e+01 3.470000000000000195e+00 4.899999871850013733e-02 5.315526123046875000e+02
2.126495981216430664e+01 3.459999999999999964e+00 4.899999871850013733e-02 5.455408935546875000e+02
2.135899734497070312e+01 3.419999999999999929e+00 4.899999871850013733e-02 7.273877563476562500e+02
2.146595859527587891e+01 3.430000000000000160e+00 4.899999871850013733e-02 8.952465209960937500e+02
2.155696821212768555e+01 3.479999999999999982e+00 4.899999871850013733e-02 7.273877563476562500e+02
2.165196681022644043e+01 3.410000000000000142e+00 4.899999871850013733e-02 7.133995361328125000e+02
2.175900268554687500e+01 3.430000000000000160e+00 4.899999871850013733e-02 6.294701538085937500e+02
2.187195968627929688e+01 3.390000000000000124e+00 4.899999871850013733e-02 8.113171386718750000e+02
2.196701788902282715e+01 3.479999999999999982e+00 4.899999871850013733e-02 8.952465209960937500e+02
2.205195927619934082e+01 3.470000000000000195e+00 4.899999871850013733e-02 8.113171386718750000e+02
2.216396093368530273e+01 3.439999999999999947e+00 4.899999871850013733e-02 8.113171386718750000e+02
2.225899744033813477e+01 3.459999999999999964e+00 4.899999871850013733e-02 8.113171386718750000e+02
2.236706995964050293e+01 3.459999999999999964e+00 4.899999871850013733e-02 7.273877563476562500e+02
2.245595884323120117e+01 3.529999999999999805e+00 4.899999871850013733e-02 7.133995361328125000e+02
2.257196855545043945e+01 3.479999999999999982e+00 4.899999871850013733e-02 8.113171386718750000e+02
2.265996336936950684e+01 3.490000000000000213e+00 4.899999871850013733e-02 7.133995361328125000e+02
2.277099227905273438e+01 3.479999999999999982e+00 4.899999871850013733e-02 5.455408935546875000e+02
2.286595988273620605e+01 3.470000000000000195e+00 4.899999871850013733e-02 5.455408935546875000e+02
2.295295786857604980e+01 3.500000000000000000e+00 4.899999871850013733e-02 5.455408935546875000e+02
2.306395912170410156e+01 3.549999999999999822e+00 4.899999871850013733e-02 4.476232604980468750e+02
2.315499877929687500e+01 3.509999999999999787e+00 4.899999871850013733e-02 3.636938781738281250e+02
2.326796221733093262e+01 3.419999999999999929e+00 4.899999871850013733e-02 6.294701538085937500e+02
2.335595870018005371e+01 3.439999999999999947e+00 4.899999871850013733e-02 7.133995361328125000e+02
2.346995759010314941e+01 3.450000000000000178e+00 4.899999871850013733e-02 6.294701538085937500e+02
2.356396055221557617e+01 3.399999999999999911e+00 4.899999871850013733e-02 7.273877563476562500e+02
2.367100620269775391e+01 3.450000000000000178e+00 4.899999871850013733e-02 3.636938781738281250e+02
2.376195979118347168e+01 3.540000000000000036e+00 4.899999871850013733e-02 0.000000000000000000e+00
2.385696291923522949e+01 3.459999999999999964e+00 4.899999871850013733e-02 0.000000000000000000e+00
2.396395993232727051e+01 3.430000000000000160e+00 4.899999871850013733e-02 0.000000000000000000e+00
2.405395984649658203e+01 3.339999999999999858e+00 4.899999871850013733e-02 0.000000000000000000e+00
2.417196583747863770e+01 3.149999999999999911e+00 4.899999871850013733e-02 0.000000000000000000e+00
2.425701260566711426e+01 3.209999999999999964e+00 4.899999871850013733e-02 0.000000000000000000e+00
2.436895895004272461e+01 3.229999999999999982e+00 4.899999871850013733e-02 0.000000000000000000e+00
2.446396398544311523e+01 3.350000000000000089e+00 4.899999871850013733e-02 0.000000000000000000e+00
2.457196021080017090e+01 3.609999999999999876e+00 4.899999871850013733e-02 0.000000000000000000e+00
2.466096210479736328e+01 4.190000000000000391e+00 4.899999871850013733e-02 0.000000000000000000e+00
2.475596427917480469e+01 4.540000000000000036e+00 4.899999871850013733e-02 0.000000000000000000e+00
2.486496067047119141e+01 5.320000000000000284e+00 4.899999871850013733e-02 0.000000000000000000e+00
2.495396375656127930e+01 6.129999999999999893e+00 4.899999871850013733e-02 0.000000000000000000e+00
2.507099962234497070e+01 6.450000000000000178e+00 2.099999971687793732e-02 -1.440787353515625000e+03
2.515796160697937012e+01 3.680000000000000160e+00 2.099999971687793732e-02 -1.720551879882812500e+03
2.526895880699157715e+01 3.259999999999999787e+00 2.099999971687793732e-02 -1.440787353515625000e+03
2.535995960235595703e+01 3.370000000000000107e+00 2.099999971687793732e-02 -1.440787353515625000e+03
2.547297072410583496e+01 3.589999999999999858e+00 2.099999971687793732e-02 -1.804481201171875000e+03
2.556095838546752930e+01 3.589999999999999858e+00 2.099999971687793732e-02 -1.986328247070312500e+03
2.565196132659912109e+01 3.509999999999999787e+00 2.099999971687793732e-02 -2.517880615234375000e+03
2.576895952224731445e+01 3.359999999999999876e+00 2.099999971687793732e-02 -2.336033691406250000e+03
2.585395860671997070e+01 3.290000000000000036e+00 2.099999971687793732e-02 -2.517880615234375000e+03
2.596700644493103027e+01 3.250000000000000000e+00 2.099999971687793732e-02 -2.336033691406250000e+03
2.606196236610412598e+01 3.370000000000000107e+00 2.099999971687793732e-02 -2.070257568359375000e+03
2.616895937919616699e+01 3.310000000000000053e+00 2.099999971687793732e-02 -1.622634277343750000e+03
2.625899338722229004e+01 3.370000000000000107e+00 2.099999971687793732e-02 -1.622634277343750000e+03
2.635395789146423340e+01 3.359999999999999876e+00 2.099999971687793732e-02 -1.706563598632812500e+03
2.646195864677429199e+01 3.379999999999999893e+00 2.099999971687793732e-02 -1.706563598632812500e+03
2.655099964141845703e+01 3.310000000000000053e+00 2.099999971687793732e-02 -1.706563598632812500e+03
2.666896748542785645e+01 3.270000000000000018e+00 2.099999971687793732e-02 -1.440787353515625000e+03
2.675499963760375977e+01 3.410000000000000142e+00 2.099999971687793732e-02 -1.356857910156250000e+03
2.686595892906188965e+01 3.490000000000000213e+00 2.099999971687793732e-02 -1.258940307617187500e+03
2.696095871925354004e+01 3.270000000000000018e+00 2.099999971687793732e-02 -1.440787353515625000e+03
2.706995964050292969e+01 3.479999999999999982e+00 2.099999971687793732e-02 -1.356857910156250000e+03
2.715901613235473633e+01 3.390000000000000124e+00 2.099999971687793732e-02 -1.258940307617187500e+03
2.724996995925903320e+01 3.439999999999999947e+00 2.099999971687793732e-02 -1.161022827148437500e+03
2.736300468444824219e+01 3.419999999999999929e+00 2.099999971687793732e-02 -1.356857910156250000e+03
2.745099425315856934e+01 3.459999999999999964e+00 2.099999971687793732e-02 -1.538704956054687500e+03
2.756496715545654297e+01 3.419999999999999929e+00 2.099999971687793732e-02 -1.706563598632812500e+03
2.765900015830993652e+01 3.370000000000000107e+00 2.099999971687793732e-02 -1.720551879882812500e+03
2.776596069335937500e+01 3.410000000000000142e+00 2.099999971687793732e-02 -1.524716674804687500e+03
2.785698771476745605e+01 3.379999999999999893e+00 2.099999971687793732e-02 -1.258940307617187500e+03
2.795196151733398438e+01 3.459999999999999964e+00 2.099999971687793732e-02 -1.356857910156250000e+03
2.805899882316589355e+01 3.509999999999999787e+00 2.099999971687793732e-02 -1.440787353515625000e+03
2.817195844650268555e+01 3.419999999999999929e+00 2.099999971687793732e-02 -1.538704956054687500e+03
2.826700568199157715e+01 3.299999999999999822e+00 2.099999971687793732e-02 -1.356857910156250000e+03
2.835195851325988770e+01 3.339999999999999858e+00 2.099999971687793732e-02 -1.524716674804687500e+03
2.846396112442016602e+01 3.399999999999999911e+00 2.099999971687793732e-02 -1.524716674804687500e+03
2.855900406837463379e+01 3.370000000000000107e+00 2.099999971687793732e-02 -1.272928588867187500e+03
2.866699695587158203e+01 3.430000000000000160e+00 2.099999971687793732e-02 -1.077093505859375000e+03
2.875595808029174805e+01 3.479999999999999982e+00 2.099999971687793732e-02 -1.077093505859375000e+03
2.887196016311645508e+01 3.540000000000000036e+00 2.099999971687793732e-02 -1.272928588867187500e+03
2.895996260643005371e+01 3.479999999999999982e+00 2.099999971687793732e-02 -1.440787353515625000e+03
2.907099676132202148e+01 3.450000000000000178e+00 2.099999971687793732e-02 -1.356857910156250000e+03
2.916595911979675293e+01 3.399999999999999911e+00 2.099999971687793732e-02 -1.091081787109375000e+03
2.925296139717102051e+01 2.479999999999999982e+00 2.099999971687793732e-02 0.000000000000000000e+00
2.936396169662475586e+01 1.669999999999999929e+00 2.099999971687793732e-02 0.000000000000000000e+00
2.945499992370605469e+01 1.709999999999999964e+00 2.099999971687793732e-02 0.000000000000000000e+00
2.956795859336853027e+01 1.520000000000000018e+00 2.099999971687793732e-02 0.000000000000000000e+00
2.965596413612365723e+01 1.270000000000000018e+00 4.899999871850013733e-02 7.273877563476562500e+02
2.976996159553527832e+01 2.700000000000000178e+00 4.899999871850013733e-02 1.356857910156250000e+03
2.986396169662475586e+01 3.370000000000000107e+00 4.899999871850013733e-02 1.440787353515625000e+03
2.997100734710693359e+01 3.470000000000000195e+00 4.899999871850013733e-02 1.258940307617187500e+03
3.006195783615112305e+01 3.500000000000000000e+00 4.899999871850013733e-02 9.931641235351562500e+02
3.015696525573730469e+01 3.439999999999999947e+00 4.899999871850013733e-02 9.931641235351562500e+02
3.026396012306213379e+01 3.430000000000000160e+00 4.899999871850013733e-02 1.258940307617187500e+03
3.035395979881286621e+01 3.459999999999999964e+00 4.899999871850013733e-02 1.175010986328125000e+03
3.047195959091186523e+01 3.479999999999999982e+00 4.899999871850013733e-02 1.175010986328125000e+03
3.055696249008178711e+01 3.500000000000000000e+00 4.899999871850013733e-02 1.077093505859375000e+03
3.066895842552185059e+01 3.540000000000000036e+00 4.899999871850013733e-02 9.931641235351562500e+02
3.076395869255065918e+01 3.490000000000000213e+00 4.899999871850013733e-02 9.931641235351562500e+02
3.087196087837219238e+01 3.439999999999999947e+00 4.899999871850013733e-02 9.791759033203125000e+02
3.096096396446228027e+01 3.439999999999999947e+00 4.899999871850013733e-02 1.077093505859375000e+03
3.105595970153808594e+01 3.430000000000000160e+00 4.899999871850013733e-02 1.258940307617187500e+03
3.116495871543884277e+01 3.439999999999999947e+00 4.899999871850013733e-02 1.258940307617187500e+03
3.125397014617919922e+01 3.529999999999999805e+00 4.899999871850013733e-02 1.175010986328125000e+03
3.137099719047546387e+01 3.479999999999999982e+00 4.899999871850013733e-02 8.952465209960937500e+02
3.145796084403991699e+01 3.419999999999999929e+00 4.899999871850013733e-02 1.077093505859375000e+03
3.156895780563354492e+01 3.390000000000000124e+00 4.899999871850013733e-02 1.342869750976562500e+03
3.165995907783508301e+01 3.490000000000000213e+00 4.899999871850013733e-02 1.608645996093750000e+03
3.177297019958496094e+01 3.500000000000000000e+00 4.899999871850013733e-02 1.440787353515625000e+03
3.186095809936523438e+01 3.500000000000000000e+00 4.899999871850013733e-02 1.440787353515625000e+03
3.195196318626403809e+01 3.479999999999999982e+00 4.899999871850013733e-02 1.524716674804687500e+03
3.206895828247070312e+01 3.500000000000000000e+00 4.899999871850013733e-02 1.258940307617187500e+03
3.215395593643188477e+01 3.509999999999999787e+00 4.899999871850013733e-02 1.356857910156250000e+03
3.226699733734130859e+01 3.500000000000000000e+00 4.899999871850013733e-02 1.356857910156250000e+03
3.236196208000183105e+01 3.509999999999999787e+00 4.899999871850013733e-02 1.440787353515625000e+03
3.246895980834960938e+01 3.479999999999999982e+00 4.899999871850013733e-02 1.440787353515625000e+03
3.255900001525878906e+01 3.490000000000000213e+00 4.899999871850013733e-02 1.524716674804687500e+03
3.265395832061767578e+01 3.490000000000000213e+00 4.899999871850013733e-02 1.440787353515625000e+03
3.276195836067199707e+01 3.459999999999999964e+00 4.899999871850013733e-02 1.622634277343750000e+03
3.285100722312927246e+01 3.470000000000000195e+00 4.899999871850013733e-02 1.538704956054687500e+03
3.296895909309387207e+01 3.479999999999999982e+00 4.899999871850013733e-02 1.524716674804687500e+03
3.305500245094299316e+01 3.450000000000000178e+00 4.899999871850013733e-02 1.608645996093750000e+03
3.316595959663391113e+01 3.439999999999999947e+00 4.899999871850013733e-02 1.804481201171875000e+03
3.326096105575561523e+01 3.500000000000000000e+00 4.899999871850013733e-02 1.902398925781250000e+03
3.336995840072631836e+01 3.520000000000000018e+00 4.899999871850013733e-02 1.888410644531250000e+03
3.345901250839233398e+01 3.540000000000000036e+00 4.899999871850013733e-02 1.888410644531250000e+03
3.354995918273925781e+01 3.470000000000000195e+00 4.899999871850013733e-02 1.622634277343750000e+03
3.366299939155578613e+01 3.540000000000000036e+00 4.899999871850013733e-02 1.524716674804687500e+03
3.375100564956665039e+01 3.509999999999999787e+00 4.899999871850013733e-02 1.440787353515625000e+03
3.386495757102966309e+01 3.490000000000000213e+00 4.899999871850013733e-02 1.258940307617187500e+03
3.395899891853332520e+01 3.549999999999999822e+00 4.899999871850013733e-02 1.161022827148437500e+03
3.406595706939697266e+01 3.500000000000000000e+00 4.899999871850013733e-02 1.091081787109375000e+03
3.415697169303894043e+01 3.509999999999999787e+00 4.899999871850013733e-02 9.092347412109375000e+02
3.427295827865600586e+01 3.560000000000000053e+00 4.899999871850013733e-02 8.952465209960937500e+02
3.435900712013244629e+01 3.529999999999999805e+00 4.899999871850013733e-02 8.113171386718750000e+02
3.447196197509765625e+01 3.439999999999999947e+00 4.899999871850013733e-02 1.161022827148437500e+03
3.456700158119201660e+01 3.410000000000000142e+00 4.899999871850013733e-02 1.161022827148437500e+03
3.465196275711059570e+01 3.689999999999999947e+00 4.899999871850013733e-02 0.000000000000000000e+00
3.476396298408508301e+01 4.419999999999999929e+00 4.899999871850013733e-02 0.000000000000000000e+00
3.485900425910949707e+01 3.990000000000000213e+00 4.899999871850013733e-02 0.000000000000000000e+00
3.496701550483703613e+01 3.370000000000000107e+00 4.899999871850013733e-02 0.000000000000000000e+00
3.505595993995666504e+01 3.290000000000000036e+00 4.899999871850013733e-02 0.000000000000000000e+00
3.517295908927917480e+01 3.370000000000000107e+00 4.899999871850013733e-02 0.000000000000000000e+00
3.525996017456054688e+01 3.290000000000000036e+00 4.899999871850013733e-02 0.000000000000000000e+00
3.537099766731262207e+01 3.350000000000000089e+00 4.899999871850013733e-02 0.000000000000000000e+00
3.546596074104309082e+01 3.450000000000000178e+00 4.899999871850013733e-02 0.000000000000000000e+00
3.555296158790588379e+01 3.419999999999999929e+00 4.899999871850013733e-02 0.000000000000000000e+00
3.568596220016479492e+01 3.680000000000000160e+00 4.899999871850013733e-02 0.000000000000000000e+00
3.578096246719360352e+01 5.219999999999999751e+00 4.899999871850013733e-02 0.000000000000000000e+00
3.588996243476867676e+01 6.740000000000000213e+00 2.099999971687793732e-02 -8.952465209960937500e+02
3.597900938987731934e+01 5.019999999999999574e+00 2.099999971687793732e-02 -2.168175292968750000e+03
3.606995940208435059e+01 3.629999999999999893e+00 2.099999971687793732e-02 -2.797645263671875000e+03
3.618301701545715332e+01 3.569999999999999840e+00 2.099999971687793732e-02 -3.049433349609375000e+03
3.629295849800109863e+01 3.729999999999999982e+00 2.099999971687793732e-02 -3.231280273437500000e+03
3.638496589660644531e+01 3.640000000000000124e+00 2.099999971687793732e-02 -3.427115478515625000e+03
3.647899794578552246e+01 3.540000000000000036e+00 2.099999971687793732e-02 -3.413127197265625000e+03
3.658595943450927734e+01 3.600000000000000089e+00 2.099999971687793732e-02 -3.692892089843750000e+03
3.667696452140808105e+01 3.589999999999999858e+00 2.099999971687793732e-02 -3.608962402343750000e+03
3.678796124458312988e+01 3.589999999999999858e+00 2.099999971687793732e-02 -4.420279785156250000e+03
3.687904858589172363e+01 3.540000000000000036e+00 2.099999971687793732e-02 -4.140515136718750000e+03
3.699195909500122070e+01 3.580000000000000071e+00 2.099999971687793732e-02 -3.958668457031250000e+03
3.708702182769775391e+01 3.470000000000000195e+00 2.099999971687793732e-02 -3.692892089843750000e+03
3.718796110153198242e+01 3.500000000000000000e+00 2.099999971687793732e-02 -3.692892089843750000e+03
3.728396177291870117e+01 3.540000000000000036e+00 2.099999971687793732e-02 -3.594974121093750000e+03
3.737899565696716309e+01 3.540000000000000036e+00 2.099999971687793732e-02 -3.147350830078125000e+03
3.748701691627502441e+01 3.419999999999999929e+00 2.099999971687793732e-02 -2.699727783203125000e+03
3.757595729827880859e+01 3.330000000000000071e+00 2.099999971687793732e-02 -2.336033691406250000e+03
3.769295811653137207e+01 3.350000000000000089e+00 2.099999971687793732e-02 -1.258940307617187500e+03
3.777996277809143066e+01 3.479999999999999982e+00 2.099999971687793732e-02 -1.077093505859375000e+03
3.789100432395935059e+01 3.640000000000000124e+00 2.099999971687793732e-02 -1.077093505859375000e+03
3.798596930503845215e+01 3.629999999999999893e+00 2.099999971687793732e-02 -1.440787353515625000e+03
3.807295846939086914e+01 3.669999999999999929e+00 2.099999971687793732e-02 -1.440787353515625000e+03
3.818396544456481934e+01 3.459999999999999964e+00 2.099999971687793732e-02 -9.931641235351562500e+02
3.827500295639038086e+01 3.450000000000000178e+00 2.099999971687793732e-02 0.000000000000000000e+00
3.838796019554138184e+01 2.049999999999999822e+00 2.099999971687793732e-02 0.000000000000000000e+00
3.847596788406372070e+01 1.810000000000000053e+00 2.099999971687793732e-02 0.000000000000000000e+00
3.858995795249938965e+01 1.840000000000000080e+00 4.899999871850013733e-02 1.790493041992187500e+03
3.868396019935607910e+01 3.140000000000000124e+00 4.899999871850013733e-02 2.965503906250000000e+03
3.879101252555847168e+01 3.350000000000000089e+00 4.899999871850013733e-02 2.965503906250000000e+03
3.888195800781250000e+01 3.439999999999999947e+00 4.899999871850013733e-02 2.965503906250000000e+03
3.897696232795715332e+01 3.560000000000000053e+00 4.899999871850013733e-02 2.797645263671875000e+03
3.908396196365356445e+01 3.479999999999999982e+00 4.899999871850013733e-02 3.231280273437500000e+03
3.917396068572998047e+01 3.379999999999999893e+00 4.899999871850013733e-02 3.511044921875000000e+03
3.929196310043334961e+01 3.379999999999999893e+00 4.899999871850013733e-02 4.322362304687500000e+03
3.937695980072021484e+01 3.470000000000000195e+00 4.899999871850013733e-02 4.042597656250000000e+03
3.948896837234497070e+01 3.470000000000000195e+00 4.899999871850013733e-02 4.140515136718750000e+03
3.958396196365356445e+01 3.580000000000000071e+00 4.899999871850013733e-02 4.224444824218750000e+03
3.969195961952209473e+01 3.589999999999999858e+00 4.899999871850013733e-02 3.692892089843750000e+03
3.978095984458923340e+01 3.549999999999999822e+00 4.899999871850013733e-02 3.245268554687500000e+03
3.987595963478088379e+01 3.520000000000000018e+00 4.899999871850013733e-02 3.427115478515625000e+03
3.998495841026306152e+01 3.560000000000000053e+00 4.899999871850013733e-02 2.979492187500000000e+03
4.007395863533020020e+01 3.569999999999999840e+00 4.899999871850013733e-02 2.797645263671875000e+03
4.019100689888000488e+01 3.620000000000000107e+00 4.899999871850013733e-02 1.972340087890625000e+03
4.027795958518981934e+01 3.629999999999999893e+00 4.899999871850013733e-02 1.608645996093750000e+03
4.038895893096923828e+01 3.500000000000000000e+00 4.899999871850013733e-02 1.524716674804687500e+03
4.047996354103088379e+01 3.569999999999999840e+00 4.899999871850013733e-02 1.342869750976562500e+03
4.059195852279663086e+01 3.620000000000000107e+00 4.899999871850013733e-02 7.273877563476562500e+02
4.068095779418945312e+01 3.479999999999999982e+00 4.899999871850013733e-02 7.273877563476562500e+02
4.077196168899536133e+01 3.399999999999999911e+00 4.899999871850013733e-02 1.077093505859375000e+03
4.088895845413208008e+01 3.529999999999999805e+00 4.899999871850013733e-02 9.092347412109375000e+02
4.097395825386047363e+01 3.529999999999999805e+00 4.899999871850013733e-02 9.092347412109375000e+02
4.108701515197753906e+01 3.529999999999999805e+00 4.899999871850013733e-02 4.476232604980468750e+02
4.118195700645446777e+01 3.370000000000000107e+00 4.899999871850013733e-02 8.952465209960937500e+02
4.128896093368530273e+01 3.459999999999999964e+00 4.899999871850013733e-02 8.392935943603515625e+01
4.137900614738464355e+01 3.470000000000000195e+00 4.899999871850013733e-02 0.000000000000000000e+00
4.147395896911621094e+01 3.470000000000000195e+00 4.899999871850013733e-02 9.791758728027343750e+01
4.158196043968200684e+01 3.319999999999999840e+00 4.899999871850013733e-02 0.000000000000000000e+00
4.167795920372009277e+01 3.229999999999999982e+00 4.899999871850013733e-02 0.000000000000000000e+00
4.178896141052246094e+01 3.189999999999999947e+00 4.899999871850013733e-02 0.000000000000000000e+00
4.187500691413879395e+01 3.189999999999999947e+00 4.899999871850013733e-02 0.000000000000000000e+00
4.198596954345703125e+01 3.180000000000000160e+00 4.899999871850013733e-02 0.000000000000000000e+00
4.208096170425415039e+01 3.169999999999999929e+00 4.899999871850013733e-02 0.000000000000000000e+00
4.218996095657348633e+01 3.160000000000000142e+00 4.899999871850013733e-02 0.000000000000000000e+00
4.227900099754333496e+01 3.140000000000000124e+00 4.899999871850013733e-02 0.000000000000000000e+00
4.236996173858642578e+01 3.129999999999999893e+00 4.899999871850013733e-02 0.000000000000000000e+00
4.248300290107727051e+01 3.120000000000000107e+00 4.899999871850013733e-02 0.000000000000000000e+00
4.257696199417114258e+01 3.120000000000000107e+00 4.899999871850013733e-02 0.000000000000000000e+00
4.268495988845825195e+01 3.109999999999999876e+00 4.899999871850013733e-02 0.000000000000000000e+00
4.277900218963623047e+01 3.100000000000000089e+00 4.899999871850013733e-02 0.000000000000000000e+00
4.288607954978942871e+01 3.100000000000000089e+00 4.899999871850013733e-02 0.000000000000000000e+00
4.297696304321289062e+01 3.100000000000000089e+00 4.899999871850013733e-02 0.000000000000000000e+00
4.307906627655029297e+01 3.089999999999999858e+00 4.899999871850013733e-02 0.000000000000000000e+00
4.317900228500366211e+01 3.089999999999999858e+00 4.899999871850013733e-02 0.000000000000000000e+00
4.329195928573608398e+01 3.080000000000000071e+00 4.899999871850013733e-02 0.000000000000000000e+00
