1.692223548889160156e-02 2.669999999999999929e+00 2.500000037252902985e-02 0.000000000000000000e+00
1.159565448760986328e-01 2.669999999999999929e+00 2.500000037252902985e-02 0.000000000000000000e+00
2.059226036071777344e-01 2.669999999999999929e+00 2.500000037252902985e-02 0.000000000000000000e+00
2.959597110748291016e-01 2.669999999999999929e+00 2.500000037252902985e-02 0.000000000000000000e+00
4.129214286804199219e-01 2.669999999999999929e+00 2.500000037252902985e-02 0.000000000000000000e+00
5.039706230163574219e-01 2.669999999999999929e+00 2.500000037252902985e-02 0.000000000000000000e+00
6.109218597412109375e-01 2.669999999999999929e+00 2.500000037252902985e-02 0.000000000000000000e+00
6.989233493804931641e-01 2.669999999999999929e+00 2.500000037252902985e-02 0.000000000000000000e+00
8.129329681396484375e-01 2.669999999999999929e+00 2.500000037252902985e-02 0.000000000000000000e+00
9.069194793701171875e-01 2.669999999999999929e+00 2.500000037252902985e-02 0.000000000000000000e+00
1.001920938491821289e+00 2.669999999999999929e+00 2.500000037252902985e-02 0.000000000000000000e+00
1.103965044021606445e+00 2.680000000000000160e+00 2.500000037252902985e-02 0.000000000000000000e+00
1.214918851852416992e+00 2.680000000000000160e+00 2.500000037252902985e-02 0.000000000000000000e+00
1.306919097900390625e+00 2.680000000000000160e+00 2.500000037252902985e-02 0.000000000000000000e+00
1.396922826766967773e+00 2.680000000000000160e+00 2.500000037252902985e-02 0.000000000000000000e+00
1.507964134216308594e+00 2.680000000000000160e+00 2.500000037252902985e-02 0.000000000000000000e+00
1.596919536590576172e+00 2.680000000000000160e+00 2.500000037252902985e-02 0.000000000000000000e+00
1.707962751388549805e+00 2.680000000000000160e+00 2.500000037252902985e-02 0.000000000000000000e+00
1.799960136413574219e+00 2.680000000000000160e+00 2.500000037252902985e-02 0.000000000000000000e+00
1.910918951034545898e+00 2.680000000000000160e+00 2.500000037252902985e-02 0.000000000000000000e+00
1.999957323074340820e+00 2.680000000000000160e+00 2.500000037252902985e-02 0.000000000000000000e+00
2.112927198410034180e+00 2.680000000000000160e+00 2.500000037252902985e-02 0.000000000000000000e+00
2.202924251556396484e+00 2.680000000000000160e+00 2.500000037252902985e-02 0.000000000000000000e+00
2.314920425415039062e+00 2.689999999999999947e+00 2.500000037252902985e-02 0.000000000000000000e+00
2.404915809631347656e+00 2.700000000000000178e+00 2.500000037252902985e-02 0.000000000000000000e+00
2.515955209732055664e+00 2.689999999999999947e+00 2.500000037252902985e-02 0.000000000000000000e+00
2.606919288635253906e+00 2.700000000000000178e+00 2.500000037252902985e-02 0.000000000000000000e+00
2.696921110153198242e+00 2.830000000000000071e+00 2.500000037252902985e-02 0.000000000000000000e+00
2.807967185974121094e+00 3.180000000000000160e+00 2.500000037252902985e-02 0.000000000000000000e+00
2.898923635482788086e+00 3.540000000000000036e+00 2.500000037252902985e-02 0.000000000000000000e+00
3.010920524597167969e+00 3.939999999999999947e+00 2.500000037252902985e-02 0.000000000000000000e+00
3.100920438766479492e+00 4.059999999999999609e+00 2.500000037252902985e-02 -3.636938781738281250e+02
3.213921308517456055e+00 4.019999999999999574e+00 2.500000037252902985e-02 -2.657763061523437500e+02
3.301919698715209961e+00 4.059999999999999609e+00 2.500000037252902985e-02 -1.818469390869140625e+02
3.414911270141601562e+00 4.110000000000000320e+00 2.500000037252902985e-02 -1.818469390869140625e+02
3.504920721054077148e+00 4.150000000000000355e+00 2.500000037252902985e-02 0.000000000000000000e+00
3.615971565246582031e+00 4.339999999999999858e+00 2.500000037252902985e-02 0.000000000000000000e+00
3.704922676086425781e+00 4.469999999999999751e+00 2.500000037252902985e-02 -8.392935943603515625e+01
3.795962810516357422e+00 4.200000000000000178e+00 2.500000037252902985e-02 -2.797645568847656250e+02
3.906918764114379883e+00 4.169999999999999929e+00 2.500000037252902985e-02 -3.636938781738281250e+02
3.995965003967285156e+00 4.089999999999999858e+00 2.500000037252902985e-02 -4.476232604980468750e+02
4.109920501708984375e+00 4.059999999999999609e+00 2.500000037252902985e-02 -5.455408935546875000e+02
4.199960947036743164e+00 4.089999999999999858e+00 2.500000037252902985e-02 -5.455408935546875000e+02
4.311957836151123047e+00 4.099999999999999645e+00 2.500000037252902985e-02 -5.455408935546875000e+02
4.399957895278930664e+00 4.009999999999999787e+00 2.500000037252902985e-02 -2.657763061523437500e+02
4.508921146392822266e+00 4.110000000000000320e+00 2.500000037252902985e-02 -3.497056579589843750e+02
4.602921009063720703e+00 4.209999999999999964e+00 2.500000037252902985e-02 -5.455408935546875000e+02
4.715960502624511719e+00 4.209999999999999964e+00 2.500000037252902985e-02 -6.294701538085937500e+02
4.804921150207519531e+00 4.099999999999999645e+00 2.500000037252902985e-02 -6.294701538085937500e+02
4.911968469619750977e+00 4.030000000000000249e+00 2.500000037252902985e-02 -4.476232604980468750e+02
5.002920866012573242e+00 4.070000000000000284e+00 2.500000037252902985e-02 -4.476232604980468750e+02
5.097918987274169922e+00 4.089999999999999858e+00 2.500000037252902985e-02 -4.476232604980468750e+02
5.204924583435058594e+00 4.120000000000000107e+00 2.500000037252902985e-02 -4.476232604980468750e+02
5.294917583465576172e+00 4.150000000000000355e+00 2.500000037252902985e-02 -3.636938781738281250e+02
5.412922620773315430e+00 4.129999999999999893e+00 2.500000037252902985e-02 -4.476232604980468750e+02
5.497920751571655273e+00 4.099999999999999645e+00 2.500000037252902985e-02 -4.476232604980468750e+02
5.609919071197509766e+00 4.040000000000000036e+00 2.500000037252902985e-02 -5.315526123046875000e+02
5.704923868179321289e+00 4.080000000000000071e+00 2.500000037252902985e-02 -4.476232604980468750e+02
5.812924861907958984e+00 4.049999999999999822e+00 2.500000037252902985e-02 -5.455408935546875000e+02
5.901925086975097656e+00 4.059999999999999609e+00 2.500000037252902985e-02 -5.455408935546875000e+02
5.996921300888061523e+00 4.019999999999999574e+00 2.500000037252902985e-02 -5.315526123046875000e+02
6.105919837951660156e+00 4.040000000000000036e+00 2.500000037252902985e-02 -4.476232604980468750e+02
6.216925382614135742e+00 4.030000000000000249e+00 2.500000037252902985e-02 -3.636938781738281250e+02
6.311962127685546875e+00 4.099999999999999645e+00 2.500000037252902985e-02 -2.797645568847656250e+02
6.398919343948364258e+00 4.009999999999999787e+00 2.500000037252902985e-02 -2.657763061523437500e+02
6.509921312332153320e+00 4.080000000000000071e+00 2.500000037252902985e-02 -2.657763061523437500e+02
6.600931644439697266e+00 4.160000000000000142e+00 2.500000037252902985e-02 -3.636938781738281250e+02
6.713922262191772461e+00 3.990000000000000213e+00 2.500000037252902985e-02 -1.818469390869140625e+02
6.801921367645263672e+00 4.080000000000000071e+00 2.500000037252902985e-02 -4.476232604980468750e+02
6.915966510772705078e+00 3.950000000000000178e+00 2.500000037252902985e-02 -4.476232604980468750e+02
7.009919404983520508e+00 3.970000000000000195e+00 2.500000037252902985e-02 -4.476232604980468750e+02
7.094919204711914062e+00 4.019999999999999574e+00 2.500000037252902985e-02 -5.315526123046875000e+02
7.207967758178710938e+00 4.059999999999999609e+00 2.500000037252902985e-02 -6.294701538085937500e+02
7.302922964096069336e+00 4.000000000000000000e+00 2.500000037252902985e-02 -5.455408935546875000e+02
7.409921407699584961e+00 4.049999999999999822e+00 2.500000037252902985e-02 -5.315526123046875000e+02
7.499956130981445312e+00 4.049999999999999822e+00 2.500000037252902985e-02 -5.455408935546875000e+02
7.594918966293334961e+00 3.970000000000000195e+00 2.500000037252902985e-02 -5.455408935546875000e+02
7.702921628952026367e+00 4.169999999999999929e+00 2.500000037252902985e-02 -6.294701538085937500e+02
7.814918041229248047e+00 4.160000000000000142e+00 2.500000037252902985e-02 -5.455408935546875000e+02
7.909919261932373047e+00 4.080000000000000071e+00 2.500000037252902985e-02 -4.476232604980468750e+02
7.995969295501708984e+00 4.089999999999999858e+00 2.500000037252902985e-02 -3.497056579589843750e+02
8.106921911239624023e+00 4.059999999999999609e+00 2.500000037252902985e-02 -4.476232604980468750e+02
8.201923608779907227e+00 4.099999999999999645e+00 2.500000037252902985e-02 -5.315526123046875000e+02
8.310918807983398438e+00 4.009999999999999787e+00 2.500000037252902985e-02 -5.315526123046875000e+02
8.399966001510620117e+00 4.030000000000000249e+00 2.500000037252902985e-02 -5.455408935546875000e+02
8.515959739685058594e+00 3.990000000000000213e+00 2.500000037252902985e-02 -3.636938781738281250e+02
8.603973627090454102e+00 3.990000000000000213e+00 2.500000037252902985e-02 -2.797645568847656250e+02
8.714918613433837891e+00 4.019999999999999574e+00 2.500000037252902985e-02 -2.657763061523437500e+02
8.805920600891113281e+00 4.070000000000000284e+00 2.500000037252902985e-02 -3.636938781738281250e+02
8.899960041046142578e+00 4.089999999999999858e+00 2.500000037252902985e-02 -4.616115112304687500e+02
9.006944417953491211e+00 4.000000000000000000e+00 2.500000037252902985e-02 -4.476232604980468750e+02
9.097920417785644531e+00 4.000000000000000000e+00 2.500000037252902985e-02 -3.497056579589843750e+02
9.214918375015258789e+00 4.019999999999999574e+00 2.500000037252902985e-02 -4.476232604980468750e+02
9.299962759017944336e+00 4.059999999999999609e+00 2.500000037252902985e-02 -5.455408935546875000e+02
9.412924766540527344e+00 4.030000000000000249e+00 2.500000037252902985e-02 -4.476232604980468750e+02
9.507977485656738281e+00 3.950000000000000178e+00 2.500000037252902985e-02 -4.616115112304687500e+02
9.614918947219848633e+00 3.930000000000000160e+00 2.500000037252902985e-02 -2.657763061523437500e+02
9.704923868179321289e+00 4.110000000000000320e+00 2.500000037252902985e-02 -3.636938781738281250e+02
9.799969434738159180e+00 4.080000000000000071e+00 2.500000037252902985e-02 -4.616115112304687500e+02
9.907956838607788086e+00 4.000000000000000000e+00 2.500000037252902985e-02 -2.797645568847656250e+02
9.996921777725219727e+00 4.019999999999999574e+00 2.500000037252902985e-02 -3.636938781738281250e+02
1.011491799354553223e+01 3.970000000000000195e+00 2.500000037252902985e-02 -4.476232604980468750e+02
1.020092177391052246e+01 4.040000000000000036e+00 2.500000037252902985e-02 -4.476232604980468750e+02
1.031196284294128418e+01 4.059999999999999609e+00 2.500000037252902985e-02 -5.455408935546875000e+02
1.040692067146301270e+01 4.000000000000000000e+00 2.500000037252902985e-02 -5.315526123046875000e+02
1.051596498489379883e+01 4.070000000000000284e+00 2.500000037252902985e-02 -4.476232604980468750e+02
1.060491967201232910e+01 4.150000000000000355e+00 2.500000037252902985e-02 -5.455408935546875000e+02
1.069596481323242188e+01 4.099999999999999645e+00 2.500000037252902985e-02 -4.476232604980468750e+02
1.080892086029052734e+01 4.049999999999999822e+00 2.500000037252902985e-02 -6.294701538085937500e+02
1.089692163467407227e+01 4.080000000000000071e+00 2.500000037252902985e-02 -6.294701538085937500e+02
1.101092195510864258e+01 4.019999999999999574e+00 2.500000037252902985e-02 -4.476232604980468750e+02
1.110492348670959473e+01 3.990000000000000213e+00 2.500000037252902985e-02 -4.476232604980468750e+02
1.121196579933166504e+01 4.080000000000000071e+00 2.500000037252902985e-02 -4.476232604980468750e+02
1.130292057991027832e+01 4.110000000000000320e+00 2.500000037252902985e-02 -5.315526123046875000e+02
1.139791941642761230e+01 4.129999999999999893e+00 2.500000037252902985e-02 -7.133995361328125000e+02
1.150491833686828613e+01 4.000000000000000000e+00 2.500000037252902985e-02 -7.273877563476562500e+02
1.159491872787475586e+01 4.000000000000000000e+00 2.500000037252902985e-02 -6.434584350585937500e+02
1.171293091773986816e+01 4.049999999999999822e+00 2.500000037252902985e-02 -6.294701538085937500e+02
1.179791831970214844e+01 4.009999999999999787e+00 2.500000037252902985e-02 -7.133995361328125000e+02
1.190991878509521484e+01 3.959999999999999964e+00 2.500000037252902985e-02 -6.294701538085937500e+02
1.200492739677429199e+01 3.870000000000000107e+00 2.500000037252902985e-02 -5.455408935546875000e+02
1.211292552947998047e+01 3.990000000000000213e+00 2.500000037252902985e-02 -6.294701538085937500e+02
1.220192551612854004e+01 3.990000000000000213e+00 2.500000037252902985e-02 -4.476232604980468750e+02
1.229692292213439941e+01 4.000000000000000000e+00 2.500000037252902985e-02 -5.455408935546875000e+02
1.240592050552368164e+01 3.990000000000000213e+00 2.500000037252902985e-02 -3.497056579589843750e+02
1.249491953849792480e+01 4.129999999999999893e+00 2.500000037252902985e-02 -5.455408935546875000e+02
1.261196088790893555e+01 4.070000000000000284e+00 2.500000037252902985e-02 -6.294701538085937500e+02
1.269892144203186035e+01 4.030000000000000249e+00 2.500000037252902985e-02 -7.273877563476562500e+02
1.280991888046264648e+01 4.080000000000000071e+00 2.500000037252902985e-02 -5.455408935546875000e+02
1.290091991424560547e+01 4.089999999999999858e+00 2.500000037252902985e-02 -5.315526123046875000e+02
1.301391959190368652e+01 4.049999999999999822e+00 2.500000037252902985e-02 -5.455408935546875000e+02
1.310192728042602539e+01 4.099999999999999645e+00 2.500000037252902985e-02 -5.315526123046875000e+02
1.319996809959411621e+01 4.030000000000000249e+00 2.500000037252902985e-02 -6.294701538085937500e+02
1.330991792678833008e+01 3.990000000000000213e+00 2.500000037252902985e-02 -5.455408935546875000e+02
1.341596007347106934e+01 4.110000000000000320e+00 2.500000037252902985e-02 -4.476232604980468750e+02
1.350795817375183105e+01 4.129999999999999893e+00 2.500000037252902985e-02 -4.476232604980468750e+02
1.360292482376098633e+01 4.089999999999999858e+00 2.500000037252902985e-02 -5.315526123046875000e+02
1.370991992950439453e+01 4.089999999999999858e+00 2.500000037252902985e-02 -5.455408935546875000e+02
1.379995989799499512e+01 4.009999999999999787e+00 2.500000037252902985e-02 -6.294701538085937500e+02
1.389491748809814453e+01 4.009999999999999787e+00 2.500000037252902985e-02 -5.315526123046875000e+02
1.400291967391967773e+01 3.939999999999999947e+00 2.500000037252902985e-02 -3.636938781738281250e+02
1.411491799354553223e+01 4.040000000000000036e+00 2.500000037252902985e-02 -3.636938781738281250e+02
1.420991945266723633e+01 4.099999999999999645e+00 2.500000037252902985e-02 -5.455408935546875000e+02
1.429596757888793945e+01 4.040000000000000036e+00 2.500000037252902985e-02 -5.315526123046875000e+02
1.440691947937011719e+01 3.919999999999999929e+00 2.500000037252902985e-02 -3.636938781738281250e+02
1.450192832946777344e+01 3.990000000000000213e+00 2.500000037252902985e-02 -4.476232604980468750e+02
1.461091923713684082e+01 4.040000000000000036e+00 2.500000037252902985e-02 -5.315526123046875000e+02
1.469997024536132812e+01 3.899999999999999911e+00 2.500000037252902985e-02 -6.294701538085937500e+02
1.481595897674560547e+01 3.930000000000000160e+00 2.500000037252902985e-02 -4.476232604980468750e+02
1.490396976470947266e+01 4.030000000000000249e+00 2.500000037252902985e-02 -4.616115112304687500e+02
1.501491880416870117e+01 4.099999999999999645e+00 2.500000037252902985e-02 -3.636938781738281250e+02
1.510592126846313477e+01 4.070000000000000284e+00 2.500000037252902985e-02 -3.636938781738281250e+02
1.519996452331542969e+01 4.129999999999999893e+00 2.500000037252902985e-02 -4.476232604980468750e+02
1.530692124366760254e+01 4.040000000000000036e+00 2.500000037252902985e-02 -5.315526123046875000e+02
1.539791870117187500e+01 4.070000000000000284e+00 2.500000037252902985e-02 -5.315526123046875000e+02
1.551491808891296387e+01 4.080000000000000071e+00 2.500000037252902985e-02 -5.315526123046875000e+02
1.559996151924133301e+01 4.049999999999999822e+00 2.500000037252902985e-02 -6.294701538085937500e+02
1.571292495727539062e+01 4.110000000000000320e+00 2.500000037252902985e-02 -6.294701538085937500e+02
1.580795931816101074e+01 4.049999999999999822e+00 2.500000037252902985e-02 -6.294701538085937500e+02
1.591491961479187012e+01 4.040000000000000036e+00 2.500000037252902985e-02 -6.294701538085937500e+02
1.600492334365844727e+01 4.080000000000000071e+00 2.500000037252902985e-02 -6.294701538085937500e+02
1.609995436668395996e+01 3.990000000000000213e+00 2.500000037252902985e-02 -4.476232604980468750e+02
1.620797753334045410e+01 4.040000000000000036e+00 2.500000037252902985e-02 -3.636938781738281250e+02
1.629691290855407715e+01 4.129999999999999893e+00 2.500000037252902985e-02 -3.497056579589843750e+02
1.641492223739624023e+01 4.150000000000000355e+00 2.500000037252902985e-02 -5.315526123046875000e+02
1.650092196464538574e+01 4.030000000000000249e+00 2.500000037252902985e-02 -3.636938781738281250e+02
1.661197304725646973e+01 4.030000000000000249e+00 2.500000037252902985e-02 -1.818469390869140625e+02
1.670693516731262207e+01 4.179999999999999716e+00 2.500000037252902985e-02 -4.476232604980468750e+02
1.681596803665161133e+01 4.070000000000000284e+00 2.500000037252902985e-02 -6.294701538085937500e+02
1.690491962432861328e+01 3.919999999999999929e+00 2.500000037252902985e-02 0.000000000000000000e+00
1.699595856666564941e+01 3.419999999999999929e+00 2.500000037252902985e-02 0.000000000000000000e+00
1.710892152786254883e+01 3.430000000000000160e+00 2.500000037252902985e-02 0.000000000000000000e+00
1.719693136215209961e+01 3.279999999999999805e+00 2.500000037252902985e-02 0.000000000000000000e+00
1.731092476844787598e+01 2.649999999999999911e+00 2.500000037252902985e-02 0.000000000000000000e+00
1.740492129325866699e+01 2.149999999999999911e+00 2.500000037252902985e-02 0.000000000000000000e+00
1.751196551322937012e+01 1.709999999999999964e+00 2.500000037252902985e-02 0.000000000000000000e+00
1.760292029380798340e+01 1.370000000000000107e+00 2.500000037252902985e-02 8.392935943603515625e+01
1.769791126251220703e+01 1.320000000000000062e+00 2.500000037252902985e-02 1.818469390869140625e+02
1.780492258071899414e+01 1.360000000000000098e+00 2.500000037252902985e-02 3.636938781738281250e+02
1.789492106437683105e+01 1.300000000000000044e+00 2.500000037252902985e-02 5.455408935546875000e+02
1.801292228698730469e+01 1.340000000000000080e+00 2.500000037252902985e-02 6.294701538085937500e+02
1.809791946411132812e+01 1.320000000000000062e+00 2.500000037252902985e-02 7.273877563476562500e+02
1.820994114875793457e+01 1.340000000000000080e+00 2.500000037252902985e-02 5.455408935546875000e+02
1.830492401123046875e+01 1.360000000000000098e+00 2.500000037252902985e-02 7.273877563476562500e+02
1.841292595863342285e+01 1.370000000000000107e+00 2.500000037252902985e-02 6.294701538085937500e+02
1.850192451477050781e+01 1.379999999999999893e+00 2.500000037252902985e-02 5.455408935546875000e+02
1.859692168235778809e+01 1.360000000000000098e+00 2.500000037252902985e-02 5.315526123046875000e+02
1.870591902732849121e+01 1.350000000000000089e+00 2.500000037252902985e-02 4.616115112304687500e+02
1.881692314147949219e+01 1.389999999999999902e+00 2.500000037252902985e-02 3.636938781738281250e+02
1.891197752952575684e+01 1.360000000000000098e+00 2.500000037252902985e-02 2.657763061523437500e+02
1.899891972541809082e+01 1.340000000000000080e+00 2.500000037252902985e-02 2.797645568847656250e+02
1.910992145538330078e+01 1.360000000000000098e+00 2.500000037252902985e-02 4.476232604980468750e+02
1.920092105865478516e+01 1.340000000000000080e+00 2.500000037252902985e-02 6.294701538085937500e+02
1.931392049789428711e+01 1.350000000000000089e+00 2.500000037252902985e-02 7.133995361328125000e+02
1.940192580223083496e+01 1.340000000000000080e+00 2.500000037252902985e-02 6.294701538085937500e+02
1.951492142677307129e+01 1.379999999999999893e+00 2.500000037252902985e-02 5.315526123046875000e+02
1.960991930961608887e+01 1.399999999999999911e+00 2.500000037252902985e-02 5.315526123046875000e+02
1.971595406532287598e+01 1.419999999999999929e+00 2.500000037252902985e-02 5.315526123046875000e+02
1.980795812606811523e+01 1.350000000000000089e+00 2.500000037252902985e-02 5.455408935546875000e+02
1.990292453765869141e+01 1.290000000000000036e+00 2.500000037252902985e-02 6.294701538085937500e+02
2.000991892814636230e+01 1.229999999999999982e+00 2.500000037252902985e-02 6.294701538085937500e+02
2.009996747970581055e+01 1.290000000000000036e+00 2.500000037252902985e-02 7.273877563476562500e+02
2.019492149353027344e+01 1.370000000000000107e+00 2.500000037252902985e-02 5.455408935546875000e+02
2.030292272567749023e+01 1.340000000000000080e+00 2.500000037252902985e-02 4.476232604980468750e+02
2.041492795944213867e+01 1.310000000000000053e+00 2.500000037252902985e-02 5.455408935546875000e+02
2.050991916656494141e+01 1.330000000000000071e+00 2.500000037252902985e-02 4.476232604980468750e+02
2.059596896171569824e+01 1.310000000000000053e+00 2.500000037252902985e-02 5.455408935546875000e+02
2.070692133903503418e+01 1.320000000000000062e+00 2.500000037252902985e-02 7.133995361328125000e+02
2.080192661285400391e+01 1.350000000000000089e+00 2.500000037252902985e-02 6.294701538085937500e+02
2.091092038154602051e+01 1.399999999999999911e+00 2.500000037252902985e-02 6.294701538085937500e+02
2.099996447563171387e+01 1.389999999999999902e+00 2.500000037252902985e-02 7.133995361328125000e+02
2.109091973304748535e+01 1.360000000000000098e+00 2.500000037252902985e-02 7.133995361328125000e+02
2.120396852493286133e+01 1.370000000000000107e+00 2.500000037252902985e-02 6.294701538085937500e+02
2.131492018699645996e+01 1.399999999999999911e+00 2.500000037252902985e-02 6.294701538085937500e+02
2.140591907501220703e+01 1.379999999999999893e+00 2.500000037252902985e-02 5.455408935546875000e+02
2.149996781349182129e+01 1.409999999999999920e+00 2.500000037252902985e-02 6.294701538085937500e+02
2.160691785812377930e+01 1.409999999999999920e+00 2.500000037252902985e-02 6.294701538085937500e+02
2.169792175292968750e+01 1.409999999999999920e+00 2.500000037252902985e-02 5.315526123046875000e+02
2.181491851806640625e+01 1.379999999999999893e+00 2.500000037252902985e-02 4.476232604980468750e+02
2.189996170997619629e+01 1.340000000000000080e+00 2.500000037252902985e-02 5.455408935546875000e+02
2.201292395591735840e+01 1.350000000000000089e+00 2.500000037252902985e-02 6.294701538085937500e+02
2.210796523094177246e+01 1.389999999999999902e+00 2.500000037252902985e-02 6.294701538085937500e+02
2.221492004394531250e+01 1.379999999999999893e+00 2.500000037252902985e-02 7.133995361328125000e+02
2.230492138862609863e+01 1.360000000000000098e+00 2.500000037252902985e-02 6.294701538085937500e+02
2.239996790885925293e+01 1.389999999999999902e+00 2.500000037252902985e-02 5.455408935546875000e+02
2.250796508789062500e+01 1.370000000000000107e+00 2.500000037252902985e-02 6.294701538085937500e+02
2.259692931175231934e+01 1.370000000000000107e+00 2.500000037252902985e-02 6.294701538085937500e+02
2.271491885185241699e+01 1.389999999999999902e+00 2.500000037252902985e-02 5.455408935546875000e+02
2.280091953277587891e+01 1.379999999999999893e+00 2.500000037252902985e-02 6.294701538085937500e+02
2.291196417808532715e+01 1.379999999999999893e+00 2.500000037252902985e-02 6.294701538085937500e+02
2.300691890716552734e+01 1.370000000000000107e+00 2.500000037252902985e-02 6.294701538085937500e+02
2.311596322059631348e+01 1.379999999999999893e+00 2.500000037252902985e-02 6.294701538085937500e+02
2.320492315292358398e+01 1.419999999999999929e+00 2.500000037252902985e-02 5.455408935546875000e+02
2.329597377777099609e+01 1.409999999999999920e+00 2.500000037252902985e-02 5.455408935546875000e+02
2.340892457962036133e+01 1.379999999999999893e+00 2.500000037252902985e-02 5.315526123046875000e+02
2.349692201614379883e+01 1.379999999999999893e+00 2.500000037252902985e-02 6.294701538085937500e+02
2.361091685295104980e+01 1.389999999999999902e+00 2.500000037252902985e-02 5.455408935546875000e+02
2.370492649078369141e+01 1.399999999999999911e+00 2.500000037252902985e-02 3.636938781738281250e+02
2.381293511390686035e+01 1.330000000000000071e+00 2.500000037252902985e-02 5.455408935546875000e+02
2.390396523475646973e+01 1.350000000000000089e+00 2.500000037252902985e-02 5.315526123046875000e+02
2.399895453453063965e+01 1.389999999999999902e+00 2.500000037252902985e-02 5.455408935546875000e+02
2.410592055320739746e+01 1.340000000000000080e+00 2.500000037252902985e-02 4.476232604980468750e+02
2.419596910476684570e+01 1.370000000000000107e+00 2.500000037252902985e-02 5.455408935546875000e+02
2.431392002105712891e+01 1.370000000000000107e+00 2.500000037252902985e-02 5.315526123046875000e+02
2.439891910552978516e+01 1.350000000000000089e+00 2.500000037252902985e-02 4.476232604980468750e+02
2.451091933250427246e+01 1.360000000000000098e+00 2.500000037252902985e-02 5.455408935546875000e+02
2.460591745376586914e+01 1.370000000000000107e+00 2.500000037252902985e-02 5.315526123046875000e+02
2.471392059326171875e+01 1.360000000000000098e+00 2.500000037252902985e-02 3.497056579589843750e+02
2.480292248725891113e+01 1.340000000000000080e+00 2.500000037252902985e-02 5.455408935546875000e+02
2.489792180061340332e+01 1.360000000000000098e+00 2.500000037252902985e-02 5.315526123046875000e+02
2.500691890716552734e+01 1.350000000000000089e+00 2.500000037252902985e-02 5.315526123046875000e+02
2.509596037864685059e+01 1.360000000000000098e+00 2.500000037252902985e-02 5.455408935546875000e+02
2.521292328834533691e+01 1.389999999999999902e+00 2.500000037252902985e-02 6.294701538085937500e+02
2.529995965957641602e+01 1.370000000000000107e+00 2.500000037252902985e-02 5.455408935546875000e+02
2.541091895103454590e+01 1.340000000000000080e+00 2.500000037252902985e-02 6.294701538085937500e+02
2.550192165374755859e+01 1.379999999999999893e+00 2.500000037252902985e-02 6.294701538085937500e+02
2.561492156982421875e+01 1.399999999999999911e+00 2.500000037252902985e-02 5.455408935546875000e+02
2.570292139053344727e+01 1.409999999999999920e+00 2.500000037252902985e-02 6.294701538085937500e+02
2.581596708297729492e+01 1.429999999999999938e+00 2.500000037252902985e-02 6.294701538085937500e+02
2.591091918945312500e+01 1.389999999999999902e+00 2.500000037252902985e-02 5.315526123046875000e+02
2.599595952033996582e+01 1.310000000000000053e+00 2.500000037252902985e-02 7.273877563476562500e+02
2.610892462730407715e+01 1.370000000000000107e+00 2.500000037252902985e-02 8.113171386718750000e+02
2.620395946502685547e+01 1.350000000000000089e+00 2.500000037252902985e-02 8.113171386718750000e+02
2.631091904640197754e+01 1.409999999999999920e+00 2.500000037252902985e-02 8.113171386718750000e+02
2.640092110633850098e+01 1.370000000000000107e+00 2.500000037252902985e-02 8.113171386718750000e+02
2.649596428871154785e+01 1.330000000000000071e+00 2.500000037252902985e-02 8.113171386718750000e+02
2.660396242141723633e+01 1.350000000000000089e+00 2.500000037252902985e-02 8.113171386718750000e+02
2.671597385406494141e+01 1.399999999999999911e+00 2.500000037252902985e-02 7.273877563476562500e+02
2.681091833114624023e+01 1.429999999999999938e+00 2.500000037252902985e-02 6.294701538085937500e+02
2.689692187309265137e+01 1.389999999999999902e+00 2.500000037252902985e-02 5.455408935546875000e+02
2.700795936584472656e+01 1.340000000000000080e+00 2.500000037252902985e-02 6.294701538085937500e+02
2.710292267799377441e+01 1.379999999999999893e+00 2.500000037252902985e-02 5.455408935546875000e+02
2.721196532249450684e+01 1.379999999999999893e+00 2.500000037252902985e-02 4.476232604980468750e+02
2.730092191696166992e+01 1.370000000000000107e+00 2.500000037252902985e-02 3.636938781738281250e+02
2.739196491241455078e+01 1.389999999999999902e+00 2.500000037252902985e-02 3.636938781738281250e+02
2.750492095947265625e+01 1.399999999999999911e+00 2.500000037252902985e-02 4.476232604980468750e+02
2.761596035957336426e+01 1.399999999999999911e+00 2.500000037252902985e-02 4.476232604980468750e+02
2.770691895484924316e+01 1.350000000000000089e+00 2.500000037252902985e-02 4.616115112304687500e+02
2.780092239379882812e+01 1.360000000000000098e+00 2.500000037252902985e-02 4.476232604980468750e+02
2.790797448158264160e+01 1.360000000000000098e+00 2.500000037252902985e-02 4.476232604980468750e+02
2.799892139434814453e+01 1.350000000000000089e+00 2.500000037252902985e-02 6.294701538085937500e+02
2.811596465110778809e+01 1.350000000000000089e+00 2.500000037252902985e-02 6.294701538085937500e+02
2.820092225074768066e+01 1.419999999999999929e+00 2.500000037252902985e-02 6.294701538085937500e+02
2.831391859054565430e+01 1.419999999999999929e+00 2.500000037252902985e-02 5.455408935546875000e+02
2.840991830825805664e+01 1.379999999999999893e+00 2.500000037252902985e-02 5.315526123046875000e+02
2.851596546173095703e+01 1.399999999999999911e+00 2.500000037252902985e-02 6.294701538085937500e+02
2.860693645477294922e+01 1.360000000000000098e+00 2.500000037252902985e-02 5.455408935546875000e+02
2.870192956924438477e+01 1.350000000000000089e+00 2.500000037252902985e-02 6.294701538085937500e+02
2.880991959571838379e+01 1.389999999999999902e+00 2.500000037252902985e-02 4.476232604980468750e+02
2.889891719818115234e+01 1.429999999999999938e+00 2.500000037252902985e-02 8.392935943603515625e+01
2.901597046852111816e+01 1.419999999999999929e+00 2.500000037252902985e-02 8.392935943603515625e+01
2.910292172431945801e+01 1.370000000000000107e+00 2.500000037252902985e-02 0.000000000000000000e+00
2.921391940116882324e+01 1.409999999999999920e+00 2.500000037252902985e-02 0.000000000000000000e+00
2.930892324447631836e+01 1.479999999999999982e+00 2.500000037252902985e-02 0.000000000000000000e+00
2.939596271514892578e+01 2.080000000000000071e+00 2.500000037252902985e-02 0.000000000000000000e+00
2.950692820549011230e+01 2.529999999999999805e+00 2.500000037252902985e-02 0.000000000000000000e+00
2.959792137145996094e+01 2.959999999999999964e+00 2.500000037252902985e-02 0.000000000000000000e+00
2.971091818809509277e+01 3.680000000000000160e+00 2.500000037252902985e-02 0.000000000000000000e+00
2.979892039299011230e+01 3.859999999999999876e+00 2.500000037252902985e-02 0.000000000000000000e+00
2.991292548179626465e+01 4.000000000000000000e+00 2.500000037252902985e-02 0.000000000000000000e+00
3.000691890716552734e+01 3.680000000000000160e+00 2.500000037252902985e-02 0.000000000000000000e+00
3.011392092704772949e+01 3.390000000000000124e+00 2.500000037252902985e-02 0.000000000000000000e+00
3.020492458343505859e+01 3.850000000000000089e+00 2.500000037252902985e-02 -1.678587188720703125e+02
3.029996705055236816e+01 4.009999999999999787e+00 2.500000037252902985e-02 -1.818469390869140625e+02
3.040692019462585449e+01 4.129999999999999893e+00 2.500000037252902985e-02 -4.476232604980468750e+02
3.049692082405090332e+01 4.169999999999999929e+00 2.500000037252902985e-02 -8.113171386718750000e+02
3.061491775512695312e+01 4.120000000000000107e+00 2.500000037252902985e-02 -9.931641235351562500e+02
3.069997262954711914e+01 3.979999999999999982e+00 2.500000037252902985e-02 -1.077093505859375000e+03
3.081197333335876465e+01 4.019999999999999574e+00 2.500000037252902985e-02 -1.175010986328125000e+03
3.090691804885864258e+01 4.089999999999999858e+00 2.500000037252902985e-02 -1.258940307617187500e+03
3.101491808891296387e+01 4.080000000000000071e+00 2.500000037252902985e-02 -1.356857910156250000e+03
3.110398125648498535e+01 3.990000000000000213e+00 2.500000037252902985e-02 -1.342869750976562500e+03
3.119892144203186035e+01 4.059999999999999609e+00 2.500000037252902985e-02 -1.524716674804687500e+03
3.130795812606811523e+01 4.000000000000000000e+00 2.500000037252902985e-02 -1.706563598632812500e+03
3.139692211151123047e+01 3.919999999999999929e+00 2.500000037252902985e-02 -1.888410644531250000e+03
3.151392030715942383e+01 3.850000000000000089e+00 2.500000037252902985e-02 -1.804481201171875000e+03
3.160092043876647949e+01 3.830000000000000071e+00 2.500000037252902985e-02 -2.168175292968750000e+03
3.171197509765625000e+01 3.879999999999999893e+00 2.500000037252902985e-02 -2.252104736328125000e+03
3.180292081832885742e+01 3.950000000000000178e+00 2.500000037252902985e-02 -2.252104736328125000e+03
3.191595864295959473e+01 3.899999999999999911e+00 2.500000037252902985e-02 -2.252104736328125000e+03
3.200397324562072754e+01 3.839999999999999858e+00 2.500000037252902985e-02 -2.433951416015625000e+03
3.209492015838623047e+01 3.790000000000000036e+00 2.500000037252902985e-02 -2.517880615234375000e+03
3.221197080612182617e+01 3.810000000000000053e+00 2.500000037252902985e-02 -2.615798339843750000e+03
3.229692506790161133e+01 3.890000000000000124e+00 2.500000037252902985e-02 -2.699727783203125000e+03
3.241005396842956543e+01 3.879999999999999893e+00 2.500000037252902985e-02 -2.615798339843750000e+03
3.250492143630981445e+01 3.870000000000000107e+00 2.500000037252902985e-02 -2.881574707031250000e+03
3.261195945739746094e+01 3.790000000000000036e+00 2.500000037252902985e-02 -2.881574707031250000e+03
3.270192670822143555e+01 3.790000000000000036e+00 2.500000037252902985e-02 -2.699727783203125000e+03
3.279692077636718750e+01 3.830000000000000071e+00 2.500000037252902985e-02 -2.783656982421875000e+03
3.290492129325866699e+01 3.790000000000000036e+00 2.500000037252902985e-02 -2.336033691406250000e+03
3.301596093177795410e+01 3.750000000000000000e+00 2.500000037252902985e-02 -1.790493041992187500e+03
3.311197066307067871e+01 3.709999999999999964e+00 2.500000037252902985e-02 -1.356857910156250000e+03
3.319792056083679199e+01 3.790000000000000036e+00 2.500000037252902985e-02 -1.161022827148437500e+03
3.330891990661621094e+01 3.839999999999999858e+00 2.500000037252902985e-02 -1.077093505859375000e+03
3.340396571159362793e+01 3.970000000000000195e+00 2.500000037252902985e-02 -1.077093505859375000e+03
3.351293206214904785e+01 3.959999999999999964e+00 2.500000037252902985e-02 -1.161022827148437500e+03
3.360192608833312988e+01 4.009999999999999787e+00 2.500000037252902985e-02 -1.077093505859375000e+03
3.369292497634887695e+01 4.049999999999999822e+00 2.500000037252902985e-02 -1.175010986328125000e+03
3.380591964721679688e+01 4.000000000000000000e+00 2.500000037252902985e-02 -9.931641235351562500e+02
3.390892171859741211e+01 3.959999999999999964e+00 2.500000037252902985e-02 -1.077093505859375000e+03
3.400795865058898926e+01 3.979999999999999982e+00 2.500000037252902985e-02 -8.952465209960937500e+02
3.410192680358886719e+01 3.979999999999999982e+00 2.500000037252902985e-02 -8.952465209960937500e+02
3.420892143249511719e+01 3.919999999999999929e+00 2.500000037252902985e-02 -9.931641235351562500e+02
3.429996037483215332e+01 3.220000000000000195e+00 2.500000037252902985e-02 0.000000000000000000e+00
3.441595911979675293e+01 2.669999999999999929e+00 2.500000037252902985e-02 0.000000000000000000e+00
3.450192689895629883e+01 2.600000000000000089e+00 2.500000037252902985e-02 0.000000000000000000e+00
3.461491823196411133e+01 1.399999999999999911e+00 2.500000037252902985e-02 1.175010986328125000e+03
3.470991897583007812e+01 1.139999999999999902e+00 2.500000037252902985e-02 1.622634277343750000e+03
3.481597280502319336e+01 1.330000000000000071e+00 2.500000037252902985e-02 1.538704956054687500e+03
3.490692210197448730e+01 1.489999999999999991e+00 2.500000037252902985e-02 8.952465209960937500e+02
3.500191712379455566e+01 1.459999999999999964e+00 2.500000037252902985e-02 6.294701538085937500e+02
3.510992240905761719e+01 1.320000000000000062e+00 2.500000037252902985e-02 8.952465209960937500e+02
3.519893288612365723e+01 1.260000000000000009e+00 2.500000037252902985e-02 1.524716674804687500e+03
3.531691861152648926e+01 1.270000000000000018e+00 2.500000037252902985e-02 1.972340087890625000e+03
3.540291309356689453e+01 1.330000000000000071e+00 2.500000037252902985e-02 2.154187011718750000e+03
3.551391816139221191e+01 1.360000000000000098e+00 2.500000037252902985e-02 1.888410644531250000e+03
3.560892319679260254e+01 1.409999999999999920e+00 2.500000037252902985e-02 1.972340087890625000e+03
3.569596266746520996e+01 1.370000000000000107e+00 2.500000037252902985e-02 1.706563598632812500e+03
3.580692005157470703e+01 1.379999999999999893e+00 2.500000037252902985e-02 1.804481201171875000e+03
3.589792084693908691e+01 1.360000000000000098e+00 2.500000037252902985e-02 1.720551879882812500e+03
3.603292584419250488e+01 1.379999999999999893e+00 2.500000037252902985e-02 2.070257568359375000e+03
3.612192821502685547e+01 1.350000000000000089e+00 2.500000037252902985e-02 1.972340087890625000e+03
3.621292376518249512e+01 1.350000000000000089e+00 2.500000037252902985e-02 2.238116455078125000e+03
3.632591915130615234e+01 1.389999999999999902e+00 2.500000037252902985e-02 1.986328247070312500e+03
3.641391777992248535e+01 1.409999999999999920e+00 2.500000037252902985e-02 1.888410644531250000e+03
3.652796554565429688e+01 1.409999999999999920e+00 2.500000037252902985e-02 1.888410644531250000e+03
3.662192273139953613e+01 1.399999999999999911e+00 2.500000037252902985e-02 1.790493041992187500e+03
3.672892212867736816e+01 1.379999999999999893e+00 2.500000037252902985e-02 1.972340087890625000e+03
3.681998252868652344e+01 1.360000000000000098e+00 2.500000037252902985e-02 1.888410644531250000e+03
3.691491866111755371e+01 1.379999999999999893e+00 2.500000037252902985e-02 1.804481201171875000e+03
3.702192401885986328e+01 1.409999999999999920e+00 2.500000037252902985e-02 1.622634277343750000e+03
3.713492822647094727e+01 1.399999999999999911e+00 2.500000037252902985e-02 1.622634277343750000e+03
3.722991871833801270e+01 1.399999999999999911e+00 2.500000037252902985e-02 1.440787353515625000e+03
3.731492161750793457e+01 1.429999999999999938e+00 2.500000037252902985e-02 1.440787353515625000e+03
3.742692089080810547e+01 1.379999999999999893e+00 2.500000037252902985e-02 1.538704956054687500e+03
3.752192354202270508e+01 1.399999999999999911e+00 2.500000037252902985e-02 1.356857910156250000e+03
3.762992238998413086e+01 1.379999999999999893e+00 2.500000037252902985e-02 1.356857910156250000e+03
3.771891927719116211e+01 1.340000000000000080e+00 2.500000037252902985e-02 1.538704956054687500e+03
3.783491921424865723e+01 1.399999999999999911e+00 2.500000037252902985e-02 1.356857910156250000e+03
3.792292261123657227e+01 1.399999999999999911e+00 2.500000037252902985e-02 1.356857910156250000e+03
3.803391909599304199e+01 1.379999999999999893e+00 2.500000037252902985e-02 1.258940307617187500e+03
3.812892007827758789e+01 1.429999999999999938e+00 2.500000037252902985e-02 1.272928588867187500e+03
3.823197126388549805e+01 1.429999999999999938e+00 2.500000037252902985e-02 1.091081787109375000e+03
3.832692170143127441e+01 1.389999999999999902e+00 2.500000037252902985e-02 8.952465209960937500e+02
3.841791796684265137e+01 1.429999999999999938e+00 2.500000037252902985e-02 9.092347412109375000e+02
3.853091955184936523e+01 1.419999999999999929e+00 2.500000037252902985e-02 7.973289184570312500e+02
3.861891770362854004e+01 1.429999999999999938e+00 2.500000037252902985e-02 6.294701538085937500e+02
3.873292636871337891e+01 1.370000000000000107e+00 2.500000037252902985e-02 7.133995361328125000e+02
3.882691836357116699e+01 1.340000000000000080e+00 2.500000037252902985e-02 6.294701538085937500e+02
3.893403863906860352e+01 1.389999999999999902e+00 2.500000037252902985e-02 1.818469390869140625e+02
3.902492189407348633e+01 1.600000000000000089e+00 2.500000037252902985e-02 0.000000000000000000e+00
3.911996603012084961e+01 1.620000000000000107e+00 2.500000037252902985e-02 0.000000000000000000e+00
3.922692108154296875e+01 1.399999999999999911e+00 2.500000037252902985e-02 0.000000000000000000e+00
3.931692314147949219e+01 1.459999999999999964e+00 2.500000037252902985e-02 0.000000000000000000e+00
3.943492460250854492e+01 1.969999999999999973e+00 2.500000037252902985e-02 0.000000000000000000e+00
3.951996350288391113e+01 2.990000000000000213e+00 2.500000037252902985e-02 -1.818469390869140625e+02
3.963196802139282227e+01 3.979999999999999982e+00 2.500000037252902985e-02 -3.636938781738281250e+02
3.972691917419433594e+01 4.190000000000000391e+00 2.500000037252902985e-02 -8.952465209960937500e+02
3.983491969108581543e+01 4.160000000000000142e+00 2.500000037252902985e-02 -1.622634277343750000e+03
3.992398476600646973e+01 4.110000000000000320e+00 2.500000037252902985e-02 -2.350021972656250000e+03
4.001895999908447266e+01 4.129999999999999893e+00 2.500000037252902985e-02 -2.881574707031250000e+03
4.012795710563659668e+01 4.129999999999999893e+00 2.500000037252902985e-02 -3.245268554687500000e+03
4.021692276000976562e+01 4.129999999999999893e+00 2.500000037252902985e-02 -3.692892089843750000e+03
4.033392000198364258e+01 4.120000000000000107e+00 2.500000037252902985e-02 -4.140515136718750000e+03
4.042092299461364746e+01 4.179999999999999716e+00 2.500000037252902985e-02 -4.951832031250000000e+03
4.053196334838867188e+01 4.099999999999999645e+00 2.500000037252902985e-02 -4.672067382812500000e+03
4.062292242050170898e+01 3.970000000000000195e+00 2.500000037252902985e-02 -4.769985351562500000e+03
4.073596119880676270e+01 4.070000000000000284e+00 2.500000037252902985e-02 -4.867902832031250000e+03
4.082396459579467773e+01 4.089999999999999858e+00 2.500000037252902985e-02 -4.951832031250000000e+03
4.091491961479187012e+01 4.040000000000000036e+00 2.500000037252902985e-02 -5.119690917968750000e+03
4.103196072578430176e+01 4.080000000000000071e+00 2.500000037252902985e-02 -4.853914550781250000e+03
4.111692190170288086e+01 3.959999999999999964e+00 2.500000037252902985e-02 -4.867902832031250000e+03
4.122992086410522461e+01 3.799999999999999822e+00 2.500000037252902985e-02 -3.594974121093750000e+03
4.132492232322692871e+01 3.750000000000000000e+00 2.500000037252902985e-02 -2.615798339843750000e+03
4.143196940422058105e+01 3.770000000000000018e+00 2.500000037252902985e-02 -1.608645996093750000e+03
4.152192354202270508e+01 2.439999999999999947e+00 2.500000037252902985e-02 0.000000000000000000e+00
4.161692166328430176e+01 1.719999999999999973e+00 2.500000037252902985e-02 0.000000000000000000e+00
4.172492933273315430e+01 1.560000000000000053e+00 2.500000037252902985e-02 9.791758728027343750e+01
4.181996560096740723e+01 1.320000000000000062e+00 2.500000037252902985e-02 6.294701538085937500e+02
4.193197011947631836e+01 1.189999999999999947e+00 2.500000037252902985e-02 1.356857910156250000e+03
4.201791954040527344e+01 1.199999999999999956e+00 2.500000037252902985e-02 1.804481201171875000e+03
4.212892127037048340e+01 1.239999999999999991e+00 2.500000037252902985e-02 2.419963134765625000e+03
4.222396397590637207e+01 1.250000000000000000e+00 2.500000037252902985e-02 2.783656982421875000e+03
4.233292388916015625e+01 1.290000000000000036e+00 2.500000037252902985e-02 3.147350830078125000e+03
4.242192649841308594e+01 1.330000000000000071e+00 2.500000037252902985e-02 3.049433349609375000e+03
4.251292562484741211e+01 1.320000000000000062e+00 2.500000037252902985e-02 3.511044921875000000e+03
4.262592172622680664e+01 1.320000000000000062e+00 2.500000037252902985e-02 3.511044921875000000e+03
4.271391868591308594e+01 1.320000000000000062e+00 2.500000037252902985e-02 3.692892089843750000e+03
4.282796669006347656e+01 1.300000000000000044e+00 2.500000037252902985e-02 4.042597656250000000e+03
4.292192149162292480e+01 1.409999999999999920e+00 2.500000037252902985e-02 3.511044921875000000e+03
4.302892494201660156e+01 1.469999999999999973e+00 2.500000037252902985e-02 3.427115478515625000e+03
4.311997151374816895e+01 1.459999999999999964e+00 2.500000037252902985e-02 2.797645263671875000e+03
4.321491980552673340e+01 1.419999999999999929e+00 2.500000037252902985e-02 2.699727783203125000e+03
4.332192468643188477e+01 1.419999999999999929e+00 2.500000037252902985e-02 2.336033691406250000e+03
4.343492197990417480e+01 1.399999999999999911e+00 2.500000037252902985e-02 2.336033691406250000e+03
4.352992510795593262e+01 1.379999999999999893e+00 2.500000037252902985e-02 2.336033691406250000e+03
4.363596916198730469e+01 1.360000000000000098e+00 2.500000037252902985e-02 2.433951416015625000e+03
4.372691130638122559e+01 1.370000000000000107e+00 2.500000037252902985e-02 2.419963134765625000e+03
4.382192134857177734e+01 1.429999999999999938e+00 2.500000037252902985e-02 1.986328247070312500e+03
4.392991185188293457e+01 1.439999999999999947e+00 2.500000037252902985e-02 1.622634277343750000e+03
4.401891088485717773e+01 1.459999999999999964e+00 2.500000037252902985e-02 1.524716674804687500e+03
4.413491153717041016e+01 1.409999999999999920e+00 2.500000037252902985e-02 1.440787353515625000e+03
4.422292995452880859e+01 1.419999999999999929e+00 2.500000037252902985e-02 1.440787353515625000e+03
4.433391880989074707e+01 1.389999999999999902e+00 2.500000037252902985e-02 1.356857910156250000e+03
4.442892241477966309e+01 1.340000000000000080e+00 2.500000037252902985e-02 1.077093505859375000e+03
4.451595592498779297e+01 2.040000000000000036e+00 2.500000037252902985e-02 0.000000000000000000e+00
4.462692213058471680e+01 2.410000000000000142e+00 2.500000037252902985e-02 0.000000000000000000e+00
4.471791911125183105e+01 2.529999999999999805e+00 2.500000037252902985e-02 0.000000000000000000e+00
4.483092021942138672e+01 2.339999999999999858e+00 2.500000037252902985e-02 0.000000000000000000e+00
4.491892004013061523e+01 2.270000000000000018e+00 2.500000037252902985e-02 0.000000000000000000e+00
4.503292918205261230e+01 2.299999999999999822e+00 2.500000037252902985e-02 0.000000000000000000e+00
4.512692308425903320e+01 2.279999999999999805e+00 2.500000037252902985e-02 0.000000000000000000e+00
4.523392271995544434e+01 2.259999999999999787e+00 2.500000037252902985e-02 0.000000000000000000e+00
4.532492351531982422e+01 2.229999999999999982e+00 2.500000037252902985e-02 0.000000000000000000e+00
4.541997051239013672e+01 2.209999999999999964e+00 2.500000037252902985e-02 0.000000000000000000e+00
4.552694368362426758e+01 2.200000000000000178e+00 2.500000037252902985e-02 0.000000000000000000e+00
4.561692261695861816e+01 2.189999999999999947e+00 2.500000037252902985e-02 0.000000000000000000e+00
4.573492145538330078e+01 2.169999999999999929e+00 2.500000037252902985e-02 0.000000000000000000e+00
4.581995558738708496e+01 2.160000000000000142e+00 2.500000037252902985e-02 0.000000000000000000e+00
4.593198919296264648e+01 2.149999999999999911e+00 2.500000037252902985e-02 0.000000000000000000e+00
4.602692031860351562e+01 2.140000000000000124e+00 2.500000037252902985e-02 0.000000000000000000e+00
4.613491940498352051e+01 2.129999999999999893e+00 2.500000037252902985e-02 0.000000000000000000e+00
