4.204225540161132812e-02 1.780000000000000027e+00 2.199999988079071045e-02 0.000000000000000000e+00
1.420338153839111328e-01 1.780000000000000027e+00 2.199999988079071045e-02 0.000000000000000000e+00
2.270011901855468750e-01 1.780000000000000027e+00 2.199999988079071045e-02 0.000000000000000000e+00
3.399879932403564453e-01 1.780000000000000027e+00 2.199999988079071045e-02 0.000000000000000000e+00
4.340367317199707031e-01 1.780000000000000027e+00 2.199999988079071045e-02 0.000000000000000000e+00
5.420327186584472656e-01 1.780000000000000027e+00 2.199999988079071045e-02 0.000000000000000000e+00
6.319940090179443359e-01 1.780000000000000027e+00 2.199999988079071045e-02 0.000000000000000000e+00
7.269978523254394531e-01 1.780000000000000027e+00 2.199999988079071045e-02 0.000000000000000000e+00
8.349962234497070312e-01 1.780000000000000027e+00 2.199999988079071045e-02 0.000000000000000000e+00
9.239857196807861328e-01 1.780000000000000027e+00 2.199999988079071045e-02 0.000000000000000000e+00
1.042057752609252930e+00 1.780000000000000027e+00 2.199999988079071045e-02 0.000000000000000000e+00
1.130999565124511719e+00 1.780000000000000027e+00 2.199999988079071045e-02 0.000000000000000000e+00
1.239003181457519531e+00 1.780000000000000027e+00 2.199999988079071045e-02 0.000000000000000000e+00
1.334041595458984375e+00 1.780000000000000027e+00 2.199999988079071045e-02 0.000000000000000000e+00
1.423994064331054688e+00 1.780000000000000027e+00 2.199999988079071045e-02 0.000000000000000000e+00
1.531012535095214844e+00 1.780000000000000027e+00 2.199999988079071045e-02 0.000000000000000000e+00
1.626050233840942383e+00 1.780000000000000027e+00 2.199999988079071045e-02 0.000000000000000000e+00
1.738998174667358398e+00 1.790000000000000036e+00 2.199999988079071045e-02 0.000000000000000000e+00
1.823994159698486328e+00 1.790000000000000036e+00 2.199999988079071045e-02 0.000000000000000000e+00
1.940995931625366211e+00 1.790000000000000036e+00 2.199999988079071045e-02 0.000000000000000000e+00
2.031993389129638672e+00 1.790000000000000036e+00 2.199999988079071045e-02 0.000000000000000000e+00
2.138996362686157227e+00 1.790000000000000036e+00 2.199999988079071045e-02 0.000000000000000000e+00
2.230047225952148438e+00 1.790000000000000036e+00 2.199999988079071045e-02 0.000000000000000000e+00
2.323994159698486328e+00 1.790000000000000036e+00 2.199999988079071045e-02 0.000000000000000000e+00
2.431993722915649414e+00 1.790000000000000036e+00 2.199999988079071045e-02 0.000000000000000000e+00
2.522039651870727539e+00 1.790000000000000036e+00 2.199999988079071045e-02 0.000000000000000000e+00
2.639003038406372070e+00 1.790000000000000036e+00 2.199999988079071045e-02 0.000000000000000000e+00
2.724994421005249023e+00 1.790000000000000036e+00 2.199999988079071045e-02 0.000000000000000000e+00
2.836996555328369141e+00 1.790000000000000036e+00 2.199999988079071045e-02 0.000000000000000000e+00
2.931994438171386719e+00 1.790000000000000036e+00 2.199999988079071045e-02 0.000000000000000000e+00
3.039996385574340820e+00 1.790000000000000036e+00 2.199999988079071045e-02 0.000000000000000000e+00
3.129001855850219727e+00 1.790000000000000036e+00 2.199999988079071045e-02 0.000000000000000000e+00
3.223996877670288086e+00 1.790000000000000036e+00 2.199999988079071045e-02 0.000000000000000000e+00
3.335996150970458984e+00 1.810000000000000053e+00 2.199999988079071045e-02 0.000000000000000000e+00
3.442077159881591797e+00 1.770000000000000018e+00 2.199999988079071045e-02 0.000000000000000000e+00
3.539001464843750000e+00 1.719999999999999973e+00 2.199999988079071045e-02 0.000000000000000000e+00
3.628998279571533203e+00 1.729999999999999982e+00 2.199999988079071045e-02 0.000000000000000000e+00
3.735993146896362305e+00 1.889999999999999902e+00 2.199999988079071045e-02 0.000000000000000000e+00
3.830996274948120117e+00 2.160000000000000142e+00 2.199999988079071045e-02 0.000000000000000000e+00
3.922064781188964844e+00 2.379999999999999893e+00 2.199999988079071045e-02 0.000000000000000000e+00
4.029003143310546875e+00 2.910000000000000142e+00 2.199999988079071045e-02 0.000000000000000000e+00
4.119989156723022461e+00 3.419999999999999929e+00 2.199999988079071045e-02 -9.791758728027343750e+01
4.236985683441162109e+00 3.680000000000000160e+00 2.199999988079071045e-02 -4.616115112304687500e+02
4.322041988372802734e+00 3.729999999999999982e+00 2.199999988079071045e-02 -3.497056579589843750e+02
4.435004949569702148e+00 3.709999999999999964e+00 2.199999988079071045e-02 -5.455408935546875000e+02
4.528996944427490234e+00 3.770000000000000018e+00 2.199999988079071045e-02 -4.476232604980468750e+02
4.636993408203125000e+00 3.700000000000000178e+00 2.199999988079071045e-02 -6.294701538085937500e+02
4.726996660232543945e+00 3.700000000000000178e+00 2.199999988079071045e-02 -5.315526123046875000e+02
4.822029352188110352e+00 3.709999999999999964e+00 2.199999988079071045e-02 -4.476232604980468750e+02
4.930043220520019531e+00 3.700000000000000178e+00 2.199999988079071045e-02 -2.657763061523437500e+02
5.042040824890136719e+00 3.680000000000000160e+00 2.199999988079071045e-02 -1.818469390869140625e+02
5.136992454528808594e+00 3.899999999999999911e+00 2.199999988079071045e-02 -2.657763061523437500e+02
5.226041078567504883e+00 3.830000000000000071e+00 2.199999988079071045e-02 -3.497056579589843750e+02
5.334031820297241211e+00 3.830000000000000071e+00 2.199999988079071045e-02 -4.616115112304687500e+02
5.429007530212402344e+00 3.839999999999999858e+00 2.199999988079071045e-02 -5.315526123046875000e+02
5.540995359420776367e+00 3.729999999999999982e+00 2.199999988079071045e-02 -4.476232604980468750e+02
5.626033067703247070e+00 3.770000000000000018e+00 2.199999988079071045e-02 -4.476232604980468750e+02
5.720994949340820312e+00 3.759999999999999787e+00 2.199999988079071045e-02 -6.294701538085937500e+02
5.834040880203247070e+00 3.729999999999999982e+00 2.199999988079071045e-02 -6.294701538085937500e+02
5.940986156463623047e+00 3.770000000000000018e+00 2.199999988079071045e-02 -6.294701538085937500e+02
6.035995006561279297e+00 3.759999999999999787e+00 2.199999988079071045e-02 -6.294701538085937500e+02
6.126996040344238281e+00 3.700000000000000178e+00 2.199999988079071045e-02 -8.952465209960937500e+02
6.234031677246093750e+00 3.649999999999999911e+00 2.199999988079071045e-02 -6.294701538085937500e+02
6.324995517730712891e+00 3.660000000000000142e+00 2.199999988079071045e-02 -5.315526123046875000e+02
6.442036628723144531e+00 3.609999999999999876e+00 2.199999988079071045e-02 -6.294701538085937500e+02
6.526997804641723633e+00 3.700000000000000178e+00 2.199999988079071045e-02 -6.294701538085937500e+02
6.639997243881225586e+00 3.620000000000000107e+00 2.199999988079071045e-02 -4.616115112304687500e+02
6.734033346176147461e+00 3.629999999999999893e+00 2.199999988079071045e-02 -5.315526123046875000e+02
6.840992450714111328e+00 3.720000000000000195e+00 2.199999988079071045e-02 -4.476232604980468750e+02
6.932005405426025391e+00 3.660000000000000142e+00 2.199999988079071045e-02 -4.476232604980468750e+02
7.027007818222045898e+00 3.609999999999999876e+00 2.199999988079071045e-02 -5.315526123046875000e+02
7.135004520416259766e+00 3.580000000000000071e+00 2.199999988079071045e-02 -5.455408935546875000e+02
7.223993539810180664e+00 3.640000000000000124e+00 2.199999988079071045e-02 -3.497056579589843750e+02
7.342048883438110352e+00 3.700000000000000178e+00 2.199999988079071045e-02 -1.818469390869140625e+02
7.430997133255004883e+00 3.819999999999999840e+00 2.199999988079071045e-02 -3.636938781738281250e+02
7.538995504379272461e+00 3.759999999999999787e+00 2.199999988079071045e-02 -4.476232604980468750e+02
7.634041070938110352e+00 3.689999999999999947e+00 2.199999988079071045e-02 -4.476232604980468750e+02
7.723996639251708984e+00 3.689999999999999947e+00 2.199999988079071045e-02 -4.476232604980468750e+02
7.831004619598388672e+00 3.680000000000000160e+00 2.199999988079071045e-02 -4.476232604980468750e+02
7.926041364669799805e+00 3.680000000000000160e+00 2.199999988079071045e-02 -3.636938781738281250e+02
8.038997411727905273e+00 3.589999999999999858e+00 2.199999988079071045e-02 -3.636938781738281250e+02
8.123995542526245117e+00 3.770000000000000018e+00 2.199999988079071045e-02 -2.657763061523437500e+02
8.240988016128540039e+00 3.819999999999999840e+00 2.199999988079071045e-02 -4.476232604980468750e+02
8.331993818283081055e+00 3.819999999999999840e+00 2.199999988079071045e-02 -4.616115112304687500e+02
8.439002513885498047e+00 3.740000000000000213e+00 2.199999988079071045e-02 -4.476232604980468750e+02
8.530037403106689453e+00 3.770000000000000018e+00 2.199999988079071045e-02 -4.476232604980468750e+02
8.623993873596191406e+00 3.790000000000000036e+00 2.199999988079071045e-02 -5.315526123046875000e+02
8.731993913650512695e+00 3.700000000000000178e+00 2.199999988079071045e-02 -5.315526123046875000e+02
8.822036981582641602e+00 3.669999999999999929e+00 2.199999988079071045e-02 -5.455408935546875000e+02
8.939008235931396484e+00 3.680000000000000160e+00 2.199999988079071045e-02 -5.455408935546875000e+02
9.024991512298583984e+00 3.680000000000000160e+00 2.199999988079071045e-02 -5.315526123046875000e+02
9.136993885040283203e+00 3.640000000000000124e+00 2.199999988079071045e-02 -4.476232604980468750e+02
9.231994390487670898e+00 3.669999999999999929e+00 2.199999988079071045e-02 -4.476232604980468750e+02
9.339996814727783203e+00 3.680000000000000160e+00 2.199999988079071045e-02 -5.315526123046875000e+02
9.428995132446289062e+00 3.649999999999999911e+00 2.199999988079071045e-02 -4.476232604980468750e+02
9.523994684219360352e+00 3.620000000000000107e+00 2.199999988079071045e-02 -3.636938781738281250e+02
9.635994672775268555e+00 3.700000000000000178e+00 2.199999988079071045e-02 -3.636938781738281250e+02
9.742035627365112305e+00 3.680000000000000160e+00 2.199999988079071045e-02 -4.476232604980468750e+02
9.838998317718505859e+00 3.649999999999999911e+00 2.199999988079071045e-02 -5.315526123046875000e+02
9.929000139236450195e+00 3.560000000000000053e+00 2.199999988079071045e-02 -4.476232604980468750e+02
1.003599357604980469e+01 3.720000000000000195e+00 2.199999988079071045e-02 -4.476232604980468750e+02
1.013098883628845215e+01 3.649999999999999911e+00 2.199999988079071045e-02 -5.455408935546875000e+02
1.022203803062438965e+01 3.640000000000000124e+00 2.199999988079071045e-02 -5.455408935546875000e+02
1.032900452613830566e+01 3.620000000000000107e+00 2.199999988079071045e-02 -5.315526123046875000e+02
1.042000102996826172e+01 3.660000000000000142e+00 2.199999988079071045e-02 -5.455408935546875000e+02
1.053699469566345215e+01 3.660000000000000142e+00 2.199999988079071045e-02 -5.315526123046875000e+02
1.062203121185302734e+01 3.680000000000000160e+00 2.199999988079071045e-02 -5.455408935546875000e+02
1.073499631881713867e+01 3.770000000000000018e+00 2.199999988079071045e-02 -5.455408935546875000e+02
1.082900333404541016e+01 3.729999999999999982e+00 2.199999988079071045e-02 -4.476232604980468750e+02
1.093699383735656738e+01 3.740000000000000213e+00 2.199999988079071045e-02 -6.294701538085937500e+02
1.102699589729309082e+01 3.709999999999999964e+00 2.199999988079071045e-02 -6.434584350585937500e+02
1.112204456329345703e+01 3.680000000000000160e+00 2.199999988079071045e-02 -6.294701538085937500e+02
1.123003935813903809e+01 3.709999999999999964e+00 2.199999988079071045e-02 -8.113171386718750000e+02
1.134203743934631348e+01 3.669999999999999929e+00 2.199999988079071045e-02 -6.294701538085937500e+02
1.143699359893798828e+01 3.720000000000000195e+00 2.199999988079071045e-02 -5.315526123046875000e+02
1.152603650093078613e+01 3.669999999999999929e+00 2.199999988079071045e-02 -6.294701538085937500e+02
1.163404846191406250e+01 3.609999999999999876e+00 2.199999988079071045e-02 -5.315526123046875000e+02
1.172900724411010742e+01 3.700000000000000178e+00 2.199999988079071045e-02 -4.616115112304687500e+02
1.184099316596984863e+01 3.689999999999999947e+00 2.199999988079071045e-02 -6.294701538085937500e+02
1.192603135108947754e+01 3.680000000000000160e+00 2.199999988079071045e-02 -6.294701538085937500e+02
1.202099466323852539e+01 3.600000000000000089e+00 2.199999988079071045e-02 -7.273877563476562500e+02
1.213403010368347168e+01 3.540000000000000036e+00 2.199999988079071045e-02 -7.273877563476562500e+02
1.224099278450012207e+01 3.600000000000000089e+00 2.199999988079071045e-02 -4.476232604980468750e+02
1.233599400520324707e+01 3.629999999999999893e+00 2.199999988079071045e-02 -4.476232604980468750e+02
1.242699670791625977e+01 3.640000000000000124e+00 2.199999988079071045e-02 -5.315526123046875000e+02
1.253403186798095703e+01 3.680000000000000160e+00 2.199999988079071045e-02 -5.455408935546875000e+02
1.262499380111694336e+01 3.680000000000000160e+00 2.199999988079071045e-02 -6.294701538085937500e+02
1.274203109741210938e+01 3.660000000000000142e+00 2.199999988079071045e-02 -6.294701538085937500e+02
1.282699584960937500e+01 3.729999999999999982e+00 2.199999988079071045e-02 -5.315526123046875000e+02
1.293999552726745605e+01 3.709999999999999964e+00 2.199999988079071045e-02 -4.476232604980468750e+02
1.303403759002685547e+01 3.680000000000000160e+00 2.199999988079071045e-02 -3.636938781738281250e+02
1.314099335670471191e+01 3.729999999999999982e+00 2.199999988079071045e-02 -4.476232604980468750e+02
1.323199653625488281e+01 3.750000000000000000e+00 2.199999988079071045e-02 -4.476232604980468750e+02
1.332699728012084961e+01 3.640000000000000124e+00 2.199999988079071045e-02 -2.657763061523437500e+02
1.343499755859375000e+01 3.689999999999999947e+00 2.199999988079071045e-02 -2.657763061523437500e+02
1.352399516105651855e+01 3.720000000000000195e+00 2.199999988079071045e-02 -1.678587188720703125e+02
1.364099359512329102e+01 3.720000000000000195e+00 2.199999988079071045e-02 -3.497056579589843750e+02
1.373099541664123535e+01 3.839999999999999858e+00 2.199999988079071045e-02 -5.455408935546875000e+02
1.383899950981140137e+01 3.839999999999999858e+00 2.199999988079071045e-02 -5.455408935546875000e+02
1.393403267860412598e+01 3.729999999999999982e+00 2.199999988079071045e-02 -4.616115112304687500e+02
1.402399635314941406e+01 3.680000000000000160e+00 2.199999988079071045e-02 -4.476232604980468750e+02
1.413099622726440430e+01 3.689999999999999947e+00 2.199999988079071045e-02 -5.455408935546875000e+02
1.422604537010192871e+01 3.669999999999999929e+00 2.199999988079071045e-02 -4.476232604980468750e+02
1.433899903297424316e+01 3.680000000000000160e+00 2.199999988079071045e-02 -6.294701538085937500e+02
1.442398476600646973e+01 3.669999999999999929e+00 2.199999988079071045e-02 -7.133995361328125000e+02
1.454101753234863281e+01 3.649999999999999911e+00 2.199999988079071045e-02 -6.294701538085937500e+02
1.463199329376220703e+01 3.549999999999999822e+00 2.199999988079071045e-02 -4.476232604980468750e+02
1.473900365829467773e+01 3.600000000000000089e+00 2.199999988079071045e-02 -3.636938781738281250e+02
1.483004260063171387e+01 3.680000000000000160e+00 2.199999988079071045e-02 -3.636938781738281250e+02
1.492399597167968750e+01 3.709999999999999964e+00 2.199999988079071045e-02 -5.315526123046875000e+02
1.503200960159301758e+01 3.680000000000000160e+00 2.199999988079071045e-02 -5.455408935546875000e+02
1.512203717231750488e+01 3.609999999999999876e+00 2.199999988079071045e-02 -6.294701538085937500e+02
1.523900532722473145e+01 3.620000000000000107e+00 2.199999988079071045e-02 -4.616115112304687500e+02
1.532498645782470703e+01 3.709999999999999964e+00 2.199999988079071045e-02 -3.636938781738281250e+02
1.543699717521667480e+01 3.729999999999999982e+00 2.199999988079071045e-02 -6.294701538085937500e+02
1.553198599815368652e+01 3.729999999999999982e+00 2.199999988079071045e-02 -6.294701538085937500e+02
1.564002490043640137e+01 3.660000000000000142e+00 2.199999988079071045e-02 -4.476232604980468750e+02
1.572899985313415527e+01 3.660000000000000142e+00 2.199999988079071045e-02 -5.455408935546875000e+02
1.582398676872253418e+01 3.680000000000000160e+00 2.199999988079071045e-02 -4.616115112304687500e+02
1.593599486351013184e+01 3.680000000000000160e+00 2.199999988079071045e-02 -8.392935943603515625e+01
1.603698706626892090e+01 3.810000000000000053e+00 2.199999988079071045e-02 -3.636938781738281250e+02
1.613912057876586914e+01 3.859999999999999876e+00 2.199999988079071045e-02 -6.294701538085937500e+02
1.622899603843688965e+01 3.729999999999999982e+00 2.199999988079071045e-02 -6.294701538085937500e+02
1.633599472045898438e+01 3.680000000000000160e+00 2.199999988079071045e-02 -5.315526123046875000e+02
1.643099856376647949e+01 3.689999999999999947e+00 2.199999988079071045e-02 -7.273877563476562500e+02
1.652204298973083496e+01 3.649999999999999911e+00 2.199999988079071045e-02 -6.294701538085937500e+02
1.662900757789611816e+01 3.640000000000000124e+00 2.199999988079071045e-02 -5.315526123046875000e+02
1.671999645233154297e+01 3.700000000000000178e+00 2.199999988079071045e-02 -5.455408935546875000e+02
1.683699369430541992e+01 3.629999999999999893e+00 2.199999988079071045e-02 -3.636938781738281250e+02
1.692206549644470215e+01 3.680000000000000160e+00 2.199999988079071045e-02 -4.476232604980468750e+02
1.703499507904052734e+01 3.709999999999999964e+00 2.199999988079071045e-02 -6.294701538085937500e+02
1.712900471687316895e+01 3.589999999999999858e+00 2.199999988079071045e-02 -4.476232604980468750e+02
1.723699283599853516e+01 3.450000000000000178e+00 2.199999988079071045e-02 0.000000000000000000e+00
1.732700133323669434e+01 3.459999999999999964e+00 2.199999988079071045e-02 0.000000000000000000e+00
1.742203974723815918e+01 3.529999999999999805e+00 2.199999988079071045e-02 0.000000000000000000e+00
1.753003931045532227e+01 2.770000000000000018e+00 2.199999988079071045e-02 0.000000000000000000e+00
1.764203834533691406e+01 1.340000000000000080e+00 2.199999988079071045e-02 3.497056579589843750e+02
1.773699259757995605e+01 1.050000000000000044e+00 2.199999988079071045e-02 6.294701538085937500e+02
1.782603788375854492e+01 1.080000000000000071e+00 2.199999988079071045e-02 6.294701538085937500e+02
1.793403577804565430e+01 1.100000000000000089e+00 2.199999988079071045e-02 6.294701538085937500e+02
1.802899694442749023e+01 1.100000000000000089e+00 2.199999988079071045e-02 5.455408935546875000e+02
1.814098691940307617e+01 1.060000000000000053e+00 2.199999988079071045e-02 6.294701538085937500e+02
1.822605800628662109e+01 1.110000000000000098e+00 2.199999988079071045e-02 6.294701538085937500e+02
1.832104015350341797e+01 1.120000000000000107e+00 2.199999988079071045e-02 6.294701538085937500e+02
1.843404650688171387e+01 1.090000000000000080e+00 2.199999988079071045e-02 8.113171386718750000e+02
1.854099559783935547e+01 1.110000000000000098e+00 2.199999988079071045e-02 7.133995361328125000e+02
1.863598847389221191e+01 1.149999999999999911e+00 2.199999988079071045e-02 5.455408935546875000e+02
1.872698736190795898e+01 1.129999999999999893e+00 2.199999988079071045e-02 6.294701538085937500e+02
1.883403491973876953e+01 1.129999999999999893e+00 2.199999988079071045e-02 6.294701538085937500e+02
1.892499423027038574e+01 1.100000000000000089e+00 2.199999988079071045e-02 5.455408935546875000e+02
1.904204249382019043e+01 1.129999999999999893e+00 2.199999988079071045e-02 4.476232604980468750e+02
1.912699556350708008e+01 1.120000000000000107e+00 2.199999988079071045e-02 5.455408935546875000e+02
1.923999547958374023e+01 1.100000000000000089e+00 2.199999988079071045e-02 6.294701538085937500e+02
1.933403682708740234e+01 1.149999999999999911e+00 2.199999988079071045e-02 6.294701538085937500e+02
1.944207048416137695e+01 1.129999999999999893e+00 2.199999988079071045e-02 6.294701538085937500e+02
1.953199577331542969e+01 1.110000000000000098e+00 2.199999988079071045e-02 5.315526123046875000e+02
1.962699580192565918e+01 1.070000000000000062e+00 2.199999988079071045e-02 5.315526123046875000e+02
1.973499917984008789e+01 1.040000000000000036e+00 2.199999988079071045e-02 5.315526123046875000e+02
1.982399344444274902e+01 1.090000000000000080e+00 2.199999988079071045e-02 5.455408935546875000e+02
1.994204425811767578e+01 1.070000000000000062e+00 2.199999988079071045e-02 6.294701538085937500e+02
2.003100633621215820e+01 1.060000000000000053e+00 2.199999988079071045e-02 6.294701538085937500e+02
2.013899898529052734e+01 1.080000000000000071e+00 2.199999988079071045e-02 5.455408935546875000e+02
2.023403620719909668e+01 1.110000000000000098e+00 2.199999988079071045e-02 3.636938781738281250e+02
2.032399439811706543e+01 1.060000000000000053e+00 2.199999988079071045e-02 2.797645568847656250e+02
2.043099808692932129e+01 1.050000000000000044e+00 2.199999988079071045e-02 2.657763061523437500e+02
2.052604913711547852e+01 1.080000000000000071e+00 2.199999988079071045e-02 4.476232604980468750e+02
2.063900041580200195e+01 1.030000000000000027e+00 2.199999988079071045e-02 5.455408935546875000e+02
2.072399377822875977e+01 1.110000000000000098e+00 2.199999988079071045e-02 5.455408935546875000e+02
2.084099531173706055e+01 1.129999999999999893e+00 2.199999988079071045e-02 6.294701538085937500e+02
2.093199849128723145e+01 1.100000000000000089e+00 2.199999988079071045e-02 6.434584350585937500e+02
2.103899502754211426e+01 1.100000000000000089e+00 2.199999988079071045e-02 8.113171386718750000e+02
2.113004589080810547e+01 1.120000000000000107e+00 2.199999988079071045e-02 7.273877563476562500e+02
2.122399640083312988e+01 1.120000000000000107e+00 2.199999988079071045e-02 8.113171386718750000e+02
2.133199548721313477e+01 1.159999999999999920e+00 2.199999988079071045e-02 6.294701538085937500e+02
2.142203927040100098e+01 1.169999999999999929e+00 2.199999988079071045e-02 7.973289184570312500e+02
2.153900146484375000e+01 1.120000000000000107e+00 2.199999988079071045e-02 8.113171386718750000e+02
2.162499189376831055e+01 1.120000000000000107e+00 2.199999988079071045e-02 7.273877563476562500e+02
2.173699355125427246e+01 1.159999999999999920e+00 2.199999988079071045e-02 6.294701538085937500e+02
2.183199572563171387e+01 1.159999999999999920e+00 2.199999988079071045e-02 4.476232604980468750e+02
2.194000029563903809e+01 1.110000000000000098e+00 2.199999988079071045e-02 4.476232604980468750e+02
2.202898955345153809e+01 1.080000000000000071e+00 2.199999988079071045e-02 3.497056579589843750e+02
2.212399554252624512e+01 1.100000000000000089e+00 2.199999988079071045e-02 5.455408935546875000e+02
2.223599433898925781e+01 1.060000000000000053e+00 2.199999988079071045e-02 5.455408935546875000e+02
2.234203410148620605e+01 1.110000000000000098e+00 2.199999988079071045e-02 5.455408935546875000e+02
2.243899917602539062e+01 1.100000000000000089e+00 2.199999988079071045e-02 4.476232604980468750e+02
2.252899909019470215e+01 1.050000000000000044e+00 2.199999988079071045e-02 5.455408935546875000e+02
2.263599395751953125e+01 1.040000000000000036e+00 2.199999988079071045e-02 5.455408935546875000e+02
2.273099803924560547e+01 1.010000000000000009e+00 2.199999988079071045e-02 5.455408935546875000e+02
2.282203602790832520e+01 1.090000000000000080e+00 2.199999988079071045e-02 5.315526123046875000e+02
2.292900347709655762e+01 1.060000000000000053e+00 2.199999988079071045e-02 4.476232604980468750e+02
2.301999735832214355e+01 1.110000000000000098e+00 2.199999988079071045e-02 5.315526123046875000e+02
2.313699316978454590e+01 1.110000000000000098e+00 2.199999988079071045e-02 4.476232604980468750e+02
2.322203779220581055e+01 1.120000000000000107e+00 2.199999988079071045e-02 6.294701538085937500e+02
2.333500003814697266e+01 1.110000000000000098e+00 2.199999988079071045e-02 6.294701538085937500e+02
2.342899990081787109e+01 1.120000000000000107e+00 2.199999988079071045e-02 5.315526123046875000e+02
2.353699660301208496e+01 1.159999999999999920e+00 2.199999988079071045e-02 4.476232604980468750e+02
2.362698841094970703e+01 1.159999999999999920e+00 2.199999988079071045e-02 4.476232604980468750e+02
2.372203278541564941e+01 1.110000000000000098e+00 2.199999988079071045e-02 2.657763061523437500e+02
2.383003115653991699e+01 1.100000000000000089e+00 2.199999988079071045e-02 3.636938781738281250e+02
2.394204878807067871e+01 1.120000000000000107e+00 2.199999988079071045e-02 4.476232604980468750e+02
2.403699636459350586e+01 1.120000000000000107e+00 2.199999988079071045e-02 4.476232604980468750e+02
2.412604165077209473e+01 1.120000000000000107e+00 2.199999988079071045e-02 4.476232604980468750e+02
2.423405599594116211e+01 1.090000000000000080e+00 2.199999988079071045e-02 5.455408935546875000e+02
2.432900214195251465e+01 1.090000000000000080e+00 2.199999988079071045e-02 5.455408935546875000e+02
2.444099378585815430e+01 1.120000000000000107e+00 2.199999988079071045e-02 5.315526123046875000e+02
2.452604484558105469e+01 1.090000000000000080e+00 2.199999988079071045e-02 5.315526123046875000e+02
2.462099552154541016e+01 1.110000000000000098e+00 2.199999988079071045e-02 6.294701538085937500e+02
2.473403358459472656e+01 1.120000000000000107e+00 2.199999988079071045e-02 6.294701538085937500e+02
2.484099555015563965e+01 1.110000000000000098e+00 2.199999988079071045e-02 6.294701538085937500e+02
2.493600249290466309e+01 1.120000000000000107e+00 2.199999988079071045e-02 5.455408935546875000e+02
2.502700209617614746e+01 1.110000000000000098e+00 2.199999988079071045e-02 7.133995361328125000e+02
2.513403487205505371e+01 1.110000000000000098e+00 2.199999988079071045e-02 6.294701538085937500e+02
2.522498846054077148e+01 1.120000000000000107e+00 2.199999988079071045e-02 6.294701538085937500e+02
2.534099364280700684e+01 1.120000000000000107e+00 2.199999988079071045e-02 6.294701538085937500e+02
2.542699646949768066e+01 1.100000000000000089e+00 2.199999988079071045e-02 7.133995361328125000e+02
2.553999590873718262e+01 1.129999999999999893e+00 2.199999988079071045e-02 7.133995361328125000e+02
2.563403344154357910e+01 1.120000000000000107e+00 2.199999988079071045e-02 8.113171386718750000e+02
2.574099397659301758e+01 1.159999999999999920e+00 2.199999988079071045e-02 8.113171386718750000e+02
2.583199691772460938e+01 1.149999999999999911e+00 2.199999988079071045e-02 7.273877563476562500e+02
2.592700099945068359e+01 1.129999999999999893e+00 2.199999988079071045e-02 8.113171386718750000e+02
2.603499579429626465e+01 1.110000000000000098e+00 2.199999988079071045e-02 7.273877563476562500e+02
2.612399411201477051e+01 1.120000000000000107e+00 2.199999988079071045e-02 6.294701538085937500e+02
2.624203348159790039e+01 1.159999999999999920e+00 2.199999988079071045e-02 6.294701538085937500e+02
2.633099794387817383e+01 1.159999999999999920e+00 2.199999988079071045e-02 5.455408935546875000e+02
2.643900227546691895e+01 1.080000000000000071e+00 2.199999988079071045e-02 5.455408935546875000e+02
2.653404235839843750e+01 1.100000000000000089e+00 2.199999988079071045e-02 6.294701538085937500e+02
2.662399697303771973e+01 1.070000000000000062e+00 2.199999988079071045e-02 5.455408935546875000e+02
2.673099923133850098e+01 1.120000000000000107e+00 2.199999988079071045e-02 7.133995361328125000e+02
2.682604169845581055e+01 1.139999999999999902e+00 2.199999988079071045e-02 7.133995361328125000e+02
2.693900513648986816e+01 1.100000000000000089e+00 2.199999988079071045e-02 8.113171386718750000e+02
2.702399635314941406e+01 1.129999999999999893e+00 2.199999988079071045e-02 7.273877563476562500e+02
2.714099550247192383e+01 1.100000000000000089e+00 2.199999988079071045e-02 8.113171386718750000e+02
2.723199868202209473e+01 1.120000000000000107e+00 2.199999988079071045e-02 6.294701538085937500e+02
2.733900260925292969e+01 1.139999999999999902e+00 2.199999988079071045e-02 6.294701538085937500e+02
2.743004345893859863e+01 1.139999999999999902e+00 2.199999988079071045e-02 6.294701538085937500e+02
2.752399396896362305e+01 1.129999999999999893e+00 2.199999988079071045e-02 5.315526123046875000e+02
2.763199424743652344e+01 1.110000000000000098e+00 2.199999988079071045e-02 5.455408935546875000e+02
2.772203826904296875e+01 1.080000000000000071e+00 2.199999988079071045e-02 7.273877563476562500e+02
2.783900451660156250e+01 1.110000000000000098e+00 2.199999988079071045e-02 9.092347412109375000e+02
2.792499566078186035e+01 1.179999999999999938e+00 2.199999988079071045e-02 8.113171386718750000e+02
2.803699421882629395e+01 1.189999999999999947e+00 2.199999988079071045e-02 5.315526123046875000e+02
2.813199377059936523e+01 1.149999999999999911e+00 2.199999988079071045e-02 5.455408935546875000e+02
2.823999738693237305e+01 1.080000000000000071e+00 2.199999988079071045e-02 7.133995361328125000e+02
2.832899785041809082e+01 1.100000000000000089e+00 2.199999988079071045e-02 7.133995361328125000e+02
2.842399358749389648e+01 1.189999999999999947e+00 2.199999988079071045e-02 3.497056579589843750e+02
2.853600430488586426e+01 1.209999999999999964e+00 2.199999988079071045e-02 0.000000000000000000e+00
2.864204812049865723e+01 1.120000000000000107e+00 2.199999988079071045e-02 0.000000000000000000e+00
2.873900389671325684e+01 1.110000000000000098e+00 2.199999988079071045e-02 9.791758728027343750e+01
2.882900404930114746e+01 1.120000000000000107e+00 2.199999988079071045e-02 0.000000000000000000e+00
2.893599438667297363e+01 1.129999999999999893e+00 2.199999988079071045e-02 0.000000000000000000e+00
2.903100013732910156e+01 1.340000000000000080e+00 2.199999988079071045e-02 0.000000000000000000e+00
2.912205195426940918e+01 1.899999999999999911e+00 2.199999988079071045e-02 0.000000000000000000e+00
2.922898888587951660e+01 2.580000000000000071e+00 2.199999988079071045e-02 0.000000000000000000e+00
2.931999897956848145e+01 3.290000000000000036e+00 2.199999988079071045e-02 -9.791758728027343750e+01
2.943699526786804199e+01 3.649999999999999911e+00 2.199999988079071045e-02 -1.678587188720703125e+02
2.952204537391662598e+01 3.770000000000000018e+00 2.199999988079071045e-02 -4.476232604980468750e+02
2.963499474525451660e+01 3.839999999999999858e+00 2.199999988079071045e-02 -9.092347412109375000e+02
2.972901320457458496e+01 3.799999999999999822e+00 2.199999988079071045e-02 -1.258940307617187500e+03
2.983699417114257812e+01 3.649999999999999911e+00 2.199999988079071045e-02 -1.356857910156250000e+03
2.992699623107910156e+01 3.620000000000000107e+00 2.199999988079071045e-02 -1.175010986328125000e+03
3.002206039428710938e+01 3.620000000000000107e+00 2.199999988079071045e-02 -8.952465209960937500e+02
3.013004565238952637e+01 3.660000000000000142e+00 2.199999988079071045e-02 -8.113171386718750000e+02
3.024203062057495117e+01 3.689999999999999947e+00 2.199999988079071045e-02 -8.952465209960937500e+02
3.033699345588684082e+01 3.770000000000000018e+00 2.199999988079071045e-02 -1.077093505859375000e+03
3.042603850364685059e+01 3.700000000000000178e+00 2.199999988079071045e-02 -1.091081787109375000e+03
3.053403949737548828e+01 3.669999999999999929e+00 2.199999988079071045e-02 -1.161022827148437500e+03
3.062900018692016602e+01 3.609999999999999876e+00 2.199999988079071045e-02 -1.175010986328125000e+03
3.074101614952087402e+01 3.600000000000000089e+00 2.199999988079071045e-02 -1.077093505859375000e+03
3.082603025436401367e+01 3.569999999999999840e+00 2.199999988079071045e-02 -9.791759033203125000e+02
3.092099499702453613e+01 3.529999999999999805e+00 2.199999988079071045e-02 -9.931641235351562500e+02
3.103404641151428223e+01 3.580000000000000071e+00 2.199999988079071045e-02 -1.091081787109375000e+03
3.114098715782165527e+01 3.640000000000000124e+00 2.199999988079071045e-02 -1.258940307617187500e+03
3.123599958419799805e+01 3.649999999999999911e+00 2.199999988079071045e-02 -1.272928588867187500e+03
3.132700133323669434e+01 3.649999999999999911e+00 2.199999988079071045e-02 -1.622634277343750000e+03
3.143404197692871094e+01 3.629999999999999893e+00 2.199999988079071045e-02 -1.524716674804687500e+03
3.152499294281005859e+01 3.569999999999999840e+00 2.199999988079071045e-02 -1.440787353515625000e+03
3.164099383354187012e+01 3.549999999999999822e+00 2.199999988079071045e-02 -1.258940307617187500e+03
3.172699403762817383e+01 3.540000000000000036e+00 2.199999988079071045e-02 -1.258940307617187500e+03
3.184001302719116211e+01 3.560000000000000053e+00 2.199999988079071045e-02 -9.931641235351562500e+02
3.193404984474182129e+01 3.520000000000000018e+00 2.199999988079071045e-02 -1.175010986328125000e+03
3.204203367233276367e+01 3.569999999999999840e+00 2.199999988079071045e-02 -1.175010986328125000e+03
3.213199448585510254e+01 3.560000000000000053e+00 2.199999988079071045e-02 -1.161022827148437500e+03
3.222699737548828125e+01 3.589999999999999858e+00 2.199999988079071045e-02 -1.161022827148437500e+03
3.233499550819396973e+01 3.700000000000000178e+00 2.199999988079071045e-02 -1.258940307617187500e+03
3.242399501800537109e+01 3.660000000000000142e+00 2.199999988079071045e-02 -1.342869750976562500e+03
3.254099249839782715e+01 3.629999999999999893e+00 2.199999988079071045e-02 -1.342869750976562500e+03
3.263099741935729980e+01 3.629999999999999893e+00 2.199999988079071045e-02 -1.440787353515625000e+03
3.273900318145751953e+01 3.560000000000000053e+00 2.199999988079071045e-02 -1.356857910156250000e+03
3.283404302597045898e+01 3.569999999999999840e+00 2.199999988079071045e-02 -1.342869750976562500e+03
3.292399549484252930e+01 3.500000000000000000e+00 2.199999988079071045e-02 -1.258940307617187500e+03
3.303100419044494629e+01 3.549999999999999822e+00 2.199999988079071045e-02 -1.440787353515625000e+03
3.312603187561035156e+01 3.580000000000000071e+00 2.199999988079071045e-02 -1.622634277343750000e+03
3.323900556564331055e+01 3.620000000000000107e+00 2.199999988079071045e-02 -1.790493041992187500e+03
3.332399320602416992e+01 3.620000000000000107e+00 2.199999988079071045e-02 -1.706563598632812500e+03
3.344099569320678711e+01 3.549999999999999822e+00 2.199999988079071045e-02 -1.706563598632812500e+03
3.353199481964111328e+01 3.490000000000000213e+00 2.199999988079071045e-02 -1.440787353515625000e+03
3.363899707794189453e+01 3.540000000000000036e+00 2.199999988079071045e-02 -1.356857910156250000e+03
3.373003530502319336e+01 3.549999999999999822e+00 2.199999988079071045e-02 -1.258940307617187500e+03
3.382398605346679688e+01 3.509999999999999787e+00 2.199999988079071045e-02 -1.175010986328125000e+03
3.393198895454406738e+01 3.479999999999999982e+00 2.199999988079071045e-02 -1.258940307617187500e+03
3.402204346656799316e+01 3.580000000000000071e+00 2.199999988079071045e-02 -1.175010986328125000e+03
3.413900303840637207e+01 3.569999999999999840e+00 2.199999988079071045e-02 -1.091081787109375000e+03
3.422499465942382812e+01 3.629999999999999893e+00 2.199999988079071045e-02 -1.091081787109375000e+03
3.433699440956115723e+01 3.709999999999999964e+00 2.199999988079071045e-02 -1.077093505859375000e+03
3.443199515342712402e+01 3.660000000000000142e+00 2.199999988079071045e-02 -1.175010986328125000e+03
3.454000210762023926e+01 3.580000000000000071e+00 2.199999988079071045e-02 -9.791759033203125000e+02
3.462898778915405273e+01 3.620000000000000107e+00 2.199999988079071045e-02 -8.113171386718750000e+02
3.472399497032165527e+01 3.600000000000000089e+00 2.199999988079071045e-02 -7.133995361328125000e+02
3.483599424362182617e+01 3.649999999999999911e+00 2.199999988079071045e-02 -6.294701538085937500e+02
3.494203805923461914e+01 3.629999999999999893e+00 2.199999988079071045e-02 -7.273877563476562500e+02
3.503900265693664551e+01 3.220000000000000195e+00 2.199999988079071045e-02 0.000000000000000000e+00
3.512900424003601074e+01 2.759999999999999787e+00 2.199999988079071045e-02 0.000000000000000000e+00
3.523599624633789062e+01 2.689999999999999947e+00 2.199999988079071045e-02 0.000000000000000000e+00
3.533101534843444824e+01 1.530000000000000027e+00 2.199999988079071045e-02 3.636938781738281250e+02
3.542203760147094727e+01 9.899999999999999911e-01 2.199999988079071045e-02 9.092347412109375000e+02
3.552899909019470215e+01 9.899999999999999911e-01 2.199999988079071045e-02 1.161022827148437500e+03
3.561999893188476562e+01 1.080000000000000071e+00 2.199999988079071045e-02 1.258940307617187500e+03
3.573699569702148438e+01 1.070000000000000062e+00 2.199999988079071045e-02 1.524716674804687500e+03
3.582205247879028320e+01 1.070000000000000062e+00 2.199999988079071045e-02 1.538704956054687500e+03
3.593498921394348145e+01 1.100000000000000089e+00 2.199999988079071045e-02 1.804481201171875000e+03
3.602899742126464844e+01 1.120000000000000107e+00 2.199999988079071045e-02 1.524716674804687500e+03
3.613699388504028320e+01 1.139999999999999902e+00 2.199999988079071045e-02 1.524716674804687500e+03
3.622699618339538574e+01 1.159999999999999920e+00 2.199999988079071045e-02 1.440787353515625000e+03
3.632203340530395508e+01 1.129999999999999893e+00 2.199999988079071045e-02 1.342869750976562500e+03
3.643003392219543457e+01 1.129999999999999893e+00 2.199999988079071045e-02 1.440787353515625000e+03
3.654204511642456055e+01 1.120000000000000107e+00 2.199999988079071045e-02 1.258940307617187500e+03
3.663699531555175781e+01 1.159999999999999920e+00 2.199999988079071045e-02 1.175010986328125000e+03
3.672603631019592285e+01 1.159999999999999920e+00 2.199999988079071045e-02 1.258940307617187500e+03
3.683404350280761719e+01 1.120000000000000107e+00 2.199999988079071045e-02 1.175010986328125000e+03
3.692899727821350098e+01 1.120000000000000107e+00 2.199999988079071045e-02 1.161022827148437500e+03
3.704099607467651367e+01 1.149999999999999911e+00 2.199999988079071045e-02 1.342869750976562500e+03
3.712603902816772461e+01 1.090000000000000080e+00 2.199999988079071045e-02 1.524716674804687500e+03
3.722099399566650391e+01 1.090000000000000080e+00 2.199999988079071045e-02 1.706563598632812500e+03
3.733403229713439941e+01 1.100000000000000089e+00 2.199999988079071045e-02 1.706563598632812500e+03
3.744099330902099609e+01 1.129999999999999893e+00 2.199999988079071045e-02 1.720551879882812500e+03
3.753599333763122559e+01 1.139999999999999902e+00 2.199999988079071045e-02 1.622634277343750000e+03
3.762699794769287109e+01 1.139999999999999902e+00 2.199999988079071045e-02 1.804481201171875000e+03
3.773402738571166992e+01 1.139999999999999902e+00 2.199999988079071045e-02 1.706563598632812500e+03
3.782499575614929199e+01 1.169999999999999929e+00 2.199999988079071045e-02 1.524716674804687500e+03
3.794098663330078125e+01 1.159999999999999920e+00 2.199999988079071045e-02 1.440787353515625000e+03
3.802699899673461914e+01 1.120000000000000107e+00 2.199999988079071045e-02 1.440787353515625000e+03
3.813999915122985840e+01 1.139999999999999902e+00 2.199999988079071045e-02 1.175010986328125000e+03
3.823403573036193848e+01 1.129999999999999893e+00 2.199999988079071045e-02 1.161022827148437500e+03
3.834203481674194336e+01 1.120000000000000107e+00 2.199999988079071045e-02 1.161022827148437500e+03
3.843199563026428223e+01 1.129999999999999893e+00 2.199999988079071045e-02 1.077093505859375000e+03
3.852699899673461914e+01 1.149999999999999911e+00 2.199999988079071045e-02 1.077093505859375000e+03
3.863499569892883301e+01 1.139999999999999902e+00 2.199999988079071045e-02 1.077093505859375000e+03
3.872399377822875977e+01 1.129999999999999893e+00 2.199999988079071045e-02 1.077093505859375000e+03
3.884203314781188965e+01 1.120000000000000107e+00 2.199999988079071045e-02 1.258940307617187500e+03
3.893099641799926758e+01 1.100000000000000089e+00 2.199999988079071045e-02 1.356857910156250000e+03
3.903900289535522461e+01 1.090000000000000080e+00 2.199999988079071045e-02 1.706563598632812500e+03
3.913402915000915527e+01 1.050000000000000044e+00 2.199999988079071045e-02 1.720551879882812500e+03
3.922399616241455078e+01 1.120000000000000107e+00 2.199999988079071045e-02 1.706563598632812500e+03
3.933099770545959473e+01 1.169999999999999929e+00 2.199999988079071045e-02 1.622634277343750000e+03
3.942603349685668945e+01 1.149999999999999911e+00 2.199999988079071045e-02 1.524716674804687500e+03
3.953900170326232910e+01 1.179999999999999938e+00 2.199999988079071045e-02 1.524716674804687500e+03
3.962399339675903320e+01 1.120000000000000107e+00 2.199999988079071045e-02 1.356857910156250000e+03
3.974100399017333984e+01 1.189999999999999947e+00 2.199999988079071045e-02 1.175010986328125000e+03
3.983199357986450195e+01 1.189999999999999947e+00 2.199999988079071045e-02 9.931641235351562500e+02
3.993899607658386230e+01 1.149999999999999911e+00 2.199999988079071045e-02 9.931641235351562500e+02
4.003005218505859375e+01 1.100000000000000089e+00 2.199999988079071045e-02 9.931641235351562500e+02
4.012399792671203613e+01 1.360000000000000098e+00 2.199999988079071045e-02 0.000000000000000000e+00
4.023199605941772461e+01 1.879999999999999893e+00 2.199999988079071045e-02 0.000000000000000000e+00
4.032204866409301758e+01 1.770000000000000018e+00 2.199999988079071045e-02 0.000000000000000000e+00
4.043900871276855469e+01 1.840000000000000080e+00 2.199999988079071045e-02 0.000000000000000000e+00
4.052499365806579590e+01 1.699999999999999956e+00 2.199999988079071045e-02 0.000000000000000000e+00
4.063699674606323242e+01 1.719999999999999973e+00 2.199999988079071045e-02 0.000000000000000000e+00
4.073199462890625000e+01 1.590000000000000080e+00 2.199999988079071045e-02 0.000000000000000000e+00
4.083999633789062500e+01 1.550000000000000044e+00 2.199999988079071045e-02 0.000000000000000000e+00
4.092900204658508301e+01 1.459999999999999964e+00 2.199999988079071045e-02 0.000000000000000000e+00
4.102399420738220215e+01 1.399999999999999911e+00 2.199999988079071045e-02 0.000000000000000000e+00
4.113599371910095215e+01 1.389999999999999902e+00 2.199999988079071045e-02 0.000000000000000000e+00
4.124203991889953613e+01 2.720000000000000195e+00 2.199999988079071045e-02 -1.818469390869140625e+02
4.133899950981140137e+01 3.729999999999999982e+00 2.199999988079071045e-02 -9.931641235351562500e+02
4.142899441719055176e+01 4.009999999999999787e+00 2.199999988079071045e-02 -2.252104736328125000e+03
4.153599333763122559e+01 3.830000000000000071e+00 2.199999988079071045e-02 -2.881574707031250000e+03
4.163099932670593262e+01 3.879999999999999893e+00 2.199999988079071045e-02 -3.594974121093750000e+03
4.172203540802001953e+01 3.799999999999999822e+00 2.199999988079071045e-02 -3.608962402343750000e+03
4.182900238037109375e+01 3.720000000000000195e+00 2.199999988079071045e-02 -3.776821289062500000e+03
4.191999745368957520e+01 3.640000000000000124e+00 2.199999988079071045e-02 -3.692892089843750000e+03
4.203699254989624023e+01 3.729999999999999982e+00 2.199999988079071045e-02 -3.692892089843750000e+03
4.212203192710876465e+01 3.680000000000000160e+00 2.199999988079071045e-02 -3.776821289062500000e+03
4.223499727249145508e+01 3.609999999999999876e+00 2.199999988079071045e-02 -3.874739013671875000e+03
4.232900214195251465e+01 3.750000000000000000e+00 2.199999988079071045e-02 -3.776821289062500000e+03
4.243700408935546875e+01 3.709999999999999964e+00 2.199999988079071045e-02 -3.776821289062500000e+03
4.252699828147888184e+01 3.680000000000000160e+00 2.199999988079071045e-02 -4.140515136718750000e+03
4.262203621864318848e+01 3.680000000000000160e+00 2.199999988079071045e-02 -3.874739013671875000e+03
4.273003935813903809e+01 3.660000000000000142e+00 2.199999988079071045e-02 -3.511044921875000000e+03
4.284099173545837402e+01 3.540000000000000036e+00 2.199999988079071045e-02 -2.881574707031250000e+03
4.293699383735656738e+01 3.509999999999999787e+00 2.199999988079071045e-02 -2.615798339843750000e+03
4.302603840827941895e+01 3.560000000000000053e+00 2.199999988079071045e-02 -2.252104736328125000e+03
4.313403010368347168e+01 3.649999999999999911e+00 2.199999988079071045e-02 -1.622634277343750000e+03
4.322900080680847168e+01 3.660000000000000142e+00 2.199999988079071045e-02 -1.440787353515625000e+03
4.334099435806274414e+01 3.680000000000000160e+00 2.199999988079071045e-02 -1.175010986328125000e+03
4.342603874206542969e+01 3.649999999999999911e+00 2.199999988079071045e-02 -9.092347412109375000e+02
4.352099657058715820e+01 3.720000000000000195e+00 2.199999988079071045e-02 -5.315526123046875000e+02
4.363403773307800293e+01 3.689999999999999947e+00 2.199999988079071045e-02 0.000000000000000000e+00
4.374099636077880859e+01 2.200000000000000178e+00 2.199999988079071045e-02 0.000000000000000000e+00
4.383599638938903809e+01 1.679999999999999938e+00 2.199999988079071045e-02 8.392935943603515625e+01
4.392699670791625977e+01 1.030000000000000027e+00 2.199999988079071045e-02 1.077093505859375000e+03
4.403403592109680176e+01 8.699999999999999956e-01 2.199999988079071045e-02 1.888410644531250000e+03
4.412499499320983887e+01 1.010000000000000009e+00 2.199999988079071045e-02 1.986328247070312500e+03
4.424203157424926758e+01 1.100000000000000089e+00 2.199999988079071045e-02 2.154187011718750000e+03
4.432699346542358398e+01 1.040000000000000036e+00 2.199999988079071045e-02 2.601810058593750000e+03
4.443999528884887695e+01 1.010000000000000009e+00 2.199999988079071045e-02 2.881574707031250000e+03
4.455699348449707031e+01 1.020000000000000018e+00 2.199999988079071045e-02 3.329197998046875000e+03
4.464209794998168945e+01 1.060000000000000053e+00 2.199999988079071045e-02 3.511044921875000000e+03
4.475501489639282227e+01 1.120000000000000107e+00 2.199999988079071045e-02 3.511044921875000000e+03
4.484899735450744629e+01 1.139999999999999902e+00 2.199999988079071045e-02 3.329197998046875000e+03
4.495699405670166016e+01 1.050000000000000044e+00 2.199999988079071045e-02 3.692892089843750000e+03
4.504699707031250000e+01 1.050000000000000044e+00 2.199999988079071045e-02 3.958668457031250000e+03
4.514203500747680664e+01 1.120000000000000107e+00 2.199999988079071045e-02 3.776821289062500000e+03
4.525004863739013672e+01 1.159999999999999920e+00 2.199999988079071045e-02 3.413127197265625000e+03
4.536205124855041504e+01 1.199999999999999956e+00 2.199999988079071045e-02 2.783656982421875000e+03
4.545699572563171387e+01 1.209999999999999964e+00 2.199999988079071045e-02 2.601810058593750000e+03
4.554603648185729980e+01 1.179999999999999938e+00 2.199999988079071045e-02 2.517880615234375000e+03
4.565404891967773438e+01 1.139999999999999902e+00 2.199999988079071045e-02 2.433951416015625000e+03
4.574900388717651367e+01 1.100000000000000089e+00 2.199999988079071045e-02 2.517880615234375000e+03
4.586098647117614746e+01 1.129999999999999893e+00 2.199999988079071045e-02 2.252104736328125000e+03
4.594612646102905273e+01 1.229999999999999982e+00 2.199999988079071045e-02 1.888410644531250000e+03
4.604100131988525391e+01 1.199999999999999956e+00 2.199999988079071045e-02 1.622634277343750000e+03
4.615403914451599121e+01 1.179999999999999938e+00 2.199999988079071045e-02 1.258940307617187500e+03
4.626099514961242676e+01 1.209999999999999964e+00 2.199999988079071045e-02 1.258940307617187500e+03
4.635600161552429199e+01 1.110000000000000098e+00 2.199999988079071045e-02 1.356857910156250000e+03
4.644700074195861816e+01 1.110000000000000098e+00 2.199999988079071045e-02 1.440787353515625000e+03
4.655404257774353027e+01 1.800000000000000044e+00 2.199999988079071045e-02 0.000000000000000000e+00
4.664499688148498535e+01 2.169999999999999929e+00 2.199999988079071045e-02 0.000000000000000000e+00
4.676204037666320801e+01 2.470000000000000195e+00 2.199999988079071045e-02 0.000000000000000000e+00
4.684699726104736328e+01 2.470000000000000195e+00 2.199999988079071045e-02 0.000000000000000000e+00
4.696000337600708008e+01 2.470000000000000195e+00 2.199999988079071045e-02 0.000000000000000000e+00
4.705403232574462891e+01 2.419999999999999929e+00 2.199999988079071045e-02 0.000000000000000000e+00
4.716203451156616211e+01 2.379999999999999893e+00 2.199999988079071045e-02 0.000000000000000000e+00
4.725199556350708008e+01 2.350000000000000089e+00 2.199999988079071045e-02 0.000000000000000000e+00
4.734699702262878418e+01 2.319999999999999840e+00 2.199999988079071045e-02 0.000000000000000000e+00
4.745499801635742188e+01 2.299999999999999822e+00 2.199999988079071045e-02 0.000000000000000000e+00
4.754400038719177246e+01 2.279999999999999805e+00 2.199999988079071045e-02 0.000000000000000000e+00
4.766204142570495605e+01 2.259999999999999787e+00 2.199999988079071045e-02 0.000000000000000000e+00
4.775099706649780273e+01 2.240000000000000213e+00 2.199999988079071045e-02 0.000000000000000000e+00
4.785900473594665527e+01 2.220000000000000195e+00 2.199999988079071045e-02 0.000000000000000000e+00
