1.703119277954101562e-02 1.949999999999999956e+00 1.200000010430812836e-02 0.000000000000000000e+00
1.159811019897460938e-01 2.029999999999999805e+00 1.200000010430812836e-02 0.000000000000000000e+00
2.069780826568603516e-01 1.989999999999999991e+00 1.200000010430812836e-02 0.000000000000000000e+00
2.959904670715332031e-01 1.889999999999999902e+00 1.200000010430812836e-02 0.000000000000000000e+00
4.090332984924316406e-01 1.899999999999999911e+00 1.200000010430812836e-02 0.000000000000000000e+00
4.979782104492187500e-01 1.840000000000000080e+00 1.200000010430812836e-02 0.000000000000000000e+00
6.090128421783447266e-01 1.860000000000000098e+00 1.200000010430812836e-02 0.000000000000000000e+00
6.989760398864746094e-01 2.220000000000000195e+00 1.200000010430812836e-02 0.000000000000000000e+00
8.119773864746093750e-01 2.529999999999999805e+00 1.200000010430812836e-02 0.000000000000000000e+00
9.039773941040039062e-01 2.609999999999999876e+00 1.200000010430812836e-02 0.000000000000000000e+00
1.013981103897094727e+00 2.279999999999999805e+00 1.200000010430812836e-02 0.000000000000000000e+00
1.103980302810668945e+00 2.399999999999999911e+00 1.200000010430812836e-02 -2.797645568847656250e+02
1.195979595184326172e+00 3.370000000000000107e+00 1.999999955296516418e-02 -5.315526123046875000e+02
1.306989908218383789e+00 3.520000000000000018e+00 1.999999955296516418e-02 -1.818469390869140625e+02
1.395978689193725586e+00 3.290000000000000036e+00 1.999999955296516418e-02 -2.797645568847656250e+02
1.510978698730468750e+00 3.459999999999999964e+00 1.999999955296516418e-02 -4.616115112304687500e+02
1.599977016448974609e+00 3.500000000000000000e+00 1.999999955296516418e-02 -5.455408935546875000e+02
1.710975885391235352e+00 3.529999999999999805e+00 1.999999955296516418e-02 -5.315526123046875000e+02
1.802982807159423828e+00 3.479999999999999982e+00 1.999999955296516418e-02 -4.476232604980468750e+02
1.914989709854125977e+00 3.470000000000000195e+00 1.999999955296516418e-02 -5.455408935546875000e+02
2.003978729248046875e+00 3.490000000000000213e+00 1.999999955296516418e-02 -5.455408935546875000e+02
2.117029666900634766e+00 3.529999999999999805e+00 1.999999955296516418e-02 -5.315526123046875000e+02
2.207977533340454102e+00 3.439999999999999947e+00 1.999999955296516418e-02 -5.455408935546875000e+02
2.313014507293701172e+00 3.419999999999999929e+00 1.999999955296516418e-02 -4.476232604980468750e+02
2.409978866577148438e+00 3.540000000000000036e+00 1.999999955296516418e-02 -6.294701538085937500e+02
2.501019239425659180e+00 3.540000000000000036e+00 1.999999955296516418e-02 -7.133995361328125000e+02
2.611977338790893555e+00 3.450000000000000178e+00 1.999999955296516418e-02 -8.113171386718750000e+02
2.701984882354736328e+00 3.450000000000000178e+00 1.999999955296516418e-02 -7.133995361328125000e+02
2.815978765487670898e+00 3.430000000000000160e+00 1.999999955296516418e-02 -8.113171386718750000e+02
2.903977632522583008e+00 3.430000000000000160e+00 1.999999955296516418e-02 -8.113171386718750000e+02
3.017022848129272461e+00 3.379999999999999893e+00 1.999999955296516418e-02 -7.133995361328125000e+02
3.109031438827514648e+00 3.479999999999999982e+00 1.999999955296516418e-02 -7.133995361328125000e+02
3.197021961212158203e+00 3.479999999999999982e+00 1.999999955296516418e-02 -8.113171386718750000e+02
3.309010982513427734e+00 3.450000000000000178e+00 1.999999955296516418e-02 -7.133995361328125000e+02
3.401019334793090820e+00 3.430000000000000160e+00 1.999999955296516418e-02 -8.113171386718750000e+02
3.511979103088378906e+00 3.370000000000000107e+00 1.999999955296516418e-02 -7.133995361328125000e+02
3.601019382476806641e+00 3.370000000000000107e+00 1.999999955296516418e-02 -4.476232604980468750e+02
3.715981245040893555e+00 3.479999999999999982e+00 1.999999955296516418e-02 -6.294701538085937500e+02
3.805040836334228516e+00 3.509999999999999787e+00 1.999999955296516418e-02 -7.273877563476562500e+02
3.915979146957397461e+00 3.490000000000000213e+00 1.999999955296516418e-02 -7.273877563476562500e+02
4.007978439331054688e+00 3.410000000000000142e+00 1.999999955296516418e-02 -6.294701538085937500e+02
4.119977951049804688e+00 3.450000000000000178e+00 1.999999955296516418e-02 -6.294701538085937500e+02
4.230978727340698242e+00 3.490000000000000213e+00 1.999999955296516418e-02 -8.952465209960937500e+02
4.322976350784301758e+00 3.430000000000000160e+00 1.999999955296516418e-02 -7.133995361328125000e+02
4.435035705566406250e+00 3.379999999999999893e+00 1.999999955296516418e-02 -5.315526123046875000e+02
4.523977518081665039e+00 3.419999999999999929e+00 1.999999955296516418e-02 -4.476232604980468750e+02
4.637009382247924805e+00 3.500000000000000000e+00 1.999999955296516418e-02 -5.315526123046875000e+02
4.727978467941284180e+00 3.450000000000000178e+00 1.999999955296516418e-02 -6.294701538085937500e+02
4.817024707794189453e+00 3.430000000000000160e+00 1.999999955296516418e-02 -7.273877563476562500e+02
4.929984569549560547e+00 3.470000000000000195e+00 1.999999955296516418e-02 -8.113171386718750000e+02
5.021014213562011719e+00 3.330000000000000071e+00 1.999999955296516418e-02 -7.133995361328125000e+02
5.131979703903198242e+00 3.370000000000000107e+00 1.999999955296516418e-02 -6.294701538085937500e+02
5.221980333328247070e+00 3.399999999999999911e+00 1.999999955296516418e-02 -5.455408935546875000e+02
5.335982084274291992e+00 3.450000000000000178e+00 1.999999955296516418e-02 -5.455408935546875000e+02
5.423977851867675781e+00 3.549999999999999822e+00 1.999999955296516418e-02 -5.315526123046875000e+02
5.537023067474365234e+00 3.620000000000000107e+00 1.999999955296516418e-02 -6.294701538085937500e+02
5.629021167755126953e+00 3.529999999999999805e+00 1.999999955296516418e-02 -7.133995361328125000e+02
5.717021942138671875e+00 3.470000000000000195e+00 1.999999955296516418e-02 -7.133995361328125000e+02
5.829025506973266602e+00 3.470000000000000195e+00 1.999999955296516418e-02 -8.113171386718750000e+02
5.921021699905395508e+00 3.399999999999999911e+00 1.999999955296516418e-02 -7.133995361328125000e+02
6.031979322433471680e+00 3.459999999999999964e+00 1.999999955296516418e-02 -8.113171386718750000e+02
6.121025562286376953e+00 3.419999999999999929e+00 1.999999955296516418e-02 -7.973289184570312500e+02
6.235991001129150391e+00 3.379999999999999893e+00 1.999999955296516418e-02 -7.273877563476562500e+02
6.325040102005004883e+00 3.450000000000000178e+00 1.999999955296516418e-02 -7.273877563476562500e+02
6.435978651046752930e+00 3.479999999999999982e+00 1.999999955296516418e-02 -6.294701538085937500e+02
6.527978181838989258e+00 3.459999999999999964e+00 1.999999955296516418e-02 -5.315526123046875000e+02
6.617981195449829102e+00 3.450000000000000178e+00 1.999999955296516418e-02 -6.294701538085937500e+02
6.729020833969116211e+00 3.430000000000000160e+00 1.999999955296516418e-02 -5.455408935546875000e+02
6.819977998733520508e+00 3.399999999999999911e+00 1.999999955296516418e-02 -6.294701538085937500e+02
6.933024883270263672e+00 3.410000000000000142e+00 1.999999955296516418e-02 -4.476232604980468750e+02
7.021980762481689453e+00 3.439999999999999947e+00 1.999999955296516418e-02 -4.476232604980468750e+02
7.135049819946289062e+00 3.490000000000000213e+00 1.999999955296516418e-02 -4.616115112304687500e+02
7.225980043411254883e+00 3.439999999999999947e+00 1.999999955296516418e-02 -3.497056579589843750e+02
7.335980415344238281e+00 3.490000000000000213e+00 1.999999955296516418e-02 -4.476232604980468750e+02
7.426978111267089844e+00 3.580000000000000071e+00 1.999999955296516418e-02 -4.476232604980468750e+02
7.518978357315063477e+00 3.589999999999999858e+00 1.999999955296516418e-02 -5.455408935546875000e+02
7.629023075103759766e+00 3.529999999999999805e+00 1.999999955296516418e-02 -6.294701538085937500e+02
7.718990802764892578e+00 3.500000000000000000e+00 1.999999955296516418e-02 -6.294701538085937500e+02
7.833981513977050781e+00 3.479999999999999982e+00 1.999999955296516418e-02 -5.455408935546875000e+02
7.921980381011962891e+00 3.430000000000000160e+00 1.999999955296516418e-02 -5.315526123046875000e+02
8.033982038497924805e+00 3.490000000000000213e+00 1.999999955296516418e-02 -7.133995361328125000e+02
8.125985145568847656e+00 3.490000000000000213e+00 1.999999955296516418e-02 -6.294701538085937500e+02
8.237027406692504883e+00 3.410000000000000142e+00 1.999999955296516418e-02 -4.476232604980468750e+02
8.325981616973876953e+00 3.500000000000000000e+00 1.999999955296516418e-02 -6.294701538085937500e+02
8.417979955673217773e+00 3.479999999999999982e+00 1.999999955296516418e-02 -5.455408935546875000e+02
8.529981613159179688e+00 3.470000000000000195e+00 1.999999955296516418e-02 -5.455408935546875000e+02
8.618981361389160156e+00 3.430000000000000160e+00 1.999999955296516418e-02 -2.657763061523437500e+02
8.733015775680541992e+00 3.439999999999999947e+00 1.999999955296516418e-02 -2.657763061523437500e+02
8.822980642318725586e+00 3.490000000000000213e+00 1.999999955296516418e-02 -1.818469390869140625e+02
8.933979511260986328e+00 3.540000000000000036e+00 1.999999955296516418e-02 -4.476232604980468750e+02
9.025033235549926758e+00 3.549999999999999822e+00 1.999999955296516418e-02 -4.476232604980468750e+02
9.137020587921142578e+00 3.439999999999999947e+00 1.999999955296516418e-02 -1.818469390869140625e+02
9.226979494094848633e+00 3.620000000000000107e+00 1.999999955296516418e-02 -2.657763061523437500e+02
9.317023515701293945e+00 3.549999999999999822e+00 1.999999955296516418e-02 -2.657763061523437500e+02
9.430978298187255859e+00 3.540000000000000036e+00 1.999999955296516418e-02 -4.476232604980468750e+02
9.518979072570800781e+00 3.520000000000000018e+00 1.999999955296516418e-02 -4.616115112304687500e+02
9.631978273391723633e+00 3.439999999999999947e+00 1.999999955296516418e-02 -3.636938781738281250e+02
9.723978757858276367e+00 3.439999999999999947e+00 1.999999955296516418e-02 -3.636938781738281250e+02
9.833980560302734375e+00 3.479999999999999982e+00 1.999999955296516418e-02 -3.636938781738281250e+02
9.923977375030517578e+00 3.470000000000000195e+00 1.999999955296516418e-02 -3.636938781738281250e+02
1.001598167419433594e+01 3.529999999999999805e+00 1.999999955296516418e-02 -4.476232604980468750e+02
1.012697649002075195e+01 3.450000000000000178e+00 1.999999955296516418e-02 -3.497056579589843750e+02
1.021597957611083984e+01 3.430000000000000160e+00 1.999999955296516418e-02 -3.636938781738281250e+02
1.033097815513610840e+01 3.500000000000000000e+00 1.999999955296516418e-02 -3.636938781738281250e+02
1.041998696327209473e+01 3.560000000000000053e+00 1.999999955296516418e-02 -5.315526123046875000e+02
1.053097653388977051e+01 3.459999999999999964e+00 1.999999955296516418e-02 -5.455408935546875000e+02
1.062297630310058594e+01 3.399999999999999911e+00 1.999999955296516418e-02 -4.476232604980468750e+02
1.073498487472534180e+01 3.430000000000000160e+00 1.999999955296516418e-02 -5.455408935546875000e+02
1.082397675514221191e+01 3.479999999999999982e+00 1.999999955296516418e-02 -4.476232604980468750e+02
1.093701982498168945e+01 3.439999999999999947e+00 1.999999955296516418e-02 -1.818469390869140625e+02
1.102797722816467285e+01 3.640000000000000124e+00 1.999999955296516418e-02 -2.657763061523437500e+02
1.111702585220336914e+01 3.700000000000000178e+00 1.999999955296516418e-02 -4.476232604980468750e+02
1.122998094558715820e+01 3.580000000000000071e+00 1.999999955296516418e-02 -6.294701538085937500e+02
1.132101678848266602e+01 3.549999999999999822e+00 1.999999955296516418e-02 -5.315526123046875000e+02
1.143197917938232422e+01 3.470000000000000195e+00 1.999999955296516418e-02 -4.476232604980468750e+02
1.152198171615600586e+01 3.450000000000000178e+00 1.999999955296516418e-02 -4.476232604980468750e+02
1.163598275184631348e+01 3.459999999999999964e+00 1.999999955296516418e-02 -3.636938781738281250e+02
1.172397732734680176e+01 3.540000000000000036e+00 1.999999955296516418e-02 -2.657763061523437500e+02
1.183598256111145020e+01 3.490000000000000213e+00 1.999999955296516418e-02 -3.497056579589843750e+02
1.192902112007141113e+01 3.540000000000000036e+00 1.999999955296516418e-02 -4.616115112304687500e+02
1.201701354980468750e+01 3.490000000000000213e+00 1.999999955296516418e-02 -5.455408935546875000e+02
1.212902283668518066e+01 3.529999999999999805e+00 1.999999955296516418e-02 -6.294701538085937500e+02
1.222101712226867676e+01 3.439999999999999947e+00 1.999999955296516418e-02 -5.315526123046875000e+02
1.233198189735412598e+01 3.399999999999999911e+00 1.999999955296516418e-02 -4.476232604980468750e+02
1.242102336883544922e+01 3.450000000000000178e+00 1.999999955296516418e-02 -4.476232604980468750e+02
1.253598880767822266e+01 3.500000000000000000e+00 1.999999955296516418e-02 -3.636938781738281250e+02
1.262503480911254883e+01 3.419999999999999929e+00 1.999999955296516418e-02 -3.497056579589843750e+02
1.273598146438598633e+01 3.490000000000000213e+00 1.999999955296516418e-02 -2.657763061523437500e+02
1.282797765731811523e+01 3.500000000000000000e+00 1.999999955296516418e-02 -4.476232604980468750e+02
1.291798043251037598e+01 3.580000000000000071e+00 1.999999955296516418e-02 -6.294701538085937500e+02
1.302901983261108398e+01 3.410000000000000142e+00 1.999999955296516418e-02 -3.636938781738281250e+02
1.311997866630554199e+01 3.410000000000000142e+00 1.999999955296516418e-02 -3.636938781738281250e+02
1.323303055763244629e+01 3.419999999999999929e+00 1.999999955296516418e-02 -4.476232604980468750e+02
1.332197904586791992e+01 3.419999999999999929e+00 1.999999955296516418e-02 -4.476232604980468750e+02
1.343499088287353516e+01 3.450000000000000178e+00 1.999999955296516418e-02 0.000000000000000000e+00
1.352598595619201660e+01 2.750000000000000000e+00 1.999999955296516418e-02 -9.791758728027343750e+01
1.363702392578125000e+01 2.700000000000000178e+00 1.200000010430812836e-02 0.000000000000000000e+00
1.372697877883911133e+01 2.470000000000000195e+00 1.200000010430812836e-02 0.000000000000000000e+00
1.381897974014282227e+01 2.149999999999999911e+00 1.200000010430812836e-02 0.000000000000000000e+00
1.392902660369873047e+01 2.020000000000000018e+00 1.200000010430812836e-02 0.000000000000000000e+00
1.401897859573364258e+01 1.570000000000000062e+00 1.200000010430812836e-02 0.000000000000000000e+00
1.413398122787475586e+01 1.090000000000000080e+00 1.200000010430812836e-02 0.000000000000000000e+00
1.422198390960693359e+01 8.699999999999999956e-01 1.200000010430812836e-02 0.000000000000000000e+00
1.433398151397705078e+01 8.399999999999999689e-01 1.200000010430812836e-02 0.000000000000000000e+00
1.442598485946655273e+01 7.399999999999999911e-01 1.200000010430812836e-02 0.000000000000000000e+00
1.453702187538146973e+01 7.399999999999999911e-01 1.200000010430812836e-02 0.000000000000000000e+00
1.462598061561584473e+01 6.800000000000000488e-01 1.200000010430812836e-02 0.000000000000000000e+00
1.471798133850097656e+01 3.499999999999999778e-01 1.200000010430812836e-02 1.258940307617187500e+03
1.482998132705688477e+01 1.620000000000000107e+00 5.000000074505805969e-02 1.538704956054687500e+03
1.491897916793823242e+01 3.509999999999999787e+00 5.000000074505805969e-02 1.524716674804687500e+03
1.503302836418151855e+01 3.649999999999999911e+00 5.000000074505805969e-02 1.077093505859375000e+03
1.512297821044921875e+01 3.589999999999999858e+00 5.000000074505805969e-02 8.952465209960937500e+02
1.523397970199584961e+01 3.500000000000000000e+00 5.000000074505805969e-02 1.077093505859375000e+03
1.532502388954162598e+01 3.479999999999999982e+00 5.000000074505805969e-02 1.161022827148437500e+03
1.543702316284179688e+01 3.500000000000000000e+00 5.000000074505805969e-02 9.931641235351562500e+02
1.552699756622314453e+01 3.540000000000000036e+00 5.000000074505805969e-02 7.273877563476562500e+02
1.561702394485473633e+01 3.520000000000000018e+00 5.000000074505805969e-02 4.476232604980468750e+02
1.573097777366638184e+01 3.549999999999999822e+00 5.000000074505805969e-02 4.476232604980468750e+02
1.581897759437561035e+01 3.490000000000000213e+00 5.000000074505805969e-02 4.476232604980468750e+02
1.593197679519653320e+01 3.459999999999999964e+00 5.000000074505805969e-02 4.476232604980468750e+02
1.602397775650024414e+01 3.379999999999999893e+00 5.000000074505805969e-02 5.455408935546875000e+02
1.613397097587585449e+01 3.450000000000000178e+00 5.000000074505805969e-02 6.294701538085937500e+02
1.622398209571838379e+01 3.419999999999999929e+00 5.000000074505805969e-02 4.476232604980468750e+02
1.631598234176635742e+01 3.350000000000000089e+00 5.000000074505805969e-02 6.294701538085937500e+02
1.642697739601135254e+01 3.450000000000000178e+00 5.000000074505805969e-02 7.133995361328125000e+02
1.651598024368286133e+01 3.580000000000000071e+00 5.000000074505805969e-02 8.113171386718750000e+02
1.663097858428955078e+01 3.520000000000000018e+00 5.000000074505805969e-02 8.113171386718750000e+02
1.671997904777526855e+01 3.549999999999999822e+00 5.000000074505805969e-02 6.294701538085937500e+02
1.683098673820495605e+01 3.529999999999999805e+00 5.000000074505805969e-02 6.294701538085937500e+02
1.692297792434692383e+01 3.560000000000000053e+00 5.000000074505805969e-02 7.273877563476562500e+02
1.703499174118041992e+01 3.560000000000000053e+00 5.000000074505805969e-02 8.113171386718750000e+02
1.712398672103881836e+01 3.560000000000000053e+00 5.000000074505805969e-02 8.113171386718750000e+02
1.723798227310180664e+01 3.500000000000000000e+00 5.000000074505805969e-02 8.113171386718750000e+02
1.732800579071044922e+01 3.479999999999999982e+00 5.000000074505805969e-02 8.952465209960937500e+02
1.742398214340209961e+01 3.589999999999999858e+00 5.000000074505805969e-02 8.113171386718750000e+02
1.752998185157775879e+01 3.609999999999999876e+00 5.000000074505805969e-02 4.616115112304687500e+02
1.762102961540222168e+01 3.560000000000000053e+00 5.000000074505805969e-02 4.476232604980468750e+02
1.773197817802429199e+01 3.430000000000000160e+00 5.000000074505805969e-02 3.636938781738281250e+02
1.782198476791381836e+01 3.379999999999999893e+00 5.000000074505805969e-02 5.455408935546875000e+02
1.793598008155822754e+01 3.390000000000000124e+00 5.000000074505805969e-02 5.315526123046875000e+02
1.802398538589477539e+01 3.439999999999999947e+00 5.000000074505805969e-02 6.294701538085937500e+02
1.813703370094299316e+01 3.450000000000000178e+00 5.000000074505805969e-02 6.294701538085937500e+02
1.822900938987731934e+01 3.479999999999999982e+00 5.000000074505805969e-02 5.455408935546875000e+02
1.831703662872314453e+01 3.560000000000000053e+00 5.000000074505805969e-02 4.476232604980468750e+02
1.842902445793151855e+01 3.490000000000000213e+00 5.000000074505805969e-02 4.476232604980468750e+02
1.852102684974670410e+01 3.399999999999999911e+00 5.000000074505805969e-02 3.636938781738281250e+02
1.863197779655456543e+01 3.379999999999999893e+00 5.000000074505805969e-02 3.497056579589843750e+02
1.872102785110473633e+01 3.399999999999999911e+00 5.000000074505805969e-02 5.455408935546875000e+02
1.883598089218139648e+01 3.479999999999999982e+00 5.000000074505805969e-02 6.294701538085937500e+02
1.892502331733703613e+01 3.509999999999999787e+00 5.000000074505805969e-02 6.294701538085937500e+02
1.903606986999511719e+01 3.640000000000000124e+00 5.000000074505805969e-02 4.616115112304687500e+02
1.912797808647155762e+01 3.600000000000000089e+00 5.000000074505805969e-02 5.455408935546875000e+02
1.921799564361572266e+01 3.470000000000000195e+00 5.000000074505805969e-02 4.476232604980468750e+02
1.932902073860168457e+01 3.439999999999999947e+00 5.000000074505805969e-02 2.657763061523437500e+02
1.941997933387756348e+01 3.490000000000000213e+00 5.000000074505805969e-02 3.497056579589843750e+02
1.953302145004272461e+01 3.430000000000000160e+00 5.000000074505805969e-02 3.636938781738281250e+02
1.962198328971862793e+01 3.490000000000000213e+00 5.000000074505805969e-02 5.455408935546875000e+02
1.973499035835266113e+01 3.470000000000000195e+00 5.000000074505805969e-02 4.476232604980468750e+02
1.982598257064819336e+01 3.540000000000000036e+00 5.000000074505805969e-02 4.476232604980468750e+02
1.993703055381774902e+01 3.540000000000000036e+00 5.000000074505805969e-02 6.294701538085937500e+02
2.002698111534118652e+01 3.540000000000000036e+00 5.000000074505805969e-02 5.455408935546875000e+02
2.011898088455200195e+01 3.470000000000000195e+00 5.000000074505805969e-02 4.476232604980468750e+02
2.022902560234069824e+01 3.500000000000000000e+00 5.000000074505805969e-02 4.476232604980468750e+02
2.031899690628051758e+01 3.399999999999999911e+00 5.000000074505805969e-02 4.476232604980468750e+02
2.043398427963256836e+01 3.419999999999999929e+00 5.000000074505805969e-02 5.315526123046875000e+02
2.052198076248168945e+01 3.479999999999999982e+00 5.000000074505805969e-02 3.636938781738281250e+02
2.063398075103759766e+01 3.479999999999999982e+00 5.000000074505805969e-02 3.636938781738281250e+02
2.072598361968994141e+01 3.450000000000000178e+00 5.000000074505805969e-02 2.797645568847656250e+02
2.083702182769775391e+01 3.430000000000000160e+00 5.000000074505805969e-02 3.636938781738281250e+02
2.092598652839660645e+01 3.430000000000000160e+00 5.000000074505805969e-02 4.616115112304687500e+02
2.101798343658447266e+01 3.439999999999999947e+00 5.000000074505805969e-02 5.455408935546875000e+02
2.112997841835021973e+01 3.490000000000000213e+00 5.000000074505805969e-02 3.636938781738281250e+02
2.121897816658020020e+01 3.430000000000000160e+00 5.000000074505805969e-02 4.476232604980468750e+02
2.133302426338195801e+01 3.419999999999999929e+00 5.000000074505805969e-02 3.497056579589843750e+02
2.142298197746276855e+01 3.399999999999999911e+00 5.000000074505805969e-02 4.616115112304687500e+02
2.153398275375366211e+01 3.459999999999999964e+00 5.000000074505805969e-02 4.476232604980468750e+02
2.162502717971801758e+01 3.430000000000000160e+00 5.000000074505805969e-02 3.636938781738281250e+02
2.173797798156738281e+01 3.470000000000000195e+00 5.000000074505805969e-02 3.636938781738281250e+02
2.182698392868041992e+01 3.459999999999999964e+00 5.000000074505805969e-02 4.476232604980468750e+02
2.193197703361511230e+01 3.560000000000000053e+00 5.000000074505805969e-02 2.657763061523437500e+02
2.203098106384277344e+01 3.520000000000000018e+00 5.000000074505805969e-02 3.636938781738281250e+02
2.211898612976074219e+01 3.509999999999999787e+00 5.000000074505805969e-02 3.636938781738281250e+02
2.223198032379150391e+01 3.479999999999999982e+00 5.000000074505805969e-02 3.636938781738281250e+02
2.232397794723510742e+01 3.379999999999999893e+00 5.000000074505805969e-02 3.636938781738281250e+02
2.243398189544677734e+01 3.479999999999999982e+00 5.000000074505805969e-02 5.315526123046875000e+02
2.252397680282592773e+01 3.560000000000000053e+00 5.000000074505805969e-02 4.476232604980468750e+02
2.263897800445556641e+01 3.520000000000000018e+00 5.000000074505805969e-02 4.476232604980468750e+02
2.272697710990905762e+01 3.529999999999999805e+00 5.000000074505805969e-02 3.636938781738281250e+02
2.283904051780700684e+01 3.500000000000000000e+00 5.000000074505805969e-02 6.294701538085937500e+02
2.293097805976867676e+01 3.560000000000000053e+00 5.000000074505805969e-02 5.455408935546875000e+02
2.301999163627624512e+01 3.520000000000000018e+00 5.000000074505805969e-02 5.315526123046875000e+02
2.313097786903381348e+01 3.459999999999999964e+00 5.000000074505805969e-02 4.476232604980468750e+02
2.322297763824462891e+01 3.479999999999999982e+00 5.000000074505805969e-02 4.476232604980468750e+02
2.333499789237976074e+01 3.450000000000000178e+00 5.000000074505805969e-02 4.476232604980468750e+02
2.342397809028625488e+01 3.450000000000000178e+00 5.000000074505805969e-02 3.636938781738281250e+02
2.353702926635742188e+01 3.359999999999999876e+00 5.000000074505805969e-02 4.476232604980468750e+02
2.362797856330871582e+01 3.459999999999999964e+00 5.000000074505805969e-02 5.315526123046875000e+02
2.371702337265014648e+01 3.509999999999999787e+00 5.000000074505805969e-02 3.497056579589843750e+02
2.382998561859130859e+01 3.470000000000000195e+00 5.000000074505805969e-02 5.315526123046875000e+02
2.392102193832397461e+01 3.410000000000000142e+00 5.000000074505805969e-02 5.455408935546875000e+02
2.403197836875915527e+01 3.430000000000000160e+00 5.000000074505805969e-02 4.616115112304687500e+02
2.412199401855468750e+01 3.359999999999999876e+00 5.000000074505805969e-02 5.455408935546875000e+02
2.423598051071166992e+01 3.370000000000000107e+00 5.000000074505805969e-02 5.455408935546875000e+02
2.432397818565368652e+01 3.279999999999999805e+00 5.000000074505805969e-02 6.294701538085937500e+02
2.443599724769592285e+01 3.459999999999999964e+00 5.000000074505805969e-02 6.294701538085937500e+02
2.452901983261108398e+01 3.549999999999999822e+00 5.000000074505805969e-02 5.455408935546875000e+02
2.461701369285583496e+01 3.520000000000000018e+00 5.000000074505805969e-02 4.476232604980468750e+02
2.472902870178222656e+01 3.529999999999999805e+00 5.000000074505805969e-02 3.497056579589843750e+02
2.482102584838867188e+01 3.479999999999999982e+00 5.000000074505805969e-02 3.497056579589843750e+02
2.493197917938232422e+01 3.479999999999999982e+00 5.000000074505805969e-02 4.476232604980468750e+02
2.502101492881774902e+01 3.439999999999999947e+00 5.000000074505805969e-02 4.476232604980468750e+02
2.513598060607910156e+01 3.520000000000000018e+00 5.000000074505805969e-02 5.455408935546875000e+02
2.522502708435058594e+01 3.580000000000000071e+00 5.000000074505805969e-02 4.476232604980468750e+02
2.533598351478576660e+01 3.580000000000000071e+00 5.000000074505805969e-02 4.476232604980468750e+02
2.542797803878784180e+01 3.540000000000000036e+00 5.000000074505805969e-02 4.616115112304687500e+02
2.551797890663146973e+01 3.490000000000000213e+00 5.000000074505805969e-02 4.476232604980468750e+02
2.562901878356933594e+01 3.479999999999999982e+00 5.000000074505805969e-02 3.636938781738281250e+02
2.571998524665832520e+01 3.390000000000000124e+00 5.000000074505805969e-02 4.616115112304687500e+02
2.583302092552185059e+01 3.390000000000000124e+00 5.000000074505805969e-02 7.133995361328125000e+02
2.592198228836059570e+01 3.540000000000000036e+00 5.000000074505805969e-02 6.294701538085937500e+02
2.603499102592468262e+01 3.560000000000000053e+00 5.000000074505805969e-02 4.476232604980468750e+02
2.612598395347595215e+01 3.470000000000000195e+00 5.000000074505805969e-02 8.113171386718750000e+02
2.623701810836791992e+01 3.549999999999999822e+00 5.000000074505805969e-02 5.455408935546875000e+02
2.632698011398315430e+01 3.520000000000000018e+00 5.000000074505805969e-02 3.636938781738281250e+02
2.641897821426391602e+01 3.370000000000000107e+00 5.000000074505805969e-02 2.797645568847656250e+02
2.652902269363403320e+01 3.339999999999999858e+00 5.000000074505805969e-02 3.497056579589843750e+02
2.661898350715637207e+01 3.359999999999999876e+00 5.000000074505805969e-02 3.636938781738281250e+02
2.673397994041442871e+01 3.370000000000000107e+00 5.000000074505805969e-02 5.455408935546875000e+02
2.682198143005371094e+01 3.370000000000000107e+00 5.000000074505805969e-02 4.476232604980468750e+02
2.693398928642272949e+01 3.399999999999999911e+00 5.000000074505805969e-02 1.818469390869140625e+02
2.702599477767944336e+01 3.189999999999999947e+00 1.200000010430812836e-02 0.000000000000000000e+00
2.713701128959655762e+01 2.240000000000000213e+00 1.200000010430812836e-02 0.000000000000000000e+00
2.722598099708557129e+01 1.889999999999999902e+00 1.200000010430812836e-02 0.000000000000000000e+00
2.731798005104064941e+01 2.629999999999999893e+00 1.999999955296516418e-02 -5.455408935546875000e+02
2.742998051643371582e+01 3.399999999999999911e+00 1.999999955296516418e-02 -1.818469390869140625e+02
2.751897907257080078e+01 3.439999999999999947e+00 1.999999955296516418e-02 -9.791758728027343750e+01
2.763302016258239746e+01 3.660000000000000142e+00 1.999999955296516418e-02 -7.273877563476562500e+02
2.772297954559326172e+01 3.549999999999999822e+00 1.999999955296516418e-02 -7.133995361328125000e+02
2.783398199081420898e+01 3.479999999999999982e+00 1.999999955296516418e-02 -7.273877563476562500e+02
2.792501831054687500e+01 3.520000000000000018e+00 1.999999955296516418e-02 -6.294701538085937500e+02
2.802297759056091309e+01 3.520000000000000018e+00 1.999999955296516418e-02 -6.294701538085937500e+02
2.812697815895080566e+01 3.509999999999999787e+00 1.999999955296516418e-02 -7.133995361328125000e+02
2.821701335906982422e+01 3.430000000000000160e+00 1.999999955296516418e-02 -6.294701538085937500e+02
2.833098101615905762e+01 3.509999999999999787e+00 1.999999955296516418e-02 -6.294701538085937500e+02
2.841897940635681152e+01 3.529999999999999805e+00 1.999999955296516418e-02 -6.294701538085937500e+02
2.853197813034057617e+01 3.450000000000000178e+00 1.999999955296516418e-02 -7.133995361328125000e+02
2.862397837638854980e+01 3.479999999999999982e+00 1.999999955296516418e-02 -5.455408935546875000e+02
2.873397874832153320e+01 3.479999999999999982e+00 1.999999955296516418e-02 -5.315526123046875000e+02
2.882397794723510742e+01 3.509999999999999787e+00 1.999999955296516418e-02 -5.455408935546875000e+02
2.891598105430603027e+01 3.470000000000000195e+00 1.999999955296516418e-02 -4.476232604980468750e+02
2.902698063850402832e+01 3.500000000000000000e+00 1.999999955296516418e-02 -4.476232604980468750e+02
2.911599731445312500e+01 3.490000000000000213e+00 1.999999955296516418e-02 -5.455408935546875000e+02
2.923097920417785645e+01 3.459999999999999964e+00 1.999999955296516418e-02 -4.616115112304687500e+02
2.931997704505920410e+01 3.479999999999999982e+00 1.999999955296516418e-02 -5.315526123046875000e+02
2.943097805976867676e+01 3.479999999999999982e+00 1.999999955296516418e-02 -5.315526123046875000e+02
2.952297759056091309e+01 3.459999999999999964e+00 1.999999955296516418e-02 -4.616115112304687500e+02
2.963508033752441406e+01 3.450000000000000178e+00 1.999999955296516418e-02 -4.476232604980468750e+02
2.972398066520690918e+01 3.540000000000000036e+00 1.999999955296516418e-02 -6.294701538085937500e+02
2.983597946166992188e+01 3.459999999999999964e+00 1.999999955296516418e-02 -6.294701538085937500e+02
2.992797756195068359e+01 3.399999999999999911e+00 1.999999955296516418e-02 -7.133995361328125000e+02
3.001702666282653809e+01 3.479999999999999982e+00 1.999999955296516418e-02 -7.133995361328125000e+02
3.012997865676879883e+01 3.509999999999999787e+00 1.999999955296516418e-02 -9.931641235351562500e+02
3.022102069854736328e+01 3.520000000000000018e+00 1.999999955296516418e-02 -9.931641235351562500e+02
3.033198976516723633e+01 3.399999999999999911e+00 1.999999955296516418e-02 -9.092347412109375000e+02
3.042198085784912109e+01 3.439999999999999947e+00 1.999999955296516418e-02 -1.077093505859375000e+03
3.053597950935363770e+01 3.399999999999999911e+00 1.999999955296516418e-02 -1.077093505859375000e+03
3.062397956848144531e+01 3.430000000000000160e+00 1.999999955296516418e-02 -9.092347412109375000e+02
3.073702645301818848e+01 3.370000000000000107e+00 1.999999955296516418e-02 -7.133995361328125000e+02
3.082902836799621582e+01 3.410000000000000142e+00 1.999999955296516418e-02 -7.133995361328125000e+02
3.091702985763549805e+01 3.419999999999999929e+00 1.999999955296516418e-02 -7.133995361328125000e+02
3.102902412414550781e+01 3.459999999999999964e+00 1.999999955296516418e-02 -7.133995361328125000e+02
3.112102222442626953e+01 3.410000000000000142e+00 1.999999955296516418e-02 -7.133995361328125000e+02
3.123198652267456055e+01 3.390000000000000124e+00 1.999999955296516418e-02 -8.113171386718750000e+02
3.132102131843566895e+01 3.439999999999999947e+00 1.999999955296516418e-02 -9.092347412109375000e+02
3.143598341941833496e+01 3.439999999999999947e+00 1.999999955296516418e-02 -7.273877563476562500e+02
3.152503418922424316e+01 3.560000000000000053e+00 1.999999955296516418e-02 -8.113171386718750000e+02
3.163598275184631348e+01 3.439999999999999947e+00 1.999999955296516418e-02 -7.273877563476562500e+02
3.172797942161560059e+01 3.470000000000000195e+00 1.999999955296516418e-02 -8.113171386718750000e+02
3.181797814369201660e+01 3.410000000000000142e+00 1.999999955296516418e-02 -8.952465209960937500e+02
3.192902684211730957e+01 3.439999999999999947e+00 1.999999955296516418e-02 -7.133995361328125000e+02
3.201997876167297363e+01 3.470000000000000195e+00 1.999999955296516418e-02 -8.113171386718750000e+02
3.213302016258239746e+01 3.439999999999999947e+00 1.999999955296516418e-02 -9.092347412109375000e+02
3.222198104858398438e+01 3.439999999999999947e+00 1.999999955296516418e-02 -9.931641235351562500e+02
3.233498644828796387e+01 3.430000000000000160e+00 1.999999955296516418e-02 -8.113171386718750000e+02
3.242597889900207520e+01 3.410000000000000142e+00 1.999999955296516418e-02 -8.113171386718750000e+02
3.253703069686889648e+01 3.439999999999999947e+00 1.999999955296516418e-02 -8.113171386718750000e+02
3.262697958946228027e+01 3.439999999999999947e+00 1.999999955296516418e-02 -9.791759033203125000e+02
3.271897745132446289e+01 3.410000000000000142e+00 1.999999955296516418e-02 -1.091081787109375000e+03
3.282901811599731445e+01 3.379999999999999893e+00 1.999999955296516418e-02 -1.175010986328125000e+03
3.291897940635681152e+01 3.370000000000000107e+00 1.999999955296516418e-02 -9.931641235351562500e+02
3.303398203849792480e+01 3.399999999999999911e+00 1.999999955296516418e-02 -1.077093505859375000e+03
3.312198066711425781e+01 3.410000000000000142e+00 1.999999955296516418e-02 -1.077093505859375000e+03
3.323398137092590332e+01 3.370000000000000107e+00 1.999999955296516418e-02 -8.113171386718750000e+02
3.332598233222961426e+01 3.379999999999999893e+00 1.999999955296516418e-02 -7.133995361328125000e+02
3.343701982498168945e+01 3.419999999999999929e+00 1.999999955296516418e-02 -6.294701538085937500e+02
3.352598333358764648e+01 3.509999999999999787e+00 1.999999955296516418e-02 -8.113171386718750000e+02
3.361797881126403809e+01 3.439999999999999947e+00 1.999999955296516418e-02 -9.931641235351562500e+02
3.372998881340026855e+01 3.439999999999999947e+00 1.999999955296516418e-02 -9.931641235351562500e+02
3.381897807121276855e+01 3.410000000000000142e+00 1.999999955296516418e-02 -7.273877563476562500e+02
3.393302989006042480e+01 3.450000000000000178e+00 1.999999955296516418e-02 -8.952465209960937500e+02
3.402297806739807129e+01 3.439999999999999947e+00 1.999999955296516418e-02 -9.791759033203125000e+02
3.413398003578186035e+01 3.419999999999999929e+00 1.999999955296516418e-02 -1.077093505859375000e+03
3.422502708435058594e+01 3.370000000000000107e+00 1.999999955296516418e-02 -1.077093505859375000e+03
3.433799052238464355e+01 3.339999999999999858e+00 1.999999955296516418e-02 -1.077093505859375000e+03
3.442698502540588379e+01 3.359999999999999876e+00 1.999999955296516418e-02 -9.931641235351562500e+02
3.451701021194458008e+01 3.439999999999999947e+00 1.999999955296516418e-02 -1.091081787109375000e+03
3.463098955154418945e+01 3.450000000000000178e+00 1.999999955296516418e-02 -7.273877563476562500e+02
3.471908044815063477e+01 3.390000000000000124e+00 1.999999955296516418e-02 -6.294701538085937500e+02
3.483197808265686035e+01 3.410000000000000142e+00 1.999999955296516418e-02 -6.294701538085937500e+02
3.492398047447204590e+01 3.430000000000000160e+00 1.999999955296516418e-02 -5.315526123046875000e+02
3.503397798538208008e+01 3.450000000000000178e+00 1.999999955296516418e-02 -6.294701538085937500e+02
3.512399601936340332e+01 3.459999999999999964e+00 1.999999955296516418e-02 -7.133995361328125000e+02
3.521598291397094727e+01 3.430000000000000160e+00 1.999999955296516418e-02 -7.133995361328125000e+02
3.532698011398315430e+01 3.339999999999999858e+00 1.999999955296516418e-02 -5.315526123046875000e+02
3.541598367691040039e+01 3.450000000000000178e+00 1.999999955296516418e-02 -4.616115112304687500e+02
3.553097724914550781e+01 3.459999999999999964e+00 1.999999955296516418e-02 -6.294701538085937500e+02
3.561997866630554199e+01 3.399999999999999911e+00 1.999999955296516418e-02 -2.657763061523437500e+02
3.573097944259643555e+01 3.459999999999999964e+00 1.999999955296516418e-02 -1.818469390869140625e+02
3.582297849655151367e+01 3.629999999999999893e+00 1.999999955296516418e-02 -4.476232604980468750e+02
3.593501162528991699e+01 3.600000000000000089e+00 1.999999955296516418e-02 -7.273877563476562500e+02
3.602397799491882324e+01 3.250000000000000000e+00 1.999999955296516418e-02 -5.455408935546875000e+02
3.613598465919494629e+01 3.310000000000000053e+00 1.999999955296516418e-02 -4.476232604980468750e+02
3.622797608375549316e+01 3.470000000000000195e+00 1.999999955296516418e-02 -6.294701538085937500e+02
3.631712341308593750e+01 2.990000000000000213e+00 1.200000010430812836e-02 0.000000000000000000e+00
3.642998147010803223e+01 2.270000000000000018e+00 1.200000010430812836e-02 0.000000000000000000e+00
3.652102470397949219e+01 2.470000000000000195e+00 1.200000010430812836e-02 0.000000000000000000e+00
3.663197660446166992e+01 2.290000000000000036e+00 1.200000010430812836e-02 0.000000000000000000e+00
3.672198104858398438e+01 1.370000000000000107e+00 5.000000074505805969e-02 2.419963134765625000e+03
3.683597970008850098e+01 2.839999999999999858e+00 5.000000074505805969e-02 2.252104736328125000e+03
3.692398023605346680e+01 3.680000000000000160e+00 5.000000074505805969e-02 1.804481201171875000e+03
3.703701567649841309e+01 3.620000000000000107e+00 5.000000074505805969e-02 1.342869750976562500e+03
3.712902021408081055e+01 3.600000000000000089e+00 5.000000074505805969e-02 1.175010986328125000e+03
3.721701908111572266e+01 3.540000000000000036e+00 5.000000074505805969e-02 1.091081787109375000e+03
3.732901930809020996e+01 3.520000000000000018e+00 5.000000074505805969e-02 1.077093505859375000e+03
3.742102670669555664e+01 3.549999999999999822e+00 5.000000074505805969e-02 1.077093505859375000e+03
3.753198599815368652e+01 3.490000000000000213e+00 5.000000074505805969e-02 1.077093505859375000e+03
3.762101340293884277e+01 3.520000000000000018e+00 5.000000074505805969e-02 9.931641235351562500e+02
3.773598217964172363e+01 3.500000000000000000e+00 5.000000074505805969e-02 1.077093505859375000e+03
3.782502412796020508e+01 3.589999999999999858e+00 5.000000074505805969e-02 1.175010986328125000e+03
3.793598341941833496e+01 3.549999999999999822e+00 5.000000074505805969e-02 1.161022827148437500e+03
3.802797842025756836e+01 3.529999999999999805e+00 5.000000074505805969e-02 1.161022827148437500e+03
3.811798286437988281e+01 3.600000000000000089e+00 5.000000074505805969e-02 1.272928588867187500e+03
3.822903418540954590e+01 3.540000000000000036e+00 5.000000074505805969e-02 1.356857910156250000e+03
3.831997728347778320e+01 3.540000000000000036e+00 5.000000074505805969e-02 1.258940307617187500e+03
3.843301916122436523e+01 3.589999999999999858e+00 5.000000074505805969e-02 1.356857910156250000e+03
3.852197933197021484e+01 3.580000000000000071e+00 5.000000074505805969e-02 1.258940307617187500e+03
3.863498497009277344e+01 3.470000000000000195e+00 5.000000074505805969e-02 1.258940307617187500e+03
3.872598552703857422e+01 3.529999999999999805e+00 5.000000074505805969e-02 1.356857910156250000e+03
3.883702135086059570e+01 3.580000000000000071e+00 5.000000074505805969e-02 1.258940307617187500e+03
3.892697787284851074e+01 3.549999999999999822e+00 5.000000074505805969e-02 1.258940307617187500e+03
3.901897978782653809e+01 3.589999999999999858e+00 5.000000074505805969e-02 1.356857910156250000e+03
3.912901735305786133e+01 3.540000000000000036e+00 5.000000074505805969e-02 1.440787353515625000e+03
3.921898126602172852e+01 3.560000000000000053e+00 5.000000074505805969e-02 1.440787353515625000e+03
3.933398461341857910e+01 3.560000000000000053e+00 5.000000074505805969e-02 1.720551879882812500e+03
3.942197942733764648e+01 3.540000000000000036e+00 5.000000074505805969e-02 1.706563598632812500e+03
3.953398251533508301e+01 3.569999999999999840e+00 5.000000074505805969e-02 1.440787353515625000e+03
3.962598419189453125e+01 3.609999999999999876e+00 5.000000074505805969e-02 1.342869750976562500e+03
3.973701667785644531e+01 3.560000000000000053e+00 5.000000074505805969e-02 1.161022827148437500e+03
3.982598471641540527e+01 3.560000000000000053e+00 5.000000074505805969e-02 1.440787353515625000e+03
3.991797995567321777e+01 3.589999999999999858e+00 5.000000074505805969e-02 1.342869750976562500e+03
4.002998137474060059e+01 3.549999999999999822e+00 5.000000074505805969e-02 1.342869750976562500e+03
4.011897897720336914e+01 3.609999999999999876e+00 5.000000074505805969e-02 1.077093505859375000e+03
4.023301839828491211e+01 3.620000000000000107e+00 5.000000074505805969e-02 1.077093505859375000e+03
4.032297992706298828e+01 3.509999999999999787e+00 5.000000074505805969e-02 1.161022827148437500e+03
4.043398213386535645e+01 3.529999999999999805e+00 5.000000074505805969e-02 1.091081787109375000e+03
4.052503108978271484e+01 3.549999999999999822e+00 5.000000074505805969e-02 1.077093505859375000e+03
4.061600208282470703e+01 3.520000000000000018e+00 5.000000074505805969e-02 8.952465209960937500e+02
4.072697949409484863e+01 3.490000000000000213e+00 5.000000074505805969e-02 7.133995361328125000e+02
4.081702780723571777e+01 3.419999999999999929e+00 5.000000074505805969e-02 9.092347412109375000e+02
4.093097710609436035e+01 3.399999999999999911e+00 5.000000074505805969e-02 9.791759033203125000e+02
4.101897788047790527e+01 3.580000000000000071e+00 5.000000074505805969e-02 8.113171386718750000e+02
4.113197898864746094e+01 3.589999999999999858e+00 5.000000074505805969e-02 7.133995361328125000e+02
4.122398066520690918e+01 3.509999999999999787e+00 5.000000074505805969e-02 9.092347412109375000e+02
4.133398270606994629e+01 3.540000000000000036e+00 5.000000074505805969e-02 8.113171386718750000e+02
4.142397952079772949e+01 3.640000000000000124e+00 5.000000074505805969e-02 6.294701538085937500e+02
4.151598143577575684e+01 3.569999999999999840e+00 5.000000074505805969e-02 7.133995361328125000e+02
4.162697649002075195e+01 3.529999999999999805e+00 5.000000074505805969e-02 6.294701538085937500e+02
4.171598553657531738e+01 3.439999999999999947e+00 5.000000074505805969e-02 8.113171386718750000e+02
4.183098053932189941e+01 3.470000000000000195e+00 5.000000074505805969e-02 1.258940307617187500e+03
4.191998195648193359e+01 3.660000000000000142e+00 5.000000074505805969e-02 1.678587188720703125e+02
4.203097820281982422e+01 3.609999999999999876e+00 1.999999955296516418e-02 -8.952465209960937500e+02
4.212298059463500977e+01 3.669999999999999929e+00 1.999999955296516418e-02 -1.356857910156250000e+03
4.223501086235046387e+01 3.560000000000000053e+00 1.999999955296516418e-02 -1.790493041992187500e+03
4.232397770881652832e+01 3.459999999999999964e+00 1.999999955296516418e-02 -2.070257568359375000e+03
4.242198061943054199e+01 3.270000000000000018e+00 1.999999955296516418e-02 -2.252104736328125000e+03
4.252797961235046387e+01 3.330000000000000071e+00 1.999999955296516418e-02 -2.168175292968750000e+03
4.261703252792358398e+01 3.220000000000000195e+00 1.999999955296516418e-02 -2.070257568359375000e+03
4.272998142242431641e+01 3.339999999999999858e+00 1.999999955296516418e-02 -2.238116455078125000e+03
4.282102990150451660e+01 3.379999999999999893e+00 1.999999955296516418e-02 -2.433951416015625000e+03
4.293197822570800781e+01 3.339999999999999858e+00 1.999999955296516418e-02 -2.517880615234375000e+03
4.302198028564453125e+01 3.290000000000000036e+00 1.999999955296516418e-02 -2.615798339843750000e+03
4.313598132133483887e+01 3.189999999999999947e+00 1.999999955296516418e-02 -2.252104736328125000e+03
4.322398281097412109e+01 3.350000000000000089e+00 1.999999955296516418e-02 -2.433951416015625000e+03
4.333597993850708008e+01 3.299999999999999822e+00 1.999999955296516418e-02 -2.252104736328125000e+03
4.342903590202331543e+01 3.259999999999999787e+00 1.999999955296516418e-02 -2.252104736328125000e+03
4.351702737808227539e+01 3.359999999999999876e+00 1.999999955296516418e-02 -2.350021972656250000e+03
4.362901496887207031e+01 3.220000000000000195e+00 1.999999955296516418e-02 -2.070257568359375000e+03
4.372103166580200195e+01 3.259999999999999787e+00 1.999999955296516418e-02 -2.070257568359375000e+03
4.383197784423828125e+01 3.330000000000000071e+00 1.999999955296516418e-02 -2.154187011718750000e+03
4.392101359367370605e+01 3.390000000000000124e+00 1.999999955296516418e-02 -2.336033691406250000e+03
4.403598213195800781e+01 3.330000000000000071e+00 1.999999955296516418e-02 -2.336033691406250000e+03
4.412503528594970703e+01 3.259999999999999787e+00 1.999999955296516418e-02 -2.154187011718750000e+03
4.423598098754882812e+01 3.189999999999999947e+00 1.999999955296516418e-02 -1.720551879882812500e+03
4.432797765731811523e+01 3.270000000000000018e+00 1.999999955296516418e-02 -1.888410644531250000e+03
4.441797757148742676e+01 3.279999999999999805e+00 1.999999955296516418e-02 -2.070257568359375000e+03
4.452900862693786621e+01 3.310000000000000053e+00 1.999999955296516418e-02 -1.622634277343750000e+03
4.461997914314270020e+01 3.220000000000000195e+00 1.999999955296516418e-02 -1.258940307617187500e+03
4.473302435874938965e+01 3.250000000000000000e+00 1.999999955296516418e-02 -9.791759033203125000e+02
4.482197856903076172e+01 3.390000000000000124e+00 1.999999955296516418e-02 -9.791759033203125000e+02
4.493498516082763672e+01 3.370000000000000107e+00 1.999999955296516418e-02 -1.077093505859375000e+03
4.502598500251770020e+01 3.399999999999999911e+00 1.999999955296516418e-02 -1.258940307617187500e+03
4.513701581954956055e+01 3.330000000000000071e+00 1.999999955296516418e-02 -7.133995361328125000e+02
4.522697639465332031e+01 3.290000000000000036e+00 1.999999955296516418e-02 -5.455408935546875000e+02
4.531897997856140137e+01 3.439999999999999947e+00 1.999999955296516418e-02 -7.273877563476562500e+02
4.542902159690856934e+01 3.149999999999999911e+00 1.200000010430812836e-02 0.000000000000000000e+00
4.551898169517517090e+01 2.419999999999999929e+00 1.200000010430812836e-02 0.000000000000000000e+00
4.563399124145507812e+01 2.209999999999999964e+00 1.200000010430812836e-02 0.000000000000000000e+00
4.572197890281677246e+01 8.499999999999999778e-01 5.000000074505805969e-02 8.952465209960937500e+02
4.583397865295410156e+01 2.359999999999999876e+00 5.000000074505805969e-02 2.154187011718750000e+03
4.592598009109497070e+01 3.439999999999999947e+00 5.000000074505805969e-02 2.252104736328125000e+03
4.603703308105468750e+01 3.549999999999999822e+00 5.000000074505805969e-02 2.154187011718750000e+03
4.612598013877868652e+01 3.520000000000000018e+00 5.000000074505805969e-02 2.252104736328125000e+03
4.621797990798950195e+01 3.540000000000000036e+00 5.000000074505805969e-02 2.336033691406250000e+03
4.632998085021972656e+01 3.529999999999999805e+00 5.000000074505805969e-02 2.350021972656250000e+03
4.641897702217102051e+01 3.520000000000000018e+00 5.000000074505805969e-02 2.252104736328125000e+03
4.653302669525146484e+01 3.589999999999999858e+00 5.000000074505805969e-02 2.517880615234375000e+03
4.662297964096069336e+01 3.560000000000000053e+00 5.000000074505805969e-02 2.601810058593750000e+03
4.673398184776306152e+01 3.500000000000000000e+00 5.000000074505805969e-02 3.049433349609375000e+03
4.682506346702575684e+01 3.560000000000000053e+00 5.000000074505805969e-02 2.783656982421875000e+03
4.693702244758605957e+01 3.629999999999999893e+00 5.000000074505805969e-02 2.517880615234375000e+03
4.702697634696960449e+01 3.629999999999999893e+00 5.000000074505805969e-02 2.336033691406250000e+03
4.711702060699462891e+01 3.560000000000000053e+00 5.000000074505805969e-02 2.615798339843750000e+03
4.723097801208496094e+01 3.549999999999999822e+00 5.000000074505805969e-02 2.601810058593750000e+03
4.731897854804992676e+01 3.479999999999999982e+00 5.000000074505805969e-02 2.881574707031250000e+03
4.743198084831237793e+01 3.580000000000000071e+00 5.000000074505805969e-02 2.881574707031250000e+03
4.752398204803466797e+01 3.620000000000000107e+00 5.000000074505805969e-02 2.783656982421875000e+03
4.763397908210754395e+01 3.640000000000000124e+00 5.000000074505805969e-02 2.517880615234375000e+03
4.772398042678833008e+01 3.589999999999999858e+00 5.000000074505805969e-02 2.433951416015625000e+03
4.781598186492919922e+01 3.549999999999999822e+00 5.000000074505805969e-02 2.238116455078125000e+03
4.792701554298400879e+01 3.490000000000000213e+00 5.000000074505805969e-02 2.252104736328125000e+03
4.801598238945007324e+01 3.560000000000000053e+00 5.000000074505805969e-02 2.517880615234375000e+03
4.813097691535949707e+01 3.649999999999999911e+00 5.000000074505805969e-02 1.986328247070312500e+03
4.821997809410095215e+01 3.649999999999999911e+00 5.000000074505805969e-02 1.720551879882812500e+03
4.833098912239074707e+01 3.589999999999999858e+00 5.000000074505805969e-02 1.622634277343750000e+03
4.842297673225402832e+01 3.509999999999999787e+00 5.000000074505805969e-02 1.538704956054687500e+03
4.853498506546020508e+01 3.560000000000000053e+00 5.000000074505805969e-02 7.133995361328125000e+02
4.862397789955139160e+01 3.700000000000000178e+00 1.200000010430812836e-02 0.000000000000000000e+00
4.873597931861877441e+01 1.800000000000000044e+00 1.200000010430812836e-02 0.000000000000000000e+00
4.882797765731811523e+01 1.879999999999999893e+00 1.200000010430812836e-02 0.000000000000000000e+00
4.891702723503112793e+01 2.060000000000000053e+00 1.200000010430812836e-02 0.000000000000000000e+00
4.902998471260070801e+01 1.969999999999999973e+00 1.200000010430812836e-02 0.000000000000000000e+00
4.912102627754211426e+01 1.929999999999999938e+00 1.200000010430812836e-02 0.000000000000000000e+00
4.923198175430297852e+01 1.899999999999999911e+00 1.200000010430812836e-02 0.000000000000000000e+00
4.932198500633239746e+01 1.879999999999999893e+00 1.200000010430812836e-02 0.000000000000000000e+00
4.943597984313964844e+01 1.860000000000000098e+00 1.200000010430812836e-02 0.000000000000000000e+00
4.952398109436035156e+01 1.840000000000000080e+00 1.200000010430812836e-02 0.000000000000000000e+00
4.963702607154846191e+01 1.830000000000000071e+00 1.200000010430812836e-02 0.000000000000000000e+00
4.972902607917785645e+01 1.810000000000000053e+00 1.200000010430812836e-02 0.000000000000000000e+00
4.981702399253845215e+01 1.800000000000000044e+00 1.200000010430812836e-02 0.000000000000000000e+00
4.992903041839599609e+01 1.790000000000000036e+00 1.200000010430812836e-02 0.000000000000000000e+00
5.002102613449096680e+01 1.780000000000000027e+00 1.200000010430812836e-02 0.000000000000000000e+00
5.013198685646057129e+01 1.770000000000000018e+00 1.200000010430812836e-02 0.000000000000000000e+00
5.022102522850036621e+01 1.760000000000000009e+00 1.200000010430812836e-02 0.000000000000000000e+00
5.033598089218139648e+01 1.750000000000000000e+00 1.200000010430812836e-02 0.000000000000000000e+00
5.042504572868347168e+01 1.739999999999999991e+00 1.200000010430812836e-02 0.000000000000000000e+00
5.053597855567932129e+01 1.739999999999999991e+00 1.200000010430812836e-02 0.000000000000000000e+00
5.062797832489013672e+01 1.729999999999999982e+00 1.200000010430812836e-02 0.000000000000000000e+00
5.071798062324523926e+01 1.719999999999999973e+00 1.200000010430812836e-02 0.000000000000000000e+00
5.082902836799621582e+01 1.719999999999999973e+00 1.200000010430812836e-02 0.000000000000000000e+00
5.091997766494750977e+01 1.719999999999999973e+00 1.200000010430812836e-02 0.000000000000000000e+00
5.103302693367004395e+01 1.709999999999999964e+00 1.200000010430812836e-02 0.000000000000000000e+00
5.112197899818420410e+01 1.709999999999999964e+00 1.200000010430812836e-02 0.000000000000000000e+00
5.123499131202697754e+01 1.709999999999999964e+00 1.200000010430812836e-02 0.000000000000000000e+00
5.132598519325256348e+01 1.699999999999999956e+00 1.200000010430812836e-02 0.000000000000000000e+00
5.143702197074890137e+01 1.699999999999999956e+00 1.200000010430812836e-02 0.000000000000000000e+00
5.152697706222534180e+01 1.689999999999999947e+00 1.200000010430812836e-02 0.000000000000000000e+00
5.161897754669189453e+01 1.689999999999999947e+00 1.200000010430812836e-02 0.000000000000000000e+00
5.172903013229370117e+01 1.679999999999999938e+00 1.200000010430812836e-02 0.000000000000000000e+00
5.181898069381713867e+01 1.679999999999999938e+00 1.200000010430812836e-02 0.000000000000000000e+00
5.193398118019104004e+01 1.679999999999999938e+00 1.200000010430812836e-02 0.000000000000000000e+00
5.202198100090026855e+01 1.669999999999999929e+00 1.200000010430812836e-02 0.000000000000000000e+00
5.213398122787475586e+01 1.669999999999999929e+00 1.200000010430812836e-02 0.000000000000000000e+00
5.222598290443420410e+01 1.669999999999999929e+00 1.200000010430812836e-02 0.000000000000000000e+00
5.233702707290649414e+01 1.659999999999999920e+00 1.200000010430812836e-02 0.000000000000000000e+00
5.242598271369934082e+01 1.659999999999999920e+00 1.200000010430812836e-02 0.000000000000000000e+00
5.251797986030578613e+01 1.659999999999999920e+00 1.200000010430812836e-02 0.000000000000000000e+00
5.262998080253601074e+01 1.659999999999999920e+00 1.200000010430812836e-02 0.000000000000000000e+00
5.271897768974304199e+01 1.649999999999999911e+00 1.200000010430812836e-02 0.000000000000000000e+00
5.283302426338195801e+01 1.649999999999999911e+00 1.200000010430812836e-02 0.000000000000000000e+00
5.292298078536987305e+01 1.649999999999999911e+00 1.200000010430812836e-02 0.000000000000000000e+00
