5.996561050415039062e-02 2.370000000000000107e+00 2.199999988079071045e-02 0.000000000000000000e+00
1.590135097503662109e-01 2.370000000000000107e+00 2.199999988079071045e-02 0.000000000000000000e+00
2.489647865295410156e-01 2.370000000000000107e+00 2.199999988079071045e-02 0.000000000000000000e+00
3.379654884338378906e-01 2.370000000000000107e+00 2.199999988079071045e-02 0.000000000000000000e+00
4.519681930541992188e-01 2.370000000000000107e+00 2.199999988079071045e-02 0.000000000000000000e+00
5.470073223114013672e-01 2.370000000000000107e+00 2.199999988079071045e-02 0.000000000000000000e+00
6.539633274078369141e-01 2.370000000000000107e+00 2.199999988079071045e-02 0.000000000000000000e+00
7.430064678192138672e-01 2.370000000000000107e+00 2.199999988079071045e-02 0.000000000000000000e+00
8.569684028625488281e-01 2.379999999999999893e+00 2.199999988079071045e-02 0.000000000000000000e+00
9.509966373443603516e-01 2.379999999999999893e+00 2.199999988079071045e-02 0.000000000000000000e+00
1.040964841842651367e+00 2.470000000000000195e+00 2.199999988079071045e-02 0.000000000000000000e+00
1.147969245910644531e+00 2.720000000000000195e+00 2.199999988079071045e-02 0.000000000000000000e+00
1.259964466094970703e+00 3.129999999999999893e+00 2.199999988079071045e-02 0.000000000000000000e+00
1.354998111724853516e+00 3.470000000000000195e+00 2.199999988079071045e-02 0.000000000000000000e+00
1.444964647293090820e+00 4.009999999999999787e+00 2.199999988079071045e-02 0.000000000000000000e+00
1.551964044570922852e+00 4.099999999999999645e+00 2.199999988079071045e-02 -5.455408935546875000e+02
1.647020339965820312e+00 3.850000000000000089e+00 2.199999988079071045e-02 -5.315526123046875000e+02
1.759968757629394531e+00 3.680000000000000160e+00 2.199999988079071045e-02 -1.818469390869140625e+02
1.844962120056152344e+00 4.000000000000000000e+00 2.199999988079071045e-02 -3.636938781738281250e+02
1.935971736907958984e+00 3.890000000000000124e+00 2.199999988079071045e-02 -5.315526123046875000e+02
2.052965879440307617e+00 3.790000000000000036e+00 2.199999988079071045e-02 -1.818469390869140625e+02
2.159965753555297852e+00 3.859999999999999876e+00 2.199999988079071045e-02 -1.818469390869140625e+02
2.251000165939331055e+00 3.919999999999999929e+00 2.199999988079071045e-02 -3.636938781738281250e+02
2.344963073730468750e+00 3.810000000000000053e+00 2.199999988079071045e-02 -4.476232604980468750e+02
2.452963829040527344e+00 3.819999999999999840e+00 2.199999988079071045e-02 -5.455408935546875000e+02
2.543000936508178711e+00 3.750000000000000000e+00 2.199999988079071045e-02 -5.315526123046875000e+02
2.659965753555297852e+00 3.700000000000000178e+00 2.199999988079071045e-02 -5.455408935546875000e+02
2.745960950851440430e+00 3.600000000000000089e+00 2.199999988079071045e-02 -7.133995361328125000e+02
2.857965230941772461e+00 3.620000000000000107e+00 2.199999988079071045e-02 -6.294701538085937500e+02
2.952962636947631836e+00 3.729999999999999982e+00 2.199999988079071045e-02 -6.294701538085937500e+02
3.059963464736938477e+00 3.629999999999999893e+00 2.199999988079071045e-02 -6.294701538085937500e+02
3.149966478347778320e+00 3.609999999999999876e+00 2.199999988079071045e-02 -4.476232604980468750e+02
3.244962453842163086e+00 3.709999999999999964e+00 2.199999988079071045e-02 -5.455408935546875000e+02
3.356977224349975586e+00 3.689999999999999947e+00 2.199999988079071045e-02 -5.315526123046875000e+02
3.441963672637939453e+00 3.640000000000000124e+00 2.199999988079071045e-02 -4.476232604980468750e+02
3.559964418411254883e+00 3.660000000000000142e+00 2.199999988079071045e-02 -3.636938781738281250e+02
3.649965047836303711e+00 3.700000000000000178e+00 2.199999988079071045e-02 -3.636938781738281250e+02
3.756967782974243164e+00 3.629999999999999893e+00 2.199999988079071045e-02 -2.657763061523437500e+02
3.851964950561523438e+00 3.680000000000000160e+00 2.199999988079071045e-02 -2.657763061523437500e+02
3.943005323410034180e+00 3.700000000000000178e+00 2.199999988079071045e-02 -3.636938781738281250e+02
4.049954891204833984e+00 3.689999999999999947e+00 2.199999988079071045e-02 -4.476232604980468750e+02
4.140963554382324219e+00 3.689999999999999947e+00 2.199999988079071045e-02 -4.476232604980468750e+02
4.257967233657836914e+00 3.629999999999999893e+00 2.199999988079071045e-02 -4.476232604980468750e+02
4.343003511428833008e+00 3.649999999999999911e+00 2.199999988079071045e-02 -3.636938781738281250e+02
4.455967664718627930e+00 3.680000000000000160e+00 2.199999988079071045e-02 -1.818469390869140625e+02
4.549964189529418945e+00 3.740000000000000213e+00 2.199999988079071045e-02 -1.818469390869140625e+02
4.657965183258056641e+00 3.830000000000000071e+00 2.199999988079071045e-02 -4.616115112304687500e+02
4.747968912124633789e+00 3.709999999999999964e+00 2.199999988079071045e-02 -5.315526123046875000e+02
4.843002080917358398e+00 3.669999999999999929e+00 2.199999988079071045e-02 -5.455408935546875000e+02
4.951004505157470703e+00 3.669999999999999929e+00 2.199999988079071045e-02 -5.315526123046875000e+02
5.039974689483642578e+00 3.689999999999999947e+00 2.199999988079071045e-02 -5.315526123046875000e+02
5.157965660095214844e+00 3.709999999999999964e+00 2.199999988079071045e-02 -5.315526123046875000e+02
5.247004270553588867e+00 3.720000000000000195e+00 2.199999988079071045e-02 -5.455408935546875000e+02
5.355009794235229492e+00 3.720000000000000195e+00 2.199999988079071045e-02 -4.476232604980468750e+02
5.449962139129638672e+00 3.680000000000000160e+00 2.199999988079071045e-02 -3.636938781738281250e+02
5.539962053298950195e+00 3.700000000000000178e+00 2.199999988079071045e-02 -4.476232604980468750e+02
5.647000551223754883e+00 3.620000000000000107e+00 2.199999988079071045e-02 -2.797645568847656250e+02
5.741962671279907227e+00 3.700000000000000178e+00 2.199999988079071045e-02 -3.636938781738281250e+02
5.855001211166381836e+00 3.790000000000000036e+00 2.199999988079071045e-02 -5.455408935546875000e+02
5.939969539642333984e+00 3.669999999999999929e+00 2.199999988079071045e-02 -5.315526123046875000e+02
6.056969881057739258e+00 3.640000000000000124e+00 2.199999988079071045e-02 -4.476232604980468750e+02
6.147965669631958008e+00 3.700000000000000178e+00 2.199999988079071045e-02 -4.476232604980468750e+02
6.255000829696655273e+00 3.790000000000000036e+00 2.199999988079071045e-02 -5.455408935546875000e+02
6.345964193344116211e+00 3.680000000000000160e+00 2.199999988079071045e-02 -5.455408935546875000e+02
6.439965486526489258e+00 3.660000000000000142e+00 2.199999988079071045e-02 -5.455408935546875000e+02
6.547969341278076172e+00 3.700000000000000178e+00 2.199999988079071045e-02 -6.294701538085937500e+02
6.637963771820068359e+00 3.680000000000000160e+00 2.199999988079071045e-02 -5.315526123046875000e+02
6.755015373229980469e+00 3.660000000000000142e+00 2.199999988079071045e-02 -6.294701538085937500e+02
6.840963125228881836e+00 3.640000000000000124e+00 2.199999988079071045e-02 -3.636938781738281250e+02
6.952965021133422852e+00 3.649999999999999911e+00 2.199999988079071045e-02 -3.497056579589843750e+02
7.047967672348022461e+00 3.609999999999999876e+00 2.199999988079071045e-02 -4.476232604980468750e+02
7.155969381332397461e+00 3.629999999999999893e+00 2.199999988079071045e-02 -6.294701538085937500e+02
7.244963407516479492e+00 3.629999999999999893e+00 2.199999988079071045e-02 -4.476232604980468750e+02
7.339968919754028320e+00 3.689999999999999947e+00 2.199999988079071045e-02 -3.636938781738281250e+02
7.451964855194091797e+00 3.680000000000000160e+00 2.199999988079071045e-02 -3.497056579589843750e+02
7.559967279434204102e+00 3.770000000000000018e+00 2.199999988079071045e-02 -2.657763061523437500e+02
7.654998064041137695e+00 3.680000000000000160e+00 2.199999988079071045e-02 -2.657763061523437500e+02
7.744962692260742188e+00 3.810000000000000053e+00 2.199999988079071045e-02 -1.818469390869140625e+02
7.851967334747314453e+00 3.879999999999999893e+00 2.199999988079071045e-02 -3.636938781738281250e+02
7.947002887725830078e+00 3.850000000000000089e+00 2.199999988079071045e-02 -4.476232604980468750e+02
8.059964895248413086e+00 3.729999999999999982e+00 2.199999988079071045e-02 -4.476232604980468750e+02
8.144962787628173828e+00 3.700000000000000178e+00 2.199999988079071045e-02 -5.315526123046875000e+02
8.235969066619873047e+00 3.750000000000000000e+00 2.199999988079071045e-02 -7.133995361328125000e+02
8.352963685989379883e+00 3.620000000000000107e+00 2.199999988079071045e-02 -5.315526123046875000e+02
8.459964990615844727e+00 3.649999999999999911e+00 2.199999988079071045e-02 -6.294701538085937500e+02
8.551001310348510742e+00 3.740000000000000213e+00 2.199999988079071045e-02 -6.294701538085937500e+02
8.644963741302490234e+00 3.700000000000000178e+00 2.199999988079071045e-02 -6.294701538085937500e+02
8.752964258193969727e+00 3.680000000000000160e+00 2.199999988079071045e-02 -6.294701538085937500e+02
8.843002319335937500e+00 3.629999999999999893e+00 2.199999988079071045e-02 -6.294701538085937500e+02
8.959971904754638672e+00 3.660000000000000142e+00 2.199999988079071045e-02 -6.294701538085937500e+02
9.045961618423461914e+00 3.680000000000000160e+00 2.199999988079071045e-02 -5.315526123046875000e+02
9.157964229583740234e+00 3.720000000000000195e+00 2.199999988079071045e-02 -4.616115112304687500e+02
9.255970478057861328e+00 3.669999999999999929e+00 2.199999988079071045e-02 -4.476232604980468750e+02
9.359964132308959961e+00 3.759999999999999787e+00 2.199999988079071045e-02 -5.455408935546875000e+02
9.459964752197265625e+00 3.700000000000000178e+00 2.199999988079071045e-02 -6.294701538085937500e+02
9.543010473251342773e+00 3.689999999999999947e+00 2.199999988079071045e-02 -6.294701538085937500e+02
9.651014328002929688e+00 3.600000000000000089e+00 2.199999988079071045e-02 -5.455408935546875000e+02
9.741965055465698242e+00 3.589999999999999858e+00 2.199999988079071045e-02 -3.497056579589843750e+02
9.859005689620971680e+00 3.680000000000000160e+00 2.199999988079071045e-02 -3.636938781738281250e+02
9.943964242935180664e+00 3.729999999999999982e+00 2.199999988079071045e-02 -5.455408935546875000e+02
1.005696773529052734e+01 3.709999999999999964e+00 2.199999988079071045e-02 -5.315526123046875000e+02
1.015101122856140137e+01 3.680000000000000160e+00 2.199999988079071045e-02 -6.294701538085937500e+02
1.025901198387145996e+01 3.689999999999999947e+00 2.199999988079071045e-02 -6.294701538085937500e+02
1.034896349906921387e+01 3.680000000000000160e+00 2.199999988079071045e-02 -6.294701538085937500e+02
1.044396471977233887e+01 3.680000000000000160e+00 2.199999988079071045e-02 -6.294701538085937500e+02
1.055196857452392578e+01 3.700000000000000178e+00 2.199999988079071045e-02 -6.294701538085937500e+02
1.064096403121948242e+01 3.640000000000000124e+00 2.199999988079071045e-02 -5.315526123046875000e+02
1.075796437263488770e+01 3.680000000000000160e+00 2.199999988079071045e-02 -5.455408935546875000e+02
1.084796643257141113e+01 3.729999999999999982e+00 2.199999988079071045e-02 -6.294701538085937500e+02
1.095596551895141602e+01 3.669999999999999929e+00 2.199999988079071045e-02 -5.315526123046875000e+02
1.105100274085998535e+01 3.569999999999999840e+00 2.199999988079071045e-02 -4.476232604980468750e+02
1.114096498489379883e+01 3.750000000000000000e+00 2.199999988079071045e-02 -4.616115112304687500e+02
1.124896502494812012e+01 3.729999999999999982e+00 2.199999988079071045e-02 -6.294701538085937500e+02
1.134300708770751953e+01 3.660000000000000142e+00 2.199999988079071045e-02 -5.315526123046875000e+02
1.145596408843994141e+01 3.640000000000000124e+00 2.199999988079071045e-02 -4.476232604980468750e+02
1.154096364974975586e+01 3.700000000000000178e+00 2.199999988079071045e-02 -3.497056579589843750e+02
1.165797615051269531e+01 3.709999999999999964e+00 2.199999988079071045e-02 -6.294701538085937500e+02
1.174896454811096191e+01 3.709999999999999964e+00 2.199999988079071045e-02 -5.455408935546875000e+02
1.185596609115600586e+01 3.660000000000000142e+00 2.199999988079071045e-02 -4.476232604980468750e+02
1.194700193405151367e+01 3.700000000000000178e+00 2.199999988079071045e-02 -3.636938781738281250e+02
1.204096341133117676e+01 3.759999999999999787e+00 2.199999988079071045e-02 -6.294701538085937500e+02
1.214896321296691895e+01 3.660000000000000142e+00 2.199999988079071045e-02 -5.315526123046875000e+02
1.223902201652526855e+01 3.660000000000000142e+00 2.199999988079071045e-02 -4.476232604980468750e+02
1.235596656799316406e+01 3.620000000000000107e+00 2.199999988079071045e-02 -4.616115112304687500e+02
1.244195389747619629e+01 3.680000000000000160e+00 2.199999988079071045e-02 -4.476232604980468750e+02
1.255396389961242676e+01 3.600000000000000089e+00 2.199999988079071045e-02 -3.636938781738281250e+02
1.264896440505981445e+01 3.720000000000000195e+00 2.199999988079071045e-02 -5.455408935546875000e+02
1.275696682929992676e+01 3.680000000000000160e+00 2.199999988079071045e-02 -4.616115112304687500e+02
1.284596323966979980e+01 3.640000000000000124e+00 2.199999988079071045e-02 -4.476232604980468750e+02
1.294096207618713379e+01 3.649999999999999911e+00 2.199999988079071045e-02 -4.476232604980468750e+02
1.305296444892883301e+01 3.709999999999999964e+00 2.199999988079071045e-02 -4.476232604980468750e+02
1.315995502471923828e+01 3.680000000000000160e+00 2.199999988079071045e-02 -4.476232604980468750e+02
1.325596666336059570e+01 3.709999999999999964e+00 2.199999988079071045e-02 -4.476232604980468750e+02
1.334596490859985352e+01 3.680000000000000160e+00 2.199999988079071045e-02 -2.657763061523437500e+02
1.345396304130554199e+01 3.850000000000000089e+00 2.199999988079071045e-02 -3.636938781738281250e+02
1.354796743392944336e+01 3.790000000000000036e+00 2.199999988079071045e-02 -3.636938781738281250e+02
1.364597010612487793e+01 3.680000000000000160e+00 2.199999988079071045e-02 -1.818469390869140625e+02
1.374597239494323730e+01 3.759999999999999787e+00 2.199999988079071045e-02 -3.636938781738281250e+02
1.383697271347045898e+01 3.729999999999999982e+00 2.199999988079071045e-02 -3.636938781738281250e+02
1.395397019386291504e+01 3.669999999999999929e+00 2.199999988079071045e-02 -4.476232604980468750e+02
1.405500483512878418e+01 3.689999999999999947e+00 2.199999988079071045e-02 -3.636938781738281250e+02
1.415196704864501953e+01 3.750000000000000000e+00 2.199999988079071045e-02 -2.657763061523437500e+02
1.424596452713012695e+01 3.720000000000000195e+00 2.199999988079071045e-02 -3.636938781738281250e+02
1.435407304763793945e+01 3.649999999999999911e+00 2.199999988079071045e-02 -3.636938781738281250e+02
1.444396471977233887e+01 3.720000000000000195e+00 2.199999988079071045e-02 -4.476232604980468750e+02
1.455500102043151855e+01 3.709999999999999964e+00 2.199999988079071045e-02 -4.616115112304687500e+02
1.464701771736145020e+01 3.669999999999999929e+00 2.199999988079071045e-02 -5.315526123046875000e+02
1.475904655456542969e+01 3.649999999999999911e+00 2.199999988079071045e-02 -3.497056579589843750e+02
1.485396289825439453e+01 3.680000000000000160e+00 2.199999988079071045e-02 -2.657763061523437500e+02
1.494299960136413574e+01 3.790000000000000036e+00 2.199999988079071045e-02 -2.657763061523437500e+02
1.505101013183593750e+01 3.770000000000000018e+00 2.199999988079071045e-02 -2.657763061523437500e+02
1.514597249031066895e+01 3.839999999999999858e+00 2.199999988079071045e-02 -3.497056579589843750e+02
1.525796413421630859e+01 3.740000000000000213e+00 2.199999988079071045e-02 -5.455408935546875000e+02
1.534396624565124512e+01 3.680000000000000160e+00 2.199999988079071045e-02 -5.455408935546875000e+02
1.544496273994445801e+01 3.680000000000000160e+00 2.199999988079071045e-02 -5.455408935546875000e+02
1.555100345611572266e+01 3.689999999999999947e+00 2.199999988079071045e-02 -6.294701538085937500e+02
1.565901756286621094e+01 3.649999999999999911e+00 2.199999988079071045e-02 -6.294701538085937500e+02
1.575296473503112793e+01 3.470000000000000195e+00 2.199999988079071045e-02 0.000000000000000000e+00
1.584396624565124512e+01 3.410000000000000142e+00 2.199999988079071045e-02 0.000000000000000000e+00
1.595100808143615723e+01 3.649999999999999911e+00 2.199999988079071045e-02 0.000000000000000000e+00
1.604195713996887207e+01 3.970000000000000195e+00 2.199999988079071045e-02 0.000000000000000000e+00
1.615901494026184082e+01 4.019999999999999574e+00 2.199999988079071045e-02 0.000000000000000000e+00
1.624399566650390625e+01 3.259999999999999787e+00 2.199999988079071045e-02 0.000000000000000000e+00
1.635695886611938477e+01 1.850000000000000089e+00 2.199999988079071045e-02 9.791758728027343750e+01
1.645100045204162598e+01 1.070000000000000062e+00 2.199999988079071045e-02 2.657763061523437500e+02
1.655900216102600098e+01 1.080000000000000071e+00 2.199999988079071045e-02 6.294701538085937500e+02
1.664897060394287109e+01 1.100000000000000089e+00 2.199999988079071045e-02 6.294701538085937500e+02
1.674396824836730957e+01 1.159999999999999920e+00 2.199999988079071045e-02 3.636938781738281250e+02
1.685196495056152344e+01 1.159999999999999920e+00 2.199999988079071045e-02 0.000000000000000000e+00
1.694096159934997559e+01 1.000000000000000000e+00 2.199999988079071045e-02 2.657763061523437500e+02
1.705902361869812012e+01 1.040000000000000036e+00 2.199999988079071045e-02 3.636938781738281250e+02
1.714796519279479980e+01 1.120000000000000107e+00 2.199999988079071045e-02 3.636938781738281250e+02
1.725596404075622559e+01 1.129999999999999893e+00 2.199999988079071045e-02 4.476232604980468750e+02
1.735101294517517090e+01 1.100000000000000089e+00 2.199999988079071045e-02 7.273877563476562500e+02
1.744096302986145020e+01 1.090000000000000080e+00 2.199999988079071045e-02 8.113171386718750000e+02
1.754896616935729980e+01 1.179999999999999938e+00 2.199999988079071045e-02 7.273877563476562500e+02
1.764300274848937988e+01 1.159999999999999920e+00 2.199999988079071045e-02 5.455408935546875000e+02
1.775596523284912109e+01 1.159999999999999920e+00 2.199999988079071045e-02 4.476232604980468750e+02
1.784096646308898926e+01 1.169999999999999929e+00 2.199999988079071045e-02 2.657763061523437500e+02
1.795796942710876465e+01 1.129999999999999893e+00 2.199999988079071045e-02 2.797645568847656250e+02
1.804896306991577148e+01 1.110000000000000098e+00 2.199999988079071045e-02 3.497056579589843750e+02
1.815596318244934082e+01 1.050000000000000044e+00 2.199999988079071045e-02 6.294701538085937500e+02
1.824700641632080078e+01 1.110000000000000098e+00 2.199999988079071045e-02 8.113171386718750000e+02
1.834096360206604004e+01 1.100000000000000089e+00 2.199999988079071045e-02 7.973289184570312500e+02
1.844896221160888672e+01 1.129999999999999893e+00 2.199999988079071045e-02 7.273877563476562500e+02
1.853900313377380371e+01 1.229999999999999982e+00 2.199999988079071045e-02 5.455408935546875000e+02
1.865598368644714355e+01 1.149999999999999911e+00 2.199999988079071045e-02 3.497056579589843750e+02
1.874196195602416992e+01 1.149999999999999911e+00 2.199999988079071045e-02 4.616115112304687500e+02
1.885403037071228027e+01 1.149999999999999911e+00 2.199999988079071045e-02 5.455408935546875000e+02
1.894896245002746582e+01 1.120000000000000107e+00 2.199999988079071045e-02 5.455408935546875000e+02
1.905696845054626465e+01 1.060000000000000053e+00 2.199999988079071045e-02 7.133995361328125000e+02
1.914596414566040039e+01 1.149999999999999911e+00 2.199999988079071045e-02 7.973289184570312500e+02
1.924096226692199707e+01 1.159999999999999920e+00 2.199999988079071045e-02 8.113171386718750000e+02
1.935296201705932617e+01 1.169999999999999929e+00 2.199999988079071045e-02 7.133995361328125000e+02
1.944596242904663086e+01 1.169999999999999929e+00 2.199999988079071045e-02 7.273877563476562500e+02
1.955596494674682617e+01 1.149999999999999911e+00 2.199999988079071045e-02 7.273877563476562500e+02
1.964596199989318848e+01 1.199999999999999956e+00 2.199999988079071045e-02 7.133995361328125000e+02
1.975396180152893066e+01 1.199999999999999956e+00 2.199999988079071045e-02 6.294701538085937500e+02
1.984796953201293945e+01 1.189999999999999947e+00 2.199999988079071045e-02 5.455408935546875000e+02
1.994596743583679199e+01 1.189999999999999947e+00 2.199999988079071045e-02 3.636938781738281250e+02
2.004597210884094238e+01 1.179999999999999938e+00 2.199999988079071045e-02 2.657763061523437500e+02
2.013696575164794922e+01 1.100000000000000089e+00 2.199999988079071045e-02 1.818469390869140625e+02
2.025396251678466797e+01 1.090000000000000080e+00 2.199999988079071045e-02 1.818469390869140625e+02
2.034596323966979980e+01 1.040000000000000036e+00 2.199999988079071045e-02 5.455408935546875000e+02
2.045196604728698730e+01 1.139999999999999902e+00 2.199999988079071045e-02 7.273877563476562500e+02
2.054596281051635742e+01 1.189999999999999947e+00 2.199999988079071045e-02 3.497056579589843750e+02
2.065396237373352051e+01 1.159999999999999920e+00 2.199999988079071045e-02 2.657763061523437500e+02
2.074396514892578125e+01 1.120000000000000107e+00 2.199999988079071045e-02 4.476232604980468750e+02
2.085995483398437500e+01 1.149999999999999911e+00 2.199999988079071045e-02 5.455408935546875000e+02
2.094701862335205078e+01 1.169999999999999929e+00 2.199999988079071045e-02 4.476232604980468750e+02
2.105900549888610840e+01 1.159999999999999920e+00 2.199999988079071045e-02 1.818469390869140625e+02
2.115396213531494141e+01 1.070000000000000062e+00 2.199999988079071045e-02 3.497056579589843750e+02
2.124301457405090332e+01 1.090000000000000080e+00 2.199999988079071045e-02 4.476232604980468750e+02
2.135100364685058594e+01 1.159999999999999920e+00 2.199999988079071045e-02 4.476232604980468750e+02
2.144596290588378906e+01 1.149999999999999911e+00 2.199999988079071045e-02 4.616115112304687500e+02
2.155795860290527344e+01 1.120000000000000107e+00 2.199999988079071045e-02 4.476232604980468750e+02
2.164396476745605469e+01 1.139999999999999902e+00 2.199999988079071045e-02 5.455408935546875000e+02
2.175296187400817871e+01 1.229999999999999982e+00 2.199999988079071045e-02 3.636938781738281250e+02
2.185101056098937988e+01 1.159999999999999920e+00 2.199999988079071045e-02 2.657763061523437500e+02
2.195901346206665039e+01 1.159999999999999920e+00 2.199999988079071045e-02 1.818469390869140625e+02
2.205297756195068359e+01 1.040000000000000036e+00 2.199999988079071045e-02 3.636938781738281250e+02
2.214396882057189941e+01 1.050000000000000044e+00 2.199999988079071045e-02 5.315526123046875000e+02
2.225100517272949219e+01 1.120000000000000107e+00 2.199999988079071045e-02 7.133995361328125000e+02
2.234196448326110840e+01 1.149999999999999911e+00 2.199999988079071045e-02 7.133995361328125000e+02
2.245900869369506836e+01 1.149999999999999911e+00 2.199999988079071045e-02 7.273877563476562500e+02
2.254396677017211914e+01 1.189999999999999947e+00 2.199999988079071045e-02 7.133995361328125000e+02
2.265696811676025391e+01 1.149999999999999911e+00 2.199999988079071045e-02 5.455408935546875000e+02
2.275101995468139648e+01 1.169999999999999929e+00 2.199999988079071045e-02 5.455408935546875000e+02
2.285901451110839844e+01 1.179999999999999938e+00 2.199999988079071045e-02 5.455408935546875000e+02
2.294896316528320312e+01 1.159999999999999920e+00 2.199999988079071045e-02 3.636938781738281250e+02
2.304396510124206543e+01 1.179999999999999938e+00 2.199999988079071045e-02 2.657763061523437500e+02
2.315196728706359863e+01 1.159999999999999920e+00 2.199999988079071045e-02 4.476232604980468750e+02
2.324096417427062988e+01 1.090000000000000080e+00 2.199999988079071045e-02 5.455408935546875000e+02
2.335900115966796875e+01 1.120000000000000107e+00 2.199999988079071045e-02 6.434584350585937500e+02
2.344796609878540039e+01 1.100000000000000089e+00 2.199999988079071045e-02 8.113171386718750000e+02
2.355596518516540527e+01 1.169999999999999929e+00 2.199999988079071045e-02 7.133995361328125000e+02
2.365100789070129395e+01 1.139999999999999902e+00 2.199999988079071045e-02 6.294701538085937500e+02
2.374096775054931641e+01 1.219999999999999973e+00 2.199999988079071045e-02 5.315526123046875000e+02
2.384896540641784668e+01 1.169999999999999929e+00 2.199999988079071045e-02 4.476232604980468750e+02
2.394300460815429688e+01 1.149999999999999911e+00 2.199999988079071045e-02 3.636938781738281250e+02
2.405596733093261719e+01 1.080000000000000071e+00 2.199999988079071045e-02 5.315526123046875000e+02
2.414096260070800781e+01 1.179999999999999938e+00 2.199999988079071045e-02 5.455408935546875000e+02
2.425796627998352051e+01 1.179999999999999938e+00 2.199999988079071045e-02 5.455408935546875000e+02
2.434896183013916016e+01 1.139999999999999902e+00 2.199999988079071045e-02 3.636938781738281250e+02
2.445596361160278320e+01 1.159999999999999920e+00 2.199999988079071045e-02 4.476232604980468750e+02
2.454700326919555664e+01 1.179999999999999938e+00 2.199999988079071045e-02 3.497056579589843750e+02
2.464096355438232422e+01 1.149999999999999911e+00 2.199999988079071045e-02 2.797645568847656250e+02
2.474896240234375000e+01 1.129999999999999893e+00 2.199999988079071045e-02 3.497056579589843750e+02
2.483901000022888184e+01 1.090000000000000080e+00 2.199999988079071045e-02 4.476232604980468750e+02
2.495596623420715332e+01 1.179999999999999938e+00 2.199999988079071045e-02 4.616115112304687500e+02
2.504196333885192871e+01 1.149999999999999911e+00 2.199999988079071045e-02 3.636938781738281250e+02
2.515396237373352051e+01 1.149999999999999911e+00 2.199999988079071045e-02 3.636938781738281250e+02
2.524897074699401855e+01 1.110000000000000098e+00 2.199999988079071045e-02 4.476232604980468750e+02
2.535697102546691895e+01 1.139999999999999902e+00 2.199999988079071045e-02 4.476232604980468750e+02
2.544597482681274414e+01 1.169999999999999929e+00 2.199999988079071045e-02 5.455408935546875000e+02
2.554096293449401855e+01 1.169999999999999929e+00 2.199999988079071045e-02 5.455408935546875000e+02
2.565296483039855957e+01 1.100000000000000089e+00 2.199999988079071045e-02 6.294701538085937500e+02
2.575996351242065430e+01 1.219999999999999973e+00 2.199999988079071045e-02 6.294701538085937500e+02
2.585596752166748047e+01 1.199999999999999956e+00 2.199999988079071045e-02 3.636938781738281250e+02
2.594596457481384277e+01 1.120000000000000107e+00 2.199999988079071045e-02 2.657763061523437500e+02
2.605396485328674316e+01 1.110000000000000098e+00 2.199999988079071045e-02 2.657763061523437500e+02
2.614796662330627441e+01 1.120000000000000107e+00 2.199999988079071045e-02 4.476232604980468750e+02
2.624595546722412109e+01 1.120000000000000107e+00 2.199999988079071045e-02 5.315526123046875000e+02
2.634596490859985352e+01 1.110000000000000098e+00 2.199999988079071045e-02 4.476232604980468750e+02
2.643696355819702148e+01 1.120000000000000107e+00 2.199999988079071045e-02 4.476232604980468750e+02
2.655396533012390137e+01 1.169999999999999929e+00 2.199999988079071045e-02 4.476232604980468750e+02
2.663900375366210938e+01 1.139999999999999902e+00 2.199999988079071045e-02 4.476232604980468750e+02
2.675196671485900879e+01 1.159999999999999920e+00 2.199999988079071045e-02 4.616115112304687500e+02
2.684596395492553711e+01 1.129999999999999893e+00 2.199999988079071045e-02 3.497056579589843750e+02
2.695395755767822266e+01 1.169999999999999929e+00 2.199999988079071045e-02 4.476232604980468750e+02
2.704397344589233398e+01 1.139999999999999902e+00 2.199999988079071045e-02 4.476232604980468750e+02
2.714596414566040039e+01 1.139999999999999902e+00 2.199999988079071045e-02 4.476232604980468750e+02
2.724701404571533203e+01 1.080000000000000071e+00 2.199999988079071045e-02 3.636938781738281250e+02
2.735901045799255371e+01 1.129999999999999893e+00 2.199999988079071045e-02 5.315526123046875000e+02
2.745396494865417480e+01 1.149999999999999911e+00 2.199999988079071045e-02 5.315526123046875000e+02
2.754300832748413086e+01 1.219999999999999973e+00 2.199999988079071045e-02 4.476232604980468750e+02
2.765101242065429688e+01 1.179999999999999938e+00 2.199999988079071045e-02 1.818469390869140625e+02
2.774596381187438965e+01 1.179999999999999938e+00 2.199999988079071045e-02 3.636938781738281250e+02
2.785796737670898438e+01 1.110000000000000098e+00 2.199999988079071045e-02 5.315526123046875000e+02
2.794396901130676270e+01 1.179999999999999938e+00 2.199999988079071045e-02 4.476232604980468750e+02
2.805296421051025391e+01 1.120000000000000107e+00 2.199999988079071045e-02 3.636938781738281250e+02
2.815100693702697754e+01 1.110000000000000098e+00 2.199999988079071045e-02 4.476232604980468750e+02
2.825900363922119141e+01 1.179999999999999938e+00 2.199999988079071045e-02 5.315526123046875000e+02
2.835296225547790527e+01 1.209999999999999964e+00 2.199999988079071045e-02 4.476232604980468750e+02
2.844396567344665527e+01 1.149999999999999911e+00 2.199999988079071045e-02 5.455408935546875000e+02
2.855100417137145996e+01 1.199999999999999956e+00 2.199999988079071045e-02 4.476232604980468750e+02
2.864196395874023438e+01 1.179999999999999938e+00 2.199999988079071045e-02 3.636938781738281250e+02
2.875902104377746582e+01 1.169999999999999929e+00 2.199999988079071045e-02 2.657763061523437500e+02
2.884396243095397949e+01 1.090000000000000080e+00 2.199999988079071045e-02 3.636938781738281250e+02
2.895696592330932617e+01 1.120000000000000107e+00 2.199999988079071045e-02 4.616115112304687500e+02
2.905100631713867188e+01 1.189999999999999947e+00 2.199999988079071045e-02 3.636938781738281250e+02
2.915900635719299316e+01 1.159999999999999920e+00 2.199999988079071045e-02 1.678587188720703125e+02
2.924896264076232910e+01 1.149999999999999911e+00 2.199999988079071045e-02 2.657763061523437500e+02
2.934396672248840332e+01 1.080000000000000071e+00 2.199999988079071045e-02 4.476232604980468750e+02
2.945196294784545898e+01 1.100000000000000089e+00 2.199999988079071045e-02 4.476232604980468750e+02
2.954096436500549316e+01 1.149999999999999911e+00 2.199999988079071045e-02 5.455408935546875000e+02
2.965900921821594238e+01 1.179999999999999938e+00 2.199999988079071045e-02 5.455408935546875000e+02
2.974796819686889648e+01 1.139999999999999902e+00 2.199999988079071045e-02 6.294701538085937500e+02
2.985597348213195801e+01 1.209999999999999964e+00 2.199999988079071045e-02 5.455408935546875000e+02
2.995100116729736328e+01 1.159999999999999920e+00 2.199999988079071045e-02 4.476232604980468750e+02
3.004096317291259766e+01 1.169999999999999929e+00 2.199999988079071045e-02 2.657763061523437500e+02
3.014896321296691895e+01 1.179999999999999938e+00 2.199999988079071045e-02 9.791758728027343750e+01
3.024300241470336914e+01 1.129999999999999893e+00 2.199999988079071045e-02 0.000000000000000000e+00
3.035596752166748047e+01 1.100000000000000089e+00 2.199999988079071045e-02 9.791758728027343750e+01
3.044096517562866211e+01 1.139999999999999902e+00 2.199999988079071045e-02 0.000000000000000000e+00
3.055796694755554199e+01 1.179999999999999938e+00 2.199999988079071045e-02 0.000000000000000000e+00
3.064896345138549805e+01 1.689999999999999947e+00 2.199999988079071045e-02 0.000000000000000000e+00
3.075596475601196289e+01 3.350000000000000089e+00 2.199999988079071045e-02 -1.818469390869140625e+02
3.084700512886047363e+01 3.919999999999999929e+00 2.199999988079071045e-02 -3.497056579589843750e+02
3.094096279144287109e+01 3.879999999999999893e+00 2.199999988079071045e-02 -6.294701538085937500e+02
3.104896259307861328e+01 3.859999999999999876e+00 2.199999988079071045e-02 -7.133995361328125000e+02
3.113901042938232422e+01 3.759999999999999787e+00 2.199999988079071045e-02 -4.476232604980468750e+02
3.125596666336059570e+01 3.790000000000000036e+00 2.199999988079071045e-02 -4.476232604980468750e+02
3.134196305274963379e+01 3.810000000000000053e+00 2.199999988079071045e-02 -4.476232604980468750e+02
3.145396423339843750e+01 3.859999999999999876e+00 2.199999988079071045e-02 -6.294701538085937500e+02
3.154896235466003418e+01 3.810000000000000053e+00 2.199999988079071045e-02 -6.294701538085937500e+02
3.165696740150451660e+01 3.729999999999999982e+00 2.199999988079071045e-02 -6.294701538085937500e+02
3.174596381187438965e+01 3.620000000000000107e+00 2.199999988079071045e-02 -8.113171386718750000e+02
3.184096431732177734e+01 3.700000000000000178e+00 2.199999988079071045e-02 -8.113171386718750000e+02
3.195296502113342285e+01 3.640000000000000124e+00 2.199999988079071045e-02 -7.133995361328125000e+02
3.205996465682983398e+01 3.620000000000000107e+00 2.199999988079071045e-02 -5.455408935546875000e+02
3.215596580505371094e+01 3.740000000000000213e+00 2.199999988079071045e-02 -5.455408935546875000e+02
3.224596309661865234e+01 3.740000000000000213e+00 2.199999988079071045e-02 -6.294701538085937500e+02
3.235396528244018555e+01 3.669999999999999929e+00 2.199999988079071045e-02 -5.455408935546875000e+02
3.244796991348266602e+01 3.729999999999999982e+00 2.199999988079071045e-02 -6.294701538085937500e+02
3.255500173568725586e+01 3.759999999999999787e+00 2.199999988079071045e-02 -8.113171386718750000e+02
3.264596438407897949e+01 3.740000000000000213e+00 2.199999988079071045e-02 -8.113171386718750000e+02
3.273696660995483398e+01 3.689999999999999947e+00 2.199999988079071045e-02 -9.092347412109375000e+02
3.285396337509155273e+01 3.649999999999999911e+00 2.199999988079071045e-02 -7.273877563476562500e+02
3.295996475219726562e+01 3.620000000000000107e+00 2.199999988079071045e-02 -7.273877563476562500e+02
3.305196452140808105e+01 3.609999999999999876e+00 2.199999988079071045e-02 -6.294701538085937500e+02
3.314896297454833984e+01 3.680000000000000160e+00 2.199999988079071045e-02 -5.455408935546875000e+02
3.324996304512023926e+01 3.709999999999999964e+00 2.199999988079071045e-02 -7.273877563476562500e+02
3.332996201515197754e+01 3.729999999999999982e+00 2.199999988079071045e-02 -6.294701538085937500e+02
3.344996166229248047e+01 3.709999999999999964e+00 2.199999988079071045e-02 -7.133995361328125000e+02
3.354396295547485352e+01 3.640000000000000124e+00 2.199999988079071045e-02 -7.133995361328125000e+02
3.365296387672424316e+01 3.660000000000000142e+00 2.199999988079071045e-02 -6.294701538085937500e+02
3.374300050735473633e+01 3.669999999999999929e+00 2.199999988079071045e-02 -6.294701538085937500e+02
3.385996413230895996e+01 3.649999999999999911e+00 2.199999988079071045e-02 -5.315526123046875000e+02
3.394596219062805176e+01 3.700000000000000178e+00 2.199999988079071045e-02 -4.476232604980468750e+02
3.405796718597412109e+01 3.709999999999999964e+00 2.199999988079071045e-02 -5.455408935546875000e+02
3.415296411514282227e+01 3.709999999999999964e+00 2.199999988079071045e-02 -6.434584350585937500e+02
3.424196338653564453e+01 3.700000000000000178e+00 2.199999988079071045e-02 -6.294701538085937500e+02
3.434996390342712402e+01 3.660000000000000142e+00 2.199999988079071045e-02 -7.133995361328125000e+02
3.444496273994445801e+01 3.669999999999999929e+00 2.199999988079071045e-02 -7.133995361328125000e+02
3.455696821212768555e+01 3.680000000000000160e+00 2.199999988079071045e-02 -7.133995361328125000e+02
3.464300537109375000e+01 3.580000000000000071e+00 2.199999988079071045e-02 -7.273877563476562500e+02
3.475996637344360352e+01 3.609999999999999876e+00 2.199999988079071045e-02 -6.294701538085937500e+02
3.484996271133422852e+01 3.660000000000000142e+00 2.199999988079071045e-02 -6.294701538085937500e+02
3.495796465873718262e+01 3.689999999999999947e+00 2.199999988079071045e-02 -7.273877563476562500e+02
3.505196762084960938e+01 3.779999999999999805e+00 2.199999988079071045e-02 -7.273877563476562500e+02
3.514300608634948730e+01 3.660000000000000142e+00 2.199999988079071045e-02 -6.294701538085937500e+02
3.524996328353881836e+01 3.600000000000000089e+00 2.199999988079071045e-02 -2.657763061523437500e+02
3.534096407890319824e+01 3.709999999999999964e+00 2.199999988079071045e-02 -2.797645568847656250e+02
3.545796608924865723e+01 3.799999999999999822e+00 2.199999988079071045e-02 -4.616115112304687500e+02
3.554301142692565918e+01 3.689999999999999947e+00 2.199999988079071045e-02 -6.294701538085937500e+02
3.565596771240234375e+01 3.680000000000000160e+00 2.199999988079071045e-02 -6.294701538085937500e+02
3.574996590614318848e+01 3.729999999999999982e+00 2.199999988079071045e-02 -6.294701538085937500e+02
3.585796546936035156e+01 3.680000000000000160e+00 2.199999988079071045e-02 -7.273877563476562500e+02
3.594797039031982422e+01 3.680000000000000160e+00 2.199999988079071045e-02 -8.113171386718750000e+02
3.604300451278686523e+01 3.680000000000000160e+00 2.199999988079071045e-02 -8.113171386718750000e+02
3.615100431442260742e+01 3.640000000000000124e+00 2.199999988079071045e-02 -6.294701538085937500e+02
3.623996710777282715e+01 3.700000000000000178e+00 2.199999988079071045e-02 -7.273877563476562500e+02
3.635796427726745605e+01 3.669999999999999929e+00 2.199999988079071045e-02 -5.455408935546875000e+02
3.644701504707336426e+01 3.669999999999999929e+00 2.199999988079071045e-02 -3.636938781738281250e+02
3.655500912666320801e+01 3.700000000000000178e+00 2.199999988079071045e-02 -2.657763061523437500e+02
3.664996290206909180e+01 3.779999999999999805e+00 2.199999988079071045e-02 -3.636938781738281250e+02
3.673996901512145996e+01 3.680000000000000160e+00 2.199999988079071045e-02 -5.455408935546875000e+02
3.684796833992004395e+01 3.680000000000000160e+00 2.199999988079071045e-02 -7.133995361328125000e+02
3.694196462631225586e+01 3.669999999999999929e+00 2.199999988079071045e-02 -6.294701538085937500e+02
3.705500769615173340e+01 3.629999999999999893e+00 2.199999988079071045e-02 -5.455408935546875000e+02
3.713996624946594238e+01 3.660000000000000142e+00 2.199999988079071045e-02 -4.476232604980468750e+02
3.725696754455566406e+01 3.700000000000000178e+00 2.199999988079071045e-02 -5.455408935546875000e+02
3.734796786308288574e+01 3.680000000000000160e+00 2.199999988079071045e-02 -4.476232604980468750e+02
3.745500993728637695e+01 3.689999999999999947e+00 2.199999988079071045e-02 -5.315526123046875000e+02
3.754596281051635742e+01 3.680000000000000160e+00 2.199999988079071045e-02 -7.133995361328125000e+02
3.763996863365173340e+01 3.740000000000000213e+00 2.199999988079071045e-02 -7.133995361328125000e+02
3.774797725677490234e+01 3.689999999999999947e+00 2.199999988079071045e-02 -7.273877563476562500e+02
3.784396886825561523e+01 3.680000000000000160e+00 2.199999988079071045e-02 -5.315526123046875000e+02
3.795500802993774414e+01 3.709999999999999964e+00 2.199999988079071045e-02 -3.636938781738281250e+02
3.804096531867980957e+01 3.680000000000000160e+00 2.199999988079071045e-02 -3.636938781738281250e+02
3.815296554565429688e+01 3.720000000000000195e+00 2.199999988079071045e-02 -5.455408935546875000e+02
3.824797248840332031e+01 3.689999999999999947e+00 2.199999988079071045e-02 -7.273877563476562500e+02
3.835596704483032227e+01 3.700000000000000178e+00 2.199999988079071045e-02 -7.133995361328125000e+02
3.844496440887451172e+01 3.680000000000000160e+00 2.199999988079071045e-02 -5.455408935546875000e+02
3.853996825218200684e+01 3.649999999999999911e+00 2.199999988079071045e-02 -5.455408935546875000e+02
3.865196394920349121e+01 3.680000000000000160e+00 2.199999988079071045e-02 -3.636938781738281250e+02
3.875996637344360352e+01 3.689999999999999947e+00 2.199999988079071045e-02 -2.657763061523437500e+02
3.885501646995544434e+01 3.770000000000000018e+00 2.199999988079071045e-02 -3.636938781738281250e+02
3.894496774673461914e+01 3.810000000000000053e+00 2.199999988079071045e-02 -5.455408935546875000e+02
3.905296373367309570e+01 3.750000000000000000e+00 2.199999988079071045e-02 -7.133995361328125000e+02
3.914700508117675781e+01 3.680000000000000160e+00 2.199999988079071045e-02 -7.133995361328125000e+02
3.925996565818786621e+01 3.660000000000000142e+00 2.199999988079071045e-02 -7.273877563476562500e+02
3.934496474266052246e+01 3.669999999999999929e+00 2.199999988079071045e-02 -7.273877563476562500e+02
3.943596673011779785e+01 3.680000000000000160e+00 2.199999988079071045e-02 -6.294701538085937500e+02
3.955296301841735840e+01 3.680000000000000160e+00 2.199999988079071045e-02 -5.315526123046875000e+02
3.965996456146240234e+01 3.649999999999999911e+00 2.199999988079071045e-02 -5.315526123046875000e+02
3.975100255012512207e+01 3.660000000000000142e+00 2.199999988079071045e-02 -6.434584350585937500e+02
3.984496307373046875e+01 3.660000000000000142e+00 2.199999988079071045e-02 -6.294701538085937500e+02
3.995296335220336914e+01 3.680000000000000160e+00 2.199999988079071045e-02 -5.315526123046875000e+02
4.004299902915954590e+01 3.700000000000000178e+00 2.199999988079071045e-02 -4.476232604980468750e+02
4.015996527671813965e+01 3.700000000000000178e+00 2.199999988079071045e-02 -9.791758728027343750e+01
4.024596452713012695e+01 4.019999999999999574e+00 2.199999988079071045e-02 0.000000000000000000e+00
4.035795855522155762e+01 4.150000000000000355e+00 2.199999988079071045e-02 -2.657763061523437500e+02
4.045296335220336914e+01 3.990000000000000213e+00 2.199999988079071045e-02 -5.455408935546875000e+02
4.056096768379211426e+01 3.770000000000000018e+00 2.199999988079071045e-02 -5.455408935546875000e+02
4.064996337890625000e+01 3.680000000000000160e+00 2.199999988079071045e-02 -6.294701538085937500e+02
4.074496269226074219e+01 3.689999999999999947e+00 2.199999988079071045e-02 -5.315526123046875000e+02
4.085696697235107422e+01 3.680000000000000160e+00 2.199999988079071045e-02 -6.294701538085937500e+02
4.094300174713134766e+01 3.640000000000000124e+00 2.199999988079071045e-02 -7.273877563476562500e+02
4.105901551246643066e+01 3.680000000000000160e+00 2.199999988079071045e-02 -6.294701538085937500e+02
4.114997339248657227e+01 3.620000000000000107e+00 2.199999988079071045e-02 -6.294701538085937500e+02
4.125797176361083984e+01 3.660000000000000142e+00 2.199999988079071045e-02 -5.315526123046875000e+02
4.135196518898010254e+01 3.700000000000000178e+00 2.199999988079071045e-02 -5.455408935546875000e+02
4.144300222396850586e+01 3.649999999999999911e+00 2.199999988079071045e-02 -4.476232604980468750e+02
4.154996490478515625e+01 3.680000000000000160e+00 2.199999988079071045e-02 -4.476232604980468750e+02
4.164096450805664062e+01 3.709999999999999964e+00 2.199999988079071045e-02 -2.657763061523437500e+02
4.175796699523925781e+01 3.720000000000000195e+00 2.199999988079071045e-02 -2.657763061523437500e+02
4.184300661087036133e+01 3.660000000000000142e+00 2.199999988079071045e-02 -4.476232604980468750e+02
4.195596480369567871e+01 3.709999999999999964e+00 2.199999988079071045e-02 -5.455408935546875000e+02
4.204996204376220703e+01 3.529999999999999805e+00 2.199999988079071045e-02 -8.392935943603515625e+01
4.215796566009521484e+01 3.680000000000000160e+00 2.199999988079071045e-02 -8.392935943603515625e+01
4.224797105789184570e+01 3.850000000000000089e+00 2.199999988079071045e-02 -3.636938781738281250e+02
4.234299755096435547e+01 3.700000000000000178e+00 2.199999988079071045e-02 -2.657763061523437500e+02
4.245100426673889160e+01 3.660000000000000142e+00 2.199999988079071045e-02 0.000000000000000000e+00
4.253996443748474121e+01 3.850000000000000089e+00 2.199999988079071045e-02 0.000000000000000000e+00
4.265796494483947754e+01 4.019999999999999574e+00 2.199999988079071045e-02 0.000000000000000000e+00
4.274700284004211426e+01 4.019999999999999574e+00 2.199999988079071045e-02 0.000000000000000000e+00
4.285500431060791016e+01 3.270000000000000018e+00 2.199999988079071045e-02 0.000000000000000000e+00
4.294996142387390137e+01 2.290000000000000036e+00 2.199999988079071045e-02 0.000000000000000000e+00
4.303996658325195312e+01 1.189999999999999947e+00 2.199999988079071045e-02 1.818469390869140625e+02
4.314796900749206543e+01 1.080000000000000071e+00 2.199999988079071045e-02 1.818469390869140625e+02
4.324199271202087402e+01 1.090000000000000080e+00 2.199999988079071045e-02 3.636938781738281250e+02
4.335500288009643555e+01 1.090000000000000080e+00 2.199999988079071045e-02 4.476232604980468750e+02
4.343996477127075195e+01 1.149999999999999911e+00 2.199999988079071045e-02 2.657763061523437500e+02
4.355696821212768555e+01 1.100000000000000089e+00 2.199999988079071045e-02 0.000000000000000000e+00
4.364796710014343262e+01 1.010000000000000009e+00 2.199999988079071045e-02 2.797645568847656250e+02
4.375500297546386719e+01 1.040000000000000036e+00 2.199999988079071045e-02 5.455408935546875000e+02
4.384596395492553711e+01 1.070000000000000062e+00 2.199999988079071045e-02 5.455408935546875000e+02
4.393996644020080566e+01 1.169999999999999929e+00 2.199999988079071045e-02 3.636938781738281250e+02
4.404798483848571777e+01 1.139999999999999902e+00 2.199999988079071045e-02 1.818469390869140625e+02
4.414496302604675293e+01 1.070000000000000062e+00 2.199999988079071045e-02 3.636938781738281250e+02
4.425500822067260742e+01 1.080000000000000071e+00 2.199999988079071045e-02 5.455408935546875000e+02
4.434096360206604004e+01 1.120000000000000107e+00 2.199999988079071045e-02 6.294701538085937500e+02
4.445296454429626465e+01 1.179999999999999938e+00 2.199999988079071045e-02 5.315526123046875000e+02
4.454806613922119141e+01 1.149999999999999911e+00 2.199999988079071045e-02 4.476232604980468750e+02
4.465596532821655273e+01 1.080000000000000071e+00 2.199999988079071045e-02 5.455408935546875000e+02
4.474496364593505859e+01 1.179999999999999938e+00 2.199999988079071045e-02 2.797645568847656250e+02
4.483997035026550293e+01 1.129999999999999893e+00 2.199999988079071045e-02 3.636938781738281250e+02
4.495196580886840820e+01 1.120000000000000107e+00 2.199999988079071045e-02 4.476232604980468750e+02
4.505996441841125488e+01 1.050000000000000044e+00 2.199999988079071045e-02 5.455408935546875000e+02
4.515501236915588379e+01 1.120000000000000107e+00 2.199999988079071045e-02 6.294701538085937500e+02
4.524496603012084961e+01 1.110000000000000098e+00 2.199999988079071045e-02 7.273877563476562500e+02
4.535296654701232910e+01 1.090000000000000080e+00 2.199999988079071045e-02 6.294701538085937500e+02
4.544701075553894043e+01 1.159999999999999920e+00 2.199999988079071045e-02 5.455408935546875000e+02
4.555996346473693848e+01 1.159999999999999920e+00 2.199999988079071045e-02 6.294701538085937500e+02
4.564496326446533203e+01 1.129999999999999893e+00 2.199999988079071045e-02 5.315526123046875000e+02
4.573596763610839844e+01 1.159999999999999920e+00 2.199999988079071045e-02 6.294701538085937500e+02
4.585296392440795898e+01 1.120000000000000107e+00 2.199999988079071045e-02 6.294701538085937500e+02
4.595996546745300293e+01 1.060000000000000053e+00 2.199999988079071045e-02 7.273877563476562500e+02
4.605101180076599121e+01 1.139999999999999902e+00 2.199999988079071045e-02 8.952465209960937500e+02
4.614496254920959473e+01 1.179999999999999938e+00 2.199999988079071045e-02 8.113171386718750000e+02
4.625296354293823242e+01 1.189999999999999947e+00 2.199999988079071045e-02 6.294701538085937500e+02
4.634299969673156738e+01 1.189999999999999947e+00 2.199999988079071045e-02 6.294701538085937500e+02
4.645996761322021484e+01 1.129999999999999893e+00 2.199999988079071045e-02 5.455408935546875000e+02
4.654596447944641113e+01 1.199999999999999956e+00 2.199999988079071045e-02 5.455408935546875000e+02
4.665796661376953125e+01 1.159999999999999920e+00 2.199999988079071045e-02 5.455408935546875000e+02
4.675296521186828613e+01 1.139999999999999902e+00 2.199999988079071045e-02 6.294701538085937500e+02
4.684196567535400391e+01 1.189999999999999947e+00 2.199999988079071045e-02 6.294701538085937500e+02
4.694996547698974609e+01 1.169999999999999929e+00 2.199999988079071045e-02 5.455408935546875000e+02
4.704496526718139648e+01 1.100000000000000089e+00 2.199999988079071045e-02 4.476232604980468750e+02
4.715696740150451660e+01 1.120000000000000107e+00 2.199999988079071045e-02 5.455408935546875000e+02
4.724301290512084961e+01 1.139999999999999902e+00 2.199999988079071045e-02 5.315526123046875000e+02
4.735900235176086426e+01 1.149999999999999911e+00 2.199999988079071045e-02 4.476232604980468750e+02
4.744996261596679688e+01 1.139999999999999902e+00 2.199999988079071045e-02 4.476232604980468750e+02
4.755796599388122559e+01 1.149999999999999911e+00 2.199999988079071045e-02 5.455408935546875000e+02
4.765197086334228516e+01 1.179999999999999938e+00 2.199999988079071045e-02 4.476232604980468750e+02
4.774300074577331543e+01 1.090000000000000080e+00 2.199999988079071045e-02 2.657763061523437500e+02
4.784996461868286133e+01 1.100000000000000089e+00 2.199999988079071045e-02 1.818469390869140625e+02
4.794096779823303223e+01 1.100000000000000089e+00 2.199999988079071045e-02 4.476232604980468750e+02
4.805796742439270020e+01 1.090000000000000080e+00 2.199999988079071045e-02 6.294701538085937500e+02
4.814300775527954102e+01 1.129999999999999893e+00 2.199999988079071045e-02 6.294701538085937500e+02
4.825596809387207031e+01 1.149999999999999911e+00 2.199999988079071045e-02 6.294701538085937500e+02
4.834996247291564941e+01 1.189999999999999947e+00 2.199999988079071045e-02 6.294701538085937500e+02
4.845806717872619629e+01 1.139999999999999902e+00 2.199999988079071045e-02 3.636938781738281250e+02
4.854796838760375977e+01 1.110000000000000098e+00 2.199999988079071045e-02 5.455408935546875000e+02
4.864300370216369629e+01 1.110000000000000098e+00 2.199999988079071045e-02 5.455408935546875000e+02
4.875102019309997559e+01 1.110000000000000098e+00 2.199999988079071045e-02 7.273877563476562500e+02
4.883996534347534180e+01 1.120000000000000107e+00 2.199999988079071045e-02 8.113171386718750000e+02
4.895796418190002441e+01 1.219999999999999973e+00 2.199999988079071045e-02 7.133995361328125000e+02
4.904699969291687012e+01 1.189999999999999947e+00 2.199999988079071045e-02 4.476232604980468750e+02
4.915500426292419434e+01 1.090000000000000080e+00 2.199999988079071045e-02 5.455408935546875000e+02
4.924996209144592285e+01 1.159999999999999920e+00 2.199999988079071045e-02 4.476232604980468750e+02
4.933996939659118652e+01 1.120000000000000107e+00 2.199999988079071045e-02 7.273877563476562500e+02
4.944797134399414062e+01 1.129999999999999893e+00 2.199999988079071045e-02 7.133995361328125000e+02
4.954196381568908691e+01 1.149999999999999911e+00 2.199999988079071045e-02 6.434584350585937500e+02
4.965500807762145996e+01 1.139999999999999902e+00 2.199999988079071045e-02 7.133995361328125000e+02
4.974000763893127441e+01 1.090000000000000080e+00 2.199999988079071045e-02 7.973289184570312500e+02
4.985697054862976074e+01 1.149999999999999911e+00 2.199999988079071045e-02 7.133995361328125000e+02
4.994796776771545410e+01 1.110000000000000098e+00 2.199999988079071045e-02 9.092347412109375000e+02
5.005501222610473633e+01 1.169999999999999929e+00 2.199999988079071045e-02 8.113171386718750000e+02
5.014596462249755859e+01 1.189999999999999947e+00 2.199999988079071045e-02 4.476232604980468750e+02
5.023996567726135254e+01 1.149999999999999911e+00 2.199999988079071045e-02 3.636938781738281250e+02
5.034797024726867676e+01 1.189999999999999947e+00 2.199999988079071045e-02 2.657763061523437500e+02
5.045996713638305664e+01 1.159999999999999920e+00 2.199999988079071045e-02 3.636938781738281250e+02
5.055500841140747070e+01 1.110000000000000098e+00 2.199999988079071045e-02 3.497056579589843750e+02
5.064097404479980469e+01 1.120000000000000107e+00 2.199999988079071045e-02 3.636938781738281250e+02
5.075296401977539062e+01 1.100000000000000089e+00 2.199999988079071045e-02 5.315526123046875000e+02
5.084796380996704102e+01 1.159999999999999920e+00 2.199999988079071045e-02 6.294701538085937500e+02
5.095596194267272949e+01 1.149999999999999911e+00 2.199999988079071045e-02 4.476232604980468750e+02
5.104496192932128906e+01 1.139999999999999902e+00 2.199999988079071045e-02 3.497056579589843750e+02
5.113996505737304688e+01 1.159999999999999920e+00 2.199999988079071045e-02 3.636938781738281250e+02
5.125196743011474609e+01 1.179999999999999938e+00 2.199999988079071045e-02 5.455408935546875000e+02
5.135996317863464355e+01 1.090000000000000080e+00 2.199999988079071045e-02 7.133995361328125000e+02
5.145501160621643066e+01 1.100000000000000089e+00 2.199999988079071045e-02 8.113171386718750000e+02
5.154496335983276367e+01 1.189999999999999947e+00 2.199999988079071045e-02 8.113171386718750000e+02
5.165295648574829102e+01 1.199999999999999956e+00 2.199999988079071045e-02 4.476232604980468750e+02
5.174701642990112305e+01 1.219999999999999973e+00 2.199999988079071045e-02 4.476232604980468750e+02
5.184496235847473145e+01 1.199999999999999956e+00 2.199999988079071045e-02 4.476232604980468750e+02
5.194496226310729980e+01 1.149999999999999911e+00 2.199999988079071045e-02 4.476232604980468750e+02
5.203596639633178711e+01 1.070000000000000062e+00 2.199999988079071045e-02 5.315526123046875000e+02
5.215296125411987305e+01 1.129999999999999893e+00 2.199999988079071045e-02 5.315526123046875000e+02
5.225996565818786621e+01 1.149999999999999911e+00 2.199999988079071045e-02 5.315526123046875000e+02
5.235100889205932617e+01 1.120000000000000107e+00 2.199999988079071045e-02 4.616115112304687500e+02
5.244496750831604004e+01 1.100000000000000089e+00 2.199999988079071045e-02 5.315526123046875000e+02
5.255296468734741211e+01 1.149999999999999911e+00 2.199999988079071045e-02 6.294701538085937500e+02
5.264301323890686035e+01 1.139999999999999902e+00 2.199999988079071045e-02 7.273877563476562500e+02
5.275901222229003906e+01 1.149999999999999911e+00 2.199999988079071045e-02 5.455408935546875000e+02
5.284596300125122070e+01 1.159999999999999920e+00 2.199999988079071045e-02 5.315526123046875000e+02
5.295796632766723633e+01 1.129999999999999893e+00 2.199999988079071045e-02 4.616115112304687500e+02
5.305296421051025391e+01 1.080000000000000071e+00 2.199999988079071045e-02 5.455408935546875000e+02
5.314196372032165527e+01 1.179999999999999938e+00 2.199999988079071045e-02 4.476232604980468750e+02
5.324996495246887207e+01 1.169999999999999929e+00 2.199999988079071045e-02 4.476232604980468750e+02
5.334496498107910156e+01 1.169999999999999929e+00 2.199999988079071045e-02 4.476232604980468750e+02
5.345696902275085449e+01 1.129999999999999893e+00 2.199999988079071045e-02 4.476232604980468750e+02
5.354300951957702637e+01 1.169999999999999929e+00 2.199999988079071045e-02 4.476232604980468750e+02
5.365900802612304688e+01 1.139999999999999902e+00 2.199999988079071045e-02 5.455408935546875000e+02
5.374996542930603027e+01 1.149999999999999911e+00 2.199999988079071045e-02 3.636938781738281250e+02
5.385796737670898438e+01 1.100000000000000089e+00 2.199999988079071045e-02 5.315526123046875000e+02
5.395196652412414551e+01 1.179999999999999938e+00 2.199999988079071045e-02 4.476232604980468750e+02
5.404301524162292480e+01 1.179999999999999938e+00 2.199999988079071045e-02 3.636938781738281250e+02
5.414996242523193359e+01 1.169999999999999929e+00 2.199999988079071045e-02 3.636938781738281250e+02
5.424096274375915527e+01 1.139999999999999902e+00 2.199999988079071045e-02 3.636938781738281250e+02
5.435796427726745605e+01 1.139999999999999902e+00 2.199999988079071045e-02 4.476232604980468750e+02
5.444300436973571777e+01 1.169999999999999929e+00 2.199999988079071045e-02 4.476232604980468750e+02
5.455596733093261719e+01 1.129999999999999893e+00 2.199999988079071045e-02 3.497056579589843750e+02
5.464996194839477539e+01 1.120000000000000107e+00 2.199999988079071045e-02 2.797645568847656250e+02
5.475796508789062500e+01 1.120000000000000107e+00 2.199999988079071045e-02 3.636938781738281250e+02
5.484796857833862305e+01 1.149999999999999911e+00 2.199999988079071045e-02 4.476232604980468750e+02
5.494300031661987305e+01 1.110000000000000098e+00 2.199999988079071045e-02 5.455408935546875000e+02
5.505100774765014648e+01 1.110000000000000098e+00 2.199999988079071045e-02 5.315526123046875000e+02
5.513996338844299316e+01 1.189999999999999947e+00 2.199999988079071045e-02 5.455408935546875000e+02
5.525796890258789062e+01 1.199999999999999956e+00 2.199999988079071045e-02 3.636938781738281250e+02
5.534700202941894531e+01 1.219999999999999973e+00 2.199999988079071045e-02 2.657763061523437500e+02
5.545501065254211426e+01 1.080000000000000071e+00 2.199999988079071045e-02 3.497056579589843750e+02
5.554996204376220703e+01 1.090000000000000080e+00 2.199999988079071045e-02 4.476232604980468750e+02
5.565596413612365723e+01 1.159999999999999920e+00 2.199999988079071045e-02 6.294701538085937500e+02
5.574796819686889648e+01 1.169999999999999929e+00 2.199999988079071045e-02 3.636938781738281250e+02
5.584196472167968750e+01 1.189999999999999947e+00 2.199999988079071045e-02 1.818469390869140625e+02
5.595500683784484863e+01 1.139999999999999902e+00 2.199999988079071045e-02 9.791758728027343750e+01
5.603996777534484863e+01 1.090000000000000080e+00 2.199999988079071045e-02 9.791758728027343750e+01
5.615696835517883301e+01 1.100000000000000089e+00 2.199999988079071045e-02 0.000000000000000000e+00
5.624796628952026367e+01 1.149999999999999911e+00 2.199999988079071045e-02 0.000000000000000000e+00
5.635501766204833984e+01 1.300000000000000044e+00 2.199999988079071045e-02 0.000000000000000000e+00
5.644596266746520996e+01 2.939999999999999947e+00 2.199999988079071045e-02 -5.315526123046875000e+02
5.653996872901916504e+01 3.990000000000000213e+00 2.199999988079071045e-02 -1.091081787109375000e+03
5.664797163009643555e+01 3.830000000000000071e+00 2.199999988079071045e-02 -1.342869750976562500e+03
5.675996351242065430e+01 3.779999999999999805e+00 2.199999988079071045e-02 -1.356857910156250000e+03
5.685501241683959961e+01 3.709999999999999964e+00 2.199999988079071045e-02 -1.524716674804687500e+03
5.694096255302429199e+01 3.600000000000000089e+00 2.199999988079071045e-02 -1.622634277343750000e+03
5.705296397209167480e+01 3.600000000000000089e+00 2.199999988079071045e-02 -1.720551879882812500e+03
5.714796710014343262e+01 3.589999999999999858e+00 2.199999988079071045e-02 -1.986328247070312500e+03
5.725597548484802246e+01 3.529999999999999805e+00 2.199999988079071045e-02 -1.888410644531250000e+03
5.734496307373046875e+01 3.529999999999999805e+00 2.199999988079071045e-02 -1.622634277343750000e+03
5.743997478485107422e+01 3.479999999999999982e+00 2.199999988079071045e-02 -1.524716674804687500e+03
5.755197119712829590e+01 3.589999999999999858e+00 2.199999988079071045e-02 -1.524716674804687500e+03
5.765996193885803223e+01 3.640000000000000124e+00 2.199999988079071045e-02 -1.804481201171875000e+03
5.775500130653381348e+01 3.620000000000000107e+00 2.199999988079071045e-02 -1.972340087890625000e+03
5.784496283531188965e+01 3.560000000000000053e+00 2.199999988079071045e-02 -1.888410644531250000e+03
5.795296263694763184e+01 3.490000000000000213e+00 2.199999988079071045e-02 -1.804481201171875000e+03
5.804700303077697754e+01 3.500000000000000000e+00 2.199999988079071045e-02 -1.888410644531250000e+03
5.815396165847778320e+01 3.490000000000000213e+00 2.199999988079071045e-02 -1.888410644531250000e+03
5.824496531486511230e+01 3.640000000000000124e+00 2.199999988079071045e-02 -2.070257568359375000e+03
5.833598494529724121e+01 3.560000000000000053e+00 2.199999988079071045e-02 -2.350021972656250000e+03
5.847500181198120117e+01 3.520000000000000018e+00 2.199999988079071045e-02 -2.336033691406250000e+03
5.855996656417846680e+01 3.520000000000000018e+00 2.199999988079071045e-02 -2.336033691406250000e+03
5.867696595191955566e+01 3.410000000000000142e+00 2.199999988079071045e-02 -1.972340087890625000e+03
5.876796698570251465e+01 3.459999999999999964e+00 2.199999988079071045e-02 -1.986328247070312500e+03
5.887501907348632812e+01 3.509999999999999787e+00 2.199999988079071045e-02 -1.706563598632812500e+03
5.896596455574035645e+01 3.549999999999999822e+00 2.199999988079071045e-02 -1.706563598632812500e+03
5.905996727943420410e+01 3.589999999999999858e+00 2.199999988079071045e-02 -2.070257568359375000e+03
5.916796779632568359e+01 3.609999999999999876e+00 2.199999988079071045e-02 -2.252104736328125000e+03
5.925796532630920410e+01 3.450000000000000178e+00 2.199999988079071045e-02 -2.070257568359375000e+03
5.937501239776611328e+01 3.439999999999999947e+00 2.199999988079071045e-02 -1.720551879882812500e+03
5.946096348762512207e+01 3.439999999999999947e+00 2.199999988079071045e-02 -1.524716674804687500e+03
5.957296371459960938e+01 3.509999999999999787e+00 2.199999988079071045e-02 -1.272928588867187500e+03
5.966796660423278809e+01 3.580000000000000071e+00 2.199999988079071045e-02 -1.161022827148437500e+03
5.977596664428710938e+01 3.600000000000000089e+00 2.199999988079071045e-02 -1.175010986328125000e+03
5.986496853828430176e+01 3.580000000000000071e+00 2.199999988079071045e-02 -9.791759033203125000e+02
5.996006631851196289e+01 3.580000000000000071e+00 2.199999988079071045e-02 -1.077093505859375000e+03
6.007196927070617676e+01 3.609999999999999876e+00 2.199999988079071045e-02 -1.258940307617187500e+03
6.017996001243591309e+01 3.589999999999999858e+00 2.199999988079071045e-02 -1.272928588867187500e+03
6.027500700950622559e+01 3.560000000000000053e+00 2.199999988079071045e-02 -1.161022827148437500e+03
6.036496305465698242e+01 3.600000000000000089e+00 2.199999988079071045e-02 -1.077093505859375000e+03
6.047296285629272461e+01 3.299999999999999822e+00 2.199999988079071045e-02 0.000000000000000000e+00
6.056701254844665527e+01 1.919999999999999929e+00 2.199999988079071045e-02 0.000000000000000000e+00
6.066496229171752930e+01 1.969999999999999973e+00 2.199999988079071045e-02 0.000000000000000000e+00
6.076496338844299316e+01 1.479999999999999982e+00 2.199999988079071045e-02 3.497056579589843750e+02
6.085596585273742676e+01 8.900000000000000133e-01 2.199999988079071045e-02 1.440787353515625000e+03
6.097296309471130371e+01 8.800000000000000044e-01 2.199999988079071045e-02 2.433951416015625000e+03
6.107996749877929688e+01 1.030000000000000027e+00 2.199999988079071045e-02 2.699727783203125000e+03
6.117100787162780762e+01 1.179999999999999938e+00 2.199999988079071045e-02 2.419963134765625000e+03
6.126495313644409180e+01 1.120000000000000107e+00 2.199999988079071045e-02 2.252104736328125000e+03
6.137296080589294434e+01 1.189999999999999947e+00 2.199999988079071045e-02 1.986328247070312500e+03
6.146300578117370605e+01 1.179999999999999938e+00 2.199999988079071045e-02 2.070257568359375000e+03
6.157996654510498047e+01 1.189999999999999947e+00 2.199999988079071045e-02 2.168175292968750000e+03
6.166597199440002441e+01 1.139999999999999902e+00 2.199999988079071045e-02 2.070257568359375000e+03
6.177798032760620117e+01 1.159999999999999920e+00 2.199999988079071045e-02 2.070257568359375000e+03
6.187295675277709961e+01 1.139999999999999902e+00 2.199999988079071045e-02 1.902398925781250000e+03
6.196701383590698242e+01 1.139999999999999902e+00 2.199999988079071045e-02 1.888410644531250000e+03
6.206997036933898926e+01 1.179999999999999938e+00 2.199999988079071045e-02 1.972340087890625000e+03
6.216496229171752930e+01 1.100000000000000089e+00 2.199999988079071045e-02 2.168175292968750000e+03
6.227696585655212402e+01 1.110000000000000098e+00 2.199999988079071045e-02 2.517880615234375000e+03
6.236300706863403320e+01 1.090000000000000080e+00 2.199999988079071045e-02 2.699727783203125000e+03
6.247996330261230469e+01 1.219999999999999973e+00 2.199999988079071045e-02 2.168175292968750000e+03
6.256996798515319824e+01 1.199999999999999956e+00 2.199999988079071045e-02 1.804481201171875000e+03
6.267796421051025391e+01 1.209999999999999964e+00 2.199999988079071045e-02 1.888410644531250000e+03
6.277196455001831055e+01 1.110000000000000098e+00 2.199999988079071045e-02 2.252104736328125000e+03
6.286301374435424805e+01 1.139999999999999902e+00 2.199999988079071045e-02 2.252104736328125000e+03
6.296996259689331055e+01 1.139999999999999902e+00 2.199999988079071045e-02 2.070257568359375000e+03
6.306096291542053223e+01 1.229999999999999982e+00 2.199999988079071045e-02 1.706563598632812500e+03
6.317796349525451660e+01 1.209999999999999964e+00 2.199999988079071045e-02 1.356857910156250000e+03
6.326300477981567383e+01 1.199999999999999956e+00 2.199999988079071045e-02 1.440787353515625000e+03
6.337596869468688965e+01 1.060000000000000053e+00 2.199999988079071045e-02 2.070257568359375000e+03
6.346996402740478516e+01 1.110000000000000098e+00 2.199999988079071045e-02 1.972340087890625000e+03
6.357796525955200195e+01 1.250000000000000000e+00 2.199999988079071045e-02 1.622634277343750000e+03
6.366796851158142090e+01 1.209999999999999964e+00 2.199999988079071045e-02 1.706563598632812500e+03
6.376300287246704102e+01 1.149999999999999911e+00 2.199999988079071045e-02 1.608645996093750000e+03
6.387101721763610840e+01 1.129999999999999893e+00 2.199999988079071045e-02 1.608645996093750000e+03
6.395996451377868652e+01 1.159999999999999920e+00 2.199999988079071045e-02 1.706563598632812500e+03
6.407798480987548828e+01 1.199999999999999956e+00 2.199999988079071045e-02 1.258940307617187500e+03
6.416700434684753418e+01 1.520000000000000018e+00 2.199999988079071045e-02 0.000000000000000000e+00
6.427500414848327637e+01 1.580000000000000071e+00 2.199999988079071045e-02 0.000000000000000000e+00
6.436996054649353027e+01 1.699999999999999956e+00 2.199999988079071045e-02 0.000000000000000000e+00
6.445995688438415527e+01 1.270000000000000018e+00 2.199999988079071045e-02 0.000000000000000000e+00
6.456796932220458984e+01 1.360000000000000098e+00 2.199999988079071045e-02 0.000000000000000000e+00
6.466196441650390625e+01 1.340000000000000080e+00 2.199999988079071045e-02 0.000000000000000000e+00
6.477501201629638672e+01 1.330000000000000071e+00 2.199999988079071045e-02 0.000000000000000000e+00
