9.492301940917968750e-02 3.839999999999999858e+00 6.199999898672103882e-02 0.000000000000000000e+00
1.869246959686279297e-01 3.839999999999999858e+00 6.199999898672103882e-02 0.000000000000000000e+00
2.779269218444824219e-01 3.839999999999999858e+00 6.199999898672103882e-02 0.000000000000000000e+00
3.899233341217041016e-01 3.839999999999999858e+00 6.199999898672103882e-02 0.000000000000000000e+00
4.789211750030517578e-01 3.890000000000000124e+00 6.199999898672103882e-02 0.000000000000000000e+00
5.919754505157470703e-01 3.959999999999999964e+00 6.199999898672103882e-02 0.000000000000000000e+00
6.819248199462890625e-01 4.049999999999999822e+00 6.199999898672103882e-02 0.000000000000000000e+00
7.929251194000244141e-01 4.209999999999999964e+00 6.199999898672103882e-02 0.000000000000000000e+00
8.829247951507568359e-01 4.419999999999999929e+00 6.199999898672103882e-02 0.000000000000000000e+00
9.949223995208740234e-01 4.490000000000000213e+00 6.199999898672103882e-02 0.000000000000000000e+00
1.085923194885253906e+00 4.669999999999999929e+00 6.199999898672103882e-02 0.000000000000000000e+00
1.181922435760498047e+00 4.940000000000000391e+00 6.199999898672103882e-02 0.000000000000000000e+00
1.285921573638916016e+00 5.219999999999999751e+00 6.199999898672103882e-02 0.000000000000000000e+00
1.376923799514770508e+00 5.530000000000000249e+00 6.199999898672103882e-02 0.000000000000000000e+00
1.489924669265747070e+00 5.839999999999999858e+00 6.199999898672103882e-02 0.000000000000000000e+00
1.579959392547607422e+00 6.129999999999999893e+00 6.199999898672103882e-02 0.000000000000000000e+00
1.686923980712890625e+00 6.440000000000000391e+00 6.199999898672103882e-02 0.000000000000000000e+00
1.775976419448852539e+00 6.790000000000000036e+00 6.199999898672103882e-02 0.000000000000000000e+00
1.893925666809082031e+00 6.969999999999999751e+00 6.199999898672103882e-02 0.000000000000000000e+00
1.979963779449462891e+00 7.330000000000000071e+00 6.199999898672103882e-02 0.000000000000000000e+00
2.090932369232177734e+00 7.599999999999999645e+00 6.199999898672103882e-02 0.000000000000000000e+00
2.185923337936401367e+00 7.790000000000000036e+00 6.199999898672103882e-02 0.000000000000000000e+00
2.294920682907104492e+00 8.230000000000000426e+00 6.199999898672103882e-02 0.000000000000000000e+00
2.383972644805908203e+00 8.710000000000000853e+00 6.199999898672103882e-02 0.000000000000000000e+00
2.474938869476318359e+00 8.919999999999999929e+00 2.800000086426734924e-02 -1.342869750976562500e+03
2.587960958480834961e+00 4.700000000000000178e+00 2.800000086426734924e-02 -5.455408935546875000e+02
2.675972461700439453e+00 4.389999999999999680e+00 2.800000086426734924e-02 -1.818469390869140625e+02
2.789921522140502930e+00 4.629999999999999893e+00 2.800000086426734924e-02 -3.636938781738281250e+02
2.883974313735961914e+00 4.589999999999999858e+00 2.800000086426734924e-02 -3.636938781738281250e+02
2.990921974182128906e+00 4.629999999999999893e+00 2.800000086426734924e-02 -3.497056579589843750e+02
3.081925392150878906e+00 4.639999999999999680e+00 2.800000086426734924e-02 -5.455408935546875000e+02
3.176922798156738281e+00 4.549999999999999822e+00 2.800000086426734924e-02 -6.294701538085937500e+02
3.284020900726318359e+00 4.570000000000000284e+00 2.800000086426734924e-02 -7.273877563476562500e+02
3.373973608016967773e+00 4.519999999999999574e+00 2.800000086426734924e-02 -5.455408935546875000e+02
3.491961956024169922e+00 4.400000000000000355e+00 2.800000086426734924e-02 -5.455408935546875000e+02
3.576923847198486328e+00 4.440000000000000391e+00 2.800000086426734924e-02 -6.294701538085937500e+02
3.688924312591552734e+00 4.450000000000000178e+00 2.800000086426734924e-02 -4.476232604980468750e+02
3.783982276916503906e+00 4.469999999999999751e+00 2.800000086426734924e-02 -4.476232604980468750e+02
3.891966819763183594e+00 4.559999999999999609e+00 2.800000086426734924e-02 -7.133995361328125000e+02
3.980922937393188477e+00 4.429999999999999716e+00 2.800000086426734924e-02 -7.133995361328125000e+02
4.075961112976074219e+00 4.349999999999999645e+00 2.800000086426734924e-02 -5.455408935546875000e+02
4.184927701950073242e+00 4.379999999999999893e+00 2.800000086426734924e-02 -7.273877563476562500e+02
4.294919967651367188e+00 4.349999999999999645e+00 2.800000086426734924e-02 -5.455408935546875000e+02
4.390922307968139648e+00 4.339999999999999858e+00 2.800000086426734924e-02 -4.476232604980468750e+02
4.477923154830932617e+00 4.349999999999999645e+00 2.800000086426734924e-02 -4.476232604980468750e+02
4.588924646377563477e+00 4.339999999999999858e+00 2.800000086426734924e-02 -4.616115112304687500e+02
4.679958105087280273e+00 4.419999999999999929e+00 2.800000086426734924e-02 -3.636938781738281250e+02
4.792924404144287109e+00 4.410000000000000142e+00 2.800000086426734924e-02 -3.636938781738281250e+02
4.880924463272094727e+00 4.400000000000000355e+00 2.800000086426734924e-02 -2.657763061523437500e+02
4.994927883148193359e+00 4.419999999999999929e+00 2.800000086426734924e-02 -1.818469390869140625e+02
5.088939428329467773e+00 4.490000000000000213e+00 2.800000086426734924e-02 -1.818469390869140625e+02
5.181009054183959961e+00 4.519999999999999574e+00 2.800000086426734924e-02 -2.657763061523437500e+02
5.286923646926879883e+00 4.480000000000000426e+00 2.800000086426734924e-02 -1.678587188720703125e+02
5.381922721862792969e+00 4.500000000000000000e+00 2.800000086426734924e-02 -2.797645568847656250e+02
5.488925457000732422e+00 4.400000000000000355e+00 2.800000086426734924e-02 -1.818469390869140625e+02
5.578929901123046875e+00 4.459999999999999964e+00 2.800000086426734924e-02 -3.636938781738281250e+02
5.673925876617431641e+00 4.349999999999999645e+00 2.800000086426734924e-02 -3.636938781738281250e+02
5.781922817230224609e+00 4.440000000000000391e+00 2.800000086426734924e-02 -4.476232604980468750e+02
5.893931627273559570e+00 4.429999999999999716e+00 2.800000086426734924e-02 -2.797645568847656250e+02
5.988923549652099609e+00 4.450000000000000178e+00 2.800000086426734924e-02 -2.797645568847656250e+02
6.074927806854248047e+00 4.500000000000000000e+00 2.800000086426734924e-02 -2.797645568847656250e+02
6.185922861099243164e+00 4.509999999999999787e+00 2.800000086426734924e-02 -2.797645568847656250e+02
6.280924558639526367e+00 4.540000000000000036e+00 2.800000086426734924e-02 -3.636938781738281250e+02
6.389922618865966797e+00 4.519999999999999574e+00 2.800000086426734924e-02 -3.636938781738281250e+02
6.478922367095947266e+00 4.500000000000000000e+00 2.800000086426734924e-02 -5.315526123046875000e+02
6.595965385437011719e+00 4.419999999999999929e+00 2.800000086426734924e-02 -3.497056579589843750e+02
6.682934284210205078e+00 4.320000000000000284e+00 2.800000086426734924e-02 -3.497056579589843750e+02
6.793925285339355469e+00 4.450000000000000178e+00 2.800000086426734924e-02 -3.636938781738281250e+02
6.884925603866577148e+00 4.490000000000000213e+00 2.800000086426734924e-02 -4.476232604980468750e+02
6.978926420211791992e+00 4.370000000000000107e+00 2.800000086426734924e-02 -3.636938781738281250e+02
7.085923433303833008e+00 4.459999999999999964e+00 2.800000086426734924e-02 -2.657763061523437500e+02
7.176926136016845703e+00 4.519999999999999574e+00 2.800000086426734924e-02 -4.476232604980468750e+02
7.293925046920776367e+00 4.509999999999999787e+00 2.800000086426734924e-02 -4.476232604980468750e+02
7.378920555114746094e+00 4.490000000000000213e+00 2.800000086426734924e-02 -5.455408935546875000e+02
7.491955995559692383e+00 4.389999999999999680e+00 2.800000086426734924e-02 -5.315526123046875000e+02
7.586921691894531250e+00 4.320000000000000284e+00 2.800000086426734924e-02 -4.476232604980468750e+02
7.693945407867431641e+00 4.450000000000000178e+00 2.800000086426734924e-02 -4.476232604980468750e+02
7.783989429473876953e+00 4.440000000000000391e+00 2.800000086426734924e-02 -4.476232604980468750e+02
7.878930568695068359e+00 4.459999999999999964e+00 2.800000086426734924e-02 -4.476232604980468750e+02
7.986923694610595703e+00 4.379999999999999893e+00 2.800000086426734924e-02 -3.636938781738281250e+02
8.075965166091918945e+00 4.480000000000000426e+00 2.800000086426734924e-02 -3.636938781738281250e+02
8.193923950195312500e+00 4.490000000000000213e+00 2.800000086426734924e-02 -3.497056579589843750e+02
8.279962301254272461e+00 4.400000000000000355e+00 2.800000086426734924e-02 -6.294701538085937500e+02
8.390921831130981445e+00 4.299999999999999822e+00 2.800000086426734924e-02 -5.455408935546875000e+02
8.485923767089843750e+00 4.389999999999999680e+00 2.800000086426734924e-02 -5.315526123046875000e+02
8.593925237655639648e+00 4.299999999999999822e+00 2.800000086426734924e-02 -4.476232604980468750e+02
8.683968544006347656e+00 4.400000000000000355e+00 2.800000086426734924e-02 -3.636938781738281250e+02
8.774929523468017578e+00 4.480000000000000426e+00 2.800000086426734924e-02 -4.476232604980468750e+02
8.887961387634277344e+00 4.540000000000000036e+00 2.800000086426734924e-02 -4.476232604980468750e+02
8.975962400436401367e+00 4.490000000000000213e+00 2.800000086426734924e-02 -5.315526123046875000e+02
9.089924812316894531e+00 4.419999999999999929e+00 2.800000086426734924e-02 -3.636938781738281250e+02
9.183975934982299805e+00 4.440000000000000391e+00 2.800000086426734924e-02 -4.616115112304687500e+02
9.290921926498413086e+00 4.429999999999999716e+00 2.800000086426734924e-02 -4.616115112304687500e+02
9.381924152374267578e+00 4.349999999999999645e+00 2.800000086426734924e-02 -2.657763061523437500e+02
9.476925373077392578e+00 4.429999999999999716e+00 2.800000086426734924e-02 -3.497056579589843750e+02
9.584074258804321289e+00 4.440000000000000391e+00 2.800000086426734924e-02 -2.657763061523437500e+02
9.673921108245849609e+00 4.480000000000000426e+00 2.800000086426734924e-02 -2.657763061523437500e+02
9.791960954666137695e+00 4.269999999999999574e+00 2.800000086426734924e-02 -2.797645568847656250e+02
9.876924991607666016e+00 4.480000000000000426e+00 2.800000086426734924e-02 -2.657763061523437500e+02
9.988926172256469727e+00 4.549999999999999822e+00 2.800000086426734924e-02 -3.636938781738281250e+02
1.008397126197814941e+01 4.490000000000000213e+00 2.800000086426734924e-02 -3.636938781738281250e+02
1.019195961952209473e+01 4.400000000000000355e+00 2.800000086426734924e-02 -3.497056579589843750e+02
1.028092312812805176e+01 4.490000000000000213e+00 2.800000086426734924e-02 -4.476232604980468750e+02
1.037596178054809570e+01 4.419999999999999929e+00 2.800000086426734924e-02 -4.476232604980468750e+02
1.048492574691772461e+01 4.419999999999999929e+00 2.800000086426734924e-02 -5.315526123046875000e+02
1.058092570304870605e+01 4.400000000000000355e+00 2.800000086426734924e-02 -4.476232604980468750e+02
1.069092988967895508e+01 4.490000000000000213e+00 2.800000086426734924e-02 -5.455408935546875000e+02
1.077792119979858398e+01 4.400000000000000355e+00 2.800000086426734924e-02 -2.797645568847656250e+02
1.088892555236816406e+01 4.519999999999999574e+00 2.800000086426734924e-02 -4.476232604980468750e+02
1.097996878623962402e+01 4.429999999999999716e+00 2.800000086426734924e-02 -2.797645568847656250e+02
1.109303355216979980e+01 4.509999999999999787e+00 2.800000086426734924e-02 -2.657763061523437500e+02
1.118092417716979980e+01 4.509999999999999787e+00 2.800000086426734924e-02 -3.497056579589843750e+02
1.129492425918579102e+01 4.519999999999999574e+00 2.800000086426734924e-02 -1.818469390869140625e+02
1.138892531394958496e+01 4.379999999999999893e+00 2.800000086426734924e-02 -2.797645568847656250e+02
1.148992156982421875e+01 4.429999999999999716e+00 2.800000086426734924e-02 -3.636938781738281250e+02
1.158693051338195801e+01 4.429999999999999716e+00 2.800000086426734924e-02 -2.797645568847656250e+02
1.168192195892333984e+01 4.410000000000000142e+00 2.800000086426734924e-02 -3.636938781738281250e+02
1.178892326354980469e+01 4.469999999999999751e+00 2.800000086426734924e-02 -4.616115112304687500e+02
1.187892341613769531e+01 4.400000000000000355e+00 2.800000086426734924e-02 -3.636938781738281250e+02
1.197392129898071289e+01 4.429999999999999716e+00 2.800000086426734924e-02 -2.797645568847656250e+02
1.208192229270935059e+01 4.440000000000000391e+00 2.800000086426734924e-02 -4.476232604980468750e+02
1.219392466545104980e+01 4.379999999999999893e+00 2.800000086426734924e-02 -3.636938781738281250e+02
1.228892517089843750e+01 4.500000000000000000e+00 2.800000086426734924e-02 -4.616115112304687500e+02
1.237492489814758301e+01 4.459999999999999964e+00 2.800000086426734924e-02 -3.636938781738281250e+02
1.248592662811279297e+01 4.419999999999999929e+00 2.800000086426734924e-02 -2.797645568847656250e+02
1.258092665672302246e+01 4.509999999999999787e+00 2.800000086426734924e-02 -2.797645568847656250e+02
1.268992376327514648e+01 4.469999999999999751e+00 2.800000086426734924e-02 -3.636938781738281250e+02
1.277892470359802246e+01 4.459999999999999964e+00 2.800000086426734924e-02 -2.657763061523437500e+02
1.287892174720764160e+01 4.500000000000000000e+00 2.800000086426734924e-02 -3.497056579589843750e+02
1.298292183876037598e+01 4.480000000000000426e+00 2.800000086426734924e-02 -3.636938781738281250e+02
1.309397768974304199e+01 4.490000000000000213e+00 2.800000086426734924e-02 -3.636938781738281250e+02
1.318492794036865234e+01 4.450000000000000178e+00 2.800000086426734924e-02 -4.476232604980468750e+02
1.327892208099365234e+01 4.469999999999999751e+00 2.800000086426734924e-02 -2.657763061523437500e+02
1.338592433929443359e+01 4.559999999999999609e+00 2.800000086426734924e-02 -3.636938781738281250e+02
1.347692561149597168e+01 4.519999999999999574e+00 2.800000086426734924e-02 -2.657763061523437500e+02
1.359398245811462402e+01 4.459999999999999964e+00 2.800000086426734924e-02 -3.636938781738281250e+02
1.367892503738403320e+01 4.419999999999999929e+00 2.800000086426734924e-02 -3.497056579589843750e+02
1.379197525978088379e+01 4.440000000000000391e+00 2.800000086426734924e-02 -3.636938781738281250e+02
1.388692164421081543e+01 4.559999999999999609e+00 2.800000086426734924e-02 -3.636938781738281250e+02
1.399392580986022949e+01 4.200000000000000178e+00 2.800000086426734924e-02 -2.657763061523437500e+02
1.408406639099121094e+01 4.480000000000000426e+00 2.800000086426734924e-02 -3.497056579589843750e+02
1.417892313003540039e+01 4.429999999999999716e+00 2.800000086426734924e-02 -4.476232604980468750e+02
1.428692531585693359e+01 4.379999999999999893e+00 2.800000086426734924e-02 -4.476232604980468750e+02
1.437598013877868652e+01 4.500000000000000000e+00 2.800000086426734924e-02 -3.497056579589843750e+02
1.449398303031921387e+01 4.440000000000000391e+00 2.800000086426734924e-02 -2.657763061523437500e+02
1.457996392250061035e+01 4.519999999999999574e+00 2.800000086426734924e-02 -3.636938781738281250e+02
1.469093513488769531e+01 4.490000000000000213e+00 2.800000086426734924e-02 -3.636938781738281250e+02
1.478592801094055176e+01 4.490000000000000213e+00 2.800000086426734924e-02 -3.636938781738281250e+02
1.489492464065551758e+01 4.500000000000000000e+00 2.800000086426734924e-02 -2.657763061523437500e+02
1.498398661613464355e+01 4.530000000000000249e+00 2.800000086426734924e-02 -5.315526123046875000e+02
1.507493066787719727e+01 4.440000000000000391e+00 2.800000086426734924e-02 -5.315526123046875000e+02
1.518797183036804199e+01 4.360000000000000320e+00 2.800000086426734924e-02 -3.636938781738281250e+02
1.527596807479858398e+01 4.450000000000000178e+00 2.800000086426734924e-02 -3.636938781738281250e+02
1.538992190361022949e+01 4.500000000000000000e+00 2.800000086426734924e-02 -2.657763061523437500e+02
1.548396515846252441e+01 4.549999999999999822e+00 2.800000086426734924e-02 -3.636938781738281250e+02
1.559092473983764648e+01 4.379999999999999893e+00 2.800000086426734924e-02 -4.476232604980468750e+02
1.568192243576049805e+01 4.389999999999999680e+00 2.800000086426734924e-02 -2.657763061523437500e+02
1.577692532539367676e+01 4.450000000000000178e+00 2.800000086426734924e-02 -4.476232604980468750e+02
1.588397836685180664e+01 4.459999999999999964e+00 2.800000086426734924e-02 -4.476232604980468750e+02
1.599598836898803711e+01 4.379999999999999893e+00 2.800000086426734924e-02 -4.616115112304687500e+02
1.609196996688842773e+01 4.339999999999999858e+00 2.800000086426734924e-02 -3.636938781738281250e+02
1.617692327499389648e+01 4.339999999999999858e+00 2.800000086426734924e-02 -3.636938781738281250e+02
1.628901839256286621e+01 4.400000000000000355e+00 2.800000086426734924e-02 -2.657763061523437500e+02
1.638397574424743652e+01 4.459999999999999964e+00 2.800000086426734924e-02 -1.678587188720703125e+02
1.649196815490722656e+01 4.480000000000000426e+00 2.800000086426734924e-02 -3.636938781738281250e+02
1.658092570304870605e+01 4.530000000000000249e+00 2.800000086426734924e-02 -2.657763061523437500e+02
1.667596936225891113e+01 4.490000000000000213e+00 2.800000086426734924e-02 -1.818469390869140625e+02
1.678492593765258789e+01 4.610000000000000320e+00 2.800000086426734924e-02 -2.797645568847656250e+02
1.688992047309875488e+01 4.660000000000000142e+00 2.800000086426734924e-02 -4.476232604980468750e+02
1.699092078208923340e+01 4.549999999999999822e+00 2.800000086426734924e-02 -4.476232604980468750e+02
1.707792186737060547e+01 4.429999999999999716e+00 2.800000086426734924e-02 -3.497056579589843750e+02
1.718893218040466309e+01 4.459999999999999964e+00 2.800000086426734924e-02 -2.657763061523437500e+02
1.727996802330017090e+01 4.400000000000000355e+00 2.800000086426734924e-02 -3.636938781738281250e+02
1.739292407035827637e+01 4.459999999999999964e+00 2.800000086426734924e-02 -2.657763061523437500e+02
1.748092484474182129e+01 4.459999999999999964e+00 2.800000086426734924e-02 -2.657763061523437500e+02
1.759492874145507812e+01 4.540000000000000036e+00 2.800000086426734924e-02 -4.476232604980468750e+02
1.768892407417297363e+01 4.419999999999999929e+00 2.800000086426734924e-02 -1.818469390869140625e+02
1.778992104530334473e+01 4.549999999999999822e+00 2.800000086426734924e-02 -2.657763061523437500e+02
1.788692164421081543e+01 4.500000000000000000e+00 2.800000086426734924e-02 -2.657763061523437500e+02
1.798192334175109863e+01 4.459999999999999964e+00 2.800000086426734924e-02 -4.476232604980468750e+02
1.808892631530761719e+01 4.360000000000000320e+00 2.800000086426734924e-02 0.000000000000000000e+00
1.817892217636108398e+01 4.849999999999999645e+00 2.800000086426734924e-02 -9.791758728027343750e+01
1.827393126487731934e+01 4.849999999999999645e+00 2.800000086426734924e-02 -2.657763061523437500e+02
1.838192224502563477e+01 4.379999999999999893e+00 2.800000086426734924e-02 -8.392935943603515625e+01
1.849392890930175781e+01 4.549999999999999822e+00 2.800000086426734924e-02 -9.791758728027343750e+01
1.858892393112182617e+01 4.540000000000000036e+00 2.800000086426734924e-02 -3.636938781738281250e+02
1.867492461204528809e+01 4.469999999999999751e+00 2.800000086426734924e-02 -3.636938781738281250e+02
1.878592014312744141e+01 4.469999999999999751e+00 2.800000086426734924e-02 -2.797645568847656250e+02
1.888092589378356934e+01 4.450000000000000178e+00 2.800000086426734924e-02 -2.797645568847656250e+02
1.898992371559143066e+01 4.540000000000000036e+00 2.800000086426734924e-02 -3.636938781738281250e+02
1.907892131805419922e+01 4.450000000000000178e+00 2.800000086426734924e-02 -2.657763061523437500e+02
1.917891979217529297e+01 4.440000000000000391e+00 2.800000086426734924e-02 0.000000000000000000e+00
1.928292226791381836e+01 4.700000000000000178e+00 2.800000086426734924e-02 0.000000000000000000e+00
1.939394760131835938e+01 4.830000000000000071e+00 2.800000086426734924e-02 -1.818469390869140625e+02
1.948492741584777832e+01 4.519999999999999574e+00 2.800000086426734924e-02 -8.392935943603515625e+01
1.957892274856567383e+01 4.660000000000000142e+00 2.800000086426734924e-02 0.000000000000000000e+00
1.968592643737792969e+01 4.839999999999999858e+00 2.800000086426734924e-02 0.000000000000000000e+00
1.977692556381225586e+01 5.000000000000000000e+00 2.800000086426734924e-02 -1.818469390869140625e+02
1.989393424987792969e+01 4.620000000000000107e+00 2.800000086426734924e-02 -3.636938781738281250e+02
1.997892022132873535e+01 4.480000000000000426e+00 2.800000086426734924e-02 -9.791758728027343750e+01
2.009196448326110840e+01 4.480000000000000426e+00 2.800000086426734924e-02 -1.818469390869140625e+02
2.018692183494567871e+01 4.589999999999999858e+00 2.800000086426734924e-02 -3.636938781738281250e+02
2.029396867752075195e+01 4.360000000000000320e+00 2.800000086426734924e-02 -2.657763061523437500e+02
2.038396739959716797e+01 4.440000000000000391e+00 2.800000086426734924e-02 -1.678587188720703125e+02
2.047892069816589355e+01 4.450000000000000178e+00 2.800000086426734924e-02 -1.818469390869140625e+02
2.058692216873168945e+01 4.410000000000000142e+00 2.800000086426734924e-02 -2.657763061523437500e+02
2.067598056793212891e+01 4.400000000000000355e+00 2.800000086426734924e-02 -3.636938781738281250e+02
2.079393100738525391e+01 4.419999999999999929e+00 2.800000086426734924e-02 -9.791758728027343750e+01
2.087996578216552734e+01 4.419999999999999929e+00 2.800000086426734924e-02 0.000000000000000000e+00
2.099092125892639160e+01 4.889999999999999680e+00 2.800000086426734924e-02 -9.791758728027343750e+01
2.108592963218688965e+01 4.799999999999999822e+00 2.800000086426734924e-02 0.000000000000000000e+00
2.119493031501770020e+01 4.780000000000000249e+00 2.800000086426734924e-02 0.000000000000000000e+00
2.128397274017333984e+01 4.809999999999999609e+00 2.800000086426734924e-02 0.000000000000000000e+00
2.137492632865905762e+01 4.549999999999999822e+00 2.800000086426734924e-02 0.000000000000000000e+00
2.148796510696411133e+01 3.959999999999999964e+00 2.800000086426734924e-02 0.000000000000000000e+00
2.157597064971923828e+01 3.149999999999999911e+00 2.800000086426734924e-02 9.791758728027343750e+01
2.168992257118225098e+01 2.270000000000000018e+00 2.800000086426734924e-02 0.000000000000000000e+00
2.178396010398864746e+01 3.000000000000000000e+00 6.199999898672103882e-02 6.294701538085937500e+02
2.189092183113098145e+01 4.570000000000000284e+00 6.199999898672103882e-02 4.476232604980468750e+02
2.198192119598388672e+01 4.440000000000000391e+00 6.199999898672103882e-02 4.476232604980468750e+02
2.207692551612854004e+01 4.469999999999999751e+00 6.199999898672103882e-02 4.476232604980468750e+02
2.218396782875061035e+01 4.490000000000000213e+00 6.199999898672103882e-02 2.797645568847656250e+02
2.227394628524780273e+01 4.469999999999999751e+00 6.199999898672103882e-02 3.636938781738281250e+02
2.239195966720581055e+01 4.509999999999999787e+00 6.199999898672103882e-02 3.497056579589843750e+02
2.247692298889160156e+01 4.419999999999999929e+00 6.199999898672103882e-02 3.497056579589843750e+02
2.258892560005187988e+01 4.419999999999999929e+00 6.199999898672103882e-02 3.636938781738281250e+02
2.268398666381835938e+01 4.459999999999999964e+00 6.199999898672103882e-02 3.636938781738281250e+02
2.279196262359619141e+01 4.530000000000000249e+00 6.199999898672103882e-02 4.476232604980468750e+02
2.288092279434204102e+01 4.440000000000000391e+00 6.199999898672103882e-02 4.476232604980468750e+02
2.297596883773803711e+01 4.459999999999999964e+00 6.199999898672103882e-02 4.476232604980468750e+02
2.308492541313171387e+01 4.400000000000000355e+00 6.199999898672103882e-02 5.455408935546875000e+02
2.318992090225219727e+01 4.509999999999999787e+00 6.199999898672103882e-02 5.315526123046875000e+02
2.329092192649841309e+01 4.429999999999999716e+00 6.199999898672103882e-02 6.294701538085937500e+02
2.337792229652404785e+01 4.429999999999999716e+00 6.199999898672103882e-02 4.476232604980468750e+02
2.348892474174499512e+01 4.469999999999999751e+00 6.199999898672103882e-02 5.455408935546875000e+02
2.357995986938476562e+01 4.490000000000000213e+00 6.199999898672103882e-02 4.476232604980468750e+02
2.369292187690734863e+01 4.419999999999999929e+00 6.199999898672103882e-02 5.315526123046875000e+02
2.378092336654663086e+01 4.440000000000000391e+00 6.199999898672103882e-02 3.636938781738281250e+02
2.389494061470031738e+01 4.440000000000000391e+00 6.199999898672103882e-02 2.797645568847656250e+02
2.398892378807067871e+01 4.530000000000000249e+00 6.199999898672103882e-02 4.476232604980468750e+02
2.408092498779296875e+01 4.500000000000000000e+00 6.199999898672103882e-02 2.797645568847656250e+02
2.418692398071289062e+01 4.389999999999999680e+00 6.199999898672103882e-02 3.636938781738281250e+02
2.428192186355590820e+01 4.429999999999999716e+00 6.199999898672103882e-02 5.315526123046875000e+02
2.438892626762390137e+01 4.450000000000000178e+00 6.199999898672103882e-02 5.455408935546875000e+02
2.447892308235168457e+01 4.459999999999999964e+00 6.199999898672103882e-02 3.497056579589843750e+02
2.457394289970397949e+01 4.440000000000000391e+00 6.199999898672103882e-02 1.818469390869140625e+02
2.468192148208618164e+01 4.320000000000000284e+00 6.199999898672103882e-02 2.657763061523437500e+02
2.479392838478088379e+01 4.309999999999999609e+00 6.199999898672103882e-02 4.476232604980468750e+02
2.488892102241516113e+01 4.339999999999999858e+00 6.199999898672103882e-02 7.133995361328125000e+02
2.497492408752441406e+01 4.580000000000000071e+00 6.199999898672103882e-02 5.315526123046875000e+02
2.508592271804809570e+01 4.580000000000000071e+00 6.199999898672103882e-02 5.315526123046875000e+02
2.518093633651733398e+01 4.480000000000000426e+00 6.199999898672103882e-02 4.476232604980468750e+02
2.528992152214050293e+01 4.480000000000000426e+00 6.199999898672103882e-02 5.455408935546875000e+02
2.537892389297485352e+01 4.509999999999999787e+00 6.199999898672103882e-02 7.273877563476562500e+02
2.546992254257202148e+01 4.549999999999999822e+00 6.199999898672103882e-02 5.315526123046875000e+02
2.558292055130004883e+01 4.580000000000000071e+00 6.199999898672103882e-02 4.476232604980468750e+02
2.569393253326416016e+01 4.450000000000000178e+00 6.199999898672103882e-02 4.616115112304687500e+02
2.578492426872253418e+01 4.360000000000000320e+00 6.199999898672103882e-02 5.315526123046875000e+02
2.587892127037048340e+01 4.360000000000000320e+00 6.199999898672103882e-02 5.315526123046875000e+02
2.598592305183410645e+01 4.400000000000000355e+00 6.199999898672103882e-02 3.497056579589843750e+02
2.607692646980285645e+01 4.309999999999999609e+00 6.199999898672103882e-02 3.636938781738281250e+02
2.619392395019531250e+01 4.360000000000000320e+00 6.199999898672103882e-02 3.636938781738281250e+02
2.627892184257507324e+01 4.339999999999999858e+00 6.199999898672103882e-02 4.476232604980468750e+02
2.641392564773559570e+01 4.530000000000000249e+00 6.199999898672103882e-02 4.476232604980468750e+02
2.650892400741577148e+01 4.530000000000000249e+00 6.199999898672103882e-02 3.497056579589843750e+02
2.659392738342285156e+01 4.509999999999999787e+00 6.199999898672103882e-02 4.616115112304687500e+02
2.670692181587219238e+01 4.530000000000000249e+00 6.199999898672103882e-02 5.315526123046875000e+02
2.680192589759826660e+01 4.610000000000000320e+00 6.199999898672103882e-02 3.497056579589843750e+02
2.690892410278320312e+01 4.450000000000000178e+00 6.199999898672103882e-02 8.392935943603515625e+01
2.699892497062683105e+01 4.330000000000000071e+00 6.199999898672103882e-02 2.657763061523437500e+02
2.709393382072448730e+01 4.349999999999999645e+00 6.199999898672103882e-02 2.657763061523437500e+02
2.720192265510559082e+01 4.379999999999999893e+00 6.199999898672103882e-02 2.657763061523437500e+02
2.731392908096313477e+01 4.400000000000000355e+00 6.199999898672103882e-02 2.657763061523437500e+02
2.740892696380615234e+01 4.459999999999999964e+00 6.199999898672103882e-02 2.797645568847656250e+02
2.749492621421813965e+01 4.410000000000000142e+00 6.199999898672103882e-02 1.818469390869140625e+02
2.760592365264892578e+01 4.360000000000000320e+00 6.199999898672103882e-02 4.616115112304687500e+02
2.770092535018920898e+01 4.410000000000000142e+00 6.199999898672103882e-02 5.315526123046875000e+02
2.780992484092712402e+01 4.519999999999999574e+00 6.199999898672103882e-02 3.636938781738281250e+02
2.789892363548278809e+01 4.559999999999999609e+00 6.199999898672103882e-02 4.476232604980468750e+02
2.799792170524597168e+01 4.459999999999999964e+00 6.199999898672103882e-02 2.657763061523437500e+02
2.810292792320251465e+01 4.389999999999999680e+00 6.199999898672103882e-02 4.476232604980468750e+02
2.821392822265625000e+01 4.389999999999999680e+00 6.199999898672103882e-02 3.636938781738281250e+02
2.830492591857910156e+01 4.459999999999999964e+00 6.199999898672103882e-02 5.455408935546875000e+02
2.839893388748168945e+01 4.490000000000000213e+00 6.199999898672103882e-02 6.294701538085937500e+02
2.850592374801635742e+01 4.509999999999999787e+00 6.199999898672103882e-02 6.294701538085937500e+02
2.859692502021789551e+01 4.580000000000000071e+00 6.199999898672103882e-02 6.294701538085937500e+02
2.871392607688903809e+01 4.700000000000000178e+00 6.199999898672103882e-02 2.657763061523437500e+02
2.879892110824584961e+01 4.519999999999999574e+00 6.199999898672103882e-02 1.818469390869140625e+02
2.891196131706237793e+01 4.440000000000000391e+00 6.199999898672103882e-02 1.818469390869140625e+02
2.900692296028137207e+01 4.280000000000000249e+00 6.199999898672103882e-02 4.476232604980468750e+02
2.911392664909362793e+01 4.360000000000000320e+00 6.199999898672103882e-02 3.497056579589843750e+02
2.920398187637329102e+01 4.469999999999999751e+00 6.199999898672103882e-02 4.476232604980468750e+02
2.929892206192016602e+01 4.459999999999999964e+00 6.199999898672103882e-02 3.636938781738281250e+02
2.940692138671875000e+01 4.469999999999999751e+00 6.199999898672103882e-02 5.315526123046875000e+02
2.949596071243286133e+01 4.500000000000000000e+00 6.199999898672103882e-02 6.294701538085937500e+02
2.961393451690673828e+01 4.589999999999999858e+00 6.199999898672103882e-02 4.616115112304687500e+02
2.969996237754821777e+01 4.580000000000000071e+00 6.199999898672103882e-02 3.497056579589843750e+02
2.981092214584350586e+01 4.500000000000000000e+00 6.199999898672103882e-02 3.636938781738281250e+02
2.990592646598815918e+01 4.440000000000000391e+00 6.199999898672103882e-02 3.636938781738281250e+02
3.001492929458618164e+01 4.490000000000000213e+00 6.199999898672103882e-02 3.636938781738281250e+02
3.010396814346313477e+01 4.419999999999999929e+00 6.199999898672103882e-02 4.476232604980468750e+02
3.019492983818054199e+01 4.410000000000000142e+00 6.199999898672103882e-02 4.476232604980468750e+02
3.030797481536865234e+01 4.389999999999999680e+00 6.199999898672103882e-02 4.476232604980468750e+02
3.039596557617187500e+01 4.500000000000000000e+00 6.199999898672103882e-02 6.294701538085937500e+02
3.050992465019226074e+01 4.519999999999999574e+00 6.199999898672103882e-02 4.476232604980468750e+02
3.060396909713745117e+01 4.509999999999999787e+00 6.199999898672103882e-02 2.657763061523437500e+02
3.071092295646667480e+01 4.440000000000000391e+00 6.199999898672103882e-02 5.315526123046875000e+02
3.080192232131958008e+01 4.509999999999999787e+00 6.199999898672103882e-02 5.455408935546875000e+02
3.089692711830139160e+01 4.459999999999999964e+00 6.199999898672103882e-02 4.476232604980468750e+02
3.100395965576171875e+01 4.410000000000000142e+00 6.199999898672103882e-02 1.818469390869140625e+02
3.109392881393432617e+01 4.360000000000000320e+00 6.199999898672103882e-02 2.657763061523437500e+02
3.121195626258850098e+01 4.429999999999999716e+00 6.199999898672103882e-02 5.315526123046875000e+02
3.129692459106445312e+01 4.490000000000000213e+00 6.199999898672103882e-02 5.315526123046875000e+02
3.140892910957336426e+01 4.490000000000000213e+00 6.199999898672103882e-02 6.294701538085937500e+02
3.150396728515625000e+01 4.559999999999999609e+00 6.199999898672103882e-02 5.315526123046875000e+02
3.161196541786193848e+01 4.620000000000000107e+00 6.199999898672103882e-02 3.497056579589843750e+02
3.170092391967773438e+01 4.500000000000000000e+00 6.199999898672103882e-02 3.497056579589843750e+02
3.179596471786499023e+01 4.429999999999999716e+00 6.199999898672103882e-02 2.657763061523437500e+02
3.190493273735046387e+01 4.400000000000000355e+00 6.199999898672103882e-02 3.636938781738281250e+02
3.199393057823181152e+01 4.440000000000000391e+00 6.199999898672103882e-02 3.497056579589843750e+02
3.211092329025268555e+01 4.540000000000000036e+00 6.199999898672103882e-02 2.797645568847656250e+02
3.219792366027832031e+01 4.549999999999999822e+00 6.199999898672103882e-02 3.497056579589843750e+02
3.230892562866210938e+01 4.459999999999999964e+00 6.199999898672103882e-02 4.476232604980468750e+02
3.239996314048767090e+01 4.530000000000000249e+00 6.199999898672103882e-02 3.636938781738281250e+02
3.251292347908020020e+01 4.490000000000000213e+00 6.199999898672103882e-02 3.636938781738281250e+02
3.260092759132385254e+01 4.580000000000000071e+00 6.199999898672103882e-02 5.455408935546875000e+02
3.271492505073547363e+01 4.559999999999999609e+00 6.199999898672103882e-02 5.455408935546875000e+02
3.280893349647521973e+01 4.480000000000000426e+00 6.199999898672103882e-02 4.476232604980468750e+02
3.291492414474487305e+01 4.469999999999999751e+00 6.199999898672103882e-02 1.818469390869140625e+02
3.300692510604858398e+01 4.469999999999999751e+00 6.199999898672103882e-02 0.000000000000000000e+00
3.310192561149597168e+01 4.280000000000000249e+00 6.199999898672103882e-02 0.000000000000000000e+00
3.320892190933227539e+01 4.099999999999999645e+00 6.199999898672103882e-02 0.000000000000000000e+00
3.329893183708190918e+01 4.000000000000000000e+00 6.199999898672103882e-02 0.000000000000000000e+00
3.339392423629760742e+01 4.000000000000000000e+00 6.199999898672103882e-02 1.678587188720703125e+02
3.350192403793334961e+01 4.290000000000000036e+00 6.199999898672103882e-02 0.000000000000000000e+00
3.361393141746520996e+01 4.209999999999999964e+00 6.199999898672103882e-02 9.791758728027343750e+01
3.370892286300659180e+01 4.290000000000000036e+00 6.199999898672103882e-02 1.678587188720703125e+02
3.379492926597595215e+01 4.379999999999999893e+00 6.199999898672103882e-02 4.476232604980468750e+02
3.390592336654663086e+01 4.379999999999999893e+00 6.199999898672103882e-02 5.315526123046875000e+02
3.400093507766723633e+01 4.440000000000000391e+00 6.199999898672103882e-02 5.455408935546875000e+02
3.410992455482482910e+01 4.519999999999999574e+00 6.199999898672103882e-02 3.636938781738281250e+02
3.419892811775207520e+01 4.559999999999999609e+00 6.199999898672103882e-02 3.636938781738281250e+02
3.429892611503601074e+01 4.500000000000000000e+00 6.199999898672103882e-02 3.636938781738281250e+02
3.440292406082153320e+01 4.469999999999999751e+00 6.199999898672103882e-02 4.476232604980468750e+02
3.451399660110473633e+01 4.400000000000000355e+00 6.199999898672103882e-02 5.455408935546875000e+02
3.460492849349975586e+01 4.490000000000000213e+00 6.199999898672103882e-02 4.476232604980468750e+02
3.469892501831054688e+01 4.400000000000000355e+00 6.199999898672103882e-02 4.476232604980468750e+02
3.480592441558837891e+01 4.370000000000000107e+00 6.199999898672103882e-02 4.476232604980468750e+02
3.489692473411560059e+01 4.349999999999999645e+00 6.199999898672103882e-02 3.497056579589843750e+02
3.501392602920532227e+01 4.459999999999999964e+00 6.199999898672103882e-02 4.476232604980468750e+02
3.509893679618835449e+01 4.509999999999999787e+00 6.199999898672103882e-02 4.476232604980468750e+02
3.521195363998413086e+01 4.540000000000000036e+00 6.199999898672103882e-02 4.476232604980468750e+02
3.530692243576049805e+01 4.469999999999999751e+00 6.199999898672103882e-02 4.476232604980468750e+02
3.541392564773559570e+01 4.440000000000000391e+00 6.199999898672103882e-02 4.476232604980468750e+02
3.550397276878356934e+01 4.490000000000000213e+00 6.199999898672103882e-02 3.497056579589843750e+02
3.559892249107360840e+01 4.459999999999999964e+00 6.199999898672103882e-02 4.476232604980468750e+02
3.570692205429077148e+01 4.400000000000000355e+00 6.199999898672103882e-02 6.294701538085937500e+02
3.579595994949340820e+01 4.549999999999999822e+00 6.199999898672103882e-02 6.294701538085937500e+02
3.591392374038696289e+01 4.589999999999999858e+00 6.199999898672103882e-02 4.476232604980468750e+02
3.599995779991149902e+01 4.540000000000000036e+00 6.199999898672103882e-02 4.476232604980468750e+02
3.611092114448547363e+01 4.509999999999999787e+00 6.199999898672103882e-02 5.455408935546875000e+02
3.620592617988586426e+01 4.559999999999999609e+00 6.199999898672103882e-02 3.636938781738281250e+02
3.631492400169372559e+01 4.450000000000000178e+00 6.199999898672103882e-02 4.476232604980468750e+02
3.640396690368652344e+01 4.450000000000000178e+00 6.199999898672103882e-02 2.657763061523437500e+02
3.649492406845092773e+01 4.450000000000000178e+00 6.199999898672103882e-02 1.818469390869140625e+02
3.660796236991882324e+01 4.480000000000000426e+00 6.199999898672103882e-02 4.476232604980468750e+02
3.669596481323242188e+01 4.559999999999999609e+00 6.199999898672103882e-02 3.497056579589843750e+02
3.680992698669433594e+01 4.450000000000000178e+00 6.199999898672103882e-02 2.797645568847656250e+02
3.690397596359252930e+01 4.540000000000000036e+00 6.199999898672103882e-02 9.791758728027343750e+01
3.701092147827148438e+01 4.509999999999999787e+00 6.199999898672103882e-02 1.818469390869140625e+02
3.710192227363586426e+01 4.440000000000000391e+00 6.199999898672103882e-02 1.678587188720703125e+02
3.719692420959472656e+01 4.500000000000000000e+00 6.199999898672103882e-02 4.476232604980468750e+02
3.730398273468017578e+01 4.669999999999999929e+00 6.199999898672103882e-02 3.497056579589843750e+02
3.739392542839050293e+01 4.669999999999999929e+00 6.199999898672103882e-02 2.657763061523437500e+02
3.751197195053100586e+01 4.570000000000000284e+00 6.199999898672103882e-02 8.392935943603515625e+01
3.759692311286926270e+01 4.459999999999999964e+00 6.199999898672103882e-02 9.791758728027343750e+01
3.770892500877380371e+01 4.230000000000000426e+00 6.199999898672103882e-02 8.392935943603515625e+01
3.780397439002990723e+01 4.280000000000000249e+00 6.199999898672103882e-02 2.657763061523437500e+02
3.791195893287658691e+01 4.370000000000000107e+00 6.199999898672103882e-02 4.476232604980468750e+02
3.800092482566833496e+01 4.580000000000000071e+00 6.199999898672103882e-02 5.315526123046875000e+02
3.809596514701843262e+01 4.599999999999999645e+00 6.199999898672103882e-02 5.315526123046875000e+02
3.820493102073669434e+01 4.549999999999999822e+00 6.199999898672103882e-02 3.497056579589843750e+02
3.831597018241882324e+01 4.540000000000000036e+00 6.199999898672103882e-02 1.818469390869140625e+02
3.841092371940612793e+01 4.540000000000000036e+00 6.199999898672103882e-02 0.000000000000000000e+00
3.849791502952575684e+01 4.320000000000000284e+00 6.199999898672103882e-02 0.000000000000000000e+00
3.860892772674560547e+01 4.190000000000000391e+00 6.199999898672103882e-02 0.000000000000000000e+00
3.869996380805969238e+01 4.169999999999999929e+00 6.199999898672103882e-02 8.392935943603515625e+01
3.881292581558227539e+01 4.469999999999999751e+00 6.199999898672103882e-02 0.000000000000000000e+00
3.890092468261718750e+01 4.500000000000000000e+00 6.199999898672103882e-02 0.000000000000000000e+00
3.901493406295776367e+01 4.389999999999999680e+00 6.199999898672103882e-02 0.000000000000000000e+00
3.910893297195434570e+01 4.450000000000000178e+00 6.199999898672103882e-02 0.000000000000000000e+00
3.921492290496826172e+01 5.309999999999999609e+00 6.199999898672103882e-02 0.000000000000000000e+00
3.930692315101623535e+01 6.500000000000000000e+00 6.199999898672103882e-02 0.000000000000000000e+00
3.940192675590515137e+01 7.610000000000000320e+00 6.199999898672103882e-02 0.000000000000000000e+00
3.950892448425292969e+01 8.750000000000000000e+00 6.199999898672103882e-02 -9.791758728027343750e+01
3.959892463684082031e+01 8.609999999999999432e+00 2.800000086426734924e-02 -1.622634277343750000e+03
3.971595335006713867e+01 4.410000000000000142e+00 2.800000086426734924e-02 -9.931641235351562500e+02
3.980192232131958008e+01 4.450000000000000178e+00 2.800000086426734924e-02 -8.113171386718750000e+02
3.991393017768859863e+01 4.509999999999999787e+00 2.800000086426734924e-02 -5.455408935546875000e+02
4.000892615318298340e+01 4.570000000000000284e+00 2.800000086426734924e-02 -5.455408935546875000e+02
4.009492683410644531e+01 4.589999999999999858e+00 2.800000086426734924e-02 -5.455408935546875000e+02
4.020592498779296875e+01 4.429999999999999716e+00 2.800000086426734924e-02 -4.476232604980468750e+02
4.030092453956604004e+01 4.450000000000000178e+00 2.800000086426734924e-02 -2.657763061523437500e+02
4.040992546081542969e+01 4.620000000000000107e+00 2.800000086426734924e-02 0.000000000000000000e+00
4.049892735481262207e+01 5.160000000000000142e+00 2.800000086426734924e-02 -1.818469390869140625e+02
4.060692143440246582e+01 4.830000000000000071e+00 2.800000086426734924e-02 -3.636938781738281250e+02
4.070292544364929199e+01 4.660000000000000142e+00 2.800000086426734924e-02 -3.636938781738281250e+02
4.081394147872924805e+01 4.540000000000000036e+00 2.800000086426734924e-02 -3.497056579589843750e+02
4.090492939949035645e+01 4.540000000000000036e+00 2.800000086426734924e-02 -5.455408935546875000e+02
4.099892473220825195e+01 4.530000000000000249e+00 2.800000086426734924e-02 -6.294701538085937500e+02
4.110592555999755859e+01 4.490000000000000213e+00 2.800000086426734924e-02 -7.133995361328125000e+02
4.119692826271057129e+01 4.370000000000000107e+00 2.800000086426734924e-02 -8.952465209960937500e+02
4.131392383575439453e+01 4.389999999999999680e+00 2.800000086426734924e-02 -7.133995361328125000e+02
4.139892554283142090e+01 4.360000000000000320e+00 2.800000086426734924e-02 -8.113171386718750000e+02
4.151196241378784180e+01 4.370000000000000107e+00 2.800000086426734924e-02 -8.113171386718750000e+02
4.160692501068115234e+01 4.349999999999999645e+00 2.800000086426734924e-02 -6.294701538085937500e+02
4.171392178535461426e+01 4.349999999999999645e+00 2.800000086426734924e-02 -5.455408935546875000e+02
4.180400085449218750e+01 4.400000000000000355e+00 2.800000086426734924e-02 -6.294701538085937500e+02
4.189892244338989258e+01 4.330000000000000071e+00 2.800000086426734924e-02 -6.294701538085937500e+02
4.200692248344421387e+01 4.339999999999999858e+00 2.800000086426734924e-02 -5.455408935546875000e+02
4.209595704078674316e+01 4.459999999999999964e+00 2.800000086426734924e-02 -5.455408935546875000e+02
4.221392560005187988e+01 4.459999999999999964e+00 2.800000086426734924e-02 -4.616115112304687500e+02
4.229996514320373535e+01 4.469999999999999751e+00 2.800000086426734924e-02 -5.455408935546875000e+02
4.241092133522033691e+01 4.480000000000000426e+00 2.800000086426734924e-02 -7.273877563476562500e+02
4.250592470169067383e+01 4.389999999999999680e+00 2.800000086426734924e-02 -5.315526123046875000e+02
4.261492419242858887e+01 4.330000000000000071e+00 2.800000086426734924e-02 -4.476232604980468750e+02
4.270396542549133301e+01 4.469999999999999751e+00 2.800000086426734924e-02 -5.315526123046875000e+02
4.279492902755737305e+01 4.440000000000000391e+00 2.800000086426734924e-02 -6.294701538085937500e+02
4.290796732902526855e+01 4.389999999999999680e+00 2.800000086426734924e-02 -5.455408935546875000e+02
4.299597120285034180e+01 4.099999999999999645e+00 2.800000086426734924e-02 -5.455408935546875000e+02
4.310992074012756348e+01 4.379999999999999893e+00 2.800000086426734924e-02 -6.294701538085937500e+02
4.320396852493286133e+01 4.400000000000000355e+00 2.800000086426734924e-02 -8.113171386718750000e+02
4.331092548370361328e+01 4.410000000000000142e+00 2.800000086426734924e-02 -7.973289184570312500e+02
4.340192174911499023e+01 4.379999999999999893e+00 2.800000086426734924e-02 -7.133995361328125000e+02
4.349692630767822266e+01 4.440000000000000391e+00 2.800000086426734924e-02 -8.113171386718750000e+02
4.360406351089477539e+01 4.299999999999999822e+00 2.800000086426734924e-02 -8.113171386718750000e+02
4.371692347526550293e+01 4.299999999999999822e+00 2.800000086426734924e-02 -7.273877563476562500e+02
4.381195712089538574e+01 4.370000000000000107e+00 2.800000086426734924e-02 -7.133995361328125000e+02
4.389692378044128418e+01 4.400000000000000355e+00 2.800000086426734924e-02 -7.973289184570312500e+02
4.400892639160156250e+01 4.490000000000000213e+00 2.800000086426734924e-02 -8.113171386718750000e+02
4.410404276847839355e+01 4.360000000000000320e+00 2.800000086426734924e-02 -7.133995361328125000e+02
4.421196484565734863e+01 4.360000000000000320e+00 2.800000086426734924e-02 -6.294701538085937500e+02
4.430092453956604004e+01 4.349999999999999645e+00 2.800000086426734924e-02 -6.294701538085937500e+02
4.439597249031066895e+01 4.379999999999999893e+00 2.800000086426734924e-02 -6.294701538085937500e+02
4.450492644309997559e+01 4.469999999999999751e+00 2.800000086426734924e-02 -5.455408935546875000e+02
4.461596012115478516e+01 4.400000000000000355e+00 2.800000086426734924e-02 -4.476232604980468750e+02
4.471092295646667480e+01 4.440000000000000391e+00 2.800000086426734924e-02 -3.497056579589843750e+02
4.479799008369445801e+01 4.389999999999999680e+00 2.800000086426734924e-02 -3.636938781738281250e+02
4.490892314910888672e+01 4.530000000000000249e+00 2.800000086426734924e-02 -7.273877563476562500e+02
4.499995899200439453e+01 4.419999999999999929e+00 2.800000086426734924e-02 -6.294701538085937500e+02
4.511292505264282227e+01 4.339999999999999858e+00 2.800000086426734924e-02 -2.657763061523437500e+02
4.520092225074768066e+01 4.530000000000000249e+00 2.800000086426734924e-02 -5.455408935546875000e+02
4.531492400169372559e+01 4.500000000000000000e+00 2.800000086426734924e-02 -4.616115112304687500e+02
4.540892815589904785e+01 4.469999999999999751e+00 2.800000086426734924e-02 -4.616115112304687500e+02
4.551596593856811523e+01 4.370000000000000107e+00 2.800000086426734924e-02 -3.636938781738281250e+02
4.560692453384399414e+01 4.469999999999999751e+00 2.800000086426734924e-02 -5.455408935546875000e+02
4.570192623138427734e+01 4.450000000000000178e+00 2.800000086426734924e-02 -4.476232604980468750e+02
4.580893516540527344e+01 4.330000000000000071e+00 2.800000086426734924e-02 -4.476232604980468750e+02
4.589892148971557617e+01 4.370000000000000107e+00 2.800000086426734924e-02 -3.497056579589843750e+02
4.599393010139465332e+01 4.519999999999999574e+00 2.800000086426734924e-02 -4.476232604980468750e+02
4.610192227363586426e+01 4.469999999999999751e+00 2.800000086426734924e-02 -2.797645568847656250e+02
4.621394872665405273e+01 4.459999999999999964e+00 2.800000086426734924e-02 -2.657763061523437500e+02
4.630892395973205566e+01 4.490000000000000213e+00 2.800000086426734924e-02 -2.797645568847656250e+02
4.639492678642272949e+01 4.530000000000000249e+00 2.800000086426734924e-02 -5.455408935546875000e+02
4.650592565536499023e+01 4.440000000000000391e+00 2.800000086426734924e-02 -4.476232604980468750e+02
4.660092639923095703e+01 4.419999999999999929e+00 2.800000086426734924e-02 -4.616115112304687500e+02
4.670992136001586914e+01 4.469999999999999751e+00 2.800000086426734924e-02 -2.657763061523437500e+02
4.679892206192016602e+01 4.480000000000000426e+00 2.800000086426734924e-02 -3.636938781738281250e+02
4.689892101287841797e+01 4.480000000000000426e+00 2.800000086426734924e-02 -4.476232604980468750e+02
4.700292396545410156e+01 4.370000000000000107e+00 2.800000086426734924e-02 -4.476232604980468750e+02
4.711394143104553223e+01 4.440000000000000391e+00 2.800000086426734924e-02 -4.476232604980468750e+02
4.720492815971374512e+01 4.429999999999999716e+00 2.800000086426734924e-02 -5.315526123046875000e+02
4.729892301559448242e+01 4.480000000000000426e+00 2.800000086426734924e-02 -7.133995361328125000e+02
4.740592527389526367e+01 4.469999999999999751e+00 2.800000086426734924e-02 -5.455408935546875000e+02
4.749692559242248535e+01 4.440000000000000391e+00 2.800000086426734924e-02 -5.315526123046875000e+02
4.761402869224548340e+01 4.379999999999999893e+00 2.800000086426734924e-02 -5.315526123046875000e+02
4.769892477989196777e+01 4.429999999999999716e+00 2.800000086426734924e-02 -5.315526123046875000e+02
4.781196689605712891e+01 4.459999999999999964e+00 2.800000086426734924e-02 -4.476232604980468750e+02
4.790692281723022461e+01 4.450000000000000178e+00 2.800000086426734924e-02 -5.315526123046875000e+02
4.801394033432006836e+01 4.370000000000000107e+00 2.800000086426734924e-02 -4.476232604980468750e+02
4.810396623611450195e+01 4.360000000000000320e+00 2.800000086426734924e-02 -2.657763061523437500e+02
4.819893169403076172e+01 4.490000000000000213e+00 2.800000086426734924e-02 -3.497056579589843750e+02
4.830692362785339355e+01 4.450000000000000178e+00 2.800000086426734924e-02 -3.497056579589843750e+02
4.839596152305603027e+01 4.500000000000000000e+00 2.800000086426734924e-02 -2.657763061523437500e+02
4.851392936706542969e+01 4.530000000000000249e+00 2.800000086426734924e-02 -3.497056579589843750e+02
4.859997344017028809e+01 4.459999999999999964e+00 2.800000086426734924e-02 -2.657763061523437500e+02
4.871092271804809570e+01 4.559999999999999609e+00 2.800000086426734924e-02 -1.678587188720703125e+02
4.880592536926269531e+01 4.639999999999999680e+00 2.800000086426734924e-02 -4.476232604980468750e+02
4.891492724418640137e+01 4.500000000000000000e+00 2.800000086426734924e-02 -6.294701538085937500e+02
4.900396466255187988e+01 4.389999999999999680e+00 2.800000086426734924e-02 -7.133995361328125000e+02
4.909492731094360352e+01 4.370000000000000107e+00 2.800000086426734924e-02 -5.315526123046875000e+02
4.920797872543334961e+01 4.370000000000000107e+00 2.800000086426734924e-02 -6.294701538085937500e+02
4.929596376419067383e+01 4.379999999999999893e+00 2.800000086426734924e-02 -6.294701538085937500e+02
4.940992426872253418e+01 4.389999999999999680e+00 2.800000086426734924e-02 -6.294701538085937500e+02
4.950399184226989746e+01 4.309999999999999609e+00 2.800000086426734924e-02 -7.133995361328125000e+02
4.961092281341552734e+01 4.339999999999999858e+00 2.800000086426734924e-02 -7.133995361328125000e+02
4.970192265510559082e+01 4.379999999999999893e+00 2.800000086426734924e-02 -6.434584350585937500e+02
4.979692363739013672e+01 4.440000000000000391e+00 2.800000086426734924e-02 -4.476232604980468750e+02
4.990398049354553223e+01 4.500000000000000000e+00 2.800000086426734924e-02 -4.476232604980468750e+02
4.999392676353454590e+01 4.530000000000000249e+00 2.800000086426734924e-02 -5.315526123046875000e+02
5.011196398735046387e+01 4.410000000000000142e+00 2.800000086426734924e-02 -7.133995361328125000e+02
5.019692802429199219e+01 4.320000000000000284e+00 2.800000086426734924e-02 -5.455408935546875000e+02
5.030892515182495117e+01 4.330000000000000071e+00 2.800000086426734924e-02 -2.797645568847656250e+02
5.040396332740783691e+01 4.480000000000000426e+00 2.800000086426734924e-02 -3.636938781738281250e+02
5.051196217536926270e+01 4.429999999999999716e+00 2.800000086426734924e-02 -2.657763061523437500e+02
5.060092401504516602e+01 4.490000000000000213e+00 2.800000086426734924e-02 -3.636938781738281250e+02
5.069595861434936523e+01 4.480000000000000426e+00 2.800000086426734924e-02 -3.636938781738281250e+02
5.080493044853210449e+01 4.469999999999999751e+00 2.800000086426734924e-02 -6.294701538085937500e+02
5.091492509841918945e+01 4.459999999999999964e+00 2.800000086426734924e-02 -5.455408935546875000e+02
5.101092672348022461e+01 4.299999999999999822e+00 2.800000086426734924e-02 -2.657763061523437500e+02
5.109792590141296387e+01 4.330000000000000071e+00 2.800000086426734924e-02 -2.657763061523437500e+02
5.120892643928527832e+01 4.549999999999999822e+00 2.800000086426734924e-02 -2.657763061523437500e+02
5.129996252059936523e+01 4.490000000000000213e+00 2.800000086426734924e-02 -1.818469390869140625e+02
5.141293191909790039e+01 4.440000000000000391e+00 2.800000086426734924e-02 -8.392935943603515625e+01
5.150092601776123047e+01 4.769999999999999574e+00 2.800000086426734924e-02 -2.657763061523437500e+02
5.161492776870727539e+01 4.570000000000000284e+00 2.800000086426734924e-02 -4.476232604980468750e+02
5.170892381668090820e+01 4.450000000000000178e+00 2.800000086426734924e-02 -2.657763061523437500e+02
5.181596636772155762e+01 4.469999999999999751e+00 2.800000086426734924e-02 -8.392935943603515625e+01
5.190692543983459473e+01 4.509999999999999787e+00 2.800000086426734924e-02 -1.818469390869140625e+02
5.200192213058471680e+01 4.500000000000000000e+00 2.800000086426734924e-02 -3.636938781738281250e+02
5.210892367362976074e+01 4.400000000000000355e+00 2.800000086426734924e-02 -3.636938781738281250e+02
5.219892573356628418e+01 4.330000000000000071e+00 2.800000086426734924e-02 -8.392935943603515625e+01
5.229392266273498535e+01 4.379999999999999893e+00 2.800000086426734924e-02 0.000000000000000000e+00
5.240192365646362305e+01 4.570000000000000284e+00 2.800000086426734924e-02 -2.657763061523437500e+02
5.251392197608947754e+01 4.389999999999999680e+00 2.800000086426734924e-02 -4.476232604980468750e+02
5.260893440246582031e+01 4.240000000000000213e+00 2.800000086426734924e-02 0.000000000000000000e+00
5.269492292404174805e+01 4.559999999999999609e+00 2.800000086426734924e-02 0.000000000000000000e+00
5.280592393875122070e+01 4.870000000000000107e+00 2.800000086426734924e-02 0.000000000000000000e+00
5.290092444419860840e+01 4.799999999999999822e+00 2.800000086426734924e-02 0.000000000000000000e+00
5.300991415977478027e+01 4.580000000000000071e+00 2.800000086426734924e-02 0.000000000000000000e+00
5.309892344474792480e+01 4.030000000000000249e+00 2.800000086426734924e-02 0.000000000000000000e+00
5.319392323493957520e+01 3.069999999999999840e+00 2.800000086426734924e-02 0.000000000000000000e+00
5.330292224884033203e+01 2.279999999999999805e+00 2.800000086426734924e-02 0.000000000000000000e+00
5.341399574279785156e+01 2.339999999999999858e+00 6.199999898672103882e-02 8.952465209960937500e+02
5.350492787361145020e+01 4.599999999999999645e+00 6.199999898672103882e-02 6.294701538085937500e+02
5.359892702102661133e+01 4.570000000000000284e+00 6.199999898672103882e-02 2.797645568847656250e+02
5.370592689514160156e+01 4.480000000000000426e+00 6.199999898672103882e-02 4.476232604980468750e+02
5.379692506790161133e+01 4.419999999999999929e+00 6.199999898672103882e-02 6.294701538085937500e+02
5.391392469406127930e+01 4.469999999999999751e+00 6.199999898672103882e-02 7.133995361328125000e+02
5.399892425537109375e+01 4.450000000000000178e+00 6.199999898672103882e-02 8.952465209960937500e+02
5.411196017265319824e+01 4.519999999999999574e+00 6.199999898672103882e-02 8.952465209960937500e+02
5.420692062377929688e+01 4.490000000000000213e+00 6.199999898672103882e-02 8.113171386718750000e+02
5.431392502784729004e+01 4.509999999999999787e+00 6.199999898672103882e-02 8.952465209960937500e+02
5.440397095680236816e+01 4.459999999999999964e+00 6.199999898672103882e-02 9.931641235351562500e+02
5.449892282485961914e+01 4.500000000000000000e+00 6.199999898672103882e-02 9.092347412109375000e+02
5.460692167282104492e+01 4.559999999999999609e+00 6.199999898672103882e-02 8.113171386718750000e+02
5.469595980644226074e+01 4.610000000000000320e+00 6.199999898672103882e-02 5.315526123046875000e+02
5.481392621994018555e+01 4.559999999999999609e+00 6.199999898672103882e-02 5.455408935546875000e+02
5.489996051788330078e+01 4.450000000000000178e+00 6.199999898672103882e-02 5.455408935546875000e+02
5.501092171669006348e+01 4.450000000000000178e+00 6.199999898672103882e-02 6.294701538085937500e+02
5.510592555999755859e+01 4.459999999999999964e+00 6.199999898672103882e-02 6.294701538085937500e+02
5.519995284080505371e+01 4.459999999999999964e+00 6.199999898672103882e-02 6.294701538085937500e+02
5.530407238006591797e+01 4.580000000000000071e+00 6.199999898672103882e-02 7.133995361328125000e+02
5.539492535591125488e+01 4.559999999999999609e+00 6.199999898672103882e-02 5.315526123046875000e+02
5.550796365737915039e+01 4.530000000000000249e+00 6.199999898672103882e-02 6.294701538085937500e+02
5.559597229957580566e+01 4.530000000000000249e+00 6.199999898672103882e-02 5.315526123046875000e+02
5.570992493629455566e+01 4.509999999999999787e+00 6.199999898672103882e-02 6.294701538085937500e+02
5.580396413803100586e+01 4.519999999999999574e+00 6.199999898672103882e-02 8.113171386718750000e+02
5.591092419624328613e+01 4.620000000000000107e+00 6.199999898672103882e-02 8.952465209960937500e+02
5.600192761421203613e+01 4.589999999999999858e+00 6.199999898672103882e-02 8.952465209960937500e+02
5.609692692756652832e+01 4.559999999999999609e+00 6.199999898672103882e-02 8.952465209960937500e+02
5.620397090911865234e+01 4.530000000000000249e+00 6.199999898672103882e-02 7.973289184570312500e+02
5.629392719268798828e+01 4.580000000000000071e+00 6.199999898672103882e-02 7.133995361328125000e+02
5.641196584701538086e+01 4.549999999999999822e+00 6.199999898672103882e-02 7.133995361328125000e+02
5.649692440032958984e+01 4.629999999999999893e+00 6.199999898672103882e-02 6.294701538085937500e+02
5.660892510414123535e+01 4.540000000000000036e+00 6.199999898672103882e-02 4.476232604980468750e+02
5.670398926734924316e+01 4.400000000000000355e+00 6.199999898672103882e-02 5.455408935546875000e+02
5.681196260452270508e+01 4.440000000000000391e+00 6.199999898672103882e-02 5.455408935546875000e+02
5.690092468261718750e+01 4.429999999999999716e+00 6.199999898672103882e-02 8.113171386718750000e+02
5.699595880508422852e+01 4.480000000000000426e+00 6.199999898672103882e-02 6.294701538085937500e+02
5.710492920875549316e+01 4.610000000000000320e+00 6.199999898672103882e-02 8.113171386718750000e+02
5.721596908569335938e+01 4.549999999999999822e+00 6.199999898672103882e-02 7.133995361328125000e+02
5.731092476844787598e+01 4.440000000000000391e+00 6.199999898672103882e-02 6.294701538085937500e+02
5.739792203903198242e+01 4.540000000000000036e+00 6.199999898672103882e-02 6.294701538085937500e+02
5.750892424583435059e+01 4.530000000000000249e+00 6.199999898672103882e-02 7.273877563476562500e+02
5.759995985031127930e+01 4.559999999999999609e+00 6.199999898672103882e-02 8.113171386718750000e+02
5.771292567253112793e+01 4.650000000000000355e+00 6.199999898672103882e-02 8.113171386718750000e+02
5.780092382431030273e+01 4.490000000000000213e+00 6.199999898672103882e-02 7.273877563476562500e+02
5.791492676734924316e+01 4.589999999999999858e+00 6.199999898672103882e-02 6.294701538085937500e+02
5.800892496109008789e+01 4.530000000000000249e+00 6.199999898672103882e-02 6.294701538085937500e+02
5.811492466926574707e+01 4.549999999999999822e+00 6.199999898672103882e-02 6.294701538085937500e+02
5.820692372322082520e+01 4.589999999999999858e+00 6.199999898672103882e-02 6.294701538085937500e+02
5.830193877220153809e+01 4.549999999999999822e+00 6.199999898672103882e-02 5.455408935546875000e+02
5.840892720222473145e+01 4.480000000000000426e+00 6.199999898672103882e-02 5.315526123046875000e+02
5.849893498420715332e+01 4.480000000000000426e+00 6.199999898672103882e-02 6.294701538085937500e+02
5.859395766258239746e+01 4.469999999999999751e+00 6.199999898672103882e-02 6.294701538085937500e+02
5.870192527770996094e+01 4.519999999999999574e+00 6.199999898672103882e-02 5.455408935546875000e+02
5.881392312049865723e+01 4.519999999999999574e+00 6.199999898672103882e-02 4.476232604980468750e+02
5.890892362594604492e+01 4.490000000000000213e+00 6.199999898672103882e-02 6.294701538085937500e+02
5.899492669105529785e+01 4.509999999999999787e+00 6.199999898672103882e-02 6.294701538085937500e+02
5.910592269897460938e+01 4.480000000000000426e+00 6.199999898672103882e-02 6.294701538085937500e+02
5.920092535018920898e+01 4.370000000000000107e+00 6.199999898672103882e-02 6.294701538085937500e+02
5.930992126464843750e+01 4.429999999999999716e+00 6.199999898672103882e-02 5.455408935546875000e+02
5.939892125129699707e+01 4.370000000000000107e+00 6.199999898672103882e-02 5.455408935546875000e+02
5.951596355438232422e+01 4.440000000000000391e+00 6.199999898672103882e-02 4.476232604980468750e+02
5.960292410850524902e+01 4.490000000000000213e+00 6.199999898672103882e-02 2.657763061523437500e+02
5.971393060684204102e+01 4.490000000000000213e+00 6.199999898672103882e-02 3.636938781738281250e+02
5.980492377281188965e+01 4.370000000000000107e+00 6.199999898672103882e-02 6.294701538085937500e+02
5.989892530441284180e+01 4.389999999999999680e+00 6.199999898672103882e-02 8.113171386718750000e+02
6.000592470169067383e+01 4.500000000000000000e+00 6.199999898672103882e-02 6.294701538085937500e+02
6.009692454338073730e+01 4.610000000000000320e+00 6.199999898672103882e-02 7.133995361328125000e+02
6.021397089958190918e+01 4.549999999999999822e+00 6.199999898672103882e-02 7.273877563476562500e+02
6.029892110824584961e+01 4.669999999999999929e+00 6.199999898672103882e-02 4.476232604980468750e+02
6.041195774078369141e+01 4.570000000000000284e+00 6.199999898672103882e-02 3.497056579589843750e+02
6.050692296028137207e+01 4.410000000000000142e+00 6.199999898672103882e-02 2.657763061523437500e+02
6.061402821540832520e+01 4.400000000000000355e+00 6.199999898672103882e-02 2.657763061523437500e+02
6.070398020744323730e+01 4.419999999999999929e+00 6.199999898672103882e-02 2.657763061523437500e+02
6.079892110824584961e+01 4.440000000000000391e+00 6.199999898672103882e-02 2.797645568847656250e+02
6.090692186355590820e+01 4.400000000000000355e+00 6.199999898672103882e-02 3.636938781738281250e+02
6.099595999717712402e+01 4.400000000000000355e+00 6.199999898672103882e-02 5.315526123046875000e+02
6.111395621299743652e+01 4.410000000000000142e+00 6.199999898672103882e-02 5.315526123046875000e+02
6.119996571540832520e+01 4.530000000000000249e+00 6.199999898672103882e-02 5.315526123046875000e+02
6.131092762947082520e+01 4.559999999999999609e+00 6.199999898672103882e-02 5.315526123046875000e+02
6.140592455863952637e+01 4.490000000000000213e+00 6.199999898672103882e-02 4.476232604980468750e+02
6.151492476463317871e+01 4.429999999999999716e+00 6.199999898672103882e-02 3.636938781738281250e+02
6.160396957397460938e+01 4.480000000000000426e+00 6.199999898672103882e-02 3.497056579589843750e+02
6.169492530822753906e+01 4.339999999999999858e+00 6.199999898672103882e-02 4.476232604980468750e+02
6.180795574188232422e+01 4.389999999999999680e+00 6.199999898672103882e-02 5.315526123046875000e+02
6.189599108695983887e+01 4.370000000000000107e+00 6.199999898672103882e-02 5.455408935546875000e+02
6.200992441177368164e+01 4.519999999999999574e+00 6.199999898672103882e-02 5.315526123046875000e+02
6.210396885871887207e+01 4.549999999999999822e+00 6.199999898672103882e-02 6.294701538085937500e+02
6.221092200279235840e+01 4.490000000000000213e+00 6.199999898672103882e-02 8.113171386718750000e+02
6.230192232131958008e+01 4.530000000000000249e+00 6.199999898672103882e-02 6.294701538085937500e+02
6.239692544937133789e+01 4.519999999999999574e+00 6.199999898672103882e-02 6.294701538085937500e+02
6.250395417213439941e+01 4.549999999999999822e+00 6.199999898672103882e-02 4.476232604980468750e+02
6.261596179008483887e+01 4.549999999999999822e+00 6.199999898672103882e-02 5.455408935546875000e+02
6.271196293830871582e+01 4.580000000000000071e+00 6.199999898672103882e-02 3.497056579589843750e+02
6.279692506790161133e+01 4.540000000000000036e+00 6.199999898672103882e-02 3.497056579589843750e+02
6.290893030166625977e+01 4.530000000000000249e+00 6.199999898672103882e-02 3.636938781738281250e+02
6.300400066375732422e+01 4.540000000000000036e+00 6.199999898672103882e-02 3.636938781738281250e+02
6.311195826530456543e+01 4.459999999999999964e+00 6.199999898672103882e-02 3.497056579589843750e+02
6.320092487335205078e+01 4.429999999999999716e+00 6.199999898672103882e-02 3.636938781738281250e+02
6.329596233367919922e+01 4.459999999999999964e+00 6.199999898672103882e-02 1.818469390869140625e+02
6.340492677688598633e+01 4.459999999999999964e+00 6.199999898672103882e-02 6.294701538085937500e+02
6.349394106864929199e+01 4.540000000000000036e+00 6.199999898672103882e-02 5.315526123046875000e+02
6.361092352867126465e+01 4.580000000000000071e+00 6.199999898672103882e-02 4.476232604980468750e+02
6.369792294502258301e+01 4.610000000000000320e+00 6.199999898672103882e-02 4.476232604980468750e+02
6.380892539024353027e+01 4.690000000000000391e+00 6.199999898672103882e-02 5.455408935546875000e+02
6.389997410774230957e+01 4.610000000000000320e+00 6.199999898672103882e-02 6.294701538085937500e+02
6.401292228698730469e+01 4.559999999999999609e+00 6.199999898672103882e-02 4.616115112304687500e+02
6.410092401504516602e+01 4.559999999999999609e+00 6.199999898672103882e-02 4.476232604980468750e+02
6.421492362022399902e+01 4.610000000000000320e+00 6.199999898672103882e-02 2.797645568847656250e+02
6.430893087387084961e+01 4.540000000000000036e+00 6.199999898672103882e-02 4.476232604980468750e+02
6.440092778205871582e+01 4.519999999999999574e+00 6.199999898672103882e-02 3.636938781738281250e+02
6.450692248344421387e+01 4.610000000000000320e+00 6.199999898672103882e-02 2.657763061523437500e+02
6.460192346572875977e+01 4.540000000000000036e+00 6.199999898672103882e-02 0.000000000000000000e+00
6.470892310142517090e+01 4.360000000000000320e+00 6.199999898672103882e-02 0.000000000000000000e+00
6.479893350601196289e+01 4.169999999999999929e+00 6.199999898672103882e-02 0.000000000000000000e+00
6.489392280578613281e+01 4.139999999999999680e+00 6.199999898672103882e-02 0.000000000000000000e+00
6.500192594528198242e+01 4.889999999999999680e+00 6.199999898672103882e-02 0.000000000000000000e+00
6.511392831802368164e+01 5.799999999999999822e+00 2.800000086426734924e-02 -9.791759033203125000e+02
6.520892357826232910e+01 4.559999999999999609e+00 2.800000086426734924e-02 -9.931641235351562500e+02
6.529493212699890137e+01 4.559999999999999609e+00 2.800000086426734924e-02 -1.077093505859375000e+03
6.540592193603515625e+01 4.639999999999999680e+00 2.800000086426734924e-02 -1.342869750976562500e+03
6.550092601776123047e+01 4.530000000000000249e+00 2.800000086426734924e-02 -1.538704956054687500e+03
6.560992288589477539e+01 4.410000000000000142e+00 2.800000086426734924e-02 -1.356857910156250000e+03
6.569892501831054688e+01 4.370000000000000107e+00 2.800000086426734924e-02 -1.440787353515625000e+03
6.581492686271667480e+01 4.309999999999999609e+00 2.800000086426734924e-02 -1.440787353515625000e+03
6.590292239189147949e+01 4.219999999999999751e+00 2.800000086426734924e-02 -1.258940307617187500e+03
6.601393079757690430e+01 4.309999999999999609e+00 2.800000086426734924e-02 -1.175010986328125000e+03
6.610492992401123047e+01 4.379999999999999893e+00 2.800000086426734924e-02 -1.538704956054687500e+03
6.619892358779907227e+01 4.320000000000000284e+00 2.800000086426734924e-02 -1.538704956054687500e+03
6.630592322349548340e+01 4.299999999999999822e+00 2.800000086426734924e-02 -1.342869750976562500e+03
6.639692664146423340e+01 4.299999999999999822e+00 2.800000086426734924e-02 -1.440787353515625000e+03
6.651394510269165039e+01 4.349999999999999645e+00 2.800000086426734924e-02 -1.356857910156250000e+03
6.659892320632934570e+01 4.309999999999999609e+00 2.800000086426734924e-02 -1.440787353515625000e+03
6.671195960044860840e+01 4.299999999999999822e+00 2.800000086426734924e-02 -1.356857910156250000e+03
6.680692410469055176e+01 4.290000000000000036e+00 2.800000086426734924e-02 -1.258940307617187500e+03
6.691396594047546387e+01 4.339999999999999858e+00 2.800000086426734924e-02 -1.258940307617187500e+03
6.700397777557373047e+01 4.309999999999999609e+00 2.800000086426734924e-02 -1.538704956054687500e+03
6.709892296791076660e+01 4.290000000000000036e+00 2.800000086426734924e-02 -1.342869750976562500e+03
6.720692682266235352e+01 4.339999999999999858e+00 2.800000086426734924e-02 -1.258940307617187500e+03
6.729596328735351562e+01 4.290000000000000036e+00 2.800000086426734924e-02 -1.356857910156250000e+03
6.741395807266235352e+01 4.360000000000000320e+00 2.800000086426734924e-02 -1.342869750976562500e+03
6.749996304512023926e+01 4.320000000000000284e+00 2.800000086426734924e-02 -1.258940307617187500e+03
6.761092305183410645e+01 4.330000000000000071e+00 2.800000086426734924e-02 -1.342869750976562500e+03
6.770592927932739258e+01 4.360000000000000320e+00 2.800000086426734924e-02 -1.524716674804687500e+03
6.781492805480957031e+01 4.349999999999999645e+00 2.800000086426734924e-02 -1.888410644531250000e+03
6.790396380424499512e+01 4.269999999999999574e+00 2.800000086426734924e-02 -1.986328247070312500e+03
6.799492573738098145e+01 4.200000000000000178e+00 2.800000086426734924e-02 -1.706563598632812500e+03
6.810796308517456055e+01 4.240000000000000213e+00 2.800000086426734924e-02 -1.622634277343750000e+03
6.819596457481384277e+01 4.339999999999999858e+00 2.800000086426734924e-02 -1.804481201171875000e+03
6.830992197990417480e+01 4.259999999999999787e+00 2.800000086426734924e-02 -1.622634277343750000e+03
6.840400671958923340e+01 4.209999999999999964e+00 2.800000086426734924e-02 -1.440787353515625000e+03
6.851092076301574707e+01 4.309999999999999609e+00 2.800000086426734924e-02 -1.342869750976562500e+03
6.860192394256591797e+01 4.299999999999999822e+00 2.800000086426734924e-02 -1.524716674804687500e+03
6.869692420959472656e+01 4.309999999999999609e+00 2.800000086426734924e-02 -1.706563598632812500e+03
6.880397319793701172e+01 4.190000000000000391e+00 2.800000086426734924e-02 -1.440787353515625000e+03
6.889393568038940430e+01 4.219999999999999751e+00 2.800000086426734924e-02 -1.258940307617187500e+03
6.901197743415832520e+01 4.389999999999999680e+00 2.800000086426734924e-02 -1.272928588867187500e+03
6.909692382812500000e+01 4.299999999999999822e+00 2.800000086426734924e-02 -1.161022827148437500e+03
6.920892739295959473e+01 4.259999999999999787e+00 2.800000086426734924e-02 -7.133995361328125000e+02
6.930406022071838379e+01 4.259999999999999787e+00 2.800000086426734924e-02 -7.273877563476562500e+02
6.941195964813232422e+01 4.360000000000000320e+00 2.800000086426734924e-02 -8.952465209960937500e+02
6.950094866752624512e+01 4.309999999999999609e+00 2.800000086426734924e-02 -8.113171386718750000e+02
6.959597730636596680e+01 4.309999999999999609e+00 2.800000086426734924e-02 -4.476232604980468750e+02
6.970492720603942871e+01 4.389999999999999680e+00 2.800000086426734924e-02 -5.315526123046875000e+02
6.981597065925598145e+01 4.400000000000000355e+00 2.800000086426734924e-02 -8.113171386718750000e+02
6.991093349456787109e+01 4.129999999999999893e+00 2.800000086426734924e-02 -9.931641235351562500e+02
6.999792337417602539e+01 4.280000000000000249e+00 2.800000086426734924e-02 -8.952465209960937500e+02
7.010891938209533691e+01 3.720000000000000195e+00 2.800000086426734924e-02 0.000000000000000000e+00
7.019997787475585938e+01 3.459999999999999964e+00 2.800000086426734924e-02 0.000000000000000000e+00
7.031292557716369629e+01 3.950000000000000178e+00 2.800000086426734924e-02 0.000000000000000000e+00
7.040092921257019043e+01 3.750000000000000000e+00 2.800000086426734924e-02 0.000000000000000000e+00
7.051492595672607422e+01 3.009999999999999787e+00 2.800000086426734924e-02 0.000000000000000000e+00
7.060892367362976074e+01 1.810000000000000053e+00 6.199999898672103882e-02 1.258940307617187500e+03
7.069392752647399902e+01 4.339999999999999858e+00 6.199999898672103882e-02 1.175010986328125000e+03
7.080692219734191895e+01 4.580000000000000071e+00 6.199999898672103882e-02 9.931641235351562500e+02
7.090192389488220215e+01 4.589999999999999858e+00 6.199999898672103882e-02 9.931641235351562500e+02
7.100892734527587891e+01 4.530000000000000249e+00 6.199999898672103882e-02 1.175010986328125000e+03
7.109892416000366211e+01 4.580000000000000071e+00 6.199999898672103882e-02 1.077093505859375000e+03
7.119392704963684082e+01 4.519999999999999574e+00 6.199999898672103882e-02 1.161022827148437500e+03
7.130192422866821289e+01 4.490000000000000213e+00 6.199999898672103882e-02 1.356857910156250000e+03
7.141402482986450195e+01 4.530000000000000249e+00 6.199999898672103882e-02 1.440787353515625000e+03
7.150892233848571777e+01 4.570000000000000284e+00 6.199999898672103882e-02 1.622634277343750000e+03
7.159492731094360352e+01 4.540000000000000036e+00 6.199999898672103882e-02 1.720551879882812500e+03
7.170592403411865234e+01 4.530000000000000249e+00 6.199999898672103882e-02 1.706563598632812500e+03
7.180092716217041016e+01 4.660000000000000142e+00 6.199999898672103882e-02 1.804481201171875000e+03
7.190992617607116699e+01 4.660000000000000142e+00 6.199999898672103882e-02 1.706563598632812500e+03
7.199892163276672363e+01 4.660000000000000142e+00 6.199999898672103882e-02 1.804481201171875000e+03
7.209892129898071289e+01 4.150000000000000355e+00 6.199999898672103882e-02 1.622634277343750000e+03
7.220292258262634277e+01 4.599999999999999645e+00 6.199999898672103882e-02 1.538704956054687500e+03
7.231393003463745117e+01 4.650000000000000355e+00 6.199999898672103882e-02 1.258940307617187500e+03
7.240492606163024902e+01 4.549999999999999822e+00 6.199999898672103882e-02 1.440787353515625000e+03
7.249892616271972656e+01 4.549999999999999822e+00 6.199999898672103882e-02 1.524716674804687500e+03
7.260592246055603027e+01 4.599999999999999645e+00 6.199999898672103882e-02 1.356857910156250000e+03
7.269692230224609375e+01 4.610000000000000320e+00 6.199999898672103882e-02 1.538704956054687500e+03
7.281392860412597656e+01 4.679999999999999716e+00 6.199999898672103882e-02 1.272928588867187500e+03
7.289892435073852539e+01 4.580000000000000071e+00 6.199999898672103882e-02 1.342869750976562500e+03
7.301196599006652832e+01 4.620000000000000107e+00 6.199999898672103882e-02 1.440787353515625000e+03
7.310692358016967773e+01 4.620000000000000107e+00 6.199999898672103882e-02 1.342869750976562500e+03
7.321392440795898438e+01 4.589999999999999858e+00 6.199999898672103882e-02 1.356857910156250000e+03
7.330404973030090332e+01 4.570000000000000284e+00 6.199999898672103882e-02 9.931641235351562500e+02
7.339892268180847168e+01 4.219999999999999751e+00 6.199999898672103882e-02 8.113171386718750000e+02
7.350692224502563477e+01 4.580000000000000071e+00 6.199999898672103882e-02 7.273877563476562500e+02
7.359597325325012207e+01 4.480000000000000426e+00 6.199999898672103882e-02 9.791759033203125000e+02
7.371392297744750977e+01 4.509999999999999787e+00 6.199999898672103882e-02 1.077093505859375000e+03
7.379996752738952637e+01 4.589999999999999858e+00 6.199999898672103882e-02 1.077093505859375000e+03
7.391092085838317871e+01 4.650000000000000355e+00 6.199999898672103882e-02 1.091081787109375000e+03
7.400592589378356934e+01 4.589999999999999858e+00 6.199999898672103882e-02 1.077093505859375000e+03
7.411492729187011719e+01 4.570000000000000284e+00 6.199999898672103882e-02 1.258940307617187500e+03
7.420400118827819824e+01 4.610000000000000320e+00 6.199999898672103882e-02 1.356857910156250000e+03
7.429492449760437012e+01 4.589999999999999858e+00 6.199999898672103882e-02 1.258940307617187500e+03
7.440795898437500000e+01 4.540000000000000036e+00 6.199999898672103882e-02 1.175010986328125000e+03
7.449597382545471191e+01 4.610000000000000320e+00 6.199999898672103882e-02 1.161022827148437500e+03
7.460992360115051270e+01 4.519999999999999574e+00 6.199999898672103882e-02 1.272928588867187500e+03
7.470396184921264648e+01 4.480000000000000426e+00 6.199999898672103882e-02 1.258940307617187500e+03
7.481093072891235352e+01 4.599999999999999645e+00 6.199999898672103882e-02 1.161022827148437500e+03
7.490192484855651855e+01 4.599999999999999645e+00 6.199999898672103882e-02 1.161022827148437500e+03
7.499692630767822266e+01 4.549999999999999822e+00 6.199999898672103882e-02 1.356857910156250000e+03
7.510399580001831055e+01 4.660000000000000142e+00 6.199999898672103882e-02 1.161022827148437500e+03
7.519403171539306641e+01 4.660000000000000142e+00 6.199999898672103882e-02 1.091081787109375000e+03
7.531196451187133789e+01 4.570000000000000284e+00 6.199999898672103882e-02 1.161022827148437500e+03
7.539692401885986328e+01 4.679999999999999716e+00 6.199999898672103882e-02 9.791759033203125000e+02
7.550892639160156250e+01 4.700000000000000178e+00 6.199999898672103882e-02 8.113171386718750000e+02
7.560397577285766602e+01 4.700000000000000178e+00 6.199999898672103882e-02 8.113171386718750000e+02
7.571196293830871582e+01 4.610000000000000320e+00 6.199999898672103882e-02 7.273877563476562500e+02
7.580092477798461914e+01 4.660000000000000142e+00 6.199999898672103882e-02 7.133995361328125000e+02
7.589596724510192871e+01 4.639999999999999680e+00 6.199999898672103882e-02 4.616115112304687500e+02
7.600493049621582031e+01 4.660000000000000142e+00 6.199999898672103882e-02 8.392935943603515625e+01
7.611492347717285156e+01 4.599999999999999645e+00 6.199999898672103882e-02 8.392935943603515625e+01
7.621092486381530762e+01 4.480000000000000426e+00 6.199999898672103882e-02 0.000000000000000000e+00
7.629792428016662598e+01 4.360000000000000320e+00 6.199999898672103882e-02 0.000000000000000000e+00
7.640892791748046875e+01 4.299999999999999822e+00 6.199999898672103882e-02 8.392935943603515625e+01
7.649995899200439453e+01 4.339999999999999858e+00 6.199999898672103882e-02 0.000000000000000000e+00
7.661292624473571777e+01 3.959999999999999964e+00 6.199999898672103882e-02 0.000000000000000000e+00
7.670092487335205078e+01 3.870000000000000107e+00 6.199999898672103882e-02 0.000000000000000000e+00
7.681492543220520020e+01 3.799999999999999822e+00 6.199999898672103882e-02 0.000000000000000000e+00
7.690892505645751953e+01 3.750000000000000000e+00 6.199999898672103882e-02 0.000000000000000000e+00
7.700092625617980957e+01 3.720000000000000195e+00 6.199999898672103882e-02 0.000000000000000000e+00
7.710693645477294922e+01 3.700000000000000178e+00 6.199999898672103882e-02 0.000000000000000000e+00
7.720192646980285645e+01 3.680000000000000160e+00 6.199999898672103882e-02 0.000000000000000000e+00
7.730892395973205566e+01 3.680000000000000160e+00 6.199999898672103882e-02 0.000000000000000000e+00
7.739895820617675781e+01 4.179999999999999716e+00 6.199999898672103882e-02 0.000000000000000000e+00
7.749401998519897461e+01 4.950000000000000178e+00 6.199999898672103882e-02 0.000000000000000000e+00
7.760192203521728516e+01 4.730000000000000426e+00 6.199999898672103882e-02 0.000000000000000000e+00
7.771392583847045898e+01 4.589999999999999858e+00 6.199999898672103882e-02 0.000000000000000000e+00
7.780892801284790039e+01 4.570000000000000284e+00 6.199999898672103882e-02 0.000000000000000000e+00
7.789492630958557129e+01 4.530000000000000249e+00 6.199999898672103882e-02 0.000000000000000000e+00
7.800592374801635742e+01 4.860000000000000320e+00 6.199999898672103882e-02 0.000000000000000000e+00
7.810092520713806152e+01 5.070000000000000284e+00 6.199999898672103882e-02 0.000000000000000000e+00
7.820992326736450195e+01 5.250000000000000000e+00 6.199999898672103882e-02 0.000000000000000000e+00
7.829892516136169434e+01 5.259999999999999787e+00 6.199999898672103882e-02 0.000000000000000000e+00
7.839892458915710449e+01 5.309999999999999609e+00 6.199999898672103882e-02 0.000000000000000000e+00
7.850292277336120605e+01 5.230000000000000426e+00 6.199999898672103882e-02 0.000000000000000000e+00
7.861392784118652344e+01 5.160000000000000142e+00 6.199999898672103882e-02 0.000000000000000000e+00
