6.800675392150878906e-02 2.419999999999999929e+00 2.999999932944774628e-02 0.000000000000000000e+00
1.640038490295410156e-01 2.419999999999999929e+00 2.999999932944774628e-02 0.000000000000000000e+00
2.550022602081298828e-01 2.419999999999999929e+00 2.999999932944774628e-02 0.000000000000000000e+00
3.629984855651855469e-01 2.419999999999999929e+00 2.999999932944774628e-02 0.000000000000000000e+00
4.510004520416259766e-01 2.419999999999999929e+00 2.999999932944774628e-02 0.000000000000000000e+00
5.649995803833007812e-01 2.419999999999999929e+00 2.999999932944774628e-02 0.000000000000000000e+00
6.599998474121093750e-01 2.490000000000000213e+00 2.999999932944774628e-02 0.000000000000000000e+00
7.489991188049316406e-01 2.589999999999999858e+00 2.999999932944774628e-02 0.000000000000000000e+00
8.559987545013427734e-01 2.700000000000000178e+00 2.999999932944774628e-02 0.000000000000000000e+00
9.470024108886718750e-01 3.069999999999999840e+00 2.999999932944774628e-02 0.000000000000000000e+00
1.063999891281127930e+00 3.770000000000000018e+00 2.999999932944774628e-02 0.000000000000000000e+00
1.148999691009521484e+00 4.179999999999999716e+00 2.999999932944774628e-02 0.000000000000000000e+00
1.262042999267578125e+00 4.679999999999999716e+00 2.999999932944774628e-02 -3.636938781738281250e+02
1.355998992919921875e+00 4.860000000000000320e+00 2.999999932944774628e-02 -6.294701538085937500e+02
1.464017152786254883e+00 4.690000000000000391e+00 2.999999932944774628e-02 -4.476232604980468750e+02
1.554042339324951172e+00 4.790000000000000036e+00 2.999999932944774628e-02 -7.273877563476562500e+02
1.648995399475097656e+00 4.799999999999999822e+00 2.999999932944774628e-02 -6.294701538085937500e+02
1.756998538970947266e+00 4.769999999999999574e+00 2.999999932944774628e-02 -7.133995361328125000e+02
1.846033334732055664e+00 4.730000000000000426e+00 2.999999932944774628e-02 -6.294701538085937500e+02
1.964001178741455078e+00 4.690000000000000391e+00 2.999999932944774628e-02 -6.294701538085937500e+02
2.052997589111328125e+00 4.629999999999999893e+00 2.999999932944774628e-02 -6.294701538085937500e+02
2.160998821258544922e+00 4.549999999999999822e+00 2.999999932944774628e-02 -7.133995361328125000e+02
2.256011247634887695e+00 4.650000000000000355e+00 2.999999932944774628e-02 -8.113171386718750000e+02
2.367002964019775391e+00 4.599999999999999645e+00 2.999999932944774628e-02 -1.077093505859375000e+03
2.452998399734497070e+00 4.570000000000000284e+00 2.999999932944774628e-02 -1.175010986328125000e+03
2.548002481460571289e+00 4.570000000000000284e+00 2.999999932944774628e-02 -9.092347412109375000e+02
2.660998821258544922e+00 4.469999999999999751e+00 2.999999932944774628e-02 -6.294701538085937500e+02
2.767001152038574219e+00 4.540000000000000036e+00 2.999999932944774628e-02 -5.455408935546875000e+02
2.863002061843872070e+00 4.589999999999999858e+00 2.999999932944774628e-02 -6.294701538085937500e+02
2.954042196273803711e+00 4.610000000000000320e+00 2.999999932944774628e-02 -8.113171386718750000e+02
3.061002016067504883e+00 4.610000000000000320e+00 2.999999932944774628e-02 -9.092347412109375000e+02
3.151999950408935547e+00 4.580000000000000071e+00 2.999999932944774628e-02 -8.952465209960937500e+02
3.246041774749755859e+00 4.500000000000000000e+00 2.999999932944774628e-02 -9.931641235351562500e+02
3.354048013687133789e+00 4.519999999999999574e+00 2.999999932944774628e-02 -8.113171386718750000e+02
3.467001914978027344e+00 4.690000000000000391e+00 2.999999932944774628e-02 -5.455408935546875000e+02
3.561001062393188477e+00 4.839999999999999858e+00 2.999999932944774628e-02 -2.657763061523437500e+02
3.647004842758178711e+00 4.950000000000000178e+00 2.999999932944774628e-02 -2.657763061523437500e+02
3.758998870849609375e+00 5.009999999999999787e+00 2.999999932944774628e-02 -5.315526123046875000e+02
3.854048490524291992e+00 4.809999999999999609e+00 2.999999932944774628e-02 -5.315526123046875000e+02
3.962052345275878906e+00 4.759999999999999787e+00 2.999999932944774628e-02 -5.315526123046875000e+02
4.051000356674194336e+00 4.799999999999999822e+00 2.999999932944774628e-02 -4.476232604980468750e+02
4.146038532257080078e+00 4.769999999999999574e+00 2.999999932944774628e-02 -3.636938781738281250e+02
4.260999441146850586e+00 4.769999999999999574e+00 2.999999932944774628e-02 -5.315526123046875000e+02
4.362050294876098633e+00 4.769999999999999574e+00 2.999999932944774628e-02 -6.294701538085937500e+02
4.464001655578613281e+00 4.719999999999999751e+00 2.999999932944774628e-02 -6.294701538085937500e+02
4.554041385650634766e+00 4.589999999999999858e+00 2.999999932944774628e-02 -7.273877563476562500e+02
4.660999059677124023e+00 4.599999999999999645e+00 2.999999932944774628e-02 -6.294701538085937500e+02
4.756000041961669922e+00 4.589999999999999858e+00 2.999999932944774628e-02 -5.455408935546875000e+02
4.847008943557739258e+00 4.620000000000000107e+00 2.999999932944774628e-02 -5.455408935546875000e+02
4.954032421112060547e+00 4.629999999999999893e+00 2.999999932944774628e-02 -5.315526123046875000e+02
5.044998884201049805e+00 4.650000000000000355e+00 2.999999932944774628e-02 -7.133995361328125000e+02
5.162040710449218750e+00 4.540000000000000036e+00 2.999999932944774628e-02 -8.952465209960937500e+02
5.254046201705932617e+00 4.530000000000000249e+00 2.999999932944774628e-02 -9.791759033203125000e+02
5.360002279281616211e+00 4.570000000000000284e+00 2.999999932944774628e-02 -9.092347412109375000e+02
5.454045534133911133e+00 4.639999999999999680e+00 2.999999932944774628e-02 -7.273877563476562500e+02
5.562043666839599609e+00 4.620000000000000107e+00 2.999999932944774628e-02 -8.113171386718750000e+02
5.652000665664672852e+00 4.599999999999999645e+00 2.999999932944774628e-02 -8.952465209960937500e+02
5.754041194915771484e+00 4.570000000000000284e+00 2.999999932944774628e-02 -9.931641235351562500e+02
5.855002641677856445e+00 4.599999999999999645e+00 2.999999932944774628e-02 -8.952465209960937500e+02
5.967003583908081055e+00 4.589999999999999858e+00 2.999999932944774628e-02 -8.952465209960937500e+02
6.062038898468017578e+00 4.559999999999999609e+00 2.999999932944774628e-02 -8.113171386718750000e+02
6.150999546051025391e+00 4.580000000000000071e+00 2.999999932944774628e-02 -8.113171386718750000e+02
6.258999347686767578e+00 4.599999999999999645e+00 2.999999932944774628e-02 -8.113171386718750000e+02
6.354034900665283203e+00 4.610000000000000320e+00 2.999999932944774628e-02 -7.273877563476562500e+02
6.466042041778564453e+00 4.620000000000000107e+00 2.999999932944774628e-02 -7.273877563476562500e+02
6.551001310348510742e+00 4.639999999999999680e+00 2.999999932944774628e-02 -8.113171386718750000e+02
6.646048069000244141e+00 4.459999999999999964e+00 2.999999932944774628e-02 -4.476232604980468750e+02
6.759004831314086914e+00 4.540000000000000036e+00 2.999999932944774628e-02 -4.476232604980468750e+02
6.866036176681518555e+00 4.669999999999999929e+00 2.999999932944774628e-02 -5.455408935546875000e+02
6.961000442504882812e+00 4.669999999999999929e+00 2.999999932944774628e-02 -6.294701538085937500e+02
7.051997661590576172e+00 4.549999999999999822e+00 2.999999932944774628e-02 -4.476232604980468750e+02
7.158999681472778320e+00 4.589999999999999858e+00 2.999999932944774628e-02 -4.476232604980468750e+02
7.250044822692871094e+00 4.629999999999999893e+00 2.999999932944774628e-02 -4.476232604980468750e+02
7.367005825042724609e+00 4.629999999999999893e+00 2.999999932944774628e-02 -4.476232604980468750e+02
7.451992034912109375e+00 4.660000000000000142e+00 2.999999932944774628e-02 -4.476232604980468750e+02
7.564999103546142578e+00 4.660000000000000142e+00 2.999999932944774628e-02 -3.497056579589843750e+02
7.659001827239990234e+00 4.700000000000000178e+00 2.999999932944774628e-02 -3.497056579589843750e+02
7.767007350921630859e+00 4.629999999999999893e+00 2.999999932944774628e-02 -3.636938781738281250e+02
7.857002973556518555e+00 4.700000000000000178e+00 2.999999932944774628e-02 -3.636938781738281250e+02
7.951999425888061523e+00 4.650000000000000355e+00 2.999999932944774628e-02 -3.636938781738281250e+02
8.059998750686645508e+00 4.740000000000000213e+00 2.999999932944774628e-02 -4.476232604980468750e+02
8.148999452590942383e+00 4.719999999999999751e+00 2.999999932944774628e-02 -3.636938781738281250e+02
8.267007827758789062e+00 4.669999999999999929e+00 2.999999932944774628e-02 -4.476232604980468750e+02
8.356001853942871094e+00 4.629999999999999893e+00 2.999999932944774628e-02 -3.497056579589843750e+02
8.463998794555664062e+00 4.570000000000000284e+00 2.999999932944774628e-02 -2.657763061523437500e+02
8.559001445770263672e+00 4.730000000000000426e+00 2.999999932944774628e-02 -2.797645568847656250e+02
8.648999214172363281e+00 4.790000000000000036e+00 2.999999932944774628e-02 -2.657763061523437500e+02
8.756003141403198242e+00 4.750000000000000000e+00 2.999999932944774628e-02 -5.315526123046875000e+02
8.851001739501953125e+00 4.629999999999999893e+00 2.999999932944774628e-02 -4.616115112304687500e+02
8.963999271392822266e+00 4.620000000000000107e+00 2.999999932944774628e-02 -4.476232604980468750e+02
9.048999786376953125e+00 4.660000000000000142e+00 2.999999932944774628e-02 -5.455408935546875000e+02
9.166045904159545898e+00 4.629999999999999893e+00 2.999999932944774628e-02 -3.636938781738281250e+02
9.257001399993896484e+00 4.660000000000000142e+00 2.999999932944774628e-02 -3.497056579589843750e+02
9.363998651504516602e+00 4.679999999999999716e+00 2.999999932944774628e-02 -3.636938781738281250e+02
9.455002307891845703e+00 4.690000000000000391e+00 2.999999932944774628e-02 -3.636938781738281250e+02
9.548999071121215820e+00 4.679999999999999716e+00 2.999999932944774628e-02 -2.657763061523437500e+02
9.657004117965698242e+00 4.679999999999999716e+00 2.999999932944774628e-02 -3.636938781738281250e+02
9.747002363204956055e+00 4.669999999999999929e+00 2.999999932944774628e-02 -4.476232604980468750e+02
9.864003658294677734e+00 4.660000000000000142e+00 2.999999932944774628e-02 -5.315526123046875000e+02
9.950045108795166016e+00 4.669999999999999929e+00 2.999999932944774628e-02 -6.294701538085937500e+02
1.006203985214233398e+01 4.570000000000000284e+00 2.999999932944774628e-02 -6.294701538085937500e+02
1.015700340270996094e+01 4.620000000000000107e+00 2.999999932944774628e-02 -7.133995361328125000e+02
1.026499843597412109e+01 4.639999999999999680e+00 2.999999932944774628e-02 -7.133995361328125000e+02
1.035403656959533691e+01 4.469999999999999751e+00 2.999999932944774628e-02 -5.455408935546875000e+02
1.044899868965148926e+01 4.509999999999999787e+00 2.999999932944774628e-02 -3.636938781738281250e+02
1.056099987030029297e+01 4.660000000000000142e+00 2.999999932944774628e-02 -2.657763061523437500e+02
1.066800260543823242e+01 4.709999999999999964e+00 2.999999932944774628e-02 -4.616115112304687500e+02
1.076399850845336914e+01 4.769999999999999574e+00 2.999999932944774628e-02 -6.434584350585937500e+02
1.085403966903686523e+01 4.730000000000000426e+00 2.999999932944774628e-02 -5.455408935546875000e+02
1.096100234985351562e+01 4.700000000000000178e+00 2.999999932944774628e-02 -4.476232604980468750e+02
1.105599856376647949e+01 4.650000000000000355e+00 2.999999932944774628e-02 -2.657763061523437500e+02
1.116300153732299805e+01 4.679999999999999716e+00 2.999999932944774628e-02 -2.657763061523437500e+02
1.125404524803161621e+01 4.709999999999999964e+00 2.999999932944774628e-02 -5.455408935546875000e+02
1.134499979019165039e+01 4.709999999999999964e+00 2.999999932944774628e-02 -4.476232604980468750e+02
1.146204328536987305e+01 4.589999999999999858e+00 2.999999932944774628e-02 -1.818469390869140625e+02
1.156800103187561035e+01 4.759999999999999787e+00 2.999999932944774628e-02 -4.616115112304687500e+02
1.166000032424926758e+01 4.679999999999999716e+00 2.999999932944774628e-02 -4.476232604980468750e+02
1.175404214859008789e+01 4.690000000000000391e+00 2.999999932944774628e-02 -5.455408935546875000e+02
1.186203694343566895e+01 4.629999999999999893e+00 2.999999932944774628e-02 -4.476232604980468750e+02
1.195199894905090332e+01 4.610000000000000320e+00 2.999999932944774628e-02 -5.315526123046875000e+02
1.205403947830200195e+01 4.610000000000000320e+00 2.999999932944774628e-02 -6.294701538085937500e+02
1.215500020980834961e+01 4.589999999999999858e+00 2.999999932944774628e-02 -5.455408935546875000e+02
1.226701688766479492e+01 4.589999999999999858e+00 2.999999932944774628e-02 -3.636938781738281250e+02
1.236204338073730469e+01 4.690000000000000391e+00 2.999999932944774628e-02 -2.797645568847656250e+02
1.245101094245910645e+01 4.690000000000000391e+00 2.999999932944774628e-02 -3.636938781738281250e+02
1.255899977684020996e+01 4.679999999999999716e+00 2.999999932944774628e-02 -4.476232604980468750e+02
1.265403628349304199e+01 4.639999999999999680e+00 2.999999932944774628e-02 -4.476232604980468750e+02
1.276604390144348145e+01 4.570000000000000284e+00 2.999999932944774628e-02 -3.497056579589843750e+02
1.285100460052490234e+01 4.480000000000000426e+00 2.999999932944774628e-02 -1.818469390869140625e+02
1.294604611396789551e+01 4.570000000000000284e+00 2.999999932944774628e-02 -2.657763061523437500e+02
1.305900144577026367e+01 4.589999999999999858e+00 2.999999932944774628e-02 0.000000000000000000e+00
1.316603922843933105e+01 4.360000000000000320e+00 2.999999932944774628e-02 0.000000000000000000e+00
1.326100015640258789e+01 4.660000000000000142e+00 2.999999932944774628e-02 0.000000000000000000e+00
1.335199975967407227e+01 4.690000000000000391e+00 2.999999932944774628e-02 0.000000000000000000e+00
1.345900344848632812e+01 3.649999999999999911e+00 2.999999932944774628e-02 0.000000000000000000e+00
1.355003070831298828e+01 1.870000000000000107e+00 2.999999932944774628e-02 1.818469390869140625e+02
1.366700744628906250e+01 1.719999999999999973e+00 2.999999932944774628e-02 8.113171386718750000e+02
1.375200104713439941e+01 1.739999999999999991e+00 2.999999932944774628e-02 7.273877563476562500e+02
1.386506462097167969e+01 1.870000000000000107e+00 2.999999932944774628e-02 2.657763061523437500e+02
1.395900392532348633e+01 1.790000000000000036e+00 2.999999932944774628e-02 5.455408935546875000e+02
1.406701016426086426e+01 1.719999999999999973e+00 2.999999932944774628e-02 8.113171386718750000e+02
1.415700745582580566e+01 1.790000000000000036e+00 2.999999932944774628e-02 8.113171386718750000e+02
1.425200223922729492e+01 1.840000000000000080e+00 2.999999932944774628e-02 6.294701538085937500e+02
1.436000275611877441e+01 1.889999999999999902e+00 2.999999932944774628e-02 4.476232604980468750e+02
1.444899892807006836e+01 1.810000000000000053e+00 2.999999932944774628e-02 4.476232604980468750e+02
1.456700730323791504e+01 1.750000000000000000e+00 2.999999932944774628e-02 4.476232604980468750e+02
1.465599966049194336e+01 1.780000000000000027e+00 2.999999932944774628e-02 3.636938781738281250e+02
1.476400160789489746e+01 1.800000000000000044e+00 2.999999932944774628e-02 6.294701538085937500e+02
1.485900354385375977e+01 1.729999999999999982e+00 2.999999932944774628e-02 8.113171386718750000e+02
1.494899845123291016e+01 1.780000000000000027e+00 2.999999932944774628e-02 7.273877563476562500e+02
1.505600976943969727e+01 1.840000000000000080e+00 2.999999932944774628e-02 3.636938781738281250e+02
1.515100145339965820e+01 1.800000000000000044e+00 2.999999932944774628e-02 5.315526123046875000e+02
1.526400518417358398e+01 1.719999999999999973e+00 2.999999932944774628e-02 5.315526123046875000e+02
1.534899997711181641e+01 1.800000000000000044e+00 2.999999932944774628e-02 7.133995361328125000e+02
1.546604633331298828e+01 1.780000000000000027e+00 2.999999932944774628e-02 8.952465209960937500e+02
1.555700397491455078e+01 1.820000000000000062e+00 2.999999932944774628e-02 8.113171386718750000e+02
1.566399931907653809e+01 1.790000000000000036e+00 2.999999932944774628e-02 8.113171386718750000e+02
1.575500249862670898e+01 1.760000000000000009e+00 2.999999932944774628e-02 8.952465209960937500e+02
1.584899997711181641e+01 1.850000000000000089e+00 2.999999932944774628e-02 8.952465209960937500e+02
1.595699691772460938e+01 1.810000000000000053e+00 2.999999932944774628e-02 8.952465209960937500e+02
1.604700160026550293e+01 1.870000000000000107e+00 2.999999932944774628e-02 8.113171386718750000e+02
1.616399264335632324e+01 1.870000000000000107e+00 2.999999932944774628e-02 4.616115112304687500e+02
1.625004076957702637e+01 1.879999999999999893e+00 2.999999932944774628e-02 5.455408935546875000e+02
1.636204409599304199e+01 1.830000000000000071e+00 2.999999932944774628e-02 7.273877563476562500e+02
1.645701384544372559e+01 1.800000000000000044e+00 2.999999932944774628e-02 7.133995361328125000e+02
1.656500053405761719e+01 1.780000000000000027e+00 2.999999932944774628e-02 4.476232604980468750e+02
1.665403795242309570e+01 1.719999999999999973e+00 2.999999932944774628e-02 3.636938781738281250e+02
1.674899911880493164e+01 1.719999999999999973e+00 2.999999932944774628e-02 6.294701538085937500e+02
1.686099934577941895e+01 1.719999999999999973e+00 2.999999932944774628e-02 8.952465209960937500e+02
1.696605205535888672e+01 1.840000000000000080e+00 2.999999932944774628e-02 6.294701538085937500e+02
1.706400156021118164e+01 1.840000000000000080e+00 2.999999932944774628e-02 4.476232604980468750e+02
1.715404558181762695e+01 1.850000000000000089e+00 2.999999932944774628e-02 3.497056579589843750e+02
1.726099228858947754e+01 1.810000000000000053e+00 2.999999932944774628e-02 6.434584350585937500e+02
1.735600256919860840e+01 1.719999999999999973e+00 2.999999932944774628e-02 8.952465209960937500e+02
1.745404148101806641e+01 1.739999999999999991e+00 2.999999932944774628e-02 9.931641235351562500e+02
1.755403828620910645e+01 1.820000000000000062e+00 2.999999932944774628e-02 8.952465209960937500e+02
1.764499664306640625e+01 1.899999999999999911e+00 2.999999932944774628e-02 6.294701538085937500e+02
1.776204586029052734e+01 1.870000000000000107e+00 2.999999932944774628e-02 3.636938781738281250e+02
1.786300086975097656e+01 1.750000000000000000e+00 2.999999932944774628e-02 5.455408935546875000e+02
1.796000146865844727e+01 1.760000000000000009e+00 2.999999932944774628e-02 5.455408935546875000e+02
1.805403780937194824e+01 1.810000000000000053e+00 2.999999932944774628e-02 7.133995361328125000e+02
1.816204833984375000e+01 1.800000000000000044e+00 2.999999932944774628e-02 7.133995361328125000e+02
1.825200009346008301e+01 1.870000000000000107e+00 2.999999932944774628e-02 7.133995361328125000e+02
1.834703564643859863e+01 1.860000000000000098e+00 2.999999932944774628e-02 8.113171386718750000e+02
1.845499897003173828e+01 1.810000000000000053e+00 2.999999932944774628e-02 7.133995361328125000e+02
1.856701254844665527e+01 1.870000000000000107e+00 2.999999932944774628e-02 5.455408935546875000e+02
1.866204142570495605e+01 1.790000000000000036e+00 2.999999932944774628e-02 4.476232604980468750e+02
1.875099229812622070e+01 1.790000000000000036e+00 2.999999932944774628e-02 5.455408935546875000e+02
1.885900259017944336e+01 1.800000000000000044e+00 2.999999932944774628e-02 6.294701538085937500e+02
1.895404195785522461e+01 1.780000000000000027e+00 2.999999932944774628e-02 7.273877563476562500e+02
1.906604146957397461e+01 1.790000000000000036e+00 2.999999932944774628e-02 7.273877563476562500e+02
1.915100216865539551e+01 1.810000000000000053e+00 2.999999932944774628e-02 8.113171386718750000e+02
1.924604463577270508e+01 1.780000000000000027e+00 2.999999932944774628e-02 7.133995361328125000e+02
1.935900473594665527e+01 1.840000000000000080e+00 2.999999932944774628e-02 8.113171386718750000e+02
1.946603775024414062e+01 1.800000000000000044e+00 2.999999932944774628e-02 7.133995361328125000e+02
1.956100130081176758e+01 1.810000000000000053e+00 2.999999932944774628e-02 7.133995361328125000e+02
1.965201473236083984e+01 1.820000000000000062e+00 2.999999932944774628e-02 6.294701538085937500e+02
1.975900340080261230e+01 1.810000000000000053e+00 2.999999932944774628e-02 7.273877563476562500e+02
1.985003995895385742e+01 1.840000000000000080e+00 2.999999932944774628e-02 7.133995361328125000e+02
1.996700811386108398e+01 1.810000000000000053e+00 2.999999932944774628e-02 6.294701538085937500e+02
2.005200076103210449e+01 1.840000000000000080e+00 2.999999932944774628e-02 7.273877563476562500e+02
2.016500115394592285e+01 1.850000000000000089e+00 2.999999932944774628e-02 6.294701538085937500e+02
2.025900363922119141e+01 1.810000000000000053e+00 2.999999932944774628e-02 6.294701538085937500e+02
2.036700534820556641e+01 1.870000000000000107e+00 2.999999932944774628e-02 6.294701538085937500e+02
2.045700454711914062e+01 1.850000000000000089e+00 2.999999932944774628e-02 6.294701538085937500e+02
2.055199909210205078e+01 1.810000000000000053e+00 2.999999932944774628e-02 6.294701538085937500e+02
2.066000223159790039e+01 1.870000000000000107e+00 2.999999932944774628e-02 7.133995361328125000e+02
2.074900007247924805e+01 1.820000000000000062e+00 2.999999932944774628e-02 7.273877563476562500e+02
2.086700773239135742e+01 1.810000000000000053e+00 2.999999932944774628e-02 7.133995361328125000e+02
2.095599985122680664e+01 1.840000000000000080e+00 2.999999932944774628e-02 6.294701538085937500e+02
2.106399917602539062e+01 1.800000000000000044e+00 2.999999932944774628e-02 4.476232604980468750e+02
2.115900087356567383e+01 1.739999999999999991e+00 2.999999932944774628e-02 5.455408935546875000e+02
2.124899959564208984e+01 1.820000000000000062e+00 2.999999932944774628e-02 7.133995361328125000e+02
2.135600638389587402e+01 1.790000000000000036e+00 2.999999932944774628e-02 7.133995361328125000e+02
2.145100212097167969e+01 1.850000000000000089e+00 2.999999932944774628e-02 6.294701538085937500e+02
2.156400108337402344e+01 1.830000000000000071e+00 2.999999932944774628e-02 2.657763061523437500e+02
2.164899945259094238e+01 1.800000000000000044e+00 2.999999932944774628e-02 3.636938781738281250e+02
2.176604509353637695e+01 1.659999999999999920e+00 2.999999932944774628e-02 6.294701538085937500e+02
2.185700631141662598e+01 1.780000000000000027e+00 2.999999932944774628e-02 8.952465209960937500e+02
2.196400928497314453e+01 1.820000000000000062e+00 2.999999932944774628e-02 8.113171386718750000e+02
2.205500006675720215e+01 1.840000000000000080e+00 2.999999932944774628e-02 8.952465209960937500e+02
2.214900422096252441e+01 1.820000000000000062e+00 2.999999932944774628e-02 9.931641235351562500e+02
2.225700330734252930e+01 1.810000000000000053e+00 2.999999932944774628e-02 9.092347412109375000e+02
2.234700727462768555e+01 1.909999999999999920e+00 2.999999932944774628e-02 6.294701538085937500e+02
2.246400332450866699e+01 1.870000000000000107e+00 2.999999932944774628e-02 6.294701538085937500e+02
2.255004668235778809e+01 1.830000000000000071e+00 2.999999932944774628e-02 7.133995361328125000e+02
2.266203904151916504e+01 1.750000000000000000e+00 2.999999932944774628e-02 6.294701538085937500e+02
2.276100683212280273e+01 1.860000000000000098e+00 2.999999932944774628e-02 3.636938781738281250e+02
2.286400103569030762e+01 1.840000000000000080e+00 2.999999932944774628e-02 4.616115112304687500e+02
2.295804071426391602e+01 1.800000000000000044e+00 2.999999932944774628e-02 5.455408935546875000e+02
2.305299925804138184e+01 1.729999999999999982e+00 2.999999932944774628e-02 6.294701538085937500e+02
2.316499853134155273e+01 1.860000000000000098e+00 2.999999932944774628e-02 5.455408935546875000e+02
2.325003647804260254e+01 1.870000000000000107e+00 2.999999932944774628e-02 4.476232604980468750e+02
2.335200023651123047e+01 1.830000000000000071e+00 2.999999932944774628e-02 3.636938781738281250e+02
2.345804405212402344e+01 1.719999999999999973e+00 2.999999932944774628e-02 6.294701538085937500e+02
2.356500101089477539e+01 1.830000000000000071e+00 2.999999932944774628e-02 6.294701538085937500e+02
2.366000056266784668e+01 1.840000000000000080e+00 2.999999932944774628e-02 4.476232604980468750e+02
2.375100207328796387e+01 1.830000000000000071e+00 2.999999932944774628e-02 3.636938781738281250e+02
2.385804247856140137e+01 1.879999999999999893e+00 2.999999932944774628e-02 0.000000000000000000e+00
2.394900226593017578e+01 1.719999999999999973e+00 2.999999932944774628e-02 0.000000000000000000e+00
2.406605219841003418e+01 1.840000000000000080e+00 2.999999932944774628e-02 0.000000000000000000e+00
2.415100097656250000e+01 3.930000000000000160e+00 2.999999932944774628e-02 -5.315526123046875000e+02
2.426400518417358398e+01 4.780000000000000249e+00 2.999999932944774628e-02 -3.636938781738281250e+02
2.435804152488708496e+01 4.839999999999999858e+00 2.999999932944774628e-02 -5.455408935546875000e+02
2.446604228019714355e+01 4.860000000000000320e+00 2.999999932944774628e-02 -6.294701538085937500e+02
2.455599856376647949e+01 4.759999999999999787e+00 2.999999932944774628e-02 -6.294701538085937500e+02
2.465100717544555664e+01 4.799999999999999822e+00 2.999999932944774628e-02 -5.315526123046875000e+02
2.475899934768676758e+01 4.780000000000000249e+00 2.999999932944774628e-02 -8.952465209960937500e+02
2.484800481796264648e+01 4.780000000000000249e+00 2.999999932944774628e-02 -7.133995361328125000e+02
2.496604466438293457e+01 4.580000000000000071e+00 2.999999932944774628e-02 -6.294701538085937500e+02
2.505500578880310059e+01 4.540000000000000036e+00 2.999999932944774628e-02 -6.294701538085937500e+02
2.516299986839294434e+01 4.679999999999999716e+00 2.999999932944774628e-02 -7.973289184570312500e+02
2.525804853439331055e+01 4.669999999999999929e+00 2.999999932944774628e-02 -8.952465209960937500e+02
2.534800004959106445e+01 4.620000000000000107e+00 2.999999932944774628e-02 -8.952465209960937500e+02
2.545499992370605469e+01 4.599999999999999645e+00 2.999999932944774628e-02 -8.113171386718750000e+02
2.555004835128784180e+01 4.589999999999999858e+00 2.999999932944774628e-02 -6.294701538085937500e+02
2.566300511360168457e+01 4.610000000000000320e+00 2.999999932944774628e-02 -5.455408935546875000e+02
2.574800181388854980e+01 4.610000000000000320e+00 2.999999932944774628e-02 -5.315526123046875000e+02
2.586500120162963867e+01 4.599999999999999645e+00 2.999999932944774628e-02 -5.455408935546875000e+02
2.595600175857543945e+01 4.570000000000000284e+00 2.999999932944774628e-02 -3.497056579589843750e+02
2.606300449371337891e+01 4.589999999999999858e+00 2.999999932944774628e-02 -5.315526123046875000e+02
2.615404772758483887e+01 4.629999999999999893e+00 2.999999932944774628e-02 -6.294701538085937500e+02
2.624800181388854980e+01 4.660000000000000142e+00 2.999999932944774628e-02 -7.273877563476562500e+02
2.635600137710571289e+01 4.580000000000000071e+00 2.999999932944774628e-02 -9.092347412109375000e+02
2.644603276252746582e+01 4.559999999999999609e+00 2.999999932944774628e-02 -8.952465209960937500e+02
2.656300187110900879e+01 4.629999999999999893e+00 2.999999932944774628e-02 -7.273877563476562500e+02
2.664900302886962891e+01 4.650000000000000355e+00 2.999999932944774628e-02 -7.133995361328125000e+02
2.676099848747253418e+01 4.629999999999999893e+00 2.999999932944774628e-02 -8.113171386718750000e+02
2.685599899291992188e+01 4.540000000000000036e+00 2.999999932944774628e-02 -6.294701538085937500e+02
2.696399903297424316e+01 4.629999999999999893e+00 2.999999932944774628e-02 -6.294701538085937500e+02
2.705299997329711914e+01 4.589999999999999858e+00 2.999999932944774628e-02 -5.455408935546875000e+02
2.714800310134887695e+01 4.639999999999999680e+00 2.999999932944774628e-02 -6.294701538085937500e+02
2.726000070571899414e+01 4.639999999999999680e+00 2.999999932944774628e-02 -6.294701538085937500e+02
2.736700725555419922e+01 4.580000000000000071e+00 2.999999932944774628e-02 -5.315526123046875000e+02
2.746300101280212402e+01 4.580000000000000071e+00 2.999999932944774628e-02 -4.476232604980468750e+02
2.755300116539001465e+01 4.709999999999999964e+00 2.999999932944774628e-02 -3.636938781738281250e+02
2.765999984741210938e+01 4.719999999999999751e+00 2.999999932944774628e-02 -4.476232604980468750e+02
2.775500297546386719e+01 4.669999999999999929e+00 2.999999932944774628e-02 -3.636938781738281250e+02
2.786204242706298828e+01 4.639999999999999680e+00 2.999999932944774628e-02 -4.476232604980468750e+02
2.795300102233886719e+01 4.669999999999999929e+00 2.999999932944774628e-02 -5.455408935546875000e+02
2.804399967193603516e+01 4.599999999999999645e+00 2.999999932944774628e-02 -5.455408935546875000e+02
2.816099929809570312e+01 4.490000000000000213e+00 2.999999932944774628e-02 -4.476232604980468750e+02
2.825300216674804688e+01 4.589999999999999858e+00 2.999999932944774628e-02 -4.476232604980468750e+02
2.835900187492370605e+01 4.669999999999999929e+00 2.999999932944774628e-02 -4.476232604980468750e+02
2.845299887657165527e+01 4.620000000000000107e+00 2.999999932944774628e-02 -3.636938781738281250e+02
2.856100010871887207e+01 4.709999999999999964e+00 2.999999932944774628e-02 -3.636938781738281250e+02
2.865100479125976562e+01 4.700000000000000178e+00 2.999999932944774628e-02 -3.636938781738281250e+02
2.876800203323364258e+01 4.809999999999999609e+00 2.999999932944774628e-02 -4.476232604980468750e+02
2.885404038429260254e+01 4.769999999999999574e+00 2.999999932944774628e-02 -4.476232604980468750e+02
2.896604323387145996e+01 4.719999999999999751e+00 2.999999932944774628e-02 -4.476232604980468750e+02
2.906100106239318848e+01 4.650000000000000355e+00 2.999999932944774628e-02 -4.476232604980468750e+02
2.915003228187561035e+01 4.709999999999999964e+00 2.999999932944774628e-02 -4.476232604980468750e+02
2.925805449485778809e+01 4.679999999999999716e+00 2.999999932944774628e-02 -5.315526123046875000e+02
2.935300016403198242e+01 4.620000000000000107e+00 2.999999932944774628e-02 -5.455408935546875000e+02
2.946500110626220703e+01 4.669999999999999929e+00 2.999999932944774628e-02 -5.455408935546875000e+02
2.955003786087036133e+01 4.709999999999999964e+00 2.999999932944774628e-02 -4.476232604980468750e+02
2.966000056266784668e+01 4.709999999999999964e+00 2.999999932944774628e-02 -4.476232604980468750e+02
2.975804114341735840e+01 4.660000000000000142e+00 2.999999932944774628e-02 -4.476232604980468750e+02
2.986499881744384766e+01 4.650000000000000355e+00 2.999999932944774628e-02 -5.455408935546875000e+02
2.996300196647644043e+01 4.639999999999999680e+00 2.999999932944774628e-02 -5.455408935546875000e+02
3.005404520034790039e+01 4.650000000000000355e+00 2.999999932944774628e-02 -6.294701538085937500e+02
3.016099810600280762e+01 4.639999999999999680e+00 2.999999932944774628e-02 -5.315526123046875000e+02
3.025200557708740234e+01 4.660000000000000142e+00 2.999999932944774628e-02 -4.476232604980468750e+02
3.034604573249816895e+01 4.700000000000000178e+00 2.999999932944774628e-02 -5.455408935546875000e+02
3.045404028892517090e+01 4.660000000000000142e+00 2.999999932944774628e-02 -6.294701538085937500e+02
3.056700491905212402e+01 4.660000000000000142e+00 2.999999932944774628e-02 -6.294701538085937500e+02
3.066100049018859863e+01 4.650000000000000355e+00 2.999999932944774628e-02 -6.294701538085937500e+02
3.076800179481506348e+01 4.549999999999999822e+00 2.999999932944774628e-02 -6.294701538085937500e+02
3.085900259017944336e+01 4.580000000000000071e+00 2.999999932944774628e-02 -4.476232604980468750e+02
3.095404958724975586e+01 4.799999999999999822e+00 2.999999932944774628e-02 -2.657763061523437500e+02
3.106204223632812500e+01 4.969999999999999751e+00 2.999999932944774628e-02 -2.797645568847656250e+02
3.115100264549255371e+01 4.919999999999999929e+00 2.999999932944774628e-02 -4.476232604980468750e+02
3.124604010581970215e+01 4.900000000000000355e+00 2.999999932944774628e-02 -5.315526123046875000e+02
3.135804104804992676e+01 4.799999999999999822e+00 2.999999932944774628e-02 -3.636938781738281250e+02
3.146603560447692871e+01 4.830000000000000071e+00 2.999999932944774628e-02 -4.476232604980468750e+02
3.156100010871887207e+01 4.820000000000000284e+00 2.999999932944774628e-02 -4.476232604980468750e+02
3.165100383758544922e+01 4.870000000000000107e+00 2.999999932944774628e-02 -4.476232604980468750e+02
3.175804853439331055e+01 4.790000000000000036e+00 2.999999932944774628e-02 -3.636938781738281250e+02
3.185300064086914062e+01 4.839999999999999858e+00 2.999999932944774628e-02 -3.636938781738281250e+02
3.196603846549987793e+01 4.809999999999999609e+00 2.999999932944774628e-02 -5.455408935546875000e+02
3.205100274085998535e+01 4.679999999999999716e+00 2.999999932944774628e-02 -6.294701538085937500e+02
3.216803240776062012e+01 4.679999999999999716e+00 2.999999932944774628e-02 -5.315526123046875000e+02
3.225900149345397949e+01 4.709999999999999964e+00 2.999999932944774628e-02 -6.294701538085937500e+02
3.236604380607604980e+01 4.589999999999999858e+00 2.999999932944774628e-02 -5.315526123046875000e+02
3.245700526237487793e+01 4.599999999999999645e+00 2.999999932944774628e-02 -5.315526123046875000e+02
3.255100035667419434e+01 4.750000000000000000e+00 2.999999932944774628e-02 -6.294701538085937500e+02
3.265900468826293945e+01 4.669999999999999929e+00 2.999999932944774628e-02 -5.315526123046875000e+02
3.274900245666503906e+01 4.589999999999999858e+00 2.999999932944774628e-02 -5.315526123046875000e+02
3.286603999137878418e+01 4.620000000000000107e+00 2.999999932944774628e-02 -3.636938781738281250e+02
3.295200300216674805e+01 4.709999999999999964e+00 2.999999932944774628e-02 -4.476232604980468750e+02
3.306399989128112793e+01 4.660000000000000142e+00 2.999999932944774628e-02 -4.476232604980468750e+02
3.315900421142578125e+01 4.660000000000000142e+00 2.999999932944774628e-02 -4.476232604980468750e+02
3.326700592041015625e+01 4.700000000000000178e+00 2.999999932944774628e-02 -5.455408935546875000e+02
3.335600161552429199e+01 4.700000000000000178e+00 2.999999932944774628e-02 -5.315526123046875000e+02
3.345100188255310059e+01 4.629999999999999893e+00 2.999999932944774628e-02 -6.294701538085937500e+02
3.356300568580627441e+01 4.639999999999999680e+00 2.999999932944774628e-02 -6.294701538085937500e+02
3.364800238609313965e+01 4.589999999999999858e+00 2.999999932944774628e-02 -6.294701538085937500e+02
3.376604199409484863e+01 4.610000000000000320e+00 2.999999932944774628e-02 -6.294701538085937500e+02
3.385599946975708008e+01 4.610000000000000320e+00 2.999999932944774628e-02 -7.133995361328125000e+02
3.396300029754638672e+01 4.519999999999999574e+00 2.999999932944774628e-02 -6.294701538085937500e+02
3.405805158615112305e+01 4.519999999999999574e+00 2.999999932944774628e-02 -4.476232604980468750e+02
3.414900064468383789e+01 4.589999999999999858e+00 2.999999932944774628e-02 -2.657763061523437500e+02
3.425600004196166992e+01 4.750000000000000000e+00 2.999999932944774628e-02 -4.616115112304687500e+02
3.434701347351074219e+01 4.709999999999999964e+00 2.999999932944774628e-02 -4.476232604980468750e+02
3.446399927139282227e+01 4.679999999999999716e+00 2.999999932944774628e-02 -2.657763061523437500e+02
3.454899787902832031e+01 4.799999999999999822e+00 2.999999932944774628e-02 -1.818469390869140625e+02
3.466203427314758301e+01 4.889999999999999680e+00 2.999999932944774628e-02 -4.476232604980468750e+02
3.475600099563598633e+01 4.700000000000000178e+00 2.999999932944774628e-02 -3.636938781738281250e+02
3.486400294303894043e+01 4.719999999999999751e+00 2.999999932944774628e-02 -3.636938781738281250e+02
3.495403647422790527e+01 4.650000000000000355e+00 2.999999932944774628e-02 -4.476232604980468750e+02
3.504900002479553223e+01 4.679999999999999716e+00 2.999999932944774628e-02 -5.315526123046875000e+02
3.515700554847717285e+01 4.660000000000000142e+00 2.999999932944774628e-02 -6.294701538085937500e+02
3.525299954414367676e+01 4.589999999999999858e+00 2.999999932944774628e-02 -6.294701538085937500e+02
3.536400079727172852e+01 4.589999999999999858e+00 2.999999932944774628e-02 -6.294701538085937500e+02
3.545300006866455078e+01 4.559999999999999609e+00 2.999999932944774628e-02 -7.133995361328125000e+02
3.556099128723144531e+01 4.519999999999999574e+00 2.999999932944774628e-02 -5.315526123046875000e+02
3.565600013732910156e+01 4.540000000000000036e+00 2.999999932944774628e-02 -2.657763061523437500e+02
3.576800227165222168e+01 4.759999999999999787e+00 2.999999932944774628e-02 -2.797645568847656250e+02
3.585300445556640625e+01 4.740000000000000213e+00 2.999999932944774628e-02 -4.476232604980468750e+02
3.594800281524658203e+01 4.780000000000000249e+00 2.999999932944774628e-02 -6.294701538085937500e+02
3.606099939346313477e+01 4.660000000000000142e+00 2.999999932944774628e-02 -8.113171386718750000e+02
3.616700553894042969e+01 4.519999999999999574e+00 2.999999932944774628e-02 -6.294701538085937500e+02
3.626300430297851562e+01 4.530000000000000249e+00 2.999999932944774628e-02 -6.434584350585937500e+02
3.635404229164123535e+01 4.519999999999999574e+00 2.999999932944774628e-02 -9.791758728027343750e+01
3.646100139617919922e+01 4.059999999999999609e+00 2.999999932944774628e-02 0.000000000000000000e+00
3.655199885368347168e+01 4.040000000000000036e+00 2.999999932944774628e-02 0.000000000000000000e+00
3.666800141334533691e+01 3.939999999999999947e+00 2.999999932944774628e-02 0.000000000000000000e+00
3.675404310226440430e+01 3.479999999999999982e+00 2.999999932944774628e-02 0.000000000000000000e+00
3.686700606346130371e+01 2.180000000000000160e+00 2.999999932944774628e-02 3.497056579589843750e+02
3.696100091934204102e+01 1.729999999999999982e+00 2.999999932944774628e-02 2.657763061523437500e+02
3.704700684547424316e+01 1.770000000000000018e+00 2.999999932944774628e-02 2.797645568847656250e+02
3.715900874137878418e+01 1.780000000000000027e+00 2.999999932944774628e-02 3.636938781738281250e+02
3.725404787063598633e+01 1.760000000000000009e+00 2.999999932944774628e-02 3.636938781738281250e+02
3.736204481124877930e+01 1.790000000000000036e+00 2.999999932944774628e-02 1.678587188720703125e+02
3.745102119445800781e+01 1.760000000000000009e+00 2.999999932944774628e-02 1.818469390869140625e+02
3.756100034713745117e+01 1.699999999999999956e+00 2.999999932944774628e-02 5.315526123046875000e+02
3.765805268287658691e+01 1.760000000000000009e+00 2.999999932944774628e-02 6.294701538085937500e+02
3.776603674888610840e+01 1.780000000000000027e+00 2.999999932944774628e-02 5.315526123046875000e+02
3.786099958419799805e+01 1.800000000000000044e+00 2.999999932944774628e-02 3.636938781738281250e+02
3.795099520683288574e+01 1.850000000000000089e+00 2.999999932944774628e-02 2.797645568847656250e+02
3.805803608894348145e+01 1.790000000000000036e+00 2.999999932944774628e-02 5.455408935546875000e+02
3.815300226211547852e+01 1.760000000000000009e+00 2.999999932944774628e-02 4.476232604980468750e+02
3.826607823371887207e+01 1.770000000000000018e+00 2.999999932944774628e-02 5.455408935546875000e+02
3.835100030899047852e+01 1.699999999999999956e+00 2.999999932944774628e-02 8.113171386718750000e+02
3.846700429916381836e+01 1.729999999999999982e+00 2.999999932944774628e-02 9.931641235351562500e+02
3.855900001525878906e+01 1.780000000000000027e+00 2.999999932944774628e-02 8.952465209960937500e+02
3.866604351997375488e+01 1.820000000000000062e+00 2.999999932944774628e-02 8.113171386718750000e+02
3.875699472427368164e+01 1.780000000000000027e+00 2.999999932944774628e-02 6.294701538085937500e+02
3.885100364685058594e+01 1.909999999999999920e+00 2.999999932944774628e-02 4.476232604980468750e+02
3.895899558067321777e+01 1.770000000000000018e+00 2.999999932944774628e-02 6.294701538085937500e+02
3.904899883270263672e+01 1.739999999999999991e+00 2.999999932944774628e-02 6.294701538085937500e+02
3.916603899002075195e+01 1.770000000000000018e+00 2.999999932944774628e-02 8.952465209960937500e+02
3.925199961662292480e+01 1.780000000000000027e+00 2.999999932944774628e-02 8.113171386718750000e+02
3.936400175094604492e+01 1.800000000000000044e+00 2.999999932944774628e-02 5.455408935546875000e+02
3.945900344848632812e+01 1.889999999999999902e+00 2.999999932944774628e-02 4.476232604980468750e+02
3.956700229644775391e+01 1.820000000000000062e+00 2.999999932944774628e-02 4.476232604980468750e+02
3.965600085258483887e+01 1.750000000000000000e+00 2.999999932944774628e-02 4.476232604980468750e+02
3.975100231170654297e+01 1.810000000000000053e+00 2.999999932944774628e-02 5.455408935546875000e+02
3.986300230026245117e+01 1.790000000000000036e+00 2.999999932944774628e-02 5.315526123046875000e+02
3.994799351692199707e+01 1.790000000000000036e+00 2.999999932944774628e-02 5.315526123046875000e+02
4.006604146957397461e+01 1.810000000000000053e+00 2.999999932944774628e-02 6.294701538085937500e+02
4.015600109100341797e+01 1.879999999999999893e+00 2.999999932944774628e-02 4.616115112304687500e+02
4.026300621032714844e+01 1.850000000000000089e+00 2.999999932944774628e-02 3.636938781738281250e+02
4.035804057121276855e+01 1.820000000000000062e+00 2.999999932944774628e-02 8.392935943603515625e+01
4.044900059700012207e+01 1.729999999999999982e+00 2.999999932944774628e-02 3.636938781738281250e+02
4.055600190162658691e+01 1.719999999999999973e+00 2.999999932944774628e-02 6.294701538085937500e+02
4.064700746536254883e+01 1.750000000000000000e+00 2.999999932944774628e-02 8.113171386718750000e+02
4.076400136947631836e+01 1.750000000000000000e+00 2.999999932944774628e-02 8.113171386718750000e+02
4.084902548789978027e+01 1.830000000000000071e+00 2.999999932944774628e-02 7.273877563476562500e+02
4.096205997467041016e+01 1.820000000000000062e+00 2.999999932944774628e-02 7.133995361328125000e+02
4.105600070953369141e+01 1.870000000000000107e+00 2.999999932944774628e-02 5.455408935546875000e+02
4.116399884223937988e+01 1.780000000000000027e+00 2.999999932944774628e-02 6.294701538085937500e+02
4.125403904914855957e+01 1.719999999999999973e+00 2.999999932944774628e-02 8.113171386718750000e+02
4.134900689125061035e+01 1.800000000000000044e+00 2.999999932944774628e-02 7.133995361328125000e+02
4.145700526237487793e+01 1.790000000000000036e+00 2.999999932944774628e-02 8.113171386718750000e+02
4.154604315757751465e+01 1.820000000000000062e+00 2.999999932944774628e-02 9.092347412109375000e+02
4.166399931907653809e+01 1.770000000000000018e+00 2.999999932944774628e-02 9.791759033203125000e+02
4.175299978256225586e+01 1.820000000000000062e+00 2.999999932944774628e-02 9.931641235351562500e+02
4.186099839210510254e+01 1.830000000000000071e+00 2.999999932944774628e-02 8.952465209960937500e+02
4.195600080490112305e+01 1.919999999999999929e+00 2.999999932944774628e-02 7.273877563476562500e+02
4.204604220390319824e+01 1.810000000000000053e+00 2.999999932944774628e-02 7.273877563476562500e+02
4.215299797058105469e+01 1.790000000000000036e+00 2.999999932944774628e-02 7.133995361328125000e+02
4.224800086021423340e+01 1.850000000000000089e+00 2.999999932944774628e-02 6.294701538085937500e+02
4.236099958419799805e+01 1.830000000000000071e+00 2.999999932944774628e-02 5.315526123046875000e+02
4.246800374984741211e+01 1.820000000000000062e+00 2.999999932944774628e-02 6.294701538085937500e+02
4.256300306320190430e+01 1.810000000000000053e+00 2.999999932944774628e-02 6.294701538085937500e+02
4.265404510498046875e+01 1.750000000000000000e+00 2.999999932944774628e-02 6.294701538085937500e+02
4.276100230216979980e+01 1.820000000000000062e+00 2.999999932944774628e-02 5.455408935546875000e+02
4.285200381278991699e+01 1.800000000000000044e+00 2.999999932944774628e-02 4.476232604980468750e+02
4.294605445861816406e+01 1.760000000000000009e+00 2.999999932944774628e-02 5.315526123046875000e+02
4.305403733253479004e+01 1.790000000000000036e+00 2.999999932944774628e-02 8.113171386718750000e+02
4.316700506210327148e+01 1.719999999999999973e+00 2.999999932944774628e-02 1.258940307617187500e+03
4.326099920272827148e+01 1.739999999999999991e+00 2.999999932944774628e-02 1.258940307617187500e+03
4.334700584411621094e+01 1.870000000000000107e+00 2.999999932944774628e-02 9.931641235351562500e+02
4.345901083946228027e+01 1.929999999999999938e+00 2.999999932944774628e-02 4.476232604980468750e+02
4.355404686927795410e+01 1.870000000000000107e+00 2.999999932944774628e-02 1.818469390869140625e+02
4.366204452514648438e+01 1.739999999999999991e+00 2.999999932944774628e-02 3.636938781738281250e+02
4.375100135803222656e+01 1.810000000000000053e+00 2.999999932944774628e-02 3.497056579589843750e+02
4.384604024887084961e+01 1.830000000000000071e+00 2.999999932944774628e-02 4.476232604980468750e+02
4.395803833007812500e+01 1.810000000000000053e+00 2.999999932944774628e-02 3.497056579589843750e+02
4.406604719161987305e+01 1.770000000000000018e+00 2.999999932944774628e-02 2.657763061523437500e+02
4.416099929809570312e+01 1.760000000000000009e+00 2.999999932944774628e-02 2.657763061523437500e+02
4.425100255012512207e+01 1.770000000000000018e+00 2.999999932944774628e-02 3.636938781738281250e+02
4.435804867744445801e+01 1.850000000000000089e+00 2.999999932944774628e-02 4.476232604980468750e+02
4.445300078392028809e+01 1.810000000000000053e+00 2.999999932944774628e-02 4.476232604980468750e+02
4.456604576110839844e+01 1.810000000000000053e+00 2.999999932944774628e-02 5.455408935546875000e+02
4.465100240707397461e+01 1.780000000000000027e+00 2.999999932944774628e-02 5.455408935546875000e+02
4.474204444885253906e+01 1.889999999999999902e+00 2.999999932944774628e-02 4.476232604980468750e+02
4.485900235176086426e+01 1.820000000000000062e+00 2.999999932944774628e-02 5.455408935546875000e+02
4.496614551544189453e+01 1.780000000000000027e+00 2.999999932944774628e-02 6.294701538085937500e+02
4.505700135231018066e+01 1.800000000000000044e+00 2.999999932944774628e-02 6.294701538085937500e+02
4.515100193023681641e+01 1.810000000000000053e+00 2.999999932944774628e-02 5.315526123046875000e+02
4.525900173187255859e+01 1.800000000000000044e+00 2.999999932944774628e-02 4.616115112304687500e+02
4.534900045394897461e+01 1.790000000000000036e+00 2.999999932944774628e-02 4.476232604980468750e+02
4.546603775024414062e+01 1.840000000000000080e+00 2.999999932944774628e-02 4.616115112304687500e+02
4.555200386047363281e+01 1.790000000000000036e+00 2.999999932944774628e-02 6.294701538085937500e+02
4.566400599479675293e+01 1.770000000000000018e+00 2.999999932944774628e-02 6.294701538085937500e+02
4.575900435447692871e+01 1.820000000000000062e+00 2.999999932944774628e-02 7.133995361328125000e+02
4.586700272560119629e+01 1.820000000000000062e+00 2.999999932944774628e-02 5.455408935546875000e+02
4.595599412918090820e+01 1.750000000000000000e+00 2.999999932944774628e-02 4.476232604980468750e+02
4.605100703239440918e+01 1.790000000000000036e+00 2.999999932944774628e-02 6.294701538085937500e+02
4.616300082206726074e+01 1.830000000000000071e+00 2.999999932944774628e-02 6.294701538085937500e+02
4.624800515174865723e+01 1.840000000000000080e+00 2.999999932944774628e-02 5.455408935546875000e+02
4.636605858802795410e+01 1.840000000000000080e+00 2.999999932944774628e-02 4.476232604980468750e+02
4.645600175857543945e+01 1.820000000000000062e+00 2.999999932944774628e-02 4.476232604980468750e+02
4.656300187110900879e+01 1.820000000000000062e+00 2.999999932944774628e-02 4.476232604980468750e+02
4.665804433822631836e+01 1.760000000000000009e+00 2.999999932944774628e-02 4.476232604980468750e+02
4.674900722503662109e+01 1.850000000000000089e+00 2.999999932944774628e-02 4.476232604980468750e+02
4.685600280761718750e+01 1.860000000000000098e+00 2.999999932944774628e-02 4.476232604980468750e+02
4.694700646400451660e+01 1.850000000000000089e+00 2.999999932944774628e-02 4.476232604980468750e+02
4.706400179862976074e+01 1.840000000000000080e+00 2.999999932944774628e-02 4.476232604980468750e+02
4.714900135993957520e+01 1.830000000000000071e+00 2.999999932944774628e-02 4.616115112304687500e+02
4.726204276084899902e+01 1.790000000000000036e+00 2.999999932944774628e-02 5.315526123046875000e+02
4.735600066184997559e+01 1.780000000000000027e+00 2.999999932944774628e-02 4.476232604980468750e+02
4.746399974822998047e+01 1.760000000000000009e+00 2.999999932944774628e-02 2.797645568847656250e+02
4.755404114723205566e+01 1.820000000000000062e+00 2.999999932944774628e-02 2.797645568847656250e+02
4.764899802207946777e+01 1.830000000000000071e+00 2.999999932944774628e-02 3.636938781738281250e+02
4.775700736045837402e+01 1.780000000000000027e+00 2.999999932944774628e-02 4.476232604980468750e+02
4.786099982261657715e+01 1.800000000000000044e+00 2.999999932944774628e-02 5.455408935546875000e+02
4.796399998664855957e+01 1.760000000000000009e+00 2.999999932944774628e-02 5.455408935546875000e+02
4.805299925804138184e+01 1.879999999999999893e+00 2.999999932944774628e-02 4.476232604980468750e+02
4.816100168228149414e+01 1.850000000000000089e+00 2.999999932944774628e-02 3.497056579589843750e+02
4.825600194931030273e+01 1.860000000000000098e+00 2.999999932944774628e-02 3.636938781738281250e+02
4.836800885200500488e+01 1.739999999999999991e+00 2.999999932944774628e-02 3.636938781738281250e+02
4.845299911499023438e+01 1.760000000000000009e+00 2.999999932944774628e-02 3.636938781738281250e+02
4.854800224304199219e+01 1.830000000000000071e+00 2.999999932944774628e-02 3.636938781738281250e+02
4.866101193428039551e+01 1.810000000000000053e+00 2.999999932944774628e-02 4.476232604980468750e+02
4.876700305938720703e+01 1.800000000000000044e+00 2.999999932944774628e-02 3.497056579589843750e+02
4.886300158500671387e+01 1.860000000000000098e+00 2.999999932944774628e-02 8.392935943603515625e+01
4.895404195785522461e+01 1.830000000000000071e+00 2.999999932944774628e-02 0.000000000000000000e+00
4.906100058555603027e+01 1.760000000000000009e+00 2.999999932944774628e-02 0.000000000000000000e+00
4.915200042724609375e+01 2.100000000000000089e+00 2.999999932944774628e-02 -8.392935943603515625e+01
4.924604368209838867e+01 4.580000000000000071e+00 2.999999932944774628e-02 -5.315526123046875000e+02
4.935404086112976074e+01 4.780000000000000249e+00 2.999999932944774628e-02 -3.497056579589843750e+02
4.946700596809387207e+01 4.860000000000000320e+00 2.999999932944774628e-02 -9.092347412109375000e+02
4.956099367141723633e+01 4.900000000000000355e+00 2.999999932944774628e-02 -9.791759033203125000e+02
4.964699864387512207e+01 4.780000000000000249e+00 2.999999932944774628e-02 -1.356857910156250000e+03
4.975900292396545410e+01 4.759999999999999787e+00 2.999999932944774628e-02 -1.342869750976562500e+03
4.985403513908386230e+01 4.540000000000000036e+00 2.999999932944774628e-02 -1.440787353515625000e+03
4.996204543113708496e+01 4.599999999999999645e+00 2.999999932944774628e-02 -1.622634277343750000e+03
5.005100107192993164e+01 4.629999999999999893e+00 2.999999932944774628e-02 -1.972340087890625000e+03
5.015300059318542480e+01 4.519999999999999574e+00 2.999999932944774628e-02 -2.070257568359375000e+03
5.025804352760314941e+01 4.429999999999999716e+00 2.999999932944774628e-02 -1.888410644531250000e+03
5.036604332923889160e+01 4.379999999999999893e+00 2.999999932944774628e-02 -1.622634277343750000e+03
5.046099972724914551e+01 4.490000000000000213e+00 2.999999932944774628e-02 -1.440787353515625000e+03
5.055100321769714355e+01 4.559999999999999609e+00 2.999999932944774628e-02 -1.622634277343750000e+03
5.065803670883178711e+01 4.519999999999999574e+00 2.999999932944774628e-02 -1.622634277343750000e+03
5.075300121307373047e+01 4.540000000000000036e+00 2.999999932944774628e-02 -1.622634277343750000e+03
5.086604666709899902e+01 4.480000000000000426e+00 2.999999932944774628e-02 -1.622634277343750000e+03
5.095100378990173340e+01 4.530000000000000249e+00 2.999999932944774628e-02 -1.706563598632812500e+03
5.105100274085998535e+01 4.389999999999999680e+00 2.999999932944774628e-02 -1.538704956054687500e+03
5.115900254249572754e+01 4.459999999999999964e+00 2.999999932944774628e-02 -1.356857910156250000e+03
5.126603674888610840e+01 4.650000000000000355e+00 2.999999932944774628e-02 -1.524716674804687500e+03
5.135701417922973633e+01 4.589999999999999858e+00 2.999999932944774628e-02 -1.804481201171875000e+03
5.145100331306457520e+01 4.540000000000000036e+00 2.999999932944774628e-02 -1.804481201171875000e+03
5.155900168418884277e+01 4.450000000000000178e+00 2.999999932944774628e-02 -1.608645996093750000e+03
5.164899945259094238e+01 4.530000000000000249e+00 2.999999932944774628e-02 -1.706563598632812500e+03
5.176604104042053223e+01 4.549999999999999822e+00 2.999999932944774628e-02 -1.888410644531250000e+03
5.185200285911560059e+01 4.400000000000000355e+00 2.999999932944774628e-02 -1.706563598632812500e+03
5.196400213241577148e+01 4.419999999999999929e+00 2.999999932944774628e-02 -1.622634277343750000e+03
5.205900192260742188e+01 4.599999999999999645e+00 2.999999932944774628e-02 -2.070257568359375000e+03
5.216700530052185059e+01 4.540000000000000036e+00 2.999999932944774628e-02 -2.168175292968750000e+03
5.225600385665893555e+01 4.349999999999999645e+00 2.999999932944774628e-02 -1.622634277343750000e+03
5.235100269317626953e+01 4.410000000000000142e+00 2.999999932944774628e-02 -1.524716674804687500e+03
5.246300268173217773e+01 4.549999999999999822e+00 2.999999932944774628e-02 -1.790493041992187500e+03
5.254800558090209961e+01 4.580000000000000071e+00 2.999999932944774628e-02 -2.070257568359375000e+03
5.266604566574096680e+01 4.440000000000000391e+00 2.999999932944774628e-02 -2.070257568359375000e+03
5.275600171089172363e+01 4.370000000000000107e+00 2.999999932944774628e-02 -1.790493041992187500e+03
5.286300230026245117e+01 4.509999999999999787e+00 2.999999932944774628e-02 -1.888410644531250000e+03
5.295804738998413086e+01 4.440000000000000391e+00 2.999999932944774628e-02 -1.706563598632812500e+03
5.304900026321411133e+01 4.410000000000000142e+00 2.999999932944774628e-02 -1.538704956054687500e+03
5.315599918365478516e+01 4.469999999999999751e+00 2.999999932944774628e-02 -1.356857910156250000e+03
5.324700403213500977e+01 4.450000000000000178e+00 2.999999932944774628e-02 -1.161022827148437500e+03
5.336399865150451660e+01 4.480000000000000426e+00 2.999999932944774628e-02 -8.952465209960937500e+02
5.344900035858154297e+01 4.330000000000000071e+00 2.999999932944774628e-02 0.000000000000000000e+00
5.356204843521118164e+01 3.220000000000000195e+00 2.999999932944774628e-02 0.000000000000000000e+00
5.365599966049194336e+01 3.129999999999999893e+00 2.999999932944774628e-02 0.000000000000000000e+00
5.376399922370910645e+01 2.620000000000000107e+00 2.999999932944774628e-02 3.636938781738281250e+02
5.385404396057128906e+01 1.610000000000000098e+00 2.999999932944774628e-02 1.258940307617187500e+03
5.394901180267333984e+01 1.750000000000000000e+00 2.999999932944774628e-02 1.161022827148437500e+03
5.405700421333312988e+01 1.909999999999999920e+00 2.999999932944774628e-02 9.092347412109375000e+02
5.414605140686035156e+01 1.790000000000000036e+00 2.999999932944774628e-02 1.077093505859375000e+03
5.426400351524353027e+01 1.790000000000000036e+00 2.999999932944774628e-02 1.258940307617187500e+03
5.435299849510192871e+01 1.719999999999999973e+00 2.999999932944774628e-02 1.804481201171875000e+03
5.446099901199340820e+01 1.679999999999999938e+00 2.999999932944774628e-02 2.336033691406250000e+03
5.455599761009216309e+01 1.820000000000000062e+00 2.999999932944774628e-02 1.986328247070312500e+03
5.466800212860107422e+01 1.939999999999999947e+00 2.999999932944774628e-02 1.440787353515625000e+03
5.475299787521362305e+01 1.870000000000000107e+00 2.999999932944774628e-02 1.524716674804687500e+03
5.484800338745117188e+01 1.850000000000000089e+00 2.999999932944774628e-02 1.440787353515625000e+03
5.496099925041198730e+01 1.800000000000000044e+00 2.999999932944774628e-02 1.720551879882812500e+03
5.506700444221496582e+01 1.830000000000000071e+00 2.999999932944774628e-02 1.790493041992187500e+03
5.516300058364868164e+01 1.810000000000000053e+00 2.999999932944774628e-02 1.720551879882812500e+03
5.525404953956604004e+01 1.870000000000000107e+00 2.999999932944774628e-02 1.622634277343750000e+03
5.536099863052368164e+01 1.760000000000000009e+00 2.999999932944774628e-02 1.888410644531250000e+03
5.545199847221374512e+01 1.760000000000000009e+00 2.999999932944774628e-02 2.070257568359375000e+03
5.554605007171630859e+01 1.850000000000000089e+00 2.999999932944774628e-02 2.070257568359375000e+03
5.565404200553894043e+01 1.929999999999999938e+00 2.999999932944774628e-02 1.790493041992187500e+03
5.576700663566589355e+01 1.889999999999999902e+00 2.999999932944774628e-02 1.622634277343750000e+03
5.586099910736083984e+01 1.820000000000000062e+00 2.999999932944774628e-02 1.804481201171875000e+03
5.595404076576232910e+01 1.780000000000000027e+00 2.999999932944774628e-02 1.790493041992187500e+03
5.605900192260742188e+01 1.830000000000000071e+00 2.999999932944774628e-02 1.804481201171875000e+03
5.615404868125915527e+01 1.879999999999999893e+00 2.999999932944774628e-02 1.524716674804687500e+03
5.626204085350036621e+01 1.889999999999999902e+00 2.999999932944774628e-02 1.440787353515625000e+03
5.635100698471069336e+01 1.770000000000000018e+00 2.999999932944774628e-02 1.888410644531250000e+03
5.646800494194030762e+01 1.800000000000000044e+00 2.999999932944774628e-02 1.888410644531250000e+03
5.655804395675659180e+01 1.870000000000000107e+00 2.999999932944774628e-02 1.804481201171875000e+03
5.666603922843933105e+01 1.840000000000000080e+00 2.999999932944774628e-02 1.888410644531250000e+03
5.676099967956542969e+01 1.780000000000000027e+00 2.999999932944774628e-02 2.070257568359375000e+03
5.685100436210632324e+01 1.800000000000000044e+00 2.999999932944774628e-02 2.168175292968750000e+03
5.695805692672729492e+01 1.820000000000000062e+00 2.999999932944774628e-02 1.972340087890625000e+03
5.705300164222717285e+01 1.879999999999999893e+00 2.999999932944774628e-02 1.986328247070312500e+03
5.716604542732238770e+01 1.840000000000000080e+00 2.999999932944774628e-02 1.986328247070312500e+03
5.725100040435791016e+01 1.860000000000000098e+00 2.999999932944774628e-02 1.972340087890625000e+03
5.734204101562500000e+01 1.870000000000000107e+00 2.999999932944774628e-02 1.804481201171875000e+03
5.745899176597595215e+01 1.830000000000000071e+00 2.999999932944774628e-02 1.972340087890625000e+03
5.756603813171386719e+01 1.810000000000000053e+00 2.999999932944774628e-02 1.175010986328125000e+03
5.765700387954711914e+01 2.950000000000000178e+00 2.999999932944774628e-02 0.000000000000000000e+00
5.775100135803222656e+01 2.850000000000000089e+00 2.999999932944774628e-02 0.000000000000000000e+00
5.785900402069091797e+01 2.770000000000000018e+00 2.999999932944774628e-02 0.000000000000000000e+00
5.794900107383728027e+01 2.990000000000000213e+00 2.999999932944774628e-02 0.000000000000000000e+00
5.806603837013244629e+01 3.189999999999999947e+00 2.999999932944774628e-02 0.000000000000000000e+00
5.815199851989746094e+01 3.040000000000000036e+00 2.999999932944774628e-02 0.000000000000000000e+00
5.826400113105773926e+01 3.020000000000000018e+00 2.999999932944774628e-02 0.000000000000000000e+00
5.838099932670593262e+01 3.009999999999999787e+00 2.999999932944774628e-02 0.000000000000000000e+00
5.847403860092163086e+01 2.990000000000000213e+00 2.999999932944774628e-02 0.000000000000000000e+00
5.857900357246398926e+01 2.990000000000000213e+00 2.999999932944774628e-02 0.000000000000000000e+00
5.867403388023376465e+01 2.970000000000000195e+00 2.999999932944774628e-02 0.000000000000000000e+00
5.878204298019409180e+01 2.959999999999999964e+00 2.999999932944774628e-02 0.000000000000000000e+00
5.887099862098693848e+01 2.939999999999999947e+00 2.999999932944774628e-02 0.000000000000000000e+00
