9.500622749328613281e-02 2.419999999999999929e+00 2.500000037252902985e-02 0.000000000000000000e+00
1.869835853576660156e-01 2.419999999999999929e+00 2.500000037252902985e-02 0.000000000000000000e+00
2.770264148712158203e-01 2.419999999999999929e+00 2.500000037252902985e-02 0.000000000000000000e+00
3.840475082397460938e-01 2.419999999999999929e+00 2.500000037252902985e-02 0.000000000000000000e+00
4.730312824249267578e-01 2.379999999999999893e+00 2.500000037252902985e-02 0.000000000000000000e+00
5.909855365753173828e-01 2.459999999999999964e+00 2.500000037252902985e-02 0.000000000000000000e+00
6.810348033905029297e-01 2.819999999999999840e+00 2.500000037252902985e-02 0.000000000000000000e+00
7.890307903289794922e-01 3.770000000000000018e+00 2.500000037252902985e-02 0.000000000000000000e+00
8.829865455627441406e-01 4.230000000000000426e+00 2.500000037252902985e-02 -4.476232604980468750e+02
9.739871025085449219e-01 4.179999999999999716e+00 2.500000037252902985e-02 -4.476232604980468750e+02
1.081027269363403320e+00 4.169999999999999929e+00 2.500000037252902985e-02 -6.294701538085937500e+02
1.171983242034912109e+00 4.230000000000000426e+00 2.500000037252902985e-02 -8.113171386718750000e+02
1.289036989212036133e+00 4.169999999999999929e+00 2.500000037252902985e-02 -6.294701538085937500e+02
1.374044418334960938e+00 4.110000000000000320e+00 2.500000037252902985e-02 -6.294701538085937500e+02
1.486984252929687500e+00 4.089999999999999858e+00 2.500000037252902985e-02 -4.476232604980468750e+02
1.581036567687988281e+00 4.089999999999999858e+00 2.500000037252902985e-02 -4.616115112304687500e+02
1.689031362533569336e+00 4.049999999999999822e+00 2.500000037252902985e-02 -6.294701538085937500e+02
1.778986215591430664e+00 4.030000000000000249e+00 2.500000037252902985e-02 -8.113171386718750000e+02
1.873985767364501953e+00 4.000000000000000000e+00 2.500000037252902985e-02 -7.273877563476562500e+02
1.981985569000244141e+00 4.049999999999999822e+00 2.500000037252902985e-02 -8.952465209960937500e+02
2.093987464904785156e+00 3.959999999999999964e+00 2.500000037252902985e-02 -9.791759033203125000e+02
2.189029455184936523e+00 4.030000000000000249e+00 2.500000037252902985e-02 -9.791759033203125000e+02
2.277989149093627930e+00 4.009999999999999787e+00 2.500000037252902985e-02 -1.091081787109375000e+03
2.385989904403686523e+00 3.939999999999999947e+00 2.500000037252902985e-02 -9.092347412109375000e+02
2.481031894683837891e+00 3.910000000000000142e+00 2.500000037252902985e-02 -7.133995361328125000e+02
2.593021392822265625e+00 3.950000000000000178e+00 2.500000037252902985e-02 -5.455408935546875000e+02
2.678984165191650391e+00 4.009999999999999787e+00 2.500000037252902985e-02 -6.294701538085937500e+02
2.794986963272094727e+00 3.990000000000000213e+00 2.500000037252902985e-02 -5.455408935546875000e+02
2.885988712310791016e+00 3.970000000000000195e+00 2.500000037252902985e-02 -9.092347412109375000e+02
2.993023157119750977e+00 4.000000000000000000e+00 2.500000037252902985e-02 -1.077093505859375000e+03
3.087984800338745117e+00 3.990000000000000213e+00 2.500000037252902985e-02 -8.113171386718750000e+02
3.178984165191650391e+00 3.970000000000000195e+00 2.500000037252902985e-02 -7.273877563476562500e+02
3.285986661911010742e+00 4.019999999999999574e+00 2.500000037252902985e-02 -5.455408935546875000e+02
3.377028942108154297e+00 3.910000000000000142e+00 2.500000037252902985e-02 -3.636938781738281250e+02
3.493988990783691406e+00 4.009999999999999787e+00 2.500000037252902985e-02 -6.294701538085937500e+02
3.578981637954711914e+00 4.110000000000000320e+00 2.500000037252902985e-02 -6.294701538085937500e+02
3.691985607147216797e+00 4.049999999999999822e+00 2.500000037252902985e-02 -7.133995361328125000e+02
3.785998821258544922e+00 3.979999999999999982e+00 2.500000037252902985e-02 -8.113171386718750000e+02
3.893986940383911133e+00 4.080000000000000071e+00 2.500000037252902985e-02 -9.931641235351562500e+02
3.983985662460327148e+00 3.979999999999999982e+00 2.500000037252902985e-02 -8.113171386718750000e+02
4.078984260559082031e+00 3.919999999999999929e+00 2.500000037252902985e-02 -8.113171386718750000e+02
4.186985254287719727e+00 4.019999999999999574e+00 2.500000037252902985e-02 -9.092347412109375000e+02
4.275995016098022461e+00 4.009999999999999787e+00 2.500000037252902985e-02 -1.077093505859375000e+03
4.394007205963134766e+00 3.890000000000000124e+00 2.500000037252902985e-02 -1.077093505859375000e+03
4.482985973358154297e+00 3.970000000000000195e+00 2.500000037252902985e-02 -1.077093505859375000e+03
4.590986967086791992e+00 4.059999999999999609e+00 2.500000037252902985e-02 -1.077093505859375000e+03
4.686014890670776367e+00 4.009999999999999787e+00 2.500000037252902985e-02 -1.077093505859375000e+03
4.775991678237915039e+00 3.859999999999999876e+00 2.500000037252902985e-02 -7.273877563476562500e+02
4.884042978286743164e+00 3.919999999999999929e+00 2.500000037252902985e-02 -4.476232604980468750e+02
4.977988481521606445e+00 4.040000000000000036e+00 2.500000037252902985e-02 -6.294701538085937500e+02
5.090986967086791992e+00 4.040000000000000036e+00 2.500000037252902985e-02 -5.455408935546875000e+02
5.175990819931030273e+00 4.009999999999999787e+00 2.500000037252902985e-02 -4.476232604980468750e+02
5.293027877807617188e+00 3.990000000000000213e+00 2.500000037252902985e-02 -4.476232604980468750e+02
5.384046077728271484e+00 4.030000000000000249e+00 2.500000037252902985e-02 -5.455408935546875000e+02
5.490984201431274414e+00 4.049999999999999822e+00 2.500000037252902985e-02 -4.476232604980468750e+02
5.581986665725708008e+00 4.030000000000000249e+00 2.500000037252902985e-02 -4.476232604980468750e+02
5.675979614257812500e+00 4.110000000000000320e+00 2.500000037252902985e-02 -2.657763061523437500e+02
5.784000158309936523e+00 4.129999999999999893e+00 2.500000037252902985e-02 -4.476232604980468750e+02
5.874029159545898438e+00 4.070000000000000284e+00 2.500000037252902985e-02 -4.476232604980468750e+02
5.990985870361328125e+00 4.019999999999999574e+00 2.500000037252902985e-02 -1.678587188720703125e+02
6.077032089233398438e+00 4.120000000000000107e+00 2.500000037252902985e-02 -4.476232604980468750e+02
6.189024448394775391e+00 4.040000000000000036e+00 2.500000037252902985e-02 -4.476232604980468750e+02
6.283986568450927734e+00 4.009999999999999787e+00 2.500000037252902985e-02 -4.476232604980468750e+02
6.391983747482299805e+00 3.959999999999999964e+00 2.500000037252902985e-02 -5.455408935546875000e+02
6.481037616729736328e+00 4.019999999999999574e+00 2.500000037252902985e-02 -5.455408935546875000e+02
6.575985193252563477e+00 4.040000000000000036e+00 2.500000037252902985e-02 -5.455408935546875000e+02
6.687984228134155273e+00 4.000000000000000000e+00 2.500000037252902985e-02 -5.455408935546875000e+02
6.773989439010620117e+00 3.959999999999999964e+00 2.500000037252902985e-02 -3.636938781738281250e+02
6.890986442565917969e+00 4.040000000000000036e+00 2.500000037252902985e-02 -2.657763061523437500e+02
6.981021881103515625e+00 4.129999999999999893e+00 2.500000037252902985e-02 -4.476232604980468750e+02
7.089039325714111328e+00 4.019999999999999574e+00 2.500000037252902985e-02 -3.636938781738281250e+02
7.182986497879028320e+00 4.059999999999999609e+00 2.500000037252902985e-02 -2.657763061523437500e+02
7.273986816406250000e+00 4.049999999999999822e+00 2.500000037252902985e-02 -3.636938781738281250e+02
7.381026744842529297e+00 4.089999999999999858e+00 2.500000037252902985e-02 -3.636938781738281250e+02
7.471983194351196289e+00 4.169999999999999929e+00 2.500000037252902985e-02 -4.476232604980468750e+02
7.589029550552368164e+00 4.070000000000000284e+00 2.500000037252902985e-02 -4.616115112304687500e+02
7.673990964889526367e+00 4.049999999999999822e+00 2.500000037252902985e-02 -4.476232604980468750e+02
7.786990404129028320e+00 4.030000000000000249e+00 2.500000037252902985e-02 -1.818469390869140625e+02
7.881032705307006836e+00 4.139999999999999680e+00 2.500000037252902985e-02 -1.818469390869140625e+02
7.989023923873901367e+00 4.169999999999999929e+00 2.500000037252902985e-02 -3.497056579589843750e+02
8.078987360000610352e+00 4.139999999999999680e+00 2.500000037252902985e-02 -4.476232604980468750e+02
8.173977375030517578e+00 4.009999999999999787e+00 2.500000037252902985e-02 -3.636938781738281250e+02
8.281981706619262695e+00 4.019999999999999574e+00 2.500000037252902985e-02 -2.657763061523437500e+02
8.394020318984985352e+00 4.129999999999999893e+00 2.500000037252902985e-02 -3.497056579589843750e+02
8.489043474197387695e+00 4.179999999999999716e+00 2.500000037252902985e-02 -1.818469390869140625e+02
8.577977895736694336e+00 4.209999999999999964e+00 2.500000037252902985e-02 0.000000000000000000e+00
8.685981988906860352e+00 4.469999999999999751e+00 2.500000037252902985e-02 -1.678587188720703125e+02
8.781042098999023438e+00 4.200000000000000178e+00 2.500000037252902985e-02 -5.315526123046875000e+02
8.893021583557128906e+00 4.019999999999999574e+00 2.500000037252902985e-02 -5.455408935546875000e+02
8.978987693786621094e+00 3.950000000000000178e+00 2.500000037252902985e-02 -3.497056579589843750e+02
9.073025465011596680e+00 4.139999999999999680e+00 2.500000037252902985e-02 -4.476232604980468750e+02
9.185989856719970703e+00 4.030000000000000249e+00 2.500000037252902985e-02 -5.455408935546875000e+02
9.293987035751342773e+00 4.059999999999999609e+00 2.500000037252902985e-02 -4.476232604980468750e+02
9.387997150421142578e+00 4.099999999999999645e+00 2.500000037252902985e-02 -3.636938781738281250e+02
9.478989124298095703e+00 4.129999999999999893e+00 2.500000037252902985e-02 -4.476232604980468750e+02
9.586006402969360352e+00 4.049999999999999822e+00 2.500000037252902985e-02 -7.273877563476562500e+02
9.677027702331542969e+00 4.059999999999999609e+00 2.500000037252902985e-02 -6.294701538085937500e+02
9.793997049331665039e+00 4.120000000000000107e+00 2.500000037252902985e-02 -9.931641235351562500e+02
9.878987073898315430e+00 4.030000000000000249e+00 2.500000037252902985e-02 -9.791759033203125000e+02
9.991982698440551758e+00 4.009999999999999787e+00 2.500000037252902985e-02 -8.113171386718750000e+02
1.008598804473876953e+01 3.859999999999999876e+00 2.500000037252902985e-02 -4.476232604980468750e+02
1.019302821159362793e+01 3.879999999999999893e+00 2.500000037252902985e-02 -3.636938781738281250e+02
1.028398370742797852e+01 3.990000000000000213e+00 2.500000037252902985e-02 -9.791758728027343750e+01
1.037898325920104980e+01 4.110000000000000320e+00 2.500000037252902985e-02 -1.818469390869140625e+02
1.048698425292968750e+01 4.269999999999999574e+00 2.500000037252902985e-02 -6.294701538085937500e+02
1.057598638534545898e+01 4.169999999999999929e+00 2.500000037252902985e-02 -6.294701538085937500e+02
1.069398808479309082e+01 4.070000000000000284e+00 2.500000037252902985e-02 -7.273877563476562500e+02
1.078300356864929199e+01 3.990000000000000213e+00 2.500000037252902985e-02 -4.616115112304687500e+02
1.089100337028503418e+01 3.959999999999999964e+00 2.500000037252902985e-02 0.000000000000000000e+00
1.098598504066467285e+01 4.129999999999999893e+00 2.500000037252902985e-02 0.000000000000000000e+00
1.107598614692687988e+01 4.480000000000000426e+00 2.500000037252902985e-02 -2.657763061523437500e+02
1.118398571014404297e+01 4.169999999999999929e+00 2.500000037252902985e-02 -3.636938781738281250e+02
1.127798843383789062e+01 4.139999999999999680e+00 2.500000037252902985e-02 -6.294701538085937500e+02
1.139098453521728516e+01 4.040000000000000036e+00 2.500000037252902985e-02 -5.455408935546875000e+02
1.147598457336425781e+01 3.970000000000000195e+00 2.500000037252902985e-02 -3.636938781738281250e+02
1.159302496910095215e+01 4.019999999999999574e+00 2.500000037252902985e-02 -3.636938781738281250e+02
1.168399310111999512e+01 4.080000000000000071e+00 2.500000037252902985e-02 -2.797645568847656250e+02
1.179098391532897949e+01 4.049999999999999822e+00 2.500000037252902985e-02 -2.657763061523437500e+02
1.188198494911193848e+01 4.080000000000000071e+00 2.500000037252902985e-02 -3.636938781738281250e+02
1.197598624229431152e+01 4.009999999999999787e+00 2.500000037252902985e-02 -3.636938781738281250e+02
1.208398556709289551e+01 4.089999999999999858e+00 2.500000037252902985e-02 -3.636938781738281250e+02
1.217404723167419434e+01 4.089999999999999858e+00 2.500000037252902985e-02 -3.636938781738281250e+02
1.229098653793334961e+01 4.099999999999999645e+00 2.500000037252902985e-02 -4.476232604980468750e+02
1.237702965736389160e+01 4.030000000000000249e+00 2.500000037252902985e-02 -2.657763061523437500e+02
1.248902535438537598e+01 4.139999999999999680e+00 2.500000037252902985e-02 -3.636938781738281250e+02
1.258404302597045898e+01 4.000000000000000000e+00 2.500000037252902985e-02 -3.497056579589843750e+02
1.269198441505432129e+01 4.089999999999999858e+00 2.500000037252902985e-02 -3.636938781738281250e+02
1.278102421760559082e+01 3.990000000000000213e+00 2.500000037252902985e-02 -2.797645568847656250e+02
1.287598562240600586e+01 4.009999999999999787e+00 2.500000037252902985e-02 -2.657763061523437500e+02
1.298798513412475586e+01 4.150000000000000355e+00 2.500000037252902985e-02 -4.476232604980468750e+02
1.307399201393127441e+01 4.000000000000000000e+00 2.500000037252902985e-02 -4.476232604980468750e+02
1.319098758697509766e+01 3.910000000000000142e+00 2.500000037252902985e-02 -8.392935943603515625e+01
1.328102731704711914e+01 4.000000000000000000e+00 2.500000037252902985e-02 0.000000000000000000e+00
1.338903236389160156e+01 4.330000000000000071e+00 2.500000037252902985e-02 0.000000000000000000e+00
1.348298764228820801e+01 4.459999999999999964e+00 2.500000037252902985e-02 0.000000000000000000e+00
1.357401180267333984e+01 4.209999999999999964e+00 2.500000037252902985e-02 0.000000000000000000e+00
1.368103837966918945e+01 3.910000000000000142e+00 2.500000037252902985e-02 0.000000000000000000e+00
1.377198362350463867e+01 2.419999999999999929e+00 2.500000037252902985e-02 0.000000000000000000e+00
1.388904905319213867e+01 1.350000000000000089e+00 2.500000037252902985e-02 9.791758728027343750e+01
1.398998141288757324e+01 1.389999999999999902e+00 2.500000037252902985e-02 2.657763061523437500e+02
1.408698439598083496e+01 1.310000000000000053e+00 2.500000037252902985e-02 4.476232604980468750e+02
1.418102836608886719e+01 1.360000000000000098e+00 2.500000037252902985e-02 2.657763061523437500e+02
1.428902101516723633e+01 1.370000000000000107e+00 2.500000037252902985e-02 4.476232604980468750e+02
1.437898564338684082e+01 1.250000000000000000e+00 2.500000037252902985e-02 9.931641235351562500e+02
1.447398781776428223e+01 1.310000000000000053e+00 2.500000037252902985e-02 1.440787353515625000e+03
1.458198428153991699e+01 1.370000000000000107e+00 2.500000037252902985e-02 1.356857910156250000e+03
1.469398808479309082e+01 1.449999999999999956e+00 2.500000037252902985e-02 1.175010986328125000e+03
1.478902363777160645e+01 1.469999999999999973e+00 2.500000037252902985e-02 7.273877563476562500e+02
1.487799715995788574e+01 1.409999999999999920e+00 2.500000037252902985e-02 7.133995361328125000e+02
1.498598670959472656e+01 1.399999999999999911e+00 2.500000037252902985e-02 3.497056579589843750e+02
1.508102345466613770e+01 1.439999999999999947e+00 2.500000037252902985e-02 2.797645568847656250e+02
1.519306421279907227e+01 1.350000000000000089e+00 2.500000037252902985e-02 3.636938781738281250e+02
1.527897500991821289e+01 1.360000000000000098e+00 2.500000037252902985e-02 4.476232604980468750e+02
1.537997698783874512e+01 1.270000000000000018e+00 2.500000037252902985e-02 6.294701538085937500e+02
1.548599052429199219e+01 1.399999999999999911e+00 2.500000037252902985e-02 7.133995361328125000e+02
1.559404730796813965e+01 1.419999999999999929e+00 2.500000037252902985e-02 4.616115112304687500e+02
1.568798494338989258e+01 1.370000000000000107e+00 2.500000037252902985e-02 4.616115112304687500e+02
1.577901124954223633e+01 1.350000000000000089e+00 2.500000037252902985e-02 6.294701538085937500e+02
1.588598728179931641e+01 1.360000000000000098e+00 2.500000037252902985e-02 7.973289184570312500e+02
1.597702836990356445e+01 1.340000000000000080e+00 2.500000037252902985e-02 8.113171386718750000e+02
1.609399509429931641e+01 1.449999999999999956e+00 2.500000037252902985e-02 8.113171386718750000e+02
1.617898321151733398e+01 1.419999999999999929e+00 2.500000037252902985e-02 8.113171386718750000e+02
1.629198431968688965e+01 1.429999999999999938e+00 2.500000037252902985e-02 8.113171386718750000e+02
1.638598799705505371e+01 1.419999999999999929e+00 2.500000037252902985e-02 7.273877563476562500e+02
1.649398684501647949e+01 1.389999999999999902e+00 2.500000037252902985e-02 6.294701538085937500e+02
1.658399724960327148e+01 1.459999999999999964e+00 2.500000037252902985e-02 6.294701538085937500e+02
1.667898607254028320e+01 1.469999999999999973e+00 2.500000037252902985e-02 3.497056579589843750e+02
1.678699040412902832e+01 1.439999999999999947e+00 2.500000037252902985e-02 2.657763061523437500e+02
1.687598586082458496e+01 1.379999999999999893e+00 2.500000037252902985e-02 4.476232604980468750e+02
1.699398350715637207e+01 1.360000000000000098e+00 2.500000037252902985e-02 7.273877563476562500e+02
1.708298635482788086e+01 1.350000000000000089e+00 2.500000037252902985e-02 7.273877563476562500e+02
1.719399023056030273e+01 1.399999999999999911e+00 2.500000037252902985e-02 8.113171386718750000e+02
1.728199028968811035e+01 1.399999999999999911e+00 2.500000037252902985e-02 7.273877563476562500e+02
1.739398670196533203e+01 1.409999999999999920e+00 2.500000037252902985e-02 5.455408935546875000e+02
1.748503780364990234e+01 1.449999999999999956e+00 2.500000037252902985e-02 5.315526123046875000e+02
1.757398748397827148e+01 1.379999999999999893e+00 2.500000037252902985e-02 6.294701538085937500e+02
1.768502974510192871e+01 1.300000000000000044e+00 2.500000037252902985e-02 7.133995361328125000e+02
1.777598595619201660e+01 1.379999999999999893e+00 2.500000037252902985e-02 7.133995361328125000e+02
1.788798451423645020e+01 1.389999999999999902e+00 2.500000037252902985e-02 6.294701538085937500e+02
1.797898554801940918e+01 1.389999999999999902e+00 2.500000037252902985e-02 7.133995361328125000e+02
1.809098839759826660e+01 1.419999999999999929e+00 2.500000037252902985e-02 6.294701538085937500e+02
1.817998838424682617e+01 1.350000000000000089e+00 2.500000037252902985e-02 8.113171386718750000e+02
1.829302215576171875e+01 1.429999999999999938e+00 2.500000037252902985e-02 7.973289184570312500e+02
1.838198637962341309e+01 1.399999999999999911e+00 2.500000037252902985e-02 8.952465209960937500e+02
1.849398612976074219e+01 1.419999999999999929e+00 2.500000037252902985e-02 8.952465209960937500e+02
1.858398652076721191e+01 1.419999999999999929e+00 2.500000037252902985e-02 8.113171386718750000e+02
1.868103027343750000e+01 1.500000000000000000e+00 2.500000037252902985e-02 6.294701538085937500e+02
1.878698372840881348e+01 1.489999999999999991e+00 2.500000037252902985e-02 2.797645568847656250e+02
1.887702465057373047e+01 1.350000000000000089e+00 2.500000037252902985e-02 4.476232604980468750e+02
1.898902821540832520e+01 1.350000000000000089e+00 2.500000037252902985e-02 6.294701538085937500e+02
1.907898783683776855e+01 1.370000000000000107e+00 2.500000037252902985e-02 5.455408935546875000e+02
1.919098997116088867e+01 1.399999999999999911e+00 2.500000037252902985e-02 5.315526123046875000e+02
1.927898669242858887e+01 1.370000000000000107e+00 2.500000037252902985e-02 5.315526123046875000e+02
1.939098620414733887e+01 1.449999999999999956e+00 2.500000037252902985e-02 2.657763061523437500e+02
1.948199105262756348e+01 1.419999999999999929e+00 2.500000037252902985e-02 2.657763061523437500e+02
1.959198665618896484e+01 1.340000000000000080e+00 2.500000037252902985e-02 1.818469390869140625e+02
1.968198871612548828e+01 1.379999999999999893e+00 2.500000037252902985e-02 3.636938781738281250e+02
1.977302885055541992e+01 1.379999999999999893e+00 2.500000037252902985e-02 3.497056579589843750e+02
1.988598990440368652e+01 1.419999999999999929e+00 2.500000037252902985e-02 3.636938781738281250e+02
1.997498750686645508e+01 1.399999999999999911e+00 2.500000037252902985e-02 3.636938781738281250e+02
2.008599185943603516e+01 1.389999999999999902e+00 2.500000037252902985e-02 5.315526123046875000e+02
2.017598843574523926e+01 1.340000000000000080e+00 2.500000037252902985e-02 5.455408935546875000e+02
2.028902721405029297e+01 1.399999999999999911e+00 2.500000037252902985e-02 5.455408935546875000e+02
2.037898755073547363e+01 1.409999999999999920e+00 2.500000037252902985e-02 5.455408935546875000e+02
2.048698806762695312e+01 1.379999999999999893e+00 2.500000037252902985e-02 5.455408935546875000e+02
2.057598543167114258e+01 1.399999999999999911e+00 2.500000037252902985e-02 4.476232604980468750e+02
2.069303178787231445e+01 1.399999999999999911e+00 2.500000037252902985e-02 4.476232604980468750e+02
2.077998495101928711e+01 1.409999999999999920e+00 2.500000037252902985e-02 2.657763061523437500e+02
2.089098739624023438e+01 1.370000000000000107e+00 2.500000037252902985e-02 3.636938781738281250e+02
2.098198938369750977e+01 1.429999999999999938e+00 2.500000037252902985e-02 4.476232604980468750e+02
2.109498667716979980e+01 1.399999999999999911e+00 2.500000037252902985e-02 5.455408935546875000e+02
2.118298316001892090e+01 1.389999999999999902e+00 2.500000037252902985e-02 5.455408935546875000e+02
2.127399086952209473e+01 1.389999999999999902e+00 2.500000037252902985e-02 5.315526123046875000e+02
2.139098429679870605e+01 1.429999999999999938e+00 2.500000037252902985e-02 4.476232604980468750e+02
2.147598671913146973e+01 1.439999999999999947e+00 2.500000037252902985e-02 3.497056579589843750e+02
2.158902740478515625e+01 1.449999999999999956e+00 2.500000037252902985e-02 3.636938781738281250e+02
2.168398404121398926e+01 1.379999999999999893e+00 2.500000037252902985e-02 2.797645568847656250e+02
2.179098272323608398e+01 1.379999999999999893e+00 2.500000037252902985e-02 9.791758728027343750e+01
2.188102817535400391e+01 1.409999999999999920e+00 2.500000037252902985e-02 8.392935943603515625e+01
2.197598552703857422e+01 1.429999999999999938e+00 2.500000037252902985e-02 2.657763061523437500e+02
2.208398365974426270e+01 1.429999999999999938e+00 2.500000037252902985e-02 3.636938781738281250e+02
2.217303705215454102e+01 1.379999999999999893e+00 2.500000037252902985e-02 5.455408935546875000e+02
2.229098749160766602e+01 1.389999999999999902e+00 2.500000037252902985e-02 3.636938781738281250e+02
2.237702298164367676e+01 1.360000000000000098e+00 2.500000037252902985e-02 5.455408935546875000e+02
2.248798632621765137e+01 1.419999999999999929e+00 2.500000037252902985e-02 4.616115112304687500e+02
2.258298611640930176e+01 1.409999999999999920e+00 2.500000037252902985e-02 3.636938781738281250e+02
2.269198489189147949e+01 1.389999999999999902e+00 2.500000037252902985e-02 4.476232604980468750e+02
2.278101825714111328e+01 1.340000000000000080e+00 2.500000037252902985e-02 3.636938781738281250e+02
2.287197709083557129e+01 1.360000000000000098e+00 2.500000037252902985e-02 2.657763061523437500e+02
2.298511624336242676e+01 1.419999999999999929e+00 2.500000037252902985e-02 3.497056579589843750e+02
2.307311630249023438e+01 1.399999999999999911e+00 2.500000037252902985e-02 3.636938781738281250e+02
2.318698835372924805e+01 1.429999999999999938e+00 2.500000037252902985e-02 3.497056579589843750e+02
2.328103971481323242e+01 1.340000000000000080e+00 2.500000037252902985e-02 3.497056579589843750e+02
2.338798737525939941e+01 1.399999999999999911e+00 2.500000037252902985e-02 3.636938781738281250e+02
2.347899699211120605e+01 1.419999999999999929e+00 2.500000037252902985e-02 2.797645568847656250e+02
2.357402110099792480e+01 1.360000000000000098e+00 2.500000037252902985e-02 2.657763061523437500e+02
2.368102669715881348e+01 1.379999999999999893e+00 2.500000037252902985e-02 2.657763061523437500e+02
2.379399085044860840e+01 1.330000000000000071e+00 2.500000037252902985e-02 2.657763061523437500e+02
2.388901925086975098e+01 1.320000000000000062e+00 2.500000037252902985e-02 3.636938781738281250e+02
2.398102641105651855e+01 1.340000000000000080e+00 2.500000037252902985e-02 5.455408935546875000e+02
2.408598923683166504e+01 1.389999999999999902e+00 2.500000037252902985e-02 7.133995361328125000e+02
2.418102622032165527e+01 1.419999999999999929e+00 2.500000037252902985e-02 6.294701538085937500e+02
2.429302811622619629e+01 1.419999999999999929e+00 2.500000037252902985e-02 5.455408935546875000e+02
2.438199210166931152e+01 1.459999999999999964e+00 2.500000037252902985e-02 4.476232604980468750e+02
2.447703719139099121e+01 1.409999999999999920e+00 2.500000037252902985e-02 2.797645568847656250e+02
2.458599185943603516e+01 1.389999999999999902e+00 2.500000037252902985e-02 2.657763061523437500e+02
2.467500567436218262e+01 1.340000000000000080e+00 2.500000037252902985e-02 3.636938781738281250e+02
2.479198598861694336e+01 1.389999999999999902e+00 2.500000037252902985e-02 4.616115112304687500e+02
2.487898540496826172e+01 1.449999999999999956e+00 2.500000037252902985e-02 4.476232604980468750e+02
2.498997735977172852e+01 1.439999999999999947e+00 2.500000037252902985e-02 3.636938781738281250e+02
2.508102726936340332e+01 1.449999999999999956e+00 2.500000037252902985e-02 1.818469390869140625e+02
2.519398641586303711e+01 1.429999999999999938e+00 2.500000037252902985e-02 1.818469390869140625e+02
2.528198623657226562e+01 1.340000000000000080e+00 2.500000037252902985e-02 2.657763061523437500e+02
2.537301683425903320e+01 1.419999999999999929e+00 2.500000037252902985e-02 3.636938781738281250e+02
2.548998451232910156e+01 1.439999999999999947e+00 2.500000037252902985e-02 3.636938781738281250e+02
2.557498931884765625e+01 1.360000000000000098e+00 2.500000037252902985e-02 3.636938781738281250e+02
2.568798565864562988e+01 1.399999999999999911e+00 2.500000037252902985e-02 2.657763061523437500e+02
2.578298640251159668e+01 1.320000000000000062e+00 2.500000037252902985e-02 2.797645568847656250e+02
2.588998532295227051e+01 1.280000000000000027e+00 2.500000037252902985e-02 6.294701538085937500e+02
2.597998452186584473e+01 1.379999999999999893e+00 2.500000037252902985e-02 8.113171386718750000e+02
2.607499337196350098e+01 1.379999999999999893e+00 2.500000037252902985e-02 7.133995361328125000e+02
2.618298339843750000e+01 1.409999999999999920e+00 2.500000037252902985e-02 4.476232604980468750e+02
2.628698444366455078e+01 1.469999999999999973e+00 2.500000037252902985e-02 2.657763061523437500e+02
2.638998579978942871e+01 1.439999999999999947e+00 2.500000037252902985e-02 2.797645568847656250e+02
2.647598648071289062e+01 1.439999999999999947e+00 2.500000037252902985e-02 2.657763061523437500e+02
2.658698558807373047e+01 1.330000000000000071e+00 2.500000037252902985e-02 3.636938781738281250e+02
2.668198728561401367e+01 1.389999999999999902e+00 2.500000037252902985e-02 4.616115112304687500e+02
2.679098653793334961e+01 1.439999999999999947e+00 2.500000037252902985e-02 3.636938781738281250e+02
2.687998604774475098e+01 1.409999999999999920e+00 2.500000037252902985e-02 3.636938781738281250e+02
2.697098755836486816e+01 1.409999999999999920e+00 2.500000037252902985e-02 2.657763061523437500e+02
2.708401083946228027e+01 1.350000000000000089e+00 2.500000037252902985e-02 2.657763061523437500e+02
2.717198538780212402e+01 1.419999999999999929e+00 2.500000037252902985e-02 9.791758728027343750e+01
2.728598952293395996e+01 1.360000000000000098e+00 2.500000037252902985e-02 0.000000000000000000e+00
2.737998533248901367e+01 1.360000000000000098e+00 2.500000037252902985e-02 8.392935943603515625e+01
2.748698377609252930e+01 1.419999999999999929e+00 2.500000037252902985e-02 0.000000000000000000e+00
2.757798933982849121e+01 1.590000000000000080e+00 2.500000037252902985e-02 0.000000000000000000e+00
2.768902111053466797e+01 3.160000000000000142e+00 2.500000037252902985e-02 -1.678587188720703125e+02
2.777997660636901855e+01 4.160000000000000142e+00 2.500000037252902985e-02 -9.791758728027343750e+01
2.789303445816040039e+01 4.459999999999999964e+00 2.500000037252902985e-02 -4.616115112304687500e+02
2.798798966407775879e+01 4.179999999999999716e+00 2.500000037252902985e-02 -4.616115112304687500e+02
2.809398412704467773e+01 4.169999999999999929e+00 2.500000037252902985e-02 -5.315526123046875000e+02
2.818502759933471680e+01 4.230000000000000426e+00 2.500000037252902985e-02 -6.294701538085937500e+02
2.827998423576354980e+01 4.219999999999999751e+00 2.500000037252902985e-02 -6.294701538085937500e+02
2.838798403739929199e+01 4.129999999999999893e+00 2.500000037252902985e-02 -5.455408935546875000e+02
2.847702383995056152e+01 4.150000000000000355e+00 2.500000037252902985e-02 -5.315526123046875000e+02
2.859498977661132812e+01 4.110000000000000320e+00 2.500000037252902985e-02 -6.294701538085937500e+02
2.868101978302001953e+01 4.019999999999999574e+00 2.500000037252902985e-02 -8.113171386718750000e+02
2.879198384284973145e+01 4.019999999999999574e+00 2.500000037252902985e-02 -7.273877563476562500e+02
2.888698625564575195e+01 3.990000000000000213e+00 2.500000037252902985e-02 -5.455408935546875000e+02
2.897405004501342773e+01 3.959999999999999964e+00 2.500000037252902985e-02 -3.636938781738281250e+02
2.908503580093383789e+01 4.030000000000000249e+00 2.500000037252902985e-02 -8.392935943603515625e+01
2.917598867416381836e+01 4.339999999999999858e+00 2.500000037252902985e-02 -2.657763061523437500e+02
2.928902840614318848e+01 4.219999999999999751e+00 2.500000037252902985e-02 -5.455408935546875000e+02
2.937703394889831543e+01 4.129999999999999893e+00 2.500000037252902985e-02 -4.476232604980468750e+02
2.949098730087280273e+01 4.089999999999999858e+00 2.500000037252902985e-02 -5.315526123046875000e+02
2.958502435684204102e+01 4.080000000000000071e+00 2.500000037252902985e-02 -5.315526123046875000e+02
2.969198417663574219e+01 4.110000000000000320e+00 2.500000037252902985e-02 -4.476232604980468750e+02
2.978297615051269531e+01 4.030000000000000249e+00 2.500000037252902985e-02 -5.455408935546875000e+02
2.987798905372619629e+01 4.009999999999999787e+00 2.500000037252902985e-02 -6.294701538085937500e+02
2.998503565788269043e+01 4.049999999999999822e+00 2.500000037252902985e-02 -5.315526123046875000e+02
3.007498788833618164e+01 4.019999999999999574e+00 2.500000037252902985e-02 -5.455408935546875000e+02
3.019302964210510254e+01 4.049999999999999822e+00 2.500000037252902985e-02 -6.294701538085937500e+02
3.027799820899963379e+01 4.059999999999999609e+00 2.500000037252902985e-02 -5.455408935546875000e+02
3.038998889923095703e+01 3.990000000000000213e+00 2.500000037252902985e-02 -5.455408935546875000e+02
3.048504042625427246e+01 3.990000000000000213e+00 2.500000037252902985e-02 -4.476232604980468750e+02
3.059303760528564453e+01 3.970000000000000195e+00 2.500000037252902985e-02 -1.818469390869140625e+02
3.068198633193969727e+01 4.120000000000000107e+00 2.500000037252902985e-02 -4.476232604980468750e+02
3.077702283859252930e+01 4.169999999999999929e+00 2.500000037252902985e-02 -5.315526123046875000e+02
3.088598823547363281e+01 4.110000000000000320e+00 2.500000037252902985e-02 -4.476232604980468750e+02
3.097498846054077148e+01 4.110000000000000320e+00 2.500000037252902985e-02 -4.476232604980468750e+02
3.109198594093322754e+01 4.139999999999999680e+00 2.500000037252902985e-02 -4.476232604980468750e+02
3.117898249626159668e+01 4.049999999999999822e+00 2.500000037252902985e-02 -4.476232604980468750e+02
3.128998708724975586e+01 4.070000000000000284e+00 2.500000037252902985e-02 -7.133995361328125000e+02
3.138102936744689941e+01 4.030000000000000249e+00 2.500000037252902985e-02 -7.133995361328125000e+02
3.149398612976074219e+01 4.040000000000000036e+00 2.500000037252902985e-02 -7.273877563476562500e+02
3.158198761940002441e+01 4.059999999999999609e+00 2.500000037252902985e-02 -7.133995361328125000e+02
3.167898654937744141e+01 4.099999999999999645e+00 2.500000037252902985e-02 -8.113171386718750000e+02
3.178998732566833496e+01 3.979999999999999982e+00 2.500000037252902985e-02 -7.273877563476562500e+02
3.187498879432678223e+01 4.019999999999999574e+00 2.500000037252902985e-02 -6.294701538085937500e+02
3.198798394203186035e+01 4.070000000000000284e+00 2.500000037252902985e-02 -5.315526123046875000e+02
3.208298611640930176e+01 4.019999999999999574e+00 2.500000037252902985e-02 -4.476232604980468750e+02
3.218998622894287109e+01 3.979999999999999982e+00 2.500000037252902985e-02 -2.657763061523437500e+02
3.227998423576354980e+01 4.099999999999999645e+00 2.500000037252902985e-02 -1.818469390869140625e+02
3.237499189376831055e+01 4.070000000000000284e+00 2.500000037252902985e-02 -1.818469390869140625e+02
3.248298311233520508e+01 4.080000000000000071e+00 2.500000037252902985e-02 -3.636938781738281250e+02
3.257798409461975098e+01 4.000000000000000000e+00 2.500000037252902985e-02 -2.657763061523437500e+02
3.268998503684997559e+01 4.040000000000000036e+00 2.500000037252902985e-02 -4.616115112304687500e+02
3.277598404884338379e+01 4.040000000000000036e+00 2.500000037252902985e-02 -4.616115112304687500e+02
3.288698434829711914e+01 4.030000000000000249e+00 2.500000037252902985e-02 -4.476232604980468750e+02
3.298208212852478027e+01 4.110000000000000320e+00 2.500000037252902985e-02 -3.636938781738281250e+02
3.309099507331848145e+01 4.059999999999999609e+00 2.500000037252902985e-02 -2.797645568847656250e+02
3.317998528480529785e+01 4.139999999999999680e+00 2.500000037252902985e-02 -4.476232604980468750e+02
3.327098393440246582e+01 4.139999999999999680e+00 2.500000037252902985e-02 -5.315526123046875000e+02
3.338398528099060059e+01 4.150000000000000355e+00 2.500000037252902985e-02 -4.616115112304687500e+02
3.347498583793640137e+01 4.070000000000000284e+00 2.500000037252902985e-02 -4.476232604980468750e+02
3.359198427200317383e+01 4.059999999999999609e+00 2.500000037252902985e-02 -3.636938781738281250e+02
3.368298435211181641e+01 4.089999999999999858e+00 2.500000037252902985e-02 -3.636938781738281250e+02
3.379304432868957520e+01 4.120000000000000107e+00 2.500000037252902985e-02 -2.657763061523437500e+02
3.387898993492126465e+01 4.129999999999999893e+00 2.500000037252902985e-02 -3.636938781738281250e+02
3.399197745323181152e+01 4.080000000000000071e+00 2.500000037252902985e-02 -4.476232604980468750e+02
3.408698272705078125e+01 4.070000000000000284e+00 2.500000037252902985e-02 -3.497056579589843750e+02
3.417598676681518555e+01 4.120000000000000107e+00 2.500000037252902985e-02 -5.315526123046875000e+02
3.428398633003234863e+01 4.139999999999999680e+00 2.500000037252902985e-02 -4.476232604980468750e+02
3.437898635864257812e+01 4.059999999999999609e+00 2.500000037252902985e-02 -4.476232604980468750e+02
3.449098682403564453e+01 4.019999999999999574e+00 2.500000037252902985e-02 -4.476232604980468750e+02
3.457598519325256348e+01 4.040000000000000036e+00 2.500000037252902985e-02 -5.315526123046875000e+02
3.469302105903625488e+01 4.099999999999999645e+00 2.500000037252902985e-02 -5.455408935546875000e+02
3.478398752212524414e+01 4.059999999999999609e+00 2.500000037252902985e-02 -6.294701538085937500e+02
3.489098334312438965e+01 4.070000000000000284e+00 2.500000037252902985e-02 -6.294701538085937500e+02
3.498598980903625488e+01 4.169999999999999929e+00 2.500000037252902985e-02 -8.952465209960937500e+02
3.507702493667602539e+01 4.030000000000000249e+00 2.500000037252902985e-02 -6.294701538085937500e+02
3.518405032157897949e+01 4.000000000000000000e+00 2.500000037252902985e-02 -5.455408935546875000e+02
3.527498888969421387e+01 4.030000000000000249e+00 2.500000037252902985e-02 -4.476232604980468750e+02
3.539198565483093262e+01 3.950000000000000178e+00 2.500000037252902985e-02 -2.657763061523437500e+02
3.547701954841613770e+01 4.099999999999999645e+00 2.500000037252902985e-02 -2.657763061523437500e+02
3.558998632431030273e+01 4.259999999999999787e+00 2.500000037252902985e-02 -2.797645568847656250e+02
3.568398690223693848e+01 4.379999999999999893e+00 2.500000037252902985e-02 -3.636938781738281250e+02
3.579198408126831055e+01 4.339999999999999858e+00 2.500000037252902985e-02 -5.315526123046875000e+02
3.588198804855346680e+01 4.169999999999999929e+00 2.500000037252902985e-02 -5.455408935546875000e+02
3.597702312469482422e+01 4.040000000000000036e+00 2.500000037252902985e-02 -6.294701538085937500e+02
3.608503913879394531e+01 4.049999999999999822e+00 2.500000037252902985e-02 -6.294701538085937500e+02
3.617398738861083984e+01 4.030000000000000249e+00 2.500000037252902985e-02 -7.133995361328125000e+02
3.629198765754699707e+01 4.049999999999999822e+00 2.500000037252902985e-02 -6.294701538085937500e+02
3.638103508949279785e+01 4.059999999999999609e+00 2.500000037252902985e-02 -4.476232604980468750e+02
3.648902916908264160e+01 4.040000000000000036e+00 2.500000037252902985e-02 -3.636938781738281250e+02
3.658399486541748047e+01 4.080000000000000071e+00 2.500000037252902985e-02 -4.616115112304687500e+02
3.667404937744140625e+01 4.099999999999999645e+00 2.500000037252902985e-02 -5.455408935546875000e+02
3.678102970123291016e+01 4.129999999999999893e+00 2.500000037252902985e-02 -6.294701538085937500e+02
3.687598824501037598e+01 3.990000000000000213e+00 2.500000037252902985e-02 -4.476232604980468750e+02
3.698903346061706543e+01 3.959999999999999964e+00 2.500000037252902985e-02 -4.476232604980468750e+02
3.707399106025695801e+01 4.139999999999999680e+00 2.500000037252902985e-02 -6.294701538085937500e+02
3.719098782539367676e+01 4.070000000000000284e+00 2.500000037252902985e-02 -6.294701538085937500e+02
3.728199100494384766e+01 4.009999999999999787e+00 2.500000037252902985e-02 -6.294701538085937500e+02
3.738902306556701660e+01 4.019999999999999574e+00 2.500000037252902985e-02 -5.455408935546875000e+02
3.747998404502868652e+01 4.040000000000000036e+00 2.500000037252902985e-02 -4.476232604980468750e+02
3.757398843765258789e+01 4.040000000000000036e+00 2.500000037252902985e-02 -4.616115112304687500e+02
3.768198966979980469e+01 4.099999999999999645e+00 2.500000037252902985e-02 -4.476232604980468750e+02
3.777798247337341309e+01 4.139999999999999680e+00 2.500000037252902985e-02 -5.455408935546875000e+02
3.788902068138122559e+01 4.049999999999999822e+00 2.500000037252902985e-02 -3.636938781738281250e+02
3.797499108314514160e+01 4.080000000000000071e+00 2.500000037252902985e-02 -3.497056579589843750e+02
3.808698511123657227e+01 4.040000000000000036e+00 2.500000037252902985e-02 -4.616115112304687500e+02
3.818198657035827637e+01 4.089999999999999858e+00 2.500000037252902985e-02 -4.476232604980468750e+02
3.829008531570434570e+01 4.110000000000000320e+00 2.500000037252902985e-02 -3.636938781738281250e+02
3.837898397445678711e+01 4.110000000000000320e+00 2.500000037252902985e-02 -2.657763061523437500e+02
3.847404909133911133e+01 4.209999999999999964e+00 2.500000037252902985e-02 -3.497056579589843750e+02
3.858599114418029785e+01 4.169999999999999929e+00 2.500000037252902985e-02 -5.455408935546875000e+02
3.869398665428161621e+01 4.160000000000000142e+00 2.500000037252902985e-02 -5.455408935546875000e+02
3.878903985023498535e+01 4.019999999999999574e+00 2.500000037252902985e-02 -4.476232604980468750e+02
3.887898373603820801e+01 4.040000000000000036e+00 2.500000037252902985e-02 -5.455408935546875000e+02
3.898598599433898926e+01 4.030000000000000249e+00 2.500000037252902985e-02 -5.455408935546875000e+02
3.908102798461914062e+01 4.070000000000000284e+00 2.500000037252902985e-02 -5.315526123046875000e+02
3.919404792785644531e+01 4.089999999999999858e+00 2.500000037252902985e-02 -4.476232604980468750e+02
3.927898454666137695e+01 4.110000000000000320e+00 2.500000037252902985e-02 -3.497056579589843750e+02
3.938298392295837402e+01 4.200000000000000178e+00 2.500000037252902985e-02 -3.636938781738281250e+02
3.948698520660400391e+01 4.150000000000000355e+00 2.500000037252902985e-02 -3.636938781738281250e+02
3.959398698806762695e+01 4.110000000000000320e+00 2.500000037252902985e-02 -3.497056579589843750e+02
3.968503952026367188e+01 4.040000000000000036e+00 2.500000037252902985e-02 -4.616115112304687500e+02
3.977898454666137695e+01 4.049999999999999822e+00 2.500000037252902985e-02 -2.657763061523437500e+02
3.988698458671569824e+01 4.080000000000000071e+00 2.500000037252902985e-02 -2.797645568847656250e+02
3.997701930999755859e+01 4.129999999999999893e+00 2.500000037252902985e-02 -3.636938781738281250e+02
4.009399247169494629e+01 4.080000000000000071e+00 2.500000037252902985e-02 -4.476232604980468750e+02
4.017998719215393066e+01 4.000000000000000000e+00 2.500000037252902985e-02 -3.636938781738281250e+02
4.029198575019836426e+01 4.059999999999999609e+00 2.500000037252902985e-02 -2.657763061523437500e+02
4.038698601722717285e+01 4.120000000000000107e+00 2.500000037252902985e-02 -4.476232604980468750e+02
4.049398589134216309e+01 4.019999999999999574e+00 2.500000037252902985e-02 -5.455408935546875000e+02
4.058399200439453125e+01 4.040000000000000036e+00 2.500000037252902985e-02 -4.476232604980468750e+02
4.067898368835449219e+01 4.040000000000000036e+00 2.500000037252902985e-02 -3.497056579589843750e+02
4.079098486900329590e+01 4.070000000000000284e+00 2.500000037252902985e-02 -1.818469390869140625e+02
4.087599039077758789e+01 4.190000000000000391e+00 2.500000037252902985e-02 -2.797645568847656250e+02
4.099401593208312988e+01 4.179999999999999716e+00 2.500000037252902985e-02 -3.497056579589843750e+02
4.108399248123168945e+01 4.129999999999999893e+00 2.500000037252902985e-02 -4.476232604980468750e+02
4.119100832939147949e+01 4.030000000000000249e+00 2.500000037252902985e-02 -2.657763061523437500e+02
4.128599095344543457e+01 4.070000000000000284e+00 2.500000037252902985e-02 -3.636938781738281250e+02
4.137703776359558105e+01 4.070000000000000284e+00 2.500000037252902985e-02 -3.497056579589843750e+02
4.148409247398376465e+01 3.959999999999999964e+00 2.500000037252902985e-02 -3.636938781738281250e+02
4.157499575614929199e+01 4.049999999999999822e+00 2.500000037252902985e-02 -2.657763061523437500e+02
4.169197726249694824e+01 3.950000000000000178e+00 2.500000037252902985e-02 -9.791758728027343750e+01
4.177703142166137695e+01 3.959999999999999964e+00 2.500000037252902985e-02 -8.392935943603515625e+01
4.189000082015991211e+01 4.139999999999999680e+00 2.500000037252902985e-02 -1.818469390869140625e+02
4.198405170440673828e+01 4.070000000000000284e+00 2.500000037252902985e-02 -3.636938781738281250e+02
4.209198427200317383e+01 3.990000000000000213e+00 2.500000037252902985e-02 0.000000000000000000e+00
4.218198704719543457e+01 4.099999999999999645e+00 2.500000037252902985e-02 0.000000000000000000e+00
4.227702140808105469e+01 4.110000000000000320e+00 2.500000037252902985e-02 0.000000000000000000e+00
4.238503098487854004e+01 3.259999999999999787e+00 2.500000037252902985e-02 0.000000000000000000e+00
4.247398757934570312e+01 1.870000000000000107e+00 2.500000037252902985e-02 0.000000000000000000e+00
4.259198594093322754e+01 1.429999999999999938e+00 2.500000037252902985e-02 1.818469390869140625e+02
4.268102502822875977e+01 1.340000000000000080e+00 2.500000037252902985e-02 3.636938781738281250e+02
4.278903245925903320e+01 1.340000000000000080e+00 2.500000037252902985e-02 4.476232604980468750e+02
4.288398838043212891e+01 1.409999999999999920e+00 2.500000037252902985e-02 1.818469390869140625e+02
4.297405028343200684e+01 1.399999999999999911e+00 2.500000037252902985e-02 9.791758728027343750e+01
4.308102345466613770e+01 1.280000000000000027e+00 2.500000037252902985e-02 2.657763061523437500e+02
4.317598867416381836e+01 1.270000000000000018e+00 2.500000037252902985e-02 5.315526123046875000e+02
4.328902339935302734e+01 1.310000000000000053e+00 2.500000037252902985e-02 8.113171386718750000e+02
4.337398862838745117e+01 1.360000000000000098e+00 2.500000037252902985e-02 1.077093505859375000e+03
4.349099040031433105e+01 1.360000000000000098e+00 2.500000037252902985e-02 8.952465209960937500e+02
4.358199334144592285e+01 1.489999999999999991e+00 2.500000037252902985e-02 7.273877563476562500e+02
4.368903183937072754e+01 1.469999999999999973e+00 2.500000037252902985e-02 3.636938781738281250e+02
4.377998542785644531e+01 1.370000000000000107e+00 2.500000037252902985e-02 2.657763061523437500e+02
4.387399125099182129e+01 1.340000000000000080e+00 2.500000037252902985e-02 2.797645568847656250e+02
4.398199439048767090e+01 1.370000000000000107e+00 2.500000037252902985e-02 4.476232604980468750e+02
4.407897877693176270e+01 1.360000000000000098e+00 2.500000037252902985e-02 5.455408935546875000e+02
4.418902778625488281e+01 1.370000000000000107e+00 2.500000037252902985e-02 5.315526123046875000e+02
4.427499032020568848e+01 1.340000000000000080e+00 2.500000037252902985e-02 5.455408935546875000e+02
4.438699007034301758e+01 1.399999999999999911e+00 2.500000037252902985e-02 3.497056579589843750e+02
4.448198676109313965e+01 1.370000000000000107e+00 2.500000037252902985e-02 4.476232604980468750e+02
4.458998680114746094e+01 1.360000000000000098e+00 2.500000037252902985e-02 5.455408935546875000e+02
4.467898440361022949e+01 1.310000000000000053e+00 2.500000037252902985e-02 5.315526123046875000e+02
4.477398681640625000e+01 1.409999999999999920e+00 2.500000037252902985e-02 7.273877563476562500e+02
4.488598918914794922e+01 1.389999999999999902e+00 2.500000037252902985e-02 5.455408935546875000e+02
4.499404287338256836e+01 1.379999999999999893e+00 2.500000037252902985e-02 4.476232604980468750e+02
4.508902859687805176e+01 1.419999999999999929e+00 2.500000037252902985e-02 5.455408935546875000e+02
4.517898392677307129e+01 1.370000000000000107e+00 2.500000037252902985e-02 4.476232604980468750e+02
4.528598451614379883e+01 1.320000000000000062e+00 2.500000037252902985e-02 5.455408935546875000e+02
4.538101768493652344e+01 1.350000000000000089e+00 2.500000037252902985e-02 6.294701538085937500e+02
4.549302172660827637e+01 1.429999999999999938e+00 2.500000037252902985e-02 8.113171386718750000e+02
4.557898449897766113e+01 1.379999999999999893e+00 2.500000037252902985e-02 7.133995361328125000e+02
4.566998958587646484e+01 1.449999999999999956e+00 2.500000037252902985e-02 7.133995361328125000e+02
4.578698682785034180e+01 1.449999999999999956e+00 2.500000037252902985e-02 3.636938781738281250e+02
4.589399099349975586e+01 1.379999999999999893e+00 2.500000037252902985e-02 4.476232604980468750e+02
4.598502969741821289e+01 1.399999999999999911e+00 2.500000037252902985e-02 6.294701538085937500e+02
4.607898926734924316e+01 1.419999999999999929e+00 2.500000037252902985e-02 6.294701538085937500e+02
4.618698978424072266e+01 1.439999999999999947e+00 2.500000037252902985e-02 5.315526123046875000e+02
4.627703428268432617e+01 1.429999999999999938e+00 2.500000037252902985e-02 5.455408935546875000e+02
4.639405727386474609e+01 1.409999999999999920e+00 2.500000037252902985e-02 4.476232604980468750e+02
4.647997808456420898e+01 1.409999999999999920e+00 2.500000037252902985e-02 2.797645568847656250e+02
4.659198546409606934e+01 1.340000000000000080e+00 2.500000037252902985e-02 2.657763061523437500e+02
4.668698477745056152e+01 1.360000000000000098e+00 2.500000037252902985e-02 4.476232604980468750e+02
4.677598953247070312e+01 1.379999999999999893e+00 2.500000037252902985e-02 4.616115112304687500e+02
4.688398647308349609e+01 1.360000000000000098e+00 2.500000037252902985e-02 7.133995361328125000e+02
4.697899341583251953e+01 1.389999999999999902e+00 2.500000037252902985e-02 6.294701538085937500e+02
4.709098649024963379e+01 1.429999999999999938e+00 2.500000037252902985e-02 5.455408935546875000e+02
4.717598724365234375e+01 1.399999999999999911e+00 2.500000037252902985e-02 3.497056579589843750e+02
4.729404854774475098e+01 1.340000000000000080e+00 2.500000037252902985e-02 3.636938781738281250e+02
4.738404917716979980e+01 1.350000000000000089e+00 2.500000037252902985e-02 3.636938781738281250e+02
4.749098038673400879e+01 1.389999999999999902e+00 2.500000037252902985e-02 3.636938781738281250e+02
4.758599328994750977e+01 1.340000000000000080e+00 2.500000037252902985e-02 4.476232604980468750e+02
4.767702221870422363e+01 1.370000000000000107e+00 2.500000037252902985e-02 3.636938781738281250e+02
4.778398609161376953e+01 1.360000000000000098e+00 2.500000037252902985e-02 5.315526123046875000e+02
4.787498831748962402e+01 1.439999999999999947e+00 2.500000037252902985e-02 5.315526123046875000e+02
4.799198555946350098e+01 1.379999999999999893e+00 2.500000037252902985e-02 5.315526123046875000e+02
4.807703161239624023e+01 1.379999999999999893e+00 2.500000037252902985e-02 3.636938781738281250e+02
4.818998456001281738e+01 1.389999999999999902e+00 2.500000037252902985e-02 2.657763061523437500e+02
4.828404808044433594e+01 1.379999999999999893e+00 2.500000037252902985e-02 2.657763061523437500e+02
4.839198660850524902e+01 1.379999999999999893e+00 2.500000037252902985e-02 3.497056579589843750e+02
4.848198914527893066e+01 1.370000000000000107e+00 2.500000037252902985e-02 4.476232604980468750e+02
4.857703638076782227e+01 1.360000000000000098e+00 2.500000037252902985e-02 5.315526123046875000e+02
4.868505382537841797e+01 1.370000000000000107e+00 2.500000037252902985e-02 6.294701538085937500e+02
4.877398681640625000e+01 1.459999999999999964e+00 2.500000037252902985e-02 6.294701538085937500e+02
4.889198446273803711e+01 1.429999999999999938e+00 2.500000037252902985e-02 4.616115112304687500e+02
4.898102498054504395e+01 1.350000000000000089e+00 2.500000037252902985e-02 4.476232604980468750e+02
4.908903002738952637e+01 1.419999999999999929e+00 2.500000037252902985e-02 3.636938781738281250e+02
4.918404603004455566e+01 1.389999999999999902e+00 2.500000037252902985e-02 4.476232604980468750e+02
4.927398967742919922e+01 1.379999999999999893e+00 2.500000037252902985e-02 5.455408935546875000e+02
4.938102650642395020e+01 1.370000000000000107e+00 2.500000037252902985e-02 4.476232604980468750e+02
4.947598075866699219e+01 1.399999999999999911e+00 2.500000037252902985e-02 3.636938781738281250e+02
4.958902573585510254e+01 1.370000000000000107e+00 2.500000037252902985e-02 6.294701538085937500e+02
4.967404985427856445e+01 1.320000000000000062e+00 2.500000037252902985e-02 8.952465209960937500e+02
4.979099297523498535e+01 1.370000000000000107e+00 2.500000037252902985e-02 8.113171386718750000e+02
4.988198828697204590e+01 1.399999999999999911e+00 2.500000037252902985e-02 8.113171386718750000e+02
4.998903346061706543e+01 1.439999999999999947e+00 2.500000037252902985e-02 5.315526123046875000e+02
5.007998895645141602e+01 1.409999999999999920e+00 2.500000037252902985e-02 4.616115112304687500e+02
5.017398810386657715e+01 1.399999999999999911e+00 2.500000037252902985e-02 5.315526123046875000e+02
5.028198790550231934e+01 1.340000000000000080e+00 2.500000037252902985e-02 5.455408935546875000e+02
5.038698625564575195e+01 1.409999999999999920e+00 2.500000037252902985e-02 4.476232604980468750e+02
5.048902773857116699e+01 1.399999999999999911e+00 2.500000037252902985e-02 4.476232604980468750e+02
5.057498669624328613e+01 1.389999999999999902e+00 2.500000037252902985e-02 3.636938781738281250e+02
5.068698716163635254e+01 1.370000000000000107e+00 2.500000037252902985e-02 3.497056579589843750e+02
5.078198885917663574e+01 1.429999999999999938e+00 2.500000037252902985e-02 2.797645568847656250e+02
5.088998508453369141e+01 1.399999999999999911e+00 2.500000037252902985e-02 2.657763061523437500e+02
5.097898364067077637e+01 1.360000000000000098e+00 2.500000037252902985e-02 2.657763061523437500e+02
5.107398819923400879e+01 1.419999999999999929e+00 2.500000037252902985e-02 3.636938781738281250e+02
5.118598651885986328e+01 1.350000000000000089e+00 2.500000037252902985e-02 2.657763061523437500e+02
5.129398703575134277e+01 1.360000000000000098e+00 2.500000037252902985e-02 3.636938781738281250e+02
5.138902354240417480e+01 1.419999999999999929e+00 2.500000037252902985e-02 2.657763061523437500e+02
5.147898387908935547e+01 1.379999999999999893e+00 2.500000037252902985e-02 3.636938781738281250e+02
5.158604359626770020e+01 1.360000000000000098e+00 2.500000037252902985e-02 4.476232604980468750e+02
5.168103408813476562e+01 1.330000000000000071e+00 2.500000037252902985e-02 5.455408935546875000e+02
5.179398560523986816e+01 1.399999999999999911e+00 2.500000037252902985e-02 5.455408935546875000e+02
5.187898635864257812e+01 1.439999999999999947e+00 2.500000037252902985e-02 3.636938781738281250e+02
5.199498820304870605e+01 1.419999999999999929e+00 2.500000037252902985e-02 4.476232604980468750e+02
5.208699440956115723e+01 1.389999999999999902e+00 2.500000037252902985e-02 3.636938781738281250e+02
5.219302272796630859e+01 1.379999999999999893e+00 2.500000037252902985e-02 3.636938781738281250e+02
5.228502798080444336e+01 1.439999999999999947e+00 2.500000037252902985e-02 3.636938781738281250e+02
5.237898707389831543e+01 1.409999999999999920e+00 2.500000037252902985e-02 4.476232604980468750e+02
5.248698449134826660e+01 1.409999999999999920e+00 2.500000037252902985e-02 4.476232604980468750e+02
5.257703447341918945e+01 1.340000000000000080e+00 2.500000037252902985e-02 3.497056579589843750e+02
5.269302988052368164e+01 1.370000000000000107e+00 2.500000037252902985e-02 5.315526123046875000e+02
5.277998328208923340e+01 1.389999999999999902e+00 2.500000037252902985e-02 4.476232604980468750e+02
5.289198493957519531e+01 1.379999999999999893e+00 2.500000037252902985e-02 6.294701538085937500e+02
5.298698711395263672e+01 1.320000000000000062e+00 2.500000037252902985e-02 5.315526123046875000e+02
5.307599067687988281e+01 1.409999999999999920e+00 2.500000037252902985e-02 4.476232604980468750e+02
5.318796825408935547e+01 1.399999999999999911e+00 2.500000037252902985e-02 5.315526123046875000e+02
5.328298544883728027e+01 1.379999999999999893e+00 2.500000037252902985e-02 4.476232604980468750e+02
5.339398932456970215e+01 1.399999999999999911e+00 2.500000037252902985e-02 3.636938781738281250e+02
5.349400162696838379e+01 1.399999999999999911e+00 2.500000037252902985e-02 3.636938781738281250e+02
5.359302878379821777e+01 1.360000000000000098e+00 2.500000037252902985e-02 3.636938781738281250e+02
5.367799091339111328e+01 1.370000000000000107e+00 2.500000037252902985e-02 3.497056579589843750e+02
5.378999352455139160e+01 1.290000000000000036e+00 2.500000037252902985e-02 4.476232604980468750e+02
5.388503837585449219e+01 1.310000000000000053e+00 2.500000037252902985e-02 5.455408935546875000e+02
5.397598934173583984e+01 1.399999999999999911e+00 2.500000037252902985e-02 6.294701538085937500e+02
5.408300685882568359e+01 1.419999999999999929e+00 2.500000037252902985e-02 6.294701538085937500e+02
5.419302749633789062e+01 1.409999999999999920e+00 2.500000037252902985e-02 5.455408935546875000e+02
5.428399181365966797e+01 1.429999999999999938e+00 2.500000037252902985e-02 6.294701538085937500e+02
5.437798643112182617e+01 1.399999999999999911e+00 2.500000037252902985e-02 4.476232604980468750e+02
5.449098563194274902e+01 1.370000000000000107e+00 2.500000037252902985e-02 4.476232604980468750e+02
5.457998657226562500e+01 1.449999999999999956e+00 2.500000037252902985e-02 4.616115112304687500e+02
5.469398570060729980e+01 1.419999999999999929e+00 2.500000037252902985e-02 5.315526123046875000e+02
5.478297686576843262e+01 1.399999999999999911e+00 2.500000037252902985e-02 5.315526123046875000e+02
5.489002060890197754e+01 1.429999999999999938e+00 2.500000037252902985e-02 3.636938781738281250e+02
5.496798419952392578e+01 1.360000000000000098e+00 2.500000037252902985e-02 5.315526123046875000e+02
5.508798265457153320e+01 1.360000000000000098e+00 2.500000037252902985e-02 4.476232604980468750e+02
5.517704677581787109e+01 1.340000000000000080e+00 2.500000037252902985e-02 4.476232604980468750e+02
5.528903412818908691e+01 1.399999999999999911e+00 2.500000037252902985e-02 5.455408935546875000e+02
5.538401961326599121e+01 1.350000000000000089e+00 2.500000037252902985e-02 7.273877563476562500e+02
5.549302172660827637e+01 1.320000000000000062e+00 2.500000037252902985e-02 9.931641235351562500e+02
5.558198738098144531e+01 1.409999999999999920e+00 2.500000037252902985e-02 8.952465209960937500e+02
5.567303299903869629e+01 1.429999999999999938e+00 2.500000037252902985e-02 7.273877563476562500e+02
5.578598666191101074e+01 1.459999999999999964e+00 2.500000037252902985e-02 5.455408935546875000e+02
5.587398862838745117e+01 1.419999999999999929e+00 2.500000037252902985e-02 5.315526123046875000e+02
5.598798513412475586e+01 1.419999999999999929e+00 2.500000037252902985e-02 8.392935943603515625e+01
5.608197951316833496e+01 1.429999999999999938e+00 2.500000037252902985e-02 8.392935943603515625e+01
5.618904042243957520e+01 1.300000000000000044e+00 2.500000037252902985e-02 1.818469390869140625e+02
5.627997756004333496e+01 1.429999999999999938e+00 2.500000037252902985e-02 0.000000000000000000e+00
5.637499761581420898e+01 1.350000000000000089e+00 2.500000037252902985e-02 0.000000000000000000e+00
5.648199057579040527e+01 1.530000000000000027e+00 2.500000037252902985e-02 0.000000000000000000e+00
5.658198451995849609e+01 3.100000000000000089e+00 2.500000037252902985e-02 -4.476232604980468750e+02
5.668998694419860840e+01 4.309999999999999609e+00 2.500000037252902985e-02 -1.258940307617187500e+03
5.677498555183410645e+01 4.280000000000000249e+00 2.500000037252902985e-02 -1.440787353515625000e+03
5.688698387145996094e+01 4.200000000000000178e+00 2.500000037252902985e-02 -1.720551879882812500e+03
5.698198533058166504e+01 4.030000000000000249e+00 2.500000037252902985e-02 -2.154187011718750000e+03
5.708998703956604004e+01 3.910000000000000142e+00 2.500000037252902985e-02 -2.168175292968750000e+03
5.717898583412170410e+01 3.899999999999999911e+00 2.500000037252902985e-02 -2.154187011718750000e+03
5.727399015426635742e+01 3.850000000000000089e+00 2.500000037252902985e-02 -2.238116455078125000e+03
5.738298225402832031e+01 3.890000000000000124e+00 2.500000037252902985e-02 -2.154187011718750000e+03
5.747898507118225098e+01 3.830000000000000071e+00 2.500000037252902985e-02 -1.888410644531250000e+03
5.758903288841247559e+01 3.859999999999999876e+00 2.500000037252902985e-02 -1.720551879882812500e+03
5.767598533630371094e+01 3.870000000000000107e+00 2.500000037252902985e-02 -1.608645996093750000e+03
5.778698635101318359e+01 3.939999999999999947e+00 2.500000037252902985e-02 -1.804481201171875000e+03
5.787798714637756348e+01 3.879999999999999893e+00 2.500000037252902985e-02 -1.986328247070312500e+03
5.799098587036132812e+01 3.899999999999999911e+00 2.500000037252902985e-02 -1.720551879882812500e+03
5.807898354530334473e+01 3.799999999999999822e+00 2.500000037252902985e-02 -1.720551879882812500e+03
5.819302415847778320e+01 3.930000000000000160e+00 2.500000037252902985e-02 -1.720551879882812500e+03
5.828698468208312988e+01 3.870000000000000107e+00 2.500000037252902985e-02 -1.608645996093750000e+03
5.839303278923034668e+01 3.950000000000000178e+00 2.500000037252902985e-02 -1.804481201171875000e+03
5.848502969741821289e+01 3.890000000000000124e+00 2.500000037252902985e-02 -1.888410644531250000e+03
5.857998299598693848e+01 3.890000000000000124e+00 2.500000037252902985e-02 -1.902398925781250000e+03
5.868698477745056152e+01 3.910000000000000142e+00 2.500000037252902985e-02 -1.986328247070312500e+03
5.877702641487121582e+01 3.879999999999999893e+00 2.500000037252902985e-02 -2.252104736328125000e+03
5.887198472023010254e+01 3.919999999999999929e+00 2.500000037252902985e-02 -2.350021972656250000e+03
5.897998666763305664e+01 3.879999999999999893e+00 2.500000037252902985e-02 -2.252104736328125000e+03
5.909198522567749023e+01 3.779999999999999805e+00 2.500000037252902985e-02 -1.986328247070312500e+03
5.918698382377624512e+01 3.859999999999999876e+00 2.500000037252902985e-02 -1.888410644531250000e+03
5.929398536682128906e+01 3.839999999999999858e+00 2.500000037252902985e-02 -2.154187011718750000e+03
5.938398456573486328e+01 3.870000000000000107e+00 2.500000037252902985e-02 -2.168175292968750000e+03
5.947899031639099121e+01 3.779999999999999805e+00 2.500000037252902985e-02 -1.804481201171875000e+03
5.958798646926879883e+01 3.850000000000000089e+00 2.500000037252902985e-02 -1.538704956054687500e+03
5.967702484130859375e+01 3.839999999999999858e+00 2.500000037252902985e-02 -1.440787353515625000e+03
5.979398679733276367e+01 3.939999999999999947e+00 2.500000037252902985e-02 -1.804481201171875000e+03
5.988103437423706055e+01 3.859999999999999876e+00 2.500000037252902985e-02 -1.538704956054687500e+03
5.999198460578918457e+01 3.810000000000000053e+00 2.500000037252902985e-02 -1.258940307617187500e+03
6.008308219909667969e+01 3.859999999999999876e+00 2.500000037252902985e-02 -9.791759033203125000e+02
6.019499373435974121e+01 3.819999999999999840e+00 2.500000037252902985e-02 -6.294701538085937500e+02
6.028398585319519043e+01 3.890000000000000124e+00 2.500000037252902985e-02 0.000000000000000000e+00
6.037498855590820312e+01 3.259999999999999787e+00 2.500000037252902985e-02 0.000000000000000000e+00
6.049198341369628906e+01 3.169999999999999929e+00 2.500000037252902985e-02 0.000000000000000000e+00
6.057702541351318359e+01 1.750000000000000000e+00 2.500000037252902985e-02 6.294701538085937500e+02
6.068999791145324707e+01 1.280000000000000027e+00 2.500000037252902985e-02 1.077093505859375000e+03
6.078503942489624023e+01 1.330000000000000071e+00 2.500000037252902985e-02 1.175010986328125000e+03
6.089198517799377441e+01 1.330000000000000071e+00 2.500000037252902985e-02 1.622634277343750000e+03
6.098198771476745605e+01 1.300000000000000044e+00 2.500000037252902985e-02 1.888410644531250000e+03
6.107702851295471191e+01 1.399999999999999911e+00 2.500000037252902985e-02 1.706563598632812500e+03
6.118502974510192871e+01 1.399999999999999911e+00 2.500000037252902985e-02 1.622634277343750000e+03
6.127404928207397461e+01 1.350000000000000089e+00 2.500000037252902985e-02 1.888410644531250000e+03
6.139198565483093262e+01 1.360000000000000098e+00 2.500000037252902985e-02 2.070257568359375000e+03
6.147798943519592285e+01 1.360000000000000098e+00 2.500000037252902985e-02 2.154187011718750000e+03
6.158903121948242188e+01 1.429999999999999938e+00 2.500000037252902985e-02 2.168175292968750000e+03
6.168398499488830566e+01 1.459999999999999964e+00 2.500000037252902985e-02 1.902398925781250000e+03
6.179302787780761719e+01 1.429999999999999938e+00 2.500000037252902985e-02 1.986328247070312500e+03
6.188198661804199219e+01 1.320000000000000062e+00 2.500000037252902985e-02 2.601810058593750000e+03
6.197304368019104004e+01 1.320000000000000062e+00 2.500000037252902985e-02 2.517880615234375000e+03
6.208598732948303223e+01 1.459999999999999964e+00 2.500000037252902985e-02 2.252104736328125000e+03
6.217398834228515625e+01 1.530000000000000027e+00 2.500000037252902985e-02 1.986328247070312500e+03
6.228798365592956543e+01 1.439999999999999947e+00 2.500000037252902985e-02 1.972340087890625000e+03
6.238198781013488770e+01 1.340000000000000080e+00 2.500000037252902985e-02 2.252104736328125000e+03
6.248902750015258789e+01 1.379999999999999893e+00 2.500000037252902985e-02 2.154187011718750000e+03
6.257998514175415039e+01 1.409999999999999920e+00 2.500000037252902985e-02 1.986328247070312500e+03
6.267498564720153809e+01 1.489999999999999991e+00 2.500000037252902985e-02 1.622634277343750000e+03
6.278198838233947754e+01 1.439999999999999947e+00 2.500000037252902985e-02 1.804481201171875000e+03
6.287198543548583984e+01 1.379999999999999893e+00 2.500000037252902985e-02 1.972340087890625000e+03
6.298998785018920898e+01 1.320000000000000062e+00 2.500000037252902985e-02 2.615798339843750000e+03
6.307498741149902344e+01 1.370000000000000107e+00 2.500000037252902985e-02 2.517880615234375000e+03
6.320998620986938477e+01 1.449999999999999956e+00 2.500000037252902985e-02 2.154187011718750000e+03
6.330502724647521973e+01 1.560000000000000053e+00 2.500000037252902985e-02 1.622634277343750000e+03
6.341198444366455078e+01 1.449999999999999956e+00 2.500000037252902985e-02 1.622634277343750000e+03
6.350198912620544434e+01 1.419999999999999929e+00 2.500000037252902985e-02 1.804481201171875000e+03
6.359702253341674805e+01 1.399999999999999911e+00 2.500000037252902985e-02 1.902398925781250000e+03
6.370503473281860352e+01 1.429999999999999938e+00 2.500000037252902985e-02 1.790493041992187500e+03
6.379404187202453613e+01 1.510000000000000009e+00 2.500000037252902985e-02 1.161022827148437500e+03
6.391198348999023438e+01 1.500000000000000000e+00 2.500000037252902985e-02 9.791759033203125000e+02
6.399798345565795898e+01 1.379999999999999893e+00 2.500000037252902985e-02 1.258940307617187500e+03
6.410904169082641602e+01 1.449999999999999956e+00 2.500000037252902985e-02 9.791759033203125000e+02
6.420398831367492676e+01 1.510000000000000009e+00 2.500000037252902985e-02 1.678587188720703125e+02
6.431303095817565918e+01 1.590000000000000080e+00 2.500000037252902985e-02 0.000000000000000000e+00
6.440198683738708496e+01 1.350000000000000089e+00 2.500000037252902985e-02 2.657763061523437500e+02
6.449303555488586426e+01 1.479999999999999982e+00 2.500000037252902985e-02 0.000000000000000000e+00
6.460598874092102051e+01 1.409999999999999920e+00 2.500000037252902985e-02 0.000000000000000000e+00
6.469399023056030273e+01 1.340000000000000080e+00 2.500000037252902985e-02 9.791758728027343750e+01
6.480798649787902832e+01 1.350000000000000089e+00 2.500000037252902985e-02 0.000000000000000000e+00
6.490199232101440430e+01 1.360000000000000098e+00 2.500000037252902985e-02 0.000000000000000000e+00
6.500903892517089844e+01 1.350000000000000089e+00 2.500000037252902985e-02 0.000000000000000000e+00
