4.596447944641113281e-02 2.439999999999999947e+00 3.500000014901161194e-02 0.000000000000000000e+00
1.469650268554687500e-01 2.479999999999999982e+00 3.500000014901161194e-02 0.000000000000000000e+00
2.320213317871093750e-01 2.640000000000000124e+00 3.500000014901161194e-02 0.000000000000000000e+00
3.459553718566894531e-01 2.899999999999999911e+00 3.500000014901161194e-02 0.000000000000000000e+00
4.349565505981445312e-01 3.089999999999999858e+00 3.500000014901161194e-02 0.000000000000000000e+00
5.459558963775634766e-01 3.350000000000000089e+00 3.500000014901161194e-02 0.000000000000000000e+00
6.359944343566894531e-01 3.439999999999999947e+00 3.500000014901161194e-02 0.000000000000000000e+00
7.259554862976074219e-01 3.600000000000000089e+00 3.500000014901161194e-02 0.000000000000000000e+00
8.400058746337890625e-01 3.729999999999999982e+00 3.500000014901161194e-02 0.000000000000000000e+00
9.289586544036865234e-01 4.169999999999999929e+00 3.500000014901161194e-02 0.000000000000000000e+00
1.040955781936645508e+00 4.169999999999999929e+00 3.500000014901161194e-02 0.000000000000000000e+00
1.132005453109741211e+00 3.850000000000000089e+00 3.500000014901161194e-02 0.000000000000000000e+00
1.244958639144897461e+00 3.189999999999999947e+00 3.500000014901161194e-02 0.000000000000000000e+00
1.333955764770507812e+00 2.689999999999999947e+00 3.500000014901161194e-02 0.000000000000000000e+00
1.445956230163574219e+00 2.500000000000000000e+00 3.500000014901161194e-02 0.000000000000000000e+00
1.535996675491333008e+00 2.439999999999999947e+00 3.500000014901161194e-02 0.000000000000000000e+00
1.625956296920776367e+00 2.439999999999999947e+00 3.500000014901161194e-02 0.000000000000000000e+00
1.737955808639526367e+00 2.390000000000000124e+00 3.500000014901161194e-02 0.000000000000000000e+00
1.826956272125244141e+00 2.410000000000000142e+00 3.500000014901161194e-02 0.000000000000000000e+00
1.941960096359252930e+00 2.419999999999999929e+00 3.500000014901161194e-02 0.000000000000000000e+00
2.031995296478271484e+00 2.430000000000000160e+00 3.500000014901161194e-02 0.000000000000000000e+00
2.142957687377929688e+00 2.479999999999999982e+00 3.500000014901161194e-02 0.000000000000000000e+00
2.233957290649414062e+00 2.589999999999999858e+00 3.500000014901161194e-02 0.000000000000000000e+00
2.344949245452880859e+00 2.799999999999999822e+00 3.500000014901161194e-02 0.000000000000000000e+00
2.435998201370239258e+00 3.189999999999999947e+00 3.500000014901161194e-02 0.000000000000000000e+00
2.524967432022094727e+00 3.640000000000000124e+00 3.500000014901161194e-02 0.000000000000000000e+00
2.636958122253417969e+00 4.389999999999999680e+00 3.500000014901161194e-02 -8.392935943603515625e+01
2.728962182998657227e+00 5.349999999999999645e+00 3.500000014901161194e-02 -5.315526123046875000e+02
2.841959238052368164e+00 5.389999999999999680e+00 3.500000014901161194e-02 -5.315526123046875000e+02
2.931997776031494141e+00 5.269999999999999574e+00 3.500000014901161194e-02 -4.616115112304687500e+02
3.044957876205444336e+00 5.389999999999999680e+00 3.500000014901161194e-02 -5.455408935546875000e+02
3.135991811752319336e+00 5.400000000000000355e+00 3.500000014901161194e-02 -5.315526123046875000e+02
3.225955486297607422e+00 5.429999999999999716e+00 3.500000014901161194e-02 -7.273877563476562500e+02
3.336960315704345703e+00 5.349999999999999645e+00 3.500000014901161194e-02 -8.952465209960937500e+02
3.426955938339233398e+00 5.280000000000000249e+00 3.500000014901161194e-02 -9.931641235351562500e+02
3.539991617202758789e+00 5.070000000000000284e+00 3.500000014901161194e-02 -6.294701538085937500e+02
3.629955291748046875e+00 5.190000000000000391e+00 3.500000014901161194e-02 -6.294701538085937500e+02
3.741961002349853516e+00 5.190000000000000391e+00 3.500000014901161194e-02 -7.133995361328125000e+02
3.830954551696777344e+00 5.129999999999999893e+00 3.500000014901161194e-02 -7.133995361328125000e+02
3.943994045257568359e+00 5.209999999999999964e+00 3.500000014901161194e-02 -6.294701538085937500e+02
4.038957834243774414e+00 5.150000000000000355e+00 3.500000014901161194e-02 -5.315526123046875000e+02
4.128958940505981445e+00 5.219999999999999751e+00 3.500000014901161194e-02 -7.133995361328125000e+02
4.236957073211669922e+00 5.200000000000000178e+00 3.500000014901161194e-02 -8.113171386718750000e+02
4.332005500793457031e+00 5.169999999999999929e+00 3.500000014901161194e-02 -9.931641235351562500e+02
4.444958448410034180e+00 5.139999999999999680e+00 3.500000014901161194e-02 -1.077093505859375000e+03
4.529958963394165039e+00 5.120000000000000107e+00 3.500000014901161194e-02 -8.952465209960937500e+02
4.623987197875976562e+00 5.099999999999999645e+00 3.500000014901161194e-02 -9.931641235351562500e+02
4.736958503723144531e+00 5.110000000000000320e+00 3.500000014901161194e-02 -9.931641235351562500e+02
4.844959974288940430e+00 5.200000000000000178e+00 3.500000014901161194e-02 -9.092347412109375000e+02
4.938957452774047852e+00 5.179999999999999716e+00 3.500000014901161194e-02 -8.952465209960937500e+02
5.029954195022583008e+00 5.089999999999999858e+00 3.500000014901161194e-02 -6.294701538085937500e+02
5.140959024429321289e+00 5.150000000000000355e+00 3.500000014901161194e-02 -6.294701538085937500e+02
5.227994441986083984e+00 5.160000000000000142e+00 3.500000014901161194e-02 -6.294701538085937500e+02
5.344961404800415039e+00 5.190000000000000391e+00 3.500000014901161194e-02 -6.294701538085937500e+02
5.433965444564819336e+00 5.160000000000000142e+00 3.500000014901161194e-02 -4.476232604980468750e+02
5.542959928512573242e+00 5.200000000000000178e+00 3.500000014901161194e-02 -3.636938781738281250e+02
5.637957096099853516e+00 5.240000000000000213e+00 3.500000014901161194e-02 -6.294701538085937500e+02
5.726955890655517578e+00 5.200000000000000178e+00 3.500000014901161194e-02 -6.294701538085937500e+02
5.834955215454101562e+00 5.219999999999999751e+00 3.500000014901161194e-02 -5.455408935546875000e+02
5.929956436157226562e+00 5.200000000000000178e+00 3.500000014901161194e-02 -4.476232604980468750e+02
6.041962623596191406e+00 5.179999999999999716e+00 3.500000014901161194e-02 -3.636938781738281250e+02
6.126955986022949219e+00 5.250000000000000000e+00 3.500000014901161194e-02 -3.636938781738281250e+02
6.244956970214843750e+00 5.240000000000000213e+00 3.500000014901161194e-02 -4.476232604980468750e+02
6.334958314895629883e+00 5.150000000000000355e+00 3.500000014901161194e-02 -5.455408935546875000e+02
6.441963911056518555e+00 5.150000000000000355e+00 3.500000014901161194e-02 -7.133995361328125000e+02
6.536957979202270508e+00 5.169999999999999929e+00 3.500000014901161194e-02 -8.113171386718750000e+02
6.626957178115844727e+00 5.150000000000000355e+00 3.500000014901161194e-02 -8.113171386718750000e+02
6.734956264495849609e+00 5.259999999999999787e+00 3.500000014901161194e-02 -9.092347412109375000e+02
6.828993797302246094e+00 5.209999999999999964e+00 3.500000014901161194e-02 -9.092347412109375000e+02
6.941959142684936523e+00 5.139999999999999680e+00 3.500000014901161194e-02 -7.273877563476562500e+02
7.030954360961914062e+00 5.110000000000000320e+00 3.500000014901161194e-02 -6.294701538085937500e+02
7.143993377685546875e+00 5.200000000000000178e+00 3.500000014901161194e-02 -7.133995361328125000e+02
7.234956741333007812e+00 5.230000000000000426e+00 3.500000014901161194e-02 -6.294701538085937500e+02
7.345956563949584961e+00 5.240000000000000213e+00 3.500000014901161194e-02 -6.294701538085937500e+02
7.432962417602539062e+00 5.169999999999999929e+00 3.500000014901161194e-02 -7.133995361328125000e+02
7.528001308441162109e+00 5.190000000000000391e+00 3.500000014901161194e-02 -7.273877563476562500e+02
7.638955354690551758e+00 5.160000000000000142e+00 3.500000014901161194e-02 -6.294701538085937500e+02
7.724963188171386719e+00 5.250000000000000000e+00 3.500000014901161194e-02 -7.273877563476562500e+02
7.842958211898803711e+00 5.219999999999999751e+00 3.500000014901161194e-02 -6.294701538085937500e+02
7.932007551193237305e+00 5.250000000000000000e+00 3.500000014901161194e-02 -7.273877563476562500e+02
8.040002346038818359e+00 5.129999999999999893e+00 3.500000014901161194e-02 -7.273877563476562500e+02
8.134955406188964844e+00 5.099999999999999645e+00 3.500000014901161194e-02 -6.294701538085937500e+02
8.224958419799804688e+00 5.160000000000000142e+00 3.500000014901161194e-02 -5.455408935546875000e+02
8.331994533538818359e+00 5.150000000000000355e+00 3.500000014901161194e-02 -4.476232604980468750e+02
8.426958322525024414e+00 5.179999999999999716e+00 3.500000014901161194e-02 -6.294701538085937500e+02
8.539998769760131836e+00 5.209999999999999964e+00 3.500000014901161194e-02 -8.113171386718750000e+02
8.645956516265869141e+00 5.190000000000000391e+00 3.500000014901161194e-02 -8.113171386718750000e+02
8.741967678070068359e+00 5.209999999999999964e+00 3.500000014901161194e-02 -8.113171386718750000e+02
8.832003831863403320e+00 5.219999999999999751e+00 3.500000014901161194e-02 -8.113171386718750000e+02
8.939992427825927734e+00 5.179999999999999716e+00 3.500000014901161194e-02 -9.092347412109375000e+02
9.033958435058593750e+00 5.250000000000000000e+00 3.500000014901161194e-02 -8.113171386718750000e+02
9.124957323074340820e+00 5.150000000000000355e+00 3.500000014901161194e-02 -7.133995361328125000e+02
9.236109256744384766e+00 5.179999999999999716e+00 3.500000014901161194e-02 -5.315526123046875000e+02
9.322976827621459961e+00 5.150000000000000355e+00 3.500000014901161194e-02 -5.455408935546875000e+02
9.439992904663085938e+00 5.240000000000000213e+00 3.500000014901161194e-02 -6.434584350585937500e+02
9.528959274291992188e+00 5.240000000000000213e+00 3.500000014901161194e-02 -7.273877563476562500e+02
9.637964487075805664e+00 5.190000000000000391e+00 3.500000014901161194e-02 -7.133995361328125000e+02
9.732957839965820312e+00 5.160000000000000142e+00 3.500000014901161194e-02 -6.294701538085937500e+02
9.844011068344116211e+00 5.209999999999999964e+00 3.500000014901161194e-02 -5.315526123046875000e+02
9.929956436157226562e+00 5.190000000000000391e+00 3.500000014901161194e-02 -5.455408935546875000e+02
1.002495718002319336e+01 5.190000000000000391e+00 3.500000014901161194e-02 -6.294701538085937500e+02
1.013695836067199707e+01 5.209999999999999964e+00 3.500000014901161194e-02 -7.273877563476562500e+02
1.024495649337768555e+01 5.110000000000000320e+00 3.500000014901161194e-02 -5.315526123046875000e+02
1.034000325202941895e+01 5.200000000000000178e+00 3.500000014901161194e-02 -6.294701538085937500e+02
1.042994952201843262e+01 5.200000000000000178e+00 3.500000014901161194e-02 -8.113171386718750000e+02
1.053696322441101074e+01 5.110000000000000320e+00 3.500000014901161194e-02 -9.092347412109375000e+02
1.063200473785400391e+01 5.110000000000000320e+00 3.500000014901161194e-02 -7.273877563476562500e+02
1.074495744705200195e+01 5.179999999999999716e+00 3.500000014901161194e-02 -5.315526123046875000e+02
1.082994675636291504e+01 5.250000000000000000e+00 3.500000014901161194e-02 -5.455408935546875000e+02
1.092400956153869629e+01 5.349999999999999645e+00 3.500000014901161194e-02 -5.315526123046875000e+02
1.103695869445800781e+01 5.299999999999999822e+00 3.500000014901161194e-02 -8.113171386718750000e+02
1.114495134353637695e+01 5.190000000000000391e+00 3.500000014901161194e-02 -8.952465209960937500e+02
1.123895788192749023e+01 5.139999999999999680e+00 3.500000014901161194e-02 -7.133995361328125000e+02
1.132994794845581055e+01 5.139999999999999680e+00 3.500000014901161194e-02 -6.294701538085937500e+02
1.144095730781555176e+01 5.169999999999999929e+00 3.500000014901161194e-02 -5.315526123046875000e+02
1.152800893783569336e+01 5.230000000000000426e+00 3.500000014901161194e-02 -6.294701538085937500e+02
1.164495062828063965e+01 5.129999999999999893e+00 3.500000014901161194e-02 -5.455408935546875000e+02
1.173394894599914551e+01 5.129999999999999893e+00 3.500000014901161194e-02 -4.476232604980468750e+02
1.184295129776000977e+01 5.179999999999999716e+00 3.500000014901161194e-02 -2.797645568847656250e+02
1.193794894218444824e+01 5.360000000000000320e+00 3.500000014901161194e-02 -4.476232604980468750e+02
1.202695989608764648e+01 5.219999999999999751e+00 3.500000014901161194e-02 -4.616115112304687500e+02
1.213495564460754395e+01 5.259999999999999787e+00 3.500000014901161194e-02 -4.476232604980468750e+02
1.222995853424072266e+01 5.240000000000000213e+00 3.500000014901161194e-02 -3.636938781738281250e+02
1.234196066856384277e+01 5.240000000000000213e+00 3.500000014901161194e-02 -4.476232604980468750e+02
1.242695569992065430e+01 5.129999999999999893e+00 3.500000014901161194e-02 -2.657763061523437500e+02
1.254495835304260254e+01 5.250000000000000000e+00 3.500000014901161194e-02 -2.657763061523437500e+02
1.263495635986328125e+01 5.120000000000000107e+00 3.500000014901161194e-02 -3.636938781738281250e+02
1.274196338653564453e+01 5.150000000000000355e+00 3.500000014901161194e-02 -2.657763061523437500e+02
1.283696103096008301e+01 5.110000000000000320e+00 3.500000014901161194e-02 0.000000000000000000e+00
1.292695760726928711e+01 5.150000000000000355e+00 3.500000014901161194e-02 0.000000000000000000e+00
1.303495669364929199e+01 5.110000000000000320e+00 3.500000014901161194e-02 0.000000000000000000e+00
1.312895965576171875e+01 4.179999999999999716e+00 3.500000014901161194e-02 0.000000000000000000e+00
1.324196219444274902e+01 2.470000000000000195e+00 3.500000014901161194e-02 3.636938781738281250e+02
1.333095884323120117e+01 2.149999999999999911e+00 3.500000014901161194e-02 5.455408935546875000e+02
1.344399666786193848e+01 2.209999999999999964e+00 3.500000014901161194e-02 5.455408935546875000e+02
1.353495907783508301e+01 2.200000000000000178e+00 3.500000014901161194e-02 6.294701538085937500e+02
1.364496016502380371e+01 2.180000000000000160e+00 3.500000014901161194e-02 7.133995361328125000e+02
1.373297262191772461e+01 2.259999999999999787e+00 3.500000014901161194e-02 6.294701538085937500e+02
1.382799172401428223e+01 2.220000000000000195e+00 3.500000014901161194e-02 6.294701538085937500e+02
1.393895673751831055e+01 2.149999999999999911e+00 3.500000014901161194e-02 9.092347412109375000e+02
1.402496933937072754e+01 2.229999999999999982e+00 3.500000014901161194e-02 9.791759033203125000e+02
1.414295697212219238e+01 2.229999999999999982e+00 3.500000014901161194e-02 8.113171386718750000e+02
1.423199725151062012e+01 2.250000000000000000e+00 3.500000014901161194e-02 9.092347412109375000e+02
1.434000325202941895e+01 2.169999999999999929e+00 3.500000014901161194e-02 1.077093505859375000e+03
1.443495535850524902e+01 2.209999999999999964e+00 3.500000014901161194e-02 1.077093505859375000e+03
1.452496123313903809e+01 2.220000000000000195e+00 3.500000014901161194e-02 1.077093505859375000e+03
1.463200998306274414e+01 2.319999999999999840e+00 3.500000014901161194e-02 8.113171386718750000e+02
1.472695708274841309e+01 2.229999999999999982e+00 3.500000014901161194e-02 8.113171386718750000e+02
1.483999943733215332e+01 2.220000000000000195e+00 3.500000014901161194e-02 8.113171386718750000e+02
1.492495703697204590e+01 2.149999999999999911e+00 3.500000014901161194e-02 8.952465209960937500e+02
1.504195880889892578e+01 2.270000000000000018e+00 3.500000014901161194e-02 9.092347412109375000e+02
1.513200426101684570e+01 2.259999999999999787e+00 3.500000014901161194e-02 1.077093505859375000e+03
1.524000358581542969e+01 2.259999999999999787e+00 3.500000014901161194e-02 8.952465209960937500e+02
1.533396077156066895e+01 2.250000000000000000e+00 3.500000014901161194e-02 9.092347412109375000e+02
1.542496132850646973e+01 2.310000000000000053e+00 3.500000014901161194e-02 8.952465209960937500e+02
1.553600668907165527e+01 2.240000000000000213e+00 3.500000014901161194e-02 9.931641235351562500e+02
1.562295842170715332e+01 2.229999999999999982e+00 3.500000014901161194e-02 9.931641235351562500e+02
1.573999166488647461e+01 2.220000000000000195e+00 3.500000014901161194e-02 8.952465209960937500e+02
1.582895684242248535e+01 2.250000000000000000e+00 3.500000014901161194e-02 1.077093505859375000e+03
1.593795084953308105e+01 2.229999999999999982e+00 3.500000014901161194e-02 1.077093505859375000e+03
1.603296160697937012e+01 2.200000000000000178e+00 3.500000014901161194e-02 1.175010986328125000e+03
1.614400124549865723e+01 2.250000000000000000e+00 3.500000014901161194e-02 1.091081787109375000e+03
1.622995686531066895e+01 2.259999999999999787e+00 3.500000014901161194e-02 9.931641235351562500e+02
1.632495856285095215e+01 2.259999999999999787e+00 3.500000014901161194e-02 9.791759033203125000e+02
1.643696093559265137e+01 2.259999999999999787e+00 3.500000014901161194e-02 8.113171386718750000e+02
1.654496693611145020e+01 2.240000000000000213e+00 3.500000014901161194e-02 7.133995361328125000e+02
1.664000582695007324e+01 2.259999999999999787e+00 3.500000014901161194e-02 6.294701538085937500e+02
1.672995805740356445e+01 2.330000000000000071e+00 3.500000014901161194e-02 4.476232604980468750e+02
1.683695960044860840e+01 2.259999999999999787e+00 3.500000014901161194e-02 4.476232604980468750e+02
1.693199586868286133e+01 2.140000000000000124e+00 3.500000014901161194e-02 3.636938781738281250e+02
1.704496073722839355e+01 2.169999999999999929e+00 3.500000014901161194e-02 4.476232604980468750e+02
1.712995028495788574e+01 2.220000000000000195e+00 3.500000014901161194e-02 4.476232604980468750e+02
1.723095607757568359e+01 2.200000000000000178e+00 3.500000014901161194e-02 6.294701538085937500e+02
1.733696198463439941e+01 2.209999999999999964e+00 3.500000014901161194e-02 7.273877563476562500e+02
1.744495820999145508e+01 2.240000000000000213e+00 3.500000014901161194e-02 4.476232604980468750e+02
1.753895902633666992e+01 2.250000000000000000e+00 3.500000014901161194e-02 4.476232604980468750e+02
1.762996745109558105e+01 2.200000000000000178e+00 3.500000014901161194e-02 5.455408935546875000e+02
1.774095749855041504e+01 2.189999999999999947e+00 3.500000014901161194e-02 8.952465209960937500e+02
1.782799410820007324e+01 2.209999999999999964e+00 3.500000014901161194e-02 8.952465209960937500e+02
1.794496154785156250e+01 2.209999999999999964e+00 3.500000014901161194e-02 8.952465209960937500e+02
1.803395724296569824e+01 2.250000000000000000e+00 3.500000014901161194e-02 8.113171386718750000e+02
1.814297723770141602e+01 2.209999999999999964e+00 3.500000014901161194e-02 8.113171386718750000e+02
1.823795986175537109e+01 2.250000000000000000e+00 3.500000014901161194e-02 8.113171386718750000e+02
1.832696509361267090e+01 2.209999999999999964e+00 3.500000014901161194e-02 8.952465209960937500e+02
1.843495965003967285e+01 2.229999999999999982e+00 3.500000014901161194e-02 9.931641235351562500e+02
1.852995467185974121e+01 2.229999999999999982e+00 3.500000014901161194e-02 9.092347412109375000e+02
1.864196562767028809e+01 2.339999999999999858e+00 3.500000014901161194e-02 6.294701538085937500e+02
1.872695565223693848e+01 2.220000000000000195e+00 3.500000014901161194e-02 6.294701538085937500e+02
1.884495592117309570e+01 2.250000000000000000e+00 3.500000014901161194e-02 7.273877563476562500e+02
1.893495559692382812e+01 2.299999999999999822e+00 3.500000014901161194e-02 5.315526123046875000e+02
1.904196023941040039e+01 2.250000000000000000e+00 3.500000014901161194e-02 4.476232604980468750e+02
1.913695740699768066e+01 2.259999999999999787e+00 3.500000014901161194e-02 5.455408935546875000e+02
1.922695446014404297e+01 2.250000000000000000e+00 3.500000014901161194e-02 5.455408935546875000e+02
1.933495545387268066e+01 2.220000000000000195e+00 3.500000014901161194e-02 4.476232604980468750e+02
1.942895865440368652e+01 2.189999999999999947e+00 3.500000014901161194e-02 4.476232604980468750e+02
1.954196381568908691e+01 2.189999999999999947e+00 3.500000014901161194e-02 4.476232604980468750e+02
1.963095450401306152e+01 2.200000000000000178e+00 3.500000014901161194e-02 4.476232604980468750e+02
1.974400591850280762e+01 2.180000000000000160e+00 3.500000014901161194e-02 5.455408935546875000e+02
1.983495450019836426e+01 2.129999999999999893e+00 3.500000014901161194e-02 6.294701538085937500e+02
1.993095445632934570e+01 2.209999999999999964e+00 3.500000014901161194e-02 7.273877563476562500e+02
2.003297781944274902e+01 2.220000000000000195e+00 3.500000014901161194e-02 6.294701538085937500e+02
2.012800049781799316e+01 2.209999999999999964e+00 3.500000014901161194e-02 5.315526123046875000e+02
2.023895645141601562e+01 2.220000000000000195e+00 3.500000014901161194e-02 4.476232604980468750e+02
2.032496619224548340e+01 2.209999999999999964e+00 3.500000014901161194e-02 5.315526123046875000e+02
2.044297122955322266e+01 2.129999999999999893e+00 3.500000014901161194e-02 4.476232604980468750e+02
2.053201341629028320e+01 2.229999999999999982e+00 3.500000014901161194e-02 4.476232604980468750e+02
2.063999772071838379e+01 2.240000000000000213e+00 3.500000014901161194e-02 5.315526123046875000e+02
2.073495888710021973e+01 2.229999999999999982e+00 3.500000014901161194e-02 4.476232604980468750e+02
2.082496643066406250e+01 2.200000000000000178e+00 3.500000014901161194e-02 5.455408935546875000e+02
2.093199920654296875e+01 2.229999999999999982e+00 3.500000014901161194e-02 5.315526123046875000e+02
2.102695798873901367e+01 2.209999999999999964e+00 3.500000014901161194e-02 6.294701538085937500e+02
2.113999700546264648e+01 2.169999999999999929e+00 3.500000014901161194e-02 7.273877563476562500e+02
2.122495937347412109e+01 2.310000000000000053e+00 3.500000014901161194e-02 7.273877563476562500e+02
2.134195876121520996e+01 2.299999999999999822e+00 3.500000014901161194e-02 4.616115112304687500e+02
2.143200182914733887e+01 2.240000000000000213e+00 3.500000014901161194e-02 5.315526123046875000e+02
2.153999423980712891e+01 2.250000000000000000e+00 3.500000014901161194e-02 7.273877563476562500e+02
2.163395977020263672e+01 2.200000000000000178e+00 3.500000014901161194e-02 5.315526123046875000e+02
2.174095964431762695e+01 2.180000000000000160e+00 3.500000014901161194e-02 5.315526123046875000e+02
2.183599019050598145e+01 2.270000000000000018e+00 3.500000014901161194e-02 5.455408935546875000e+02
2.192296171188354492e+01 2.209999999999999964e+00 3.500000014901161194e-02 4.476232604980468750e+02
2.203999328613281250e+01 2.220000000000000195e+00 3.500000014901161194e-02 3.636938781738281250e+02
2.212895941734313965e+01 2.209999999999999964e+00 3.500000014901161194e-02 3.636938781738281250e+02
2.223795962333679199e+01 2.270000000000000018e+00 3.500000014901161194e-02 3.497056579589843750e+02
2.233295273780822754e+01 2.259999999999999787e+00 3.500000014901161194e-02 4.476232604980468750e+02
2.244399404525756836e+01 2.279999999999999805e+00 3.500000014901161194e-02 3.636938781738281250e+02
2.252994918823242188e+01 2.169999999999999929e+00 3.500000014901161194e-02 2.657763061523437500e+02
2.262495875358581543e+01 2.209999999999999964e+00 3.500000014901161194e-02 5.315526123046875000e+02
2.273695993423461914e+01 2.250000000000000000e+00 3.500000014901161194e-02 4.476232604980468750e+02
2.284495997428894043e+01 2.259999999999999787e+00 3.500000014901161194e-02 4.616115112304687500e+02
2.293998980522155762e+01 2.209999999999999964e+00 3.500000014901161194e-02 2.657763061523437500e+02
2.302995967864990234e+01 2.290000000000000036e+00 3.500000014901161194e-02 9.791758728027343750e+01
2.313695883750915527e+01 2.250000000000000000e+00 3.500000014901161194e-02 0.000000000000000000e+00
2.323200368881225586e+01 2.140000000000000124e+00 3.500000014901161194e-02 0.000000000000000000e+00
2.334495997428894043e+01 2.209999999999999964e+00 3.500000014901161194e-02 0.000000000000000000e+00
2.342995691299438477e+01 4.410000000000000142e+00 3.500000014901161194e-02 -5.455408935546875000e+02
2.354696011543273926e+01 5.549999999999999822e+00 3.500000014901161194e-02 -1.175010986328125000e+03
2.363694882392883301e+01 5.370000000000000107e+00 3.500000014901161194e-02 -1.258940307617187500e+03
2.374495887756347656e+01 5.330000000000000071e+00 3.500000014901161194e-02 -1.077093505859375000e+03
2.383895730972290039e+01 5.280000000000000249e+00 3.500000014901161194e-02 -9.092347412109375000e+02
2.392995738983154297e+01 5.120000000000000107e+00 3.500000014901161194e-02 -8.113171386718750000e+02
2.404096174240112305e+01 5.190000000000000391e+00 3.500000014901161194e-02 -8.952465209960937500e+02
2.412799572944641113e+01 5.250000000000000000e+00 3.500000014901161194e-02 -7.973289184570312500e+02
2.424496102333068848e+01 5.169999999999999929e+00 3.500000014901161194e-02 -7.273877563476562500e+02
2.433395600318908691e+01 5.219999999999999751e+00 3.500000014901161194e-02 -5.455408935546875000e+02
2.444295930862426758e+01 5.240000000000000213e+00 3.500000014901161194e-02 -7.273877563476562500e+02
2.453795504570007324e+01 5.240000000000000213e+00 3.500000014901161194e-02 -8.113171386718750000e+02
2.462695789337158203e+01 5.190000000000000391e+00 3.500000014901161194e-02 -8.113171386718750000e+02
2.473495626449584961e+01 5.139999999999999680e+00 3.500000014901161194e-02 -7.273877563476562500e+02
2.482995772361755371e+01 5.150000000000000355e+00 3.500000014901161194e-02 -6.294701538085937500e+02
2.494196152687072754e+01 5.200000000000000178e+00 3.500000014901161194e-02 -6.294701538085937500e+02
2.502695751190185547e+01 5.209999999999999964e+00 3.500000014901161194e-02 -8.952465209960937500e+02
2.514496016502380371e+01 5.139999999999999680e+00 3.500000014901161194e-02 -8.952465209960937500e+02
2.523495960235595703e+01 5.160000000000000142e+00 3.500000014901161194e-02 -8.113171386718750000e+02
2.534196448326110840e+01 5.259999999999999787e+00 3.500000014901161194e-02 -8.952465209960937500e+02
2.543695783615112305e+01 5.280000000000000249e+00 3.500000014901161194e-02 -1.161022827148437500e+03
2.552695560455322266e+01 5.150000000000000355e+00 3.500000014901161194e-02 -9.931641235351562500e+02
2.563495612144470215e+01 5.169999999999999929e+00 3.500000014901161194e-02 -9.092347412109375000e+02
2.572896790504455566e+01 5.150000000000000355e+00 3.500000014901161194e-02 -9.931641235351562500e+02
2.584196352958679199e+01 5.209999999999999964e+00 3.500000014901161194e-02 -8.952465209960937500e+02
2.593095588684082031e+01 5.150000000000000355e+00 3.500000014901161194e-02 -9.092347412109375000e+02
2.604400849342346191e+01 5.190000000000000391e+00 3.500000014901161194e-02 -1.077093505859375000e+03
2.613495683670043945e+01 5.150000000000000355e+00 3.500000014901161194e-02 -7.973289184570312500e+02
2.624595856666564941e+01 5.160000000000000142e+00 3.500000014901161194e-02 -6.294701538085937500e+02
2.633296918869018555e+01 5.080000000000000071e+00 3.500000014901161194e-02 -8.113171386718750000e+02
2.642800068855285645e+01 5.160000000000000142e+00 3.500000014901161194e-02 -8.113171386718750000e+02
2.653895545005798340e+01 5.150000000000000355e+00 3.500000014901161194e-02 -6.294701538085937500e+02
2.662495732307434082e+01 5.250000000000000000e+00 3.500000014901161194e-02 -6.294701538085937500e+02
2.674296069145202637e+01 5.330000000000000071e+00 3.500000014901161194e-02 -7.133995361328125000e+02
2.683199334144592285e+01 5.209999999999999964e+00 3.500000014901161194e-02 -7.133995361328125000e+02
2.694000077247619629e+01 5.179999999999999716e+00 3.500000014901161194e-02 -6.294701538085937500e+02
2.703495645523071289e+01 5.190000000000000391e+00 3.500000014901161194e-02 -7.133995361328125000e+02
2.712496089935302734e+01 5.219999999999999751e+00 3.500000014901161194e-02 -8.113171386718750000e+02
2.723199987411499023e+01 5.240000000000000213e+00 3.500000014901161194e-02 -7.273877563476562500e+02
2.732696795463562012e+01 5.209999999999999964e+00 3.500000014901161194e-02 -8.113171386718750000e+02
2.744000673294067383e+01 5.160000000000000142e+00 3.500000014901161194e-02 -7.273877563476562500e+02
2.752495646476745605e+01 5.169999999999999929e+00 3.500000014901161194e-02 -7.133995361328125000e+02
2.764196538925170898e+01 5.209999999999999964e+00 3.500000014901161194e-02 -6.294701538085937500e+02
2.773200559616088867e+01 5.179999999999999716e+00 3.500000014901161194e-02 -4.476232604980468750e+02
2.783999609947204590e+01 5.259999999999999787e+00 3.500000014901161194e-02 -5.455408935546875000e+02
2.793395781517028809e+01 5.240000000000000213e+00 3.500000014901161194e-02 -5.455408935546875000e+02
2.802495861053466797e+01 5.190000000000000391e+00 3.500000014901161194e-02 -5.315526123046875000e+02
2.813599085807800293e+01 5.150000000000000355e+00 3.500000014901161194e-02 -5.455408935546875000e+02
2.822295975685119629e+01 5.179999999999999716e+00 3.500000014901161194e-02 -5.455408935546875000e+02
2.833999514579772949e+01 5.240000000000000213e+00 3.500000014901161194e-02 -6.294701538085937500e+02
2.842897582054138184e+01 5.169999999999999929e+00 3.500000014901161194e-02 -5.455408935546875000e+02
2.853795576095581055e+01 5.209999999999999964e+00 3.500000014901161194e-02 -5.455408935546875000e+02
2.863295936584472656e+01 5.230000000000000426e+00 3.500000014901161194e-02 -6.294701538085937500e+02
2.874400424957275391e+01 5.230000000000000426e+00 3.500000014901161194e-02 -6.294701538085937500e+02
2.882995653152465820e+01 5.209999999999999964e+00 3.500000014901161194e-02 -5.315526123046875000e+02
2.893095564842224121e+01 5.280000000000000249e+00 3.500000014901161194e-02 -6.294701538085937500e+02
2.903695964813232422e+01 5.190000000000000391e+00 3.500000014901161194e-02 -6.294701538085937500e+02
2.914495944976806641e+01 5.230000000000000426e+00 3.500000014901161194e-02 -5.455408935546875000e+02
2.924000096321105957e+01 5.299999999999999822e+00 3.500000014901161194e-02 -4.476232604980468750e+02
2.932996273040771484e+01 5.280000000000000249e+00 3.500000014901161194e-02 -4.476232604980468750e+02
2.943695902824401855e+01 5.230000000000000426e+00 3.500000014901161194e-02 -6.294701538085937500e+02
2.953200101852416992e+01 5.240000000000000213e+00 3.500000014901161194e-02 -4.476232604980468750e+02
2.964496064186096191e+01 5.330000000000000071e+00 3.500000014901161194e-02 -5.455408935546875000e+02
2.972995591163635254e+01 5.230000000000000426e+00 3.500000014901161194e-02 -4.476232604980468750e+02
2.983095669746398926e+01 5.290000000000000036e+00 3.500000014901161194e-02 -6.294701538085937500e+02
2.993695664405822754e+01 5.200000000000000178e+00 3.500000014901161194e-02 -5.455408935546875000e+02
3.004496026039123535e+01 5.230000000000000426e+00 3.500000014901161194e-02 -5.455408935546875000e+02
3.013895773887634277e+01 5.219999999999999751e+00 3.500000014901161194e-02 -6.434584350585937500e+02
3.022996234893798828e+01 5.190000000000000391e+00 3.500000014901161194e-02 -4.476232604980468750e+02
3.034095811843872070e+01 5.269999999999999574e+00 3.500000014901161194e-02 -4.476232604980468750e+02
3.042799019813537598e+01 5.269999999999999574e+00 3.500000014901161194e-02 -5.455408935546875000e+02
3.054495763778686523e+01 5.200000000000000178e+00 3.500000014901161194e-02 -5.455408935546875000e+02
3.063395595550537109e+01 5.240000000000000213e+00 3.500000014901161194e-02 -5.315526123046875000e+02
3.074295878410339355e+01 5.139999999999999680e+00 3.500000014901161194e-02 -5.455408935546875000e+02
3.083795809745788574e+01 5.179999999999999716e+00 3.500000014901161194e-02 -5.455408935546875000e+02
3.092695522308349609e+01 5.209999999999999964e+00 3.500000014901161194e-02 -6.434584350585937500e+02
3.103495454788208008e+01 5.160000000000000142e+00 3.500000014901161194e-02 -6.294701538085937500e+02
3.112995862960815430e+01 5.160000000000000142e+00 3.500000014901161194e-02 -6.294701538085937500e+02
3.124195766448974609e+01 5.200000000000000178e+00 3.500000014901161194e-02 -6.294701538085937500e+02
3.132695317268371582e+01 5.230000000000000426e+00 3.500000014901161194e-02 -6.294701538085937500e+02
3.144496059417724609e+01 5.330000000000000071e+00 3.500000014901161194e-02 -7.133995361328125000e+02
3.153495740890502930e+01 5.330000000000000071e+00 3.500000014901161194e-02 -8.952465209960937500e+02
3.164196324348449707e+01 5.160000000000000142e+00 3.500000014901161194e-02 -6.294701538085937500e+02
3.173696088790893555e+01 5.169999999999999929e+00 3.500000014901161194e-02 -6.294701538085937500e+02
3.182696533203125000e+01 5.169999999999999929e+00 3.500000014901161194e-02 -5.455408935546875000e+02
3.193495583534240723e+01 5.150000000000000355e+00 3.500000014901161194e-02 -5.315526123046875000e+02
3.202895927429199219e+01 5.259999999999999787e+00 3.500000014901161194e-02 -6.294701538085937500e+02
3.214196729660034180e+01 5.190000000000000391e+00 3.500000014901161194e-02 -6.294701538085937500e+02
3.223095846176147461e+01 5.160000000000000142e+00 3.500000014901161194e-02 -6.294701538085937500e+02
3.234399366378784180e+01 5.169999999999999929e+00 3.500000014901161194e-02 -6.294701538085937500e+02
3.243495631217956543e+01 5.209999999999999964e+00 3.500000014901161194e-02 -6.294701538085937500e+02
3.253096604347229004e+01 5.190000000000000391e+00 3.500000014901161194e-02 -5.455408935546875000e+02
3.263296175003051758e+01 5.209999999999999964e+00 3.500000014901161194e-02 -4.616115112304687500e+02
3.272799277305603027e+01 5.150000000000000355e+00 3.500000014901161194e-02 -3.497056579589843750e+02
3.283895635604858398e+01 5.200000000000000178e+00 3.500000014901161194e-02 -2.657763061523437500e+02
3.292495894432067871e+01 5.089999999999999858e+00 3.500000014901161194e-02 -3.497056579589843750e+02
3.304295921325683594e+01 5.169999999999999929e+00 3.500000014901161194e-02 -3.497056579589843750e+02
3.313199830055236816e+01 5.110000000000000320e+00 3.500000014901161194e-02 0.000000000000000000e+00
3.323999357223510742e+01 5.240000000000000213e+00 3.500000014901161194e-02 0.000000000000000000e+00
3.333495616912841797e+01 5.450000000000000178e+00 3.500000014901161194e-02 0.000000000000000000e+00
3.342495846748352051e+01 4.570000000000000284e+00 3.500000014901161194e-02 0.000000000000000000e+00
3.353200721740722656e+01 2.459999999999999964e+00 3.500000014901161194e-02 3.636938781738281250e+02
3.362695598602294922e+01 2.120000000000000107e+00 3.500000014901161194e-02 5.315526123046875000e+02
3.373999929428100586e+01 2.209999999999999964e+00 3.500000014901161194e-02 5.315526123046875000e+02
3.383200669288635254e+01 2.169999999999999929e+00 3.500000014901161194e-02 7.273877563476562500e+02
3.394196271896362305e+01 2.189999999999999947e+00 3.500000014901161194e-02 8.113171386718750000e+02
3.403201699256896973e+01 2.259999999999999787e+00 3.500000014901161194e-02 6.294701538085937500e+02
3.413999676704406738e+01 2.189999999999999947e+00 3.500000014901161194e-02 8.113171386718750000e+02
3.423395800590515137e+01 2.240000000000000213e+00 3.500000014901161194e-02 9.791759033203125000e+02
3.432495903968811035e+01 2.149999999999999911e+00 3.500000014901161194e-02 1.258940307617187500e+03
3.443600392341613770e+01 2.180000000000000160e+00 3.500000014901161194e-02 1.272928588867187500e+03
3.452296423912048340e+01 2.209999999999999964e+00 3.500000014901161194e-02 1.258940307617187500e+03
3.463999748229980469e+01 2.259999999999999787e+00 3.500000014901161194e-02 9.931641235351562500e+02
3.472895979881286621e+01 2.270000000000000018e+00 3.500000014901161194e-02 9.931641235351562500e+02
3.483795666694641113e+01 2.209999999999999964e+00 3.500000014901161194e-02 8.952465209960937500e+02
3.493296027183532715e+01 2.270000000000000018e+00 3.500000014901161194e-02 7.273877563476562500e+02
3.504400229454040527e+01 2.209999999999999964e+00 3.500000014901161194e-02 5.455408935546875000e+02
3.512994790077209473e+01 2.229999999999999982e+00 3.500000014901161194e-02 5.315526123046875000e+02
3.522496318817138672e+01 2.259999999999999787e+00 3.500000014901161194e-02 6.294701538085937500e+02
3.533695840835571289e+01 2.229999999999999982e+00 3.500000014901161194e-02 4.616115112304687500e+02
3.544495677947998047e+01 2.209999999999999964e+00 3.500000014901161194e-02 5.315526123046875000e+02
3.553999447822570801e+01 2.200000000000000178e+00 3.500000014901161194e-02 7.273877563476562500e+02
3.562995600700378418e+01 2.209999999999999964e+00 3.500000014901161194e-02 7.273877563476562500e+02
3.573695826530456543e+01 2.209999999999999964e+00 3.500000014901161194e-02 9.931641235351562500e+02
3.583200335502624512e+01 2.279999999999999805e+00 3.500000014901161194e-02 9.791759033203125000e+02
3.594495916366577148e+01 2.259999999999999787e+00 3.500000014901161194e-02 9.791759033203125000e+02
3.602995204925537109e+01 2.220000000000000195e+00 3.500000014901161194e-02 8.113171386718750000e+02
3.613095569610595703e+01 2.200000000000000178e+00 3.500000014901161194e-02 9.791759033203125000e+02
3.623696017265319824e+01 2.209999999999999964e+00 3.500000014901161194e-02 1.077093505859375000e+03
3.634495735168457031e+01 2.290000000000000036e+00 3.500000014901161194e-02 8.952465209960937500e+02
3.643895769119262695e+01 2.209999999999999964e+00 3.500000014901161194e-02 8.952465209960937500e+02
3.652995491027832031e+01 2.209999999999999964e+00 3.500000014901161194e-02 9.092347412109375000e+02
3.664095807075500488e+01 2.200000000000000178e+00 3.500000014901161194e-02 9.931641235351562500e+02
3.672801733016967773e+01 2.250000000000000000e+00 3.500000014901161194e-02 9.931641235351562500e+02
3.684496951103210449e+01 2.200000000000000178e+00 3.500000014901161194e-02 1.161022827148437500e+03
3.693395590782165527e+01 2.209999999999999964e+00 3.500000014901161194e-02 1.077093505859375000e+03
3.704295682907104492e+01 2.259999999999999787e+00 3.500000014901161194e-02 1.077093505859375000e+03
3.713795614242553711e+01 2.359999999999999876e+00 3.500000014901161194e-02 8.113171386718750000e+02
3.722695708274841309e+01 2.240000000000000213e+00 3.500000014901161194e-02 7.133995361328125000e+02
3.733496689796447754e+01 2.270000000000000018e+00 3.500000014901161194e-02 6.294701538085937500e+02
3.742995476722717285e+01 2.229999999999999982e+00 3.500000014901161194e-02 6.294701538085937500e+02
3.754196453094482422e+01 2.209999999999999964e+00 3.500000014901161194e-02 6.294701538085937500e+02
3.762695646286010742e+01 2.250000000000000000e+00 3.500000014901161194e-02 6.294701538085937500e+02
3.774495959281921387e+01 2.229999999999999982e+00 3.500000014901161194e-02 4.616115112304687500e+02
3.783495545387268066e+01 2.229999999999999982e+00 3.500000014901161194e-02 4.476232604980468750e+02
3.794196248054504395e+01 2.220000000000000195e+00 3.500000014901161194e-02 4.476232604980468750e+02
3.803696990013122559e+01 2.200000000000000178e+00 3.500000014901161194e-02 5.455408935546875000e+02
3.812695622444152832e+01 2.169999999999999929e+00 3.500000014901161194e-02 4.476232604980468750e+02
3.823496484756469727e+01 2.209999999999999964e+00 3.500000014901161194e-02 5.455408935546875000e+02
3.832896232604980469e+01 2.209999999999999964e+00 3.500000014901161194e-02 6.294701538085937500e+02
3.844196271896362305e+01 2.189999999999999947e+00 3.500000014901161194e-02 7.133995361328125000e+02
3.853095626831054688e+01 2.240000000000000213e+00 3.500000014901161194e-02 7.273877563476562500e+02
3.864400744438171387e+01 2.229999999999999982e+00 3.500000014901161194e-02 7.273877563476562500e+02
3.873495769500732422e+01 2.200000000000000178e+00 3.500000014901161194e-02 7.273877563476562500e+02
3.884495735168457031e+01 2.209999999999999964e+00 3.500000014901161194e-02 8.113171386718750000e+02
3.893296217918395996e+01 2.149999999999999911e+00 3.500000014901161194e-02 8.113171386718750000e+02
3.902800059318542480e+01 2.220000000000000195e+00 3.500000014901161194e-02 8.113171386718750000e+02
3.913895630836486816e+01 2.200000000000000178e+00 3.500000014901161194e-02 7.133995361328125000e+02
3.922495603561401367e+01 2.290000000000000036e+00 3.500000014901161194e-02 8.113171386718750000e+02
3.934296703338623047e+01 2.290000000000000036e+00 3.500000014901161194e-02 7.133995361328125000e+02
3.943200707435607910e+01 2.250000000000000000e+00 3.500000014901161194e-02 7.973289184570312500e+02
3.953999638557434082e+01 2.270000000000000018e+00 3.500000014901161194e-02 9.092347412109375000e+02
3.963495635986328125e+01 2.200000000000000178e+00 3.500000014901161194e-02 8.952465209960937500e+02
3.972496390342712402e+01 2.240000000000000213e+00 3.500000014901161194e-02 8.113171386718750000e+02
3.983200860023498535e+01 2.209999999999999964e+00 3.500000014901161194e-02 8.113171386718750000e+02
3.992695641517639160e+01 2.279999999999999805e+00 3.500000014901161194e-02 7.133995361328125000e+02
4.004000520706176758e+01 2.209999999999999964e+00 3.500000014901161194e-02 8.113171386718750000e+02
4.012495708465576172e+01 2.200000000000000178e+00 3.500000014901161194e-02 8.952465209960937500e+02
4.024196124076843262e+01 2.209999999999999964e+00 3.500000014901161194e-02 7.133995361328125000e+02
4.033199667930603027e+01 2.200000000000000178e+00 3.500000014901161194e-02 8.113171386718750000e+02
4.044000124931335449e+01 2.279999999999999805e+00 3.500000014901161194e-02 7.133995361328125000e+02
4.053396010398864746e+01 2.160000000000000142e+00 3.500000014901161194e-02 6.294701538085937500e+02
4.064096975326538086e+01 2.129999999999999893e+00 3.500000014901161194e-02 7.133995361328125000e+02
4.073599815368652344e+01 2.140000000000000124e+00 3.500000014901161194e-02 9.931641235351562500e+02
4.082295894622802734e+01 2.200000000000000178e+00 3.500000014901161194e-02 8.113171386718750000e+02
4.093998885154724121e+01 2.319999999999999840e+00 3.500000014901161194e-02 7.133995361328125000e+02
4.102895927429199219e+01 2.299999999999999822e+00 3.500000014901161194e-02 5.455408935546875000e+02
4.113795900344848633e+01 2.290000000000000036e+00 3.500000014901161194e-02 3.636938781738281250e+02
4.123297476768493652e+01 2.189999999999999947e+00 3.500000014901161194e-02 5.315526123046875000e+02
4.134399890899658203e+01 2.160000000000000142e+00 3.500000014901161194e-02 4.476232604980468750e+02
4.142995667457580566e+01 2.169999999999999929e+00 3.500000014901161194e-02 4.476232604980468750e+02
4.152496027946472168e+01 2.250000000000000000e+00 3.500000014901161194e-02 5.455408935546875000e+02
4.163695907592773438e+01 2.209999999999999964e+00 3.500000014901161194e-02 5.315526123046875000e+02
4.174496412277221680e+01 2.180000000000000160e+00 3.500000014901161194e-02 7.273877563476562500e+02
4.184000110626220703e+01 2.259999999999999787e+00 3.500000014901161194e-02 7.133995361328125000e+02
4.192995905876159668e+01 2.259999999999999787e+00 3.500000014901161194e-02 6.294701538085937500e+02
4.203695845603942871e+01 2.200000000000000178e+00 3.500000014901161194e-02 7.273877563476562500e+02
4.213201141357421875e+01 2.270000000000000018e+00 3.500000014901161194e-02 7.273877563476562500e+02
4.224496102333068848e+01 2.240000000000000213e+00 3.500000014901161194e-02 6.294701538085937500e+02
4.232995772361755371e+01 2.350000000000000089e+00 3.500000014901161194e-02 0.000000000000000000e+00
4.243095636367797852e+01 2.169999999999999929e+00 3.500000014901161194e-02 0.000000000000000000e+00
4.253697180747985840e+01 2.140000000000000124e+00 3.500000014901161194e-02 0.000000000000000000e+00
4.264495921134948730e+01 2.589999999999999858e+00 3.500000014901161194e-02 -3.497056579589843750e+02
4.273895716667175293e+01 5.410000000000000142e+00 3.500000014901161194e-02 -1.161022827148437500e+03
4.282995915412902832e+01 5.410000000000000142e+00 3.500000014901161194e-02 -1.258940307617187500e+03
4.294095730781555176e+01 5.330000000000000071e+00 3.500000014901161194e-02 -1.426799072265625000e+03
4.302801012992858887e+01 5.360000000000000320e+00 3.500000014901161194e-02 -1.440787353515625000e+03
4.314495968818664551e+01 5.169999999999999929e+00 3.500000014901161194e-02 -1.622634277343750000e+03
4.323395633697509766e+01 5.150000000000000355e+00 3.500000014901161194e-02 -1.706563598632812500e+03
4.334295797348022461e+01 5.179999999999999716e+00 3.500000014901161194e-02 -1.804481201171875000e+03
4.343795561790466309e+01 5.080000000000000071e+00 3.500000014901161194e-02 -1.804481201171875000e+03
4.352695631980895996e+01 5.110000000000000320e+00 3.500000014901161194e-02 -1.888410644531250000e+03
4.363496065139770508e+01 5.049999999999999822e+00 3.500000014901161194e-02 -1.972340087890625000e+03
4.372995543479919434e+01 5.169999999999999929e+00 3.500000014901161194e-02 -2.070257568359375000e+03
4.384195733070373535e+01 5.040000000000000036e+00 3.500000014901161194e-02 -2.070257568359375000e+03
4.392695546150207520e+01 5.059999999999999609e+00 3.500000014901161194e-02 -2.154187011718750000e+03
4.404495835304260254e+01 5.019999999999999574e+00 3.500000014901161194e-02 -2.154187011718750000e+03
4.413495540618896484e+01 5.019999999999999574e+00 3.500000014901161194e-02 -2.070257568359375000e+03
4.424196672439575195e+01 5.009999999999999787e+00 3.500000014901161194e-02 -2.070257568359375000e+03
4.433695864677429199e+01 5.099999999999999645e+00 3.500000014901161194e-02 -2.252104736328125000e+03
4.442695641517639160e+01 5.070000000000000284e+00 3.500000014901161194e-02 -2.336033691406250000e+03
4.453495478630065918e+01 5.030000000000000249e+00 3.500000014901161194e-02 -2.433951416015625000e+03
4.462896013259887695e+01 5.059999999999999609e+00 3.500000014901161194e-02 -2.615798339843750000e+03
4.474196076393127441e+01 5.019999999999999574e+00 3.500000014901161194e-02 -2.433951416015625000e+03
4.483094811439514160e+01 4.990000000000000213e+00 3.500000014901161194e-02 -2.433951416015625000e+03
4.494400715827941895e+01 4.969999999999999751e+00 3.500000014901161194e-02 -2.154187011718750000e+03
4.503495645523071289e+01 4.990000000000000213e+00 3.500000014901161194e-02 -1.972340087890625000e+03
4.514495754241943359e+01 5.019999999999999574e+00 3.500000014901161194e-02 -1.888410644531250000e+03
4.523296475410461426e+01 5.070000000000000284e+00 3.500000014901161194e-02 -1.790493041992187500e+03
4.532799744606018066e+01 5.049999999999999822e+00 3.500000014901161194e-02 -1.524716674804687500e+03
4.543895626068115234e+01 5.019999999999999574e+00 3.500000014901161194e-02 -1.440787353515625000e+03
4.552495527267456055e+01 5.070000000000000284e+00 3.500000014901161194e-02 -1.524716674804687500e+03
4.566495847702026367e+01 5.209999999999999964e+00 3.500000014901161194e-02 -1.538704956054687500e+03
4.575395011901855469e+01 5.089999999999999858e+00 3.500000014901161194e-02 -1.356857910156250000e+03
4.586296367645263672e+01 5.089999999999999858e+00 3.500000014901161194e-02 -1.356857910156250000e+03
4.595795845985412598e+01 5.099999999999999645e+00 3.500000014901161194e-02 -1.356857910156250000e+03
4.604695558547973633e+01 5.099999999999999645e+00 3.500000014901161194e-02 -1.356857910156250000e+03
4.615495610237121582e+01 5.000000000000000000e+00 3.500000014901161194e-02 -8.952465209960937500e+02
4.624995970726013184e+01 5.040000000000000036e+00 3.500000014901161194e-02 -7.133995361328125000e+02
4.636195993423461914e+01 5.089999999999999858e+00 3.500000014901161194e-02 -6.294701538085937500e+02
4.644695615768432617e+01 4.870000000000000107e+00 3.500000014901161194e-02 0.000000000000000000e+00
4.656495785713195801e+01 4.469999999999999751e+00 3.500000014901161194e-02 0.000000000000000000e+00
4.665495753288269043e+01 4.349999999999999645e+00 3.500000014901161194e-02 0.000000000000000000e+00
4.676196503639221191e+01 2.470000000000000195e+00 3.500000014901161194e-02 7.273877563476562500e+02
4.685697007179260254e+01 2.069999999999999840e+00 3.500000014901161194e-02 1.706563598632812500e+03
4.694695687294006348e+01 2.089999999999999858e+00 3.500000014901161194e-02 1.986328247070312500e+03
4.705495834350585938e+01 2.310000000000000053e+00 3.500000014901161194e-02 1.524716674804687500e+03
4.714895844459533691e+01 2.290000000000000036e+00 3.500000014901161194e-02 1.622634277343750000e+03
4.726196074485778809e+01 2.180000000000000160e+00 3.500000014901161194e-02 1.888410644531250000e+03
4.735095477104187012e+01 2.129999999999999893e+00 3.500000014901161194e-02 2.336033691406250000e+03
4.746400976181030273e+01 2.180000000000000160e+00 3.500000014901161194e-02 2.601810058593750000e+03
4.755495548248291016e+01 2.279999999999999805e+00 3.500000014901161194e-02 2.336033691406250000e+03
4.766597485542297363e+01 2.350000000000000089e+00 3.500000014901161194e-02 2.070257568359375000e+03
4.775296187400817871e+01 2.290000000000000036e+00 3.500000014901161194e-02 2.336033691406250000e+03
4.784799909591674805e+01 2.200000000000000178e+00 3.500000014901161194e-02 2.433951416015625000e+03
4.795896577835083008e+01 2.250000000000000000e+00 3.500000014901161194e-02 2.531868896484375000e+03
4.804496026039123535e+01 2.259999999999999787e+00 3.500000014901161194e-02 2.517880615234375000e+03
4.816295742988586426e+01 2.250000000000000000e+00 3.500000014901161194e-02 2.601810058593750000e+03
4.825200271606445312e+01 2.279999999999999805e+00 3.500000014901161194e-02 2.517880615234375000e+03
4.835999345779418945e+01 2.299999999999999822e+00 3.500000014901161194e-02 2.252104736328125000e+03
4.845495605468750000e+01 2.290000000000000036e+00 3.500000014901161194e-02 2.154187011718750000e+03
4.856595897674560547e+01 2.290000000000000036e+00 3.500000014901161194e-02 1.804481201171875000e+03
4.865200328826904297e+01 2.279999999999999805e+00 3.500000014901161194e-02 2.070257568359375000e+03
4.874695563316345215e+01 2.279999999999999805e+00 3.500000014901161194e-02 1.972340087890625000e+03
4.885999035835266113e+01 2.259999999999999787e+00 3.500000014901161194e-02 2.154187011718750000e+03
4.894496059417724609e+01 2.279999999999999805e+00 3.500000014901161194e-02 2.336033691406250000e+03
4.906196069717407227e+01 2.310000000000000053e+00 3.500000014901161194e-02 1.804481201171875000e+03
4.915199828147888184e+01 2.299999999999999822e+00 3.500000014901161194e-02 1.706563598632812500e+03
4.925999569892883301e+01 2.229999999999999982e+00 3.500000014901161194e-02 1.888410644531250000e+03
4.935395789146423340e+01 2.200000000000000178e+00 3.500000014901161194e-02 2.070257568359375000e+03
4.944495677947998047e+01 2.279999999999999805e+00 3.500000014901161194e-02 2.070257568359375000e+03
4.955599951744079590e+01 2.379999999999999893e+00 3.500000014901161194e-02 1.538704956054687500e+03
4.964295792579650879e+01 2.279999999999999805e+00 3.500000014901161194e-02 1.538704956054687500e+03
4.976000046730041504e+01 2.209999999999999964e+00 3.500000014901161194e-02 1.706563598632812500e+03
4.984895801544189453e+01 2.279999999999999805e+00 3.500000014901161194e-02 1.622634277343750000e+03
4.995795607566833496e+01 2.330000000000000071e+00 3.500000014901161194e-02 1.356857910156250000e+03
5.005296254158020020e+01 2.959999999999999964e+00 3.500000014901161194e-02 0.000000000000000000e+00
5.016400265693664551e+01 3.379999999999999893e+00 3.500000014901161194e-02 0.000000000000000000e+00
5.024995636940002441e+01 3.279999999999999805e+00 3.500000014901161194e-02 0.000000000000000000e+00
5.034497380256652832e+01 3.560000000000000053e+00 3.500000014901161194e-02 0.000000000000000000e+00
5.045695710182189941e+01 3.379999999999999893e+00 3.500000014901161194e-02 0.000000000000000000e+00
5.056496000289916992e+01 3.250000000000000000e+00 3.500000014901161194e-02 0.000000000000000000e+00
5.065999507904052734e+01 3.200000000000000178e+00 3.500000014901161194e-02 0.000000000000000000e+00
5.074995899200439453e+01 3.169999999999999929e+00 3.500000014901161194e-02 0.000000000000000000e+00
5.085696029663085938e+01 3.140000000000000124e+00 3.500000014901161194e-02 0.000000000000000000e+00
5.095200514793395996e+01 3.109999999999999876e+00 3.500000014901161194e-02 0.000000000000000000e+00
5.106495833396911621e+01 3.080000000000000071e+00 3.500000014901161194e-02 0.000000000000000000e+00
5.114995837211608887e+01 3.049999999999999822e+00 3.500000014901161194e-02 0.000000000000000000e+00
5.124399805068969727e+01 3.029999999999999805e+00 3.500000014901161194e-02 0.000000000000000000e+00
5.135695791244506836e+01 3.009999999999999787e+00 3.500000014901161194e-02 0.000000000000000000e+00
