8.490133285522460938e-02 2.120000000000000107e+00 3.400000184774398804e-02 0.000000000000000000e+00
1.849040985107421875e-01 2.120000000000000107e+00 3.400000184774398804e-02 0.000000000000000000e+00
2.789011001586914062e-01 2.120000000000000107e+00 3.400000184774398804e-02 0.000000000000000000e+00
3.699023723602294922e-01 2.120000000000000107e+00 3.400000184774398804e-02 0.000000000000000000e+00
4.809060096740722656e-01 2.120000000000000107e+00 3.400000184774398804e-02 0.000000000000000000e+00
5.659034252166748047e-01 2.209999999999999964e+00 3.400000184774398804e-02 0.000000000000000000e+00
6.829018592834472656e-01 2.220000000000000195e+00 3.400000184774398804e-02 0.000000000000000000e+00
7.739038467407226562e-01 2.220000000000000195e+00 3.400000184774398804e-02 0.000000000000000000e+00
8.639404773712158203e-01 2.209999999999999964e+00 3.400000184774398804e-02 0.000000000000000000e+00
9.749028682708740234e-01 2.209999999999999964e+00 3.400000184774398804e-02 0.000000000000000000e+00
1.082902669906616211e+00 2.209999999999999964e+00 3.400000184774398804e-02 0.000000000000000000e+00
1.176912546157836914e+00 2.209999999999999964e+00 3.400000184774398804e-02 0.000000000000000000e+00
1.268911838531494141e+00 2.200000000000000178e+00 3.400000184774398804e-02 0.000000000000000000e+00
1.380902528762817383e+00 2.200000000000000178e+00 3.400000184774398804e-02 0.000000000000000000e+00
1.465900659561157227e+00 2.200000000000000178e+00 3.400000184774398804e-02 0.000000000000000000e+00
1.577903509140014648e+00 2.200000000000000178e+00 3.400000184774398804e-02 0.000000000000000000e+00
1.671949863433837891e+00 2.189999999999999947e+00 3.400000184774398804e-02 0.000000000000000000e+00
1.785903930664062500e+00 2.189999999999999947e+00 3.400000184774398804e-02 0.000000000000000000e+00
1.874902009963989258e+00 2.160000000000000142e+00 3.400000184774398804e-02 0.000000000000000000e+00
1.981900930404663086e+00 2.169999999999999929e+00 3.400000184774398804e-02 0.000000000000000000e+00
2.072906255722045898e+00 2.169999999999999929e+00 3.400000184774398804e-02 0.000000000000000000e+00
2.166901350021362305e+00 2.200000000000000178e+00 3.400000184774398804e-02 0.000000000000000000e+00
2.279947757720947266e+00 2.200000000000000178e+00 3.400000184774398804e-02 0.000000000000000000e+00
2.368904113769531250e+00 2.229999999999999982e+00 3.400000184774398804e-02 0.000000000000000000e+00
2.475939273834228516e+00 2.299999999999999822e+00 3.400000184774398804e-02 0.000000000000000000e+00
2.570902824401855469e+00 2.319999999999999840e+00 3.400000184774398804e-02 0.000000000000000000e+00
2.684905052185058594e+00 2.430000000000000160e+00 3.400000184774398804e-02 0.000000000000000000e+00
2.774907112121582031e+00 2.620000000000000107e+00 3.400000184774398804e-02 0.000000000000000000e+00
2.881900787353515625e+00 2.950000000000000178e+00 3.400000184774398804e-02 0.000000000000000000e+00
2.970901250839233398e+00 3.419999999999999929e+00 3.400000184774398804e-02 0.000000000000000000e+00
3.064901828765869141e+00 4.030000000000000249e+00 3.400000184774398804e-02 0.000000000000000000e+00
3.178903579711914062e+00 4.440000000000000391e+00 3.400000184774398804e-02 0.000000000000000000e+00
3.268925905227661133e+00 4.849999999999999645e+00 9.999999776482582092e-03 -9.931641235351562500e+02
3.375932931900024414e+00 2.419999999999999929e+00 9.999999776482582092e-03 -6.294701538085937500e+02
3.465900182723999023e+00 2.229999999999999982e+00 9.999999776482582092e-03 -3.636938781738281250e+02
3.582906484603881836e+00 2.290000000000000036e+00 9.999999776482582092e-03 -1.818469390869140625e+02
3.673903465270996094e+00 2.410000000000000142e+00 9.999999776482582092e-03 -1.818469390869140625e+02
3.784904479980468750e+00 2.399999999999999911e+00 9.999999776482582092e-03 -3.636938781738281250e+02
3.869901418685913086e+00 2.399999999999999911e+00 9.999999776482582092e-03 -3.636938781738281250e+02
3.960906744003295898e+00 2.339999999999999858e+00 9.999999776482582092e-03 -4.476232604980468750e+02
4.077902078628540039e+00 2.330000000000000071e+00 9.999999776482582092e-03 -3.636938781738281250e+02
4.167939662933349609e+00 2.319999999999999840e+00 9.999999776482582092e-03 -3.636938781738281250e+02
4.278899908065795898e+00 2.339999999999999858e+00 9.999999776482582092e-03 -2.657763061523437500e+02
4.370905399322509766e+00 2.379999999999999893e+00 9.999999776482582092e-03 -3.636938781738281250e+02
4.480904340744018555e+00 2.310000000000000053e+00 9.999999776482582092e-03 -6.294701538085937500e+02
4.572901725769042969e+00 2.290000000000000036e+00 9.999999776482582092e-03 -5.315526123046875000e+02
4.662900447845458984e+00 2.339999999999999858e+00 9.999999776482582092e-03 -4.476232604980468750e+02
4.769902706146240234e+00 2.359999999999999876e+00 9.999999776482582092e-03 -4.476232604980468750e+02
4.881908655166625977e+00 2.319999999999999840e+00 9.999999776482582092e-03 -4.476232604980468750e+02
4.975959062576293945e+00 2.310000000000000053e+00 9.999999776482582092e-03 -4.476232604980468750e+02
5.066918611526489258e+00 2.310000000000000053e+00 9.999999776482582092e-03 -3.497056579589843750e+02
5.178904056549072266e+00 2.410000000000000142e+00 9.999999776482582092e-03 -3.636938781738281250e+02
5.279942750930786133e+00 2.330000000000000071e+00 9.999999776482582092e-03 -2.657763061523437500e+02
5.376908779144287109e+00 2.350000000000000089e+00 9.999999776482582092e-03 -8.392935943603515625e+01
5.470901012420654297e+00 2.330000000000000071e+00 9.999999776482582092e-03 -1.678587188720703125e+02
5.584059000015258789e+00 2.319999999999999840e+00 9.999999776482582092e-03 -2.657763061523437500e+02
5.672903776168823242e+00 2.359999999999999876e+00 9.999999776482582092e-03 -1.678587188720703125e+02
5.779938936233520508e+00 2.390000000000000124e+00 9.999999776482582092e-03 -1.818469390869140625e+02
5.874902009963989258e+00 2.370000000000000107e+00 9.999999776482582092e-03 -1.818469390869140625e+02
5.965902805328369141e+00 2.330000000000000071e+00 9.999999776482582092e-03 -2.797645568847656250e+02
6.078904151916503906e+00 2.319999999999999840e+00 9.999999776482582092e-03 -3.636938781738281250e+02
6.180902719497680664e+00 2.350000000000000089e+00 9.999999776482582092e-03 -2.657763061523437500e+02
6.274903059005737305e+00 2.299999999999999822e+00 9.999999776482582092e-03 -4.476232604980468750e+02
6.368903636932373047e+00 2.339999999999999858e+00 9.999999776482582092e-03 -2.657763061523437500e+02
6.482902288436889648e+00 2.370000000000000107e+00 9.999999776482582092e-03 -3.497056579589843750e+02
6.572909832000732422e+00 2.310000000000000053e+00 9.999999776482582092e-03 -3.497056579589843750e+02
6.679944753646850586e+00 2.350000000000000089e+00 9.999999776482582092e-03 -4.476232604980468750e+02
6.769901752471923828e+00 2.299999999999999822e+00 9.999999776482582092e-03 -4.616115112304687500e+02
6.886911392211914062e+00 2.330000000000000071e+00 9.999999776482582092e-03 -3.636938781738281250e+02
6.977907896041870117e+00 2.270000000000000018e+00 9.999999776482582092e-03 -2.657763061523437500e+02
7.066909551620483398e+00 2.250000000000000000e+00 9.999999776482582092e-03 -3.497056579589843750e+02
7.173900842666625977e+00 2.240000000000000213e+00 9.999999776482582092e-03 -2.797645568847656250e+02
7.264904499053955078e+00 2.209999999999999964e+00 9.999999776482582092e-03 -3.636938781738281250e+02
7.381904125213623047e+00 2.250000000000000000e+00 9.999999776482582092e-03 -1.818469390869140625e+02
7.471948385238647461e+00 2.279999999999999805e+00 9.999999776482582092e-03 -1.818469390869140625e+02
7.582899808883666992e+00 2.370000000000000107e+00 9.999999776482582092e-03 -8.392935943603515625e+01
7.667934894561767578e+00 2.459999999999999964e+00 9.999999776482582092e-03 0.000000000000000000e+00
7.784903287887573242e+00 2.549999999999999822e+00 9.999999776482582092e-03 -1.818469390869140625e+02
7.876904964447021484e+00 2.459999999999999964e+00 9.999999776482582092e-03 -2.657763061523437500e+02
7.966912984848022461e+00 2.399999999999999911e+00 9.999999776482582092e-03 -2.797645568847656250e+02
8.073905944824218750e+00 2.459999999999999964e+00 9.999999776482582092e-03 -3.636938781738281250e+02
8.185901880264282227e+00 2.410000000000000142e+00 9.999999776482582092e-03 -4.476232604980468750e+02
8.279939651489257812e+00 2.370000000000000107e+00 9.999999776482582092e-03 -5.315526123046875000e+02
8.370899200439453125e+00 2.299999999999999822e+00 9.999999776482582092e-03 -4.476232604980468750e+02
8.482901811599731445e+00 2.310000000000000053e+00 9.999999776482582092e-03 -5.315526123046875000e+02
8.567967891693115234e+00 2.240000000000000213e+00 9.999999776482582092e-03 -4.476232604980468750e+02
8.680911779403686523e+00 2.310000000000000053e+00 9.999999776482582092e-03 -2.657763061523437500e+02
8.774899005889892578e+00 2.319999999999999840e+00 9.999999776482582092e-03 -3.497056579589843750e+02
8.865907430648803711e+00 2.350000000000000089e+00 9.999999776482582092e-03 -2.657763061523437500e+02
8.976906538009643555e+00 2.310000000000000053e+00 9.999999776482582092e-03 -3.636938781738281250e+02
9.083943605422973633e+00 2.350000000000000089e+00 9.999999776482582092e-03 -3.636938781738281250e+02
9.178905248641967773e+00 2.350000000000000089e+00 9.999999776482582092e-03 -1.818469390869140625e+02
9.269899606704711914e+00 2.339999999999999858e+00 9.999999776482582092e-03 -1.818469390869140625e+02
9.382901430130004883e+00 2.419999999999999929e+00 9.999999776482582092e-03 -3.636938781738281250e+02
9.470900058746337891e+00 2.339999999999999858e+00 9.999999776482582092e-03 -3.497056579589843750e+02
9.578901290893554688e+00 2.310000000000000053e+00 9.999999776482582092e-03 -4.476232604980468750e+02
9.672909259796142578e+00 2.290000000000000036e+00 9.999999776482582092e-03 -3.636938781738281250e+02
9.764901638031005859e+00 2.299999999999999822e+00 9.999999776482582092e-03 -3.497056579589843750e+02
9.876905679702758789e+00 2.330000000000000071e+00 9.999999776482582092e-03 -4.476232604980468750e+02
9.983936071395874023e+00 2.229999999999999982e+00 9.999999776482582092e-03 -4.476232604980468750e+02
1.007390046119689941e+01 2.209999999999999964e+00 9.999999776482582092e-03 -3.636938781738281250e+02
1.016794824600219727e+01 2.259999999999999787e+00 9.999999776482582092e-03 -4.476232604980468750e+02
1.028190112113952637e+01 2.259999999999999787e+00 9.999999776482582092e-03 -3.636938781738281250e+02
1.037090182304382324e+01 2.229999999999999982e+00 9.999999776482582092e-03 -3.636938781738281250e+02
1.047790169715881348e+01 2.200000000000000178e+00 9.999999776482582092e-03 -4.476232604980468750e+02
1.056890082359313965e+01 2.160000000000000142e+00 9.999999776482582092e-03 -3.636938781738281250e+02
1.068490242958068848e+01 2.220000000000000195e+00 9.999999776482582092e-03 -3.497056579589843750e+02
1.077595496177673340e+01 2.270000000000000018e+00 9.999999776482582092e-03 -1.818469390869140625e+02
1.086490082740783691e+01 2.290000000000000036e+00 9.999999776482582092e-03 -2.657763061523437500e+02
1.097194552421569824e+01 2.209999999999999964e+00 9.999999776482582092e-03 -2.657763061523437500e+02
1.106690621376037598e+01 2.290000000000000036e+00 9.999999776482582092e-03 -3.636938781738281250e+02
1.118090343475341797e+01 2.240000000000000213e+00 9.999999776482582092e-03 -3.636938781738281250e+02
1.127090048789978027e+01 2.310000000000000053e+00 9.999999776482582092e-03 -3.636938781738281250e+02
1.137790536880493164e+01 2.290000000000000036e+00 9.999999776482582092e-03 -1.678587188720703125e+02
1.146690750122070312e+01 2.279999999999999805e+00 9.999999776482582092e-03 -1.818469390869140625e+02
1.158395075798034668e+01 2.259999999999999787e+00 9.999999776482582092e-03 -2.657763061523437500e+02
1.167489981651306152e+01 2.290000000000000036e+00 9.999999776482582092e-03 -2.797645568847656250e+02
1.176489996910095215e+01 2.259999999999999787e+00 9.999999776482582092e-03 -4.476232604980468750e+02
1.187194061279296875e+01 2.240000000000000213e+00 9.999999776482582092e-03 -4.476232604980468750e+02
1.198490095138549805e+01 2.279999999999999805e+00 9.999999776482582092e-03 -3.636938781738281250e+02
1.207890033721923828e+01 2.229999999999999982e+00 9.999999776482582092e-03 -3.636938781738281250e+02
1.216990041732788086e+01 2.270000000000000018e+00 9.999999776482582092e-03 -4.476232604980468750e+02
1.228090095520019531e+01 2.259999999999999787e+00 9.999999776482582092e-03 -4.616115112304687500e+02
1.236590099334716797e+01 2.299999999999999822e+00 9.999999776482582092e-03 -3.636938781738281250e+02
1.248290157318115234e+01 2.259999999999999787e+00 9.999999776482582092e-03 -3.636938781738281250e+02
1.257390165328979492e+01 2.240000000000000213e+00 9.999999776482582092e-03 -4.616115112304687500e+02
1.266394829750061035e+01 2.220000000000000195e+00 9.999999776482582092e-03 -5.315526123046875000e+02
1.277489924430847168e+01 2.209999999999999964e+00 9.999999776482582092e-03 -4.476232604980468750e+02
1.288289952278137207e+01 2.259999999999999787e+00 9.999999776482582092e-03 -4.476232604980468750e+02
1.297690749168395996e+01 2.279999999999999805e+00 9.999999776482582092e-03 -4.476232604980468750e+02
1.306890249252319336e+01 2.310000000000000053e+00 9.999999776482582092e-03 -6.294701538085937500e+02
1.318090009689331055e+01 2.290000000000000036e+00 9.999999776482582092e-03 -6.434584350585937500e+02
1.326589894294738770e+01 2.209999999999999964e+00 9.999999776482582092e-03 -5.455408935546875000e+02
1.337791252136230469e+01 2.220000000000000195e+00 9.999999776482582092e-03 -6.294701538085937500e+02
1.347194385528564453e+01 2.220000000000000195e+00 9.999999776482582092e-03 -4.476232604980468750e+02
1.358589935302734375e+01 2.129999999999999893e+00 9.999999776482582092e-03 -3.636938781738281250e+02
1.367489910125732422e+01 2.270000000000000018e+00 9.999999776482582092e-03 -4.476232604980468750e+02
1.378190016746520996e+01 2.259999999999999787e+00 9.999999776482582092e-03 -4.476232604980468750e+02
1.387290310859680176e+01 2.279999999999999805e+00 9.999999776482582092e-03 -6.434584350585937500e+02
1.396690869331359863e+01 2.270000000000000018e+00 9.999999776482582092e-03 -7.273877563476562500e+02
1.407993841171264648e+01 2.209999999999999964e+00 9.999999776482582092e-03 -7.133995361328125000e+02
1.416890788078308105e+01 2.259999999999999787e+00 9.999999776482582092e-03 -6.294701538085937500e+02
1.427597951889038086e+01 2.229999999999999982e+00 9.999999776482582092e-03 -7.133995361328125000e+02
1.437090516090393066e+01 2.180000000000000160e+00 9.999999776482582092e-03 -5.455408935546875000e+02
1.448490118980407715e+01 2.220000000000000195e+00 9.999999776482582092e-03 -5.315526123046875000e+02
1.457490134239196777e+01 2.209999999999999964e+00 9.999999776482582092e-03 -5.455408935546875000e+02
1.468190073966979980e+01 2.240000000000000213e+00 9.999999776482582092e-03 -4.476232604980468750e+02
1.477090549468994141e+01 2.279999999999999805e+00 9.999999776482582092e-03 -5.455408935546875000e+02
1.486490249633789062e+01 2.259999999999999787e+00 9.999999776482582092e-03 -6.294701538085937500e+02
1.497890019416809082e+01 2.209999999999999964e+00 9.999999776482582092e-03 -5.455408935546875000e+02
1.506890344619750977e+01 2.229999999999999982e+00 9.999999776482582092e-03 -5.455408935546875000e+02
1.517593789100646973e+01 2.259999999999999787e+00 9.999999776482582092e-03 -5.455408935546875000e+02
1.526590108871459961e+01 2.270000000000000018e+00 9.999999776482582092e-03 -5.315526123046875000e+02
1.538290047645568848e+01 2.270000000000000018e+00 9.999999776482582092e-03 -7.133995361328125000e+02
1.547390174865722656e+01 2.290000000000000036e+00 9.999999776482582092e-03 -7.133995361328125000e+02
1.558490467071533203e+01 2.220000000000000195e+00 9.999999776482582092e-03 -7.133995361328125000e+02
1.566990041732788086e+01 2.220000000000000195e+00 9.999999776482582092e-03 -5.455408935546875000e+02
1.576090335845947266e+01 2.250000000000000000e+00 9.999999776482582092e-03 -7.273877563476562500e+02
1.587790155410766602e+01 2.189999999999999947e+00 9.999999776482582092e-03 -5.455408935546875000e+02
1.596795272827148438e+01 2.250000000000000000e+00 9.999999776482582092e-03 -6.434584350585937500e+02
1.607889890670776367e+01 2.209999999999999964e+00 9.999999776482582092e-03 -4.476232604980468750e+02
1.616394472122192383e+01 2.220000000000000195e+00 9.999999776482582092e-03 -4.476232604980468750e+02
1.628090429306030273e+01 2.259999999999999787e+00 9.999999776482582092e-03 -4.476232604980468750e+02
1.637290501594543457e+01 2.220000000000000195e+00 9.999999776482582092e-03 -4.476232604980468750e+02
1.648490333557128906e+01 2.169999999999999929e+00 9.999999776482582092e-03 -4.476232604980468750e+02
1.656990194320678711e+01 2.209999999999999964e+00 9.999999776482582092e-03 -5.455408935546875000e+02
1.668190407752990723e+01 2.220000000000000195e+00 9.999999776482582092e-03 -5.455408935546875000e+02
1.677596712112426758e+01 2.259999999999999787e+00 9.999999776482582092e-03 -6.294701538085937500e+02
1.686690545082092285e+01 2.259999999999999787e+00 9.999999776482582092e-03 -5.455408935546875000e+02
1.697890067100524902e+01 2.319999999999999840e+00 9.999999776482582092e-03 -5.315526123046875000e+02
1.706499600410461426e+01 2.209999999999999964e+00 9.999999776482582092e-03 -6.294701538085937500e+02
1.717790555953979492e+01 2.180000000000000160e+00 9.999999776482582092e-03 -4.476232604980468750e+02
1.727194309234619141e+01 2.240000000000000213e+00 9.999999776482582092e-03 -5.315526123046875000e+02
1.738490295410156250e+01 2.240000000000000213e+00 9.999999776482582092e-03 -3.636938781738281250e+02
1.747390508651733398e+01 2.209999999999999964e+00 9.999999776482582092e-03 -3.636938781738281250e+02
1.758092927932739258e+01 2.299999999999999822e+00 9.999999776482582092e-03 -3.636938781738281250e+02
1.767594599723815918e+01 2.250000000000000000e+00 9.999999776482582092e-03 -4.616115112304687500e+02
1.776690530776977539e+01 2.220000000000000195e+00 9.999999776482582092e-03 -4.476232604980468750e+02
1.787993955612182617e+01 2.250000000000000000e+00 9.999999776482582092e-03 -5.455408935546875000e+02
1.796794700622558594e+01 2.290000000000000036e+00 9.999999776482582092e-03 -6.294701538085937500e+02
1.807593846321105957e+01 2.270000000000000018e+00 9.999999776482582092e-03 -7.133995361328125000e+02
1.816990280151367188e+01 2.220000000000000195e+00 9.999999776482582092e-03 -7.273877563476562500e+02
1.828394198417663574e+01 2.160000000000000142e+00 9.999999776482582092e-03 -7.133995361328125000e+02
1.837390232086181641e+01 2.200000000000000178e+00 9.999999776482582092e-03 -5.315526123046875000e+02
1.848099780082702637e+01 2.229999999999999982e+00 9.999999776482582092e-03 -5.315526123046875000e+02
1.857090163230895996e+01 2.140000000000000124e+00 9.999999776482582092e-03 -4.616115112304687500e+02
1.866490721702575684e+01 2.200000000000000178e+00 9.999999776482582092e-03 -3.636938781738281250e+02
1.877890491485595703e+01 2.169999999999999929e+00 9.999999776482582092e-03 0.000000000000000000e+00
1.886793732643127441e+01 2.120000000000000107e+00 9.999999776482582092e-03 0.000000000000000000e+00
1.897490239143371582e+01 2.149999999999999911e+00 9.999999776482582092e-03 0.000000000000000000e+00
1.906590414047241211e+01 1.889999999999999902e+00 9.999999776482582092e-03 0.000000000000000000e+00
1.918290162086486816e+01 1.209999999999999964e+00 9.999999776482582092e-03 0.000000000000000000e+00
1.927290630340576172e+01 1.169999999999999929e+00 9.999999776482582092e-03 0.000000000000000000e+00
1.938394999504089355e+01 1.139999999999999902e+00 9.999999776482582092e-03 0.000000000000000000e+00
1.946890306472778320e+01 9.899999999999999911e-01 9.999999776482582092e-03 0.000000000000000000e+00
1.957089972496032715e+01 6.500000000000000222e-01 9.999999776482582092e-03 0.000000000000000000e+00
1.967790246009826660e+01 5.300000000000000266e-01 9.999999776482582092e-03 0.000000000000000000e+00
1.976794958114624023e+01 3.900000000000000133e-01 3.400000184774398804e-02 8.392935943603515625e+01
1.987500381469726562e+01 1.360000000000000098e+00 3.400000184774398804e-02 9.931641235351562500e+02
1.996394133567810059e+01 2.229999999999999982e+00 3.400000184774398804e-02 4.476232604980468750e+02
2.008090353012084961e+01 2.220000000000000195e+00 3.400000184774398804e-02 2.657763061523437500e+02
2.017195129394531250e+01 2.120000000000000107e+00 3.400000184774398804e-02 3.636938781738281250e+02
2.028393983840942383e+01 2.089999999999999858e+00 3.400000184774398804e-02 4.476232604980468750e+02
2.036890506744384766e+01 2.109999999999999876e+00 3.400000184774398804e-02 5.315526123046875000e+02
2.048190236091613770e+01 2.160000000000000142e+00 3.400000184774398804e-02 3.636938781738281250e+02
2.057595276832580566e+01 2.140000000000000124e+00 3.400000184774398804e-02 3.497056579589843750e+02
2.066690731048583984e+01 2.100000000000000089e+00 3.400000184774398804e-02 3.636938781738281250e+02
2.077790331840515137e+01 2.200000000000000178e+00 3.400000184774398804e-02 1.818469390869140625e+02
2.088490462303161621e+01 2.129999999999999893e+00 3.400000184774398804e-02 4.476232604980468750e+02
2.097994875907897949e+01 2.109999999999999876e+00 3.400000184774398804e-02 4.476232604980468750e+02
2.107090425491333008e+01 2.160000000000000142e+00 3.400000184774398804e-02 3.636938781738281250e+02
2.118394422531127930e+01 2.109999999999999876e+00 3.400000184774398804e-02 4.476232604980468750e+02
2.127194309234619141e+01 2.109999999999999876e+00 3.400000184774398804e-02 5.455408935546875000e+02
2.137994956970214844e+01 2.160000000000000142e+00 3.400000184774398804e-02 4.476232604980468750e+02
2.147390484809875488e+01 2.160000000000000142e+00 3.400000184774398804e-02 4.476232604980468750e+02
2.156590366363525391e+01 2.109999999999999876e+00 3.400000184774398804e-02 3.636938781738281250e+02
2.167791080474853516e+01 2.109999999999999876e+00 3.400000184774398804e-02 2.657763061523437500e+02
2.178491830825805664e+01 2.140000000000000124e+00 3.400000184774398804e-02 3.497056579589843750e+02
2.187489891052246094e+01 2.180000000000000160e+00 3.400000184774398804e-02 2.797645568847656250e+02
2.196891355514526367e+01 2.169999999999999929e+00 3.400000184774398804e-02 1.818469390869140625e+02
2.208289885520935059e+01 2.100000000000000089e+00 3.400000184774398804e-02 2.657763061523437500e+02
2.217194509506225586e+01 2.100000000000000089e+00 3.400000184774398804e-02 5.455408935546875000e+02
2.227890253067016602e+01 2.180000000000000160e+00 3.400000184774398804e-02 5.455408935546875000e+02
2.236989998817443848e+01 2.160000000000000142e+00 3.400000184774398804e-02 5.315526123046875000e+02
2.246393918991088867e+01 2.140000000000000124e+00 3.400000184774398804e-02 4.476232604980468750e+02
2.257690644264221191e+01 2.129999999999999893e+00 3.400000184774398804e-02 4.476232604980468750e+02
2.266590023040771484e+01 2.140000000000000124e+00 3.400000184774398804e-02 4.476232604980468750e+02
2.277290201187133789e+01 2.129999999999999893e+00 3.400000184774398804e-02 3.636938781738281250e+02
2.286793756484985352e+01 2.100000000000000089e+00 3.400000184774398804e-02 4.476232604980468750e+02
2.298190212249755859e+01 2.089999999999999858e+00 3.400000184774398804e-02 4.476232604980468750e+02
2.307195234298706055e+01 2.180000000000000160e+00 3.400000184774398804e-02 5.455408935546875000e+02
2.317890357971191406e+01 2.209999999999999964e+00 3.400000184774398804e-02 6.294701538085937500e+02
2.326795268058776855e+01 2.140000000000000124e+00 3.400000184774398804e-02 5.455408935546875000e+02
2.338490343093872070e+01 2.189999999999999947e+00 3.400000184774398804e-02 5.315526123046875000e+02
2.347594428062438965e+01 2.169999999999999929e+00 3.400000184774398804e-02 3.636938781738281250e+02
2.356600236892700195e+01 2.160000000000000142e+00 3.400000184774398804e-02 3.636938781738281250e+02
2.367290306091308594e+01 2.100000000000000089e+00 3.400000184774398804e-02 4.616115112304687500e+02
2.377390170097351074e+01 2.180000000000000160e+00 3.400000184774398804e-02 3.497056579589843750e+02
2.387994718551635742e+01 2.200000000000000178e+00 3.400000184774398804e-02 4.476232604980468750e+02
2.397090077400207520e+01 2.220000000000000195e+00 3.400000184774398804e-02 2.657763061523437500e+02
2.408190441131591797e+01 2.120000000000000107e+00 3.400000184774398804e-02 3.636938781738281250e+02
2.416690707206726074e+01 2.140000000000000124e+00 3.400000184774398804e-02 3.636938781738281250e+02
2.428394508361816406e+01 2.160000000000000142e+00 3.400000184774398804e-02 3.636938781738281250e+02
2.437490272521972656e+01 2.140000000000000124e+00 3.400000184774398804e-02 3.636938781738281250e+02
2.446490502357482910e+01 2.169999999999999929e+00 3.400000184774398804e-02 3.636938781738281250e+02
2.457596874237060547e+01 2.120000000000000107e+00 3.400000184774398804e-02 4.476232604980468750e+02
2.468393635749816895e+01 2.129999999999999893e+00 3.400000184774398804e-02 4.476232604980468750e+02
2.477790403366088867e+01 2.149999999999999911e+00 3.400000184774398804e-02 5.315526123046875000e+02
2.486990189552307129e+01 2.180000000000000160e+00 3.400000184774398804e-02 5.455408935546875000e+02
2.498190283775329590e+01 2.149999999999999911e+00 3.400000184774398804e-02 5.315526123046875000e+02
2.506690359115600586e+01 2.200000000000000178e+00 3.400000184774398804e-02 4.476232604980468750e+02
2.517891144752502441e+01 2.200000000000000178e+00 3.400000184774398804e-02 3.636938781738281250e+02
2.527290868759155273e+01 2.180000000000000160e+00 3.400000184774398804e-02 3.636938781738281250e+02
2.536394190788269043e+01 2.069999999999999840e+00 3.400000184774398804e-02 3.636938781738281250e+02
2.547593879699707031e+01 2.100000000000000089e+00 3.400000184774398804e-02 4.616115112304687500e+02
2.558290076255798340e+01 2.180000000000000160e+00 3.400000184774398804e-02 2.657763061523437500e+02
2.567390012741088867e+01 2.140000000000000124e+00 3.400000184774398804e-02 1.818469390869140625e+02
2.576794028282165527e+01 2.180000000000000160e+00 3.400000184774398804e-02 1.818469390869140625e+02
2.588090729713439941e+01 2.140000000000000124e+00 3.400000184774398804e-02 9.791758728027343750e+01
2.596989941596984863e+01 2.089999999999999858e+00 3.400000184774398804e-02 9.791758728027343750e+01
2.607690954208374023e+01 2.149999999999999911e+00 3.400000184774398804e-02 8.392935943603515625e+01
2.617194032669067383e+01 2.049999999999999822e+00 3.400000184774398804e-02 2.657763061523437500e+02
2.626990103721618652e+01 2.089999999999999858e+00 3.400000184774398804e-02 2.797645568847656250e+02
2.637594938278198242e+01 2.189999999999999947e+00 3.400000184774398804e-02 3.636938781738281250e+02
2.648290085792541504e+01 2.169999999999999929e+00 3.400000184774398804e-02 4.476232604980468750e+02
2.657195758819580078e+01 2.140000000000000124e+00 3.400000184774398804e-02 5.455408935546875000e+02
2.666591906547546387e+01 2.100000000000000089e+00 3.400000184774398804e-02 5.455408935546875000e+02
2.677994775772094727e+01 2.160000000000000142e+00 3.400000184774398804e-02 4.476232604980468750e+02
2.686990118026733398e+01 2.160000000000000142e+00 3.400000184774398804e-02 5.455408935546875000e+02
2.697692561149597168e+01 2.149999999999999911e+00 3.400000184774398804e-02 6.294701538085937500e+02
2.706690454483032227e+01 2.129999999999999893e+00 3.400000184774398804e-02 5.455408935546875000e+02
2.718394255638122559e+01 2.220000000000000195e+00 3.400000184774398804e-02 4.476232604980468750e+02
2.727490019798278809e+01 2.209999999999999964e+00 3.400000184774398804e-02 5.455408935546875000e+02
2.738490009307861328e+01 2.129999999999999893e+00 3.400000184774398804e-02 3.636938781738281250e+02
2.747090053558349609e+01 2.109999999999999876e+00 3.400000184774398804e-02 4.476232604980468750e+02
2.756190562248229980e+01 2.160000000000000142e+00 3.400000184774398804e-02 5.315526123046875000e+02
2.767890143394470215e+01 2.209999999999999964e+00 3.400000184774398804e-02 4.476232604980468750e+02
2.776891398429870605e+01 2.129999999999999893e+00 3.400000184774398804e-02 5.455408935546875000e+02
2.787993621826171875e+01 2.180000000000000160e+00 3.400000184774398804e-02 5.315526123046875000e+02
2.796490788459777832e+01 2.200000000000000178e+00 3.400000184774398804e-02 3.636938781738281250e+02
2.808190274238586426e+01 2.189999999999999947e+00 3.400000184774398804e-02 3.636938781738281250e+02
2.817390322685241699e+01 2.149999999999999911e+00 3.400000184774398804e-02 3.636938781738281250e+02
2.828490328788757324e+01 2.149999999999999911e+00 3.400000184774398804e-02 3.636938781738281250e+02
2.837089991569519043e+01 2.189999999999999947e+00 3.400000184774398804e-02 2.657763061523437500e+02
2.848291158676147461e+01 2.109999999999999876e+00 3.400000184774398804e-02 3.636938781738281250e+02
2.857691073417663574e+01 2.149999999999999911e+00 3.400000184774398804e-02 2.657763061523437500e+02
2.866795158386230469e+01 2.069999999999999840e+00 3.400000184774398804e-02 2.657763061523437500e+02
2.877995085716247559e+01 2.089999999999999858e+00 3.400000184774398804e-02 3.636938781738281250e+02
2.886490345001220703e+01 2.109999999999999876e+00 3.400000184774398804e-02 3.636938781738281250e+02
2.897790575027465820e+01 2.140000000000000124e+00 3.400000184774398804e-02 4.476232604980468750e+02
2.907193803787231445e+01 2.129999999999999893e+00 3.400000184774398804e-02 6.294701538085937500e+02
2.918491268157958984e+01 2.100000000000000089e+00 3.400000184774398804e-02 7.133995361328125000e+02
2.927390265464782715e+01 2.189999999999999947e+00 3.400000184774398804e-02 6.294701538085937500e+02
2.938090562820434570e+01 2.160000000000000142e+00 3.400000184774398804e-02 6.294701538085937500e+02
2.947594881057739258e+01 2.089999999999999858e+00 3.400000184774398804e-02 7.133995361328125000e+02
2.956690883636474609e+01 2.129999999999999893e+00 3.400000184774398804e-02 6.294701538085937500e+02
2.967994427680969238e+01 2.129999999999999893e+00 3.400000184774398804e-02 7.273877563476562500e+02
2.976795172691345215e+01 2.200000000000000178e+00 3.400000184774398804e-02 8.113171386718750000e+02
2.987594199180603027e+01 2.140000000000000124e+00 3.400000184774398804e-02 9.092347412109375000e+02
2.996990251541137695e+01 2.100000000000000089e+00 3.400000184774398804e-02 7.273877563476562500e+02
3.008394837379455566e+01 2.200000000000000178e+00 3.400000184774398804e-02 5.315526123046875000e+02
3.017390251159667969e+01 2.189999999999999947e+00 3.400000184774398804e-02 5.455408935546875000e+02
3.028090286254882812e+01 2.200000000000000178e+00 3.400000184774398804e-02 4.476232604980468750e+02
3.037090039253234863e+01 2.200000000000000178e+00 3.400000184774398804e-02 4.616115112304687500e+02
3.046490216255187988e+01 2.180000000000000160e+00 3.400000184774398804e-02 4.476232604980468750e+02
3.057890033721923828e+01 2.080000000000000071e+00 3.400000184774398804e-02 5.315526123046875000e+02
3.066794276237487793e+01 2.100000000000000089e+00 3.400000184774398804e-02 5.315526123046875000e+02
3.077490043640136719e+01 2.160000000000000142e+00 3.400000184774398804e-02 5.315526123046875000e+02
3.086590266227722168e+01 2.160000000000000142e+00 3.400000184774398804e-02 3.636938781738281250e+02
3.098290085792541504e+01 2.120000000000000107e+00 3.400000184774398804e-02 3.636938781738281250e+02
3.107290267944335938e+01 2.129999999999999893e+00 3.400000184774398804e-02 6.294701538085937500e+02
3.118394017219543457e+01 2.200000000000000178e+00 3.400000184774398804e-02 5.315526123046875000e+02
3.126890563964843750e+01 2.180000000000000160e+00 3.400000184774398804e-02 4.476232604980468750e+02
3.138590121269226074e+01 2.109999999999999876e+00 3.400000184774398804e-02 5.455408935546875000e+02
3.147790598869323730e+01 2.120000000000000107e+00 3.400000184774398804e-02 5.455408935546875000e+02
3.156795406341552734e+01 2.109999999999999876e+00 3.400000184774398804e-02 5.315526123046875000e+02
3.167489981651306152e+01 2.060000000000000053e+00 3.400000184774398804e-02 5.455408935546875000e+02
3.178590393066406250e+01 2.140000000000000124e+00 3.400000184774398804e-02 5.315526123046875000e+02
3.188091039657592773e+01 2.149999999999999911e+00 3.400000184774398804e-02 7.133995361328125000e+02
3.197194099426269531e+01 2.140000000000000124e+00 3.400000184774398804e-02 8.113171386718750000e+02
3.208394050598144531e+01 2.189999999999999947e+00 3.400000184774398804e-02 6.294701538085937500e+02
3.216890597343444824e+01 2.149999999999999911e+00 3.400000184774398804e-02 7.133995361328125000e+02
3.228190469741821289e+01 2.169999999999999929e+00 3.400000184774398804e-02 8.113171386718750000e+02
3.239890003204345703e+01 2.250000000000000000e+00 3.400000184774398804e-02 6.294701538085937500e+02
3.248890376091003418e+01 2.240000000000000213e+00 3.400000184774398804e-02 4.476232604980468750e+02
3.259993839263916016e+01 2.250000000000000000e+00 3.400000184774398804e-02 4.476232604980468750e+02
3.268490481376647949e+01 2.209999999999999964e+00 3.400000184774398804e-02 4.616115112304687500e+02
3.280190134048461914e+01 2.209999999999999964e+00 3.400000184774398804e-02 4.616115112304687500e+02
3.289390015602111816e+01 2.189999999999999947e+00 3.400000184774398804e-02 4.476232604980468750e+02
3.300489187240600586e+01 2.270000000000000018e+00 3.400000184774398804e-02 3.636938781738281250e+02
3.309089970588684082e+01 2.250000000000000000e+00 3.400000184774398804e-02 4.616115112304687500e+02
3.320290231704711914e+01 2.229999999999999982e+00 3.400000184774398804e-02 5.455408935546875000e+02
3.329690790176391602e+01 2.200000000000000178e+00 3.400000184774398804e-02 5.455408935546875000e+02
3.338794136047363281e+01 2.259999999999999787e+00 3.400000184774398804e-02 5.455408935546875000e+02
3.349993801116943359e+01 2.250000000000000000e+00 3.400000184774398804e-02 3.636938781738281250e+02
3.358491015434265137e+01 2.259999999999999787e+00 3.400000184774398804e-02 4.476232604980468750e+02
3.369790554046630859e+01 2.129999999999999893e+00 3.400000184774398804e-02 4.476232604980468750e+02
3.379194045066833496e+01 2.180000000000000160e+00 3.400000184774398804e-02 5.315526123046875000e+02
3.390490150451660156e+01 2.200000000000000178e+00 3.400000184774398804e-02 5.315526123046875000e+02
3.399390101432800293e+01 2.209999999999999964e+00 3.400000184774398804e-02 2.797645568847656250e+02
3.410090184211730957e+01 2.209999999999999964e+00 3.400000184774398804e-02 9.791758728027343750e+01
3.419593787193298340e+01 2.209999999999999964e+00 3.400000184774398804e-02 0.000000000000000000e+00
3.428690075874328613e+01 2.200000000000000178e+00 3.400000184774398804e-02 0.000000000000000000e+00
3.439994311332702637e+01 2.200000000000000178e+00 3.400000184774398804e-02 0.000000000000000000e+00
3.448794627189636230e+01 2.160000000000000142e+00 3.400000184774398804e-02 0.000000000000000000e+00
3.459593701362609863e+01 2.049999999999999822e+00 3.400000184774398804e-02 0.000000000000000000e+00
3.468990206718444824e+01 2.009999999999999787e+00 3.400000184774398804e-02 0.000000000000000000e+00
3.480394244194030762e+01 2.060000000000000053e+00 3.400000184774398804e-02 0.000000000000000000e+00
3.489390087127685547e+01 2.020000000000000018e+00 3.400000184774398804e-02 0.000000000000000000e+00
3.500090384483337402e+01 2.049999999999999822e+00 3.400000184774398804e-02 0.000000000000000000e+00
3.509091329574584961e+01 2.089999999999999858e+00 3.400000184774398804e-02 0.000000000000000000e+00
3.518490433692932129e+01 2.330000000000000071e+00 3.400000184774398804e-02 0.000000000000000000e+00
3.529890394210815430e+01 2.220000000000000195e+00 3.400000184774398804e-02 0.000000000000000000e+00
3.538793992996215820e+01 2.080000000000000071e+00 3.400000184774398804e-02 0.000000000000000000e+00
3.549490118026733398e+01 2.109999999999999876e+00 3.400000184774398804e-02 0.000000000000000000e+00
3.558590221405029297e+01 2.299999999999999822e+00 3.400000184774398804e-02 0.000000000000000000e+00
3.570291328430175781e+01 2.359999999999999876e+00 3.400000184774398804e-02 0.000000000000000000e+00
3.579290342330932617e+01 2.649999999999999911e+00 3.400000184774398804e-02 0.000000000000000000e+00
3.590394115447998047e+01 3.040000000000000036e+00 3.400000184774398804e-02 0.000000000000000000e+00
3.598890519142150879e+01 3.879999999999999893e+00 3.400000184774398804e-02 0.000000000000000000e+00
3.609090018272399902e+01 4.809999999999999609e+00 3.400000184774398804e-02 0.000000000000000000e+00
3.619790458679199219e+01 5.500000000000000000e+00 9.999999776482582092e-03 -8.113171386718750000e+02
3.628794264793395996e+01 3.290000000000000036e+00 9.999999776482582092e-03 -1.258940307617187500e+03
3.639490079879760742e+01 2.319999999999999840e+00 9.999999776482582092e-03 -1.258940307617187500e+03
3.649889969825744629e+01 2.290000000000000036e+00 9.999999776482582092e-03 -1.077093505859375000e+03
3.660090231895446777e+01 2.279999999999999805e+00 9.999999776482582092e-03 -1.077093505859375000e+03
3.669193720817565918e+01 2.209999999999999964e+00 9.999999776482582092e-03 -8.952465209960937500e+02
3.680394673347473145e+01 2.310000000000000053e+00 9.999999776482582092e-03 -7.273877563476562500e+02
3.688890314102172852e+01 2.270000000000000018e+00 9.999999776482582092e-03 -6.294701538085937500e+02
3.700190377235412598e+01 2.279999999999999805e+00 9.999999776482582092e-03 -5.455408935546875000e+02
3.709595894813537598e+01 2.339999999999999858e+00 9.999999776482582092e-03 -5.455408935546875000e+02
3.718690872192382812e+01 2.359999999999999876e+00 9.999999776482582092e-03 -5.455408935546875000e+02
3.729791378974914551e+01 2.270000000000000018e+00 9.999999776482582092e-03 -4.476232604980468750e+02
3.740490841865539551e+01 2.290000000000000036e+00 9.999999776482582092e-03 -6.294701538085937500e+02
3.749994397163391113e+01 2.259999999999999787e+00 9.999999776482582092e-03 -6.294701538085937500e+02
3.759090352058410645e+01 2.240000000000000213e+00 9.999999776482582092e-03 -5.455408935546875000e+02
3.770394563674926758e+01 2.290000000000000036e+00 9.999999776482582092e-03 -7.273877563476562500e+02
3.779194092750549316e+01 2.259999999999999787e+00 9.999999776482582092e-03 -8.952465209960937500e+02
3.789994716644287109e+01 2.209999999999999964e+00 9.999999776482582092e-03 -8.113171386718750000e+02
3.799390172958374023e+01 2.180000000000000160e+00 9.999999776482582092e-03 -7.273877563476562500e+02
3.808590030670166016e+01 2.140000000000000124e+00 9.999999776482582092e-03 -6.294701538085937500e+02
3.819790339469909668e+01 2.220000000000000195e+00 9.999999776482582092e-03 -5.315526123046875000e+02
3.830490422248840332e+01 2.240000000000000213e+00 9.999999776482582092e-03 -4.616115112304687500e+02
3.839490199089050293e+01 2.290000000000000036e+00 9.999999776482582092e-03 -4.476232604980468750e+02
3.848890519142150879e+01 2.299999999999999822e+00 9.999999776482582092e-03 -6.294701538085937500e+02
3.860290002822875977e+01 2.229999999999999982e+00 9.999999776482582092e-03 -5.455408935546875000e+02
3.869194173812866211e+01 2.220000000000000195e+00 9.999999776482582092e-03 -6.294701538085937500e+02
3.879891228675842285e+01 2.240000000000000213e+00 9.999999776482582092e-03 -6.294701538085937500e+02
3.888990235328674316e+01 2.229999999999999982e+00 9.999999776482582092e-03 -6.294701538085937500e+02
3.898394703865051270e+01 2.250000000000000000e+00 9.999999776482582092e-03 -7.273877563476562500e+02
3.909690952301025391e+01 2.299999999999999822e+00 9.999999776482582092e-03 -8.113171386718750000e+02
3.918591928482055664e+01 2.220000000000000195e+00 9.999999776482582092e-03 -7.133995361328125000e+02
3.929290223121643066e+01 2.220000000000000195e+00 9.999999776482582092e-03 -8.113171386718750000e+02
3.938794040679931641e+01 2.209999999999999964e+00 9.999999776482582092e-03 -7.273877563476562500e+02
3.950190687179565430e+01 2.160000000000000142e+00 9.999999776482582092e-03 -6.294701538085937500e+02
3.959194254875183105e+01 2.240000000000000213e+00 9.999999776482582092e-03 -5.455408935546875000e+02
3.969890046119689941e+01 2.220000000000000195e+00 9.999999776482582092e-03 -6.294701538085937500e+02
3.978793573379516602e+01 2.169999999999999929e+00 9.999999776482582092e-03 -7.133995361328125000e+02
3.990490269660949707e+01 2.220000000000000195e+00 9.999999776482582092e-03 -7.273877563476562500e+02
3.999594736099243164e+01 2.220000000000000195e+00 9.999999776482582092e-03 -6.294701538085937500e+02
4.008590269088745117e+01 2.250000000000000000e+00 9.999999776482582092e-03 -6.434584350585937500e+02
4.019290328025817871e+01 2.299999999999999822e+00 9.999999776482582092e-03 -7.273877563476562500e+02
4.030490279197692871e+01 2.229999999999999982e+00 9.999999776482582092e-03 -7.273877563476562500e+02
4.039995050430297852e+01 2.209999999999999964e+00 9.999999776482582092e-03 -5.315526123046875000e+02
4.049090433120727539e+01 2.259999999999999787e+00 9.999999776482582092e-03 -6.294701538085937500e+02
4.060190057754516602e+01 2.200000000000000178e+00 9.999999776482582092e-03 -5.315526123046875000e+02
4.068690848350524902e+01 2.250000000000000000e+00 9.999999776482582092e-03 -5.455408935546875000e+02
4.080395245552062988e+01 2.250000000000000000e+00 9.999999776482582092e-03 -6.294701538085937500e+02
4.089490270614624023e+01 2.229999999999999982e+00 9.999999776482582092e-03 -7.273877563476562500e+02
4.098489999771118164e+01 2.229999999999999982e+00 9.999999776482582092e-03 -7.273877563476562500e+02
4.109594321250915527e+01 2.259999999999999787e+00 9.999999776482582092e-03 -7.133995361328125000e+02
4.120393657684326172e+01 2.290000000000000036e+00 9.999999776482582092e-03 -8.113171386718750000e+02
4.129790282249450684e+01 2.200000000000000178e+00 9.999999776482582092e-03 -7.133995361328125000e+02
4.138990235328674316e+01 2.209999999999999964e+00 9.999999776482582092e-03 -6.294701538085937500e+02
4.150190043449401855e+01 2.229999999999999982e+00 9.999999776482582092e-03 -7.133995361328125000e+02
4.158690834045410156e+01 2.149999999999999911e+00 9.999999776482582092e-03 -7.273877563476562500e+02
4.169890117645263672e+01 2.229999999999999982e+00 9.999999776482582092e-03 -6.294701538085937500e+02
4.179290103912353516e+01 2.240000000000000213e+00 9.999999776482582092e-03 -7.133995361328125000e+02
4.188395404815673828e+01 2.229999999999999982e+00 9.999999776482582092e-03 -6.294701538085937500e+02
4.199594950675964355e+01 2.299999999999999822e+00 9.999999776482582092e-03 -8.113171386718750000e+02
4.210290861129760742e+01 2.209999999999999964e+00 9.999999776482582092e-03 -8.113171386718750000e+02
4.219390320777893066e+01 2.220000000000000195e+00 9.999999776482582092e-03 -8.113171386718750000e+02
4.228794312477111816e+01 2.209999999999999964e+00 9.999999776482582092e-03 -8.113171386718750000e+02
4.240090370178222656e+01 2.189999999999999947e+00 9.999999776482582092e-03 -6.294701538085937500e+02
4.248990583419799805e+01 2.250000000000000000e+00 9.999999776482582092e-03 -7.133995361328125000e+02
4.259691047668457031e+01 2.220000000000000195e+00 9.999999776482582092e-03 -8.952465209960937500e+02
4.269194722175598145e+01 2.209999999999999964e+00 9.999999776482582092e-03 -7.133995361328125000e+02
4.280490303039550781e+01 2.220000000000000195e+00 9.999999776482582092e-03 -9.092347412109375000e+02
4.289594483375549316e+01 2.259999999999999787e+00 9.999999776482582092e-03 -9.791759033203125000e+02
4.300290083885192871e+01 2.220000000000000195e+00 9.999999776482582092e-03 -8.952465209960937500e+02
4.309194397926330566e+01 2.189999999999999947e+00 9.999999776482582092e-03 -9.092347412109375000e+02
4.318590259552001953e+01 2.100000000000000089e+00 9.999999776482582092e-03 -7.273877563476562500e+02
4.329993748664855957e+01 2.180000000000000160e+00 9.999999776482582092e-03 -4.476232604980468750e+02
4.338990068435668945e+01 2.220000000000000195e+00 9.999999776482582092e-03 -6.294701538085937500e+02
4.349690413475036621e+01 2.270000000000000018e+00 9.999999776482582092e-03 -8.113171386718750000e+02
4.358690595626831055e+01 2.200000000000000178e+00 9.999999776482582092e-03 -8.113171386718750000e+02
4.370393800735473633e+01 2.149999999999999911e+00 9.999999776482582092e-03 -8.113171386718750000e+02
4.379490327835083008e+01 2.220000000000000195e+00 9.999999776482582092e-03 -7.273877563476562500e+02
4.390590238571166992e+01 2.220000000000000195e+00 9.999999776482582092e-03 -7.133995361328125000e+02
4.399090003967285156e+01 2.270000000000000018e+00 9.999999776482582092e-03 -7.133995361328125000e+02
4.408190345764160156e+01 2.220000000000000195e+00 9.999999776482582092e-03 -8.952465209960937500e+02
4.419890570640563965e+01 2.189999999999999947e+00 9.999999776482582092e-03 -8.113171386718750000e+02
4.428890395164489746e+01 2.189999999999999947e+00 9.999999776482582092e-03 -8.113171386718750000e+02
4.439994573593139648e+01 2.180000000000000160e+00 9.999999776482582092e-03 -6.294701538085937500e+02
4.448490691184997559e+01 2.180000000000000160e+00 9.999999776482582092e-03 -5.455408935546875000e+02
4.460190153121948242e+01 2.250000000000000000e+00 9.999999776482582092e-03 -6.434584350585937500e+02
4.469390010833740234e+01 2.250000000000000000e+00 9.999999776482582092e-03 -7.133995361328125000e+02
4.480592989921569824e+01 2.250000000000000000e+00 9.999999776482582092e-03 -6.294701538085937500e+02
4.489091038703918457e+01 2.189999999999999947e+00 9.999999776482582092e-03 -6.294701538085937500e+02
4.500290441513061523e+01 2.220000000000000195e+00 9.999999776482582092e-03 -5.315526123046875000e+02
4.509690833091735840e+01 2.209999999999999964e+00 9.999999776482582092e-03 -7.133995361328125000e+02
4.518794202804565430e+01 2.209999999999999964e+00 9.999999776482582092e-03 -7.273877563476562500e+02
4.529994392395019531e+01 2.160000000000000142e+00 9.999999776482582092e-03 -9.791758728027343750e+01
4.538492202758789062e+01 1.560000000000000053e+00 9.999999776482582092e-03 0.000000000000000000e+00
4.549798750877380371e+01 1.459999999999999964e+00 9.999999776482582092e-03 0.000000000000000000e+00
4.559195232391357422e+01 1.489999999999999991e+00 9.999999776482582092e-03 0.000000000000000000e+00
4.570490264892578125e+01 1.040000000000000036e+00 9.999999776482582092e-03 0.000000000000000000e+00
4.579390382766723633e+01 4.500000000000000111e-01 9.999999776482582092e-03 0.000000000000000000e+00
4.590090203285217285e+01 3.800000000000000044e-01 3.400000184774398804e-02 7.273877563476562500e+02
4.599594783782958984e+01 2.040000000000000036e+00 3.400000184774398804e-02 8.952465209960937500e+02
4.608690786361694336e+01 2.160000000000000142e+00 3.400000184774398804e-02 6.434584350585937500e+02
4.619993996620178223e+01 2.200000000000000178e+00 3.400000184774398804e-02 4.476232604980468750e+02
4.630590009689331055e+01 2.160000000000000142e+00 3.400000184774398804e-02 5.315526123046875000e+02
4.639594316482543945e+01 2.109999999999999876e+00 3.400000184774398804e-02 7.133995361328125000e+02
4.648990201950073242e+01 2.080000000000000071e+00 3.400000184774398804e-02 8.113171386718750000e+02
4.660394740104675293e+01 2.189999999999999947e+00 3.400000184774398804e-02 8.113171386718750000e+02
4.669390487670898438e+01 2.180000000000000160e+00 3.400000184774398804e-02 7.273877563476562500e+02
4.680090546607971191e+01 2.140000000000000124e+00 3.400000184774398804e-02 8.113171386718750000e+02
4.689090061187744141e+01 2.129999999999999893e+00 3.400000184774398804e-02 8.952465209960937500e+02
4.698490190505981445e+01 2.129999999999999893e+00 3.400000184774398804e-02 9.092347412109375000e+02
4.709889960289001465e+01 2.180000000000000160e+00 3.400000184774398804e-02 8.952465209960937500e+02
4.718797707557678223e+01 2.140000000000000124e+00 3.400000184774398804e-02 8.952465209960937500e+02
4.729489970207214355e+01 2.209999999999999964e+00 3.400000184774398804e-02 8.952465209960937500e+02
4.738590335845947266e+01 2.169999999999999929e+00 3.400000184774398804e-02 8.113171386718750000e+02
4.750290203094482422e+01 2.169999999999999929e+00 3.400000184774398804e-02 8.113171386718750000e+02
4.759290218353271484e+01 2.109999999999999876e+00 3.400000184774398804e-02 9.791759033203125000e+02
4.770394825935363770e+01 2.209999999999999964e+00 3.400000184774398804e-02 9.931641235351562500e+02
4.778890323638916016e+01 2.200000000000000178e+00 3.400000184774398804e-02 1.091081787109375000e+03
4.790590453147888184e+01 2.180000000000000160e+00 3.400000184774398804e-02 1.077093505859375000e+03
4.799790573120117188e+01 2.200000000000000178e+00 3.400000184774398804e-02 9.092347412109375000e+02
4.808794260025024414e+01 2.220000000000000195e+00 3.400000184774398804e-02 8.113171386718750000e+02
4.819490051269531250e+01 2.189999999999999947e+00 3.400000184774398804e-02 8.113171386718750000e+02
4.828393650054931641e+01 2.149999999999999911e+00 3.400000184774398804e-02 7.973289184570312500e+02
4.840090155601501465e+01 2.149999999999999911e+00 3.400000184774398804e-02 8.952465209960937500e+02
4.849195265769958496e+01 2.200000000000000178e+00 3.400000184774398804e-02 8.113171386718750000e+02
4.860394573211669922e+01 2.180000000000000160e+00 3.400000184774398804e-02 7.273877563476562500e+02
4.868890428543090820e+01 2.209999999999999964e+00 3.400000184774398804e-02 8.113171386718750000e+02
4.880190634727478027e+01 2.129999999999999893e+00 3.400000184774398804e-02 8.113171386718750000e+02
4.889594841003417969e+01 2.129999999999999893e+00 3.400000184774398804e-02 9.931641235351562500e+02
4.898691964149475098e+01 2.109999999999999876e+00 3.400000184774398804e-02 9.931641235351562500e+02
4.909790349006652832e+01 2.189999999999999947e+00 3.400000184774398804e-02 1.175010986328125000e+03
4.920490026473999023e+01 2.169999999999999929e+00 3.400000184774398804e-02 1.161022827148437500e+03
4.929994368553161621e+01 2.189999999999999947e+00 3.400000184774398804e-02 1.077093505859375000e+03
4.939090061187744141e+01 2.209999999999999964e+00 3.400000184774398804e-02 1.091081787109375000e+03
4.950393676757812500e+01 2.189999999999999947e+00 3.400000184774398804e-02 8.952465209960937500e+02
4.959193992614746094e+01 2.220000000000000195e+00 3.400000184774398804e-02 9.092347412109375000e+02
4.969994497299194336e+01 2.169999999999999929e+00 3.400000184774398804e-02 7.133995361328125000e+02
4.979390239715576172e+01 2.209999999999999964e+00 3.400000184774398804e-02 7.133995361328125000e+02
4.990190172195434570e+01 2.180000000000000160e+00 3.400000184774398804e-02 7.973289184570312500e+02
4.999791073799133301e+01 2.189999999999999947e+00 3.400000184774398804e-02 7.133995361328125000e+02
5.010490179061889648e+01 2.109999999999999876e+00 3.400000184774398804e-02 8.952465209960937500e+02
5.019490122795104980e+01 2.140000000000000124e+00 3.400000184774398804e-02 8.952465209960937500e+02
5.028890562057495117e+01 2.180000000000000160e+00 3.400000184774398804e-02 9.931641235351562500e+02
5.040290117263793945e+01 2.180000000000000160e+00 3.400000184774398804e-02 8.952465209960937500e+02
5.049195003509521484e+01 2.180000000000000160e+00 3.400000184774398804e-02 8.952465209960937500e+02
5.059890151023864746e+01 2.160000000000000142e+00 3.400000184774398804e-02 8.952465209960937500e+02
5.068990111351013184e+01 2.140000000000000124e+00 3.400000184774398804e-02 9.791759033203125000e+02
5.078394627571105957e+01 2.209999999999999964e+00 3.400000184774398804e-02 9.931641235351562500e+02
5.089690637588500977e+01 2.160000000000000142e+00 3.400000184774398804e-02 9.092347412109375000e+02
5.100190401077270508e+01 2.189999999999999947e+00 3.400000184774398804e-02 8.113171386718750000e+02
5.109289956092834473e+01 2.169999999999999929e+00 3.400000184774398804e-02 9.092347412109375000e+02
5.118794274330139160e+01 2.180000000000000160e+00 3.400000184774398804e-02 8.113171386718750000e+02
5.130190157890319824e+01 2.140000000000000124e+00 3.400000184774398804e-02 7.273877563476562500e+02
5.139194345474243164e+01 2.129999999999999893e+00 3.400000184774398804e-02 9.791759033203125000e+02
5.149890255928039551e+01 2.129999999999999893e+00 3.400000184774398804e-02 1.077093505859375000e+03
5.158794999122619629e+01 2.160000000000000142e+00 3.400000184774398804e-02 9.931641235351562500e+02
5.170490384101867676e+01 2.189999999999999947e+00 3.400000184774398804e-02 1.175010986328125000e+03
5.179593658447265625e+01 2.140000000000000124e+00 3.400000184774398804e-02 1.077093505859375000e+03
5.188590574264526367e+01 2.129999999999999893e+00 3.400000184774398804e-02 9.931641235351562500e+02
5.199290418624877930e+01 2.169999999999999929e+00 3.400000184774398804e-02 1.175010986328125000e+03
5.210490083694458008e+01 2.180000000000000160e+00 3.400000184774398804e-02 1.258940307617187500e+03
5.219993829727172852e+01 2.149999999999999911e+00 3.400000184774398804e-02 1.161022827148437500e+03
5.229090118408203125e+01 2.259999999999999787e+00 3.400000184774398804e-02 1.161022827148437500e+03
5.240190124511718750e+01 2.270000000000000018e+00 3.400000184774398804e-02 9.931641235351562500e+02
5.248690915107727051e+01 2.209999999999999964e+00 3.400000184774398804e-02 1.258940307617187500e+03
5.260397458076477051e+01 2.229999999999999982e+00 3.400000184774398804e-02 1.077093505859375000e+03
5.269490242004394531e+01 2.250000000000000000e+00 3.400000184774398804e-02 1.077093505859375000e+03
5.278490185737609863e+01 2.299999999999999822e+00 3.400000184774398804e-02 8.952465209960937500e+02
5.289600872993469238e+01 2.209999999999999964e+00 3.400000184774398804e-02 8.952465209960937500e+02
5.300394797325134277e+01 2.209999999999999964e+00 3.400000184774398804e-02 8.113171386718750000e+02
5.309790110588073730e+01 2.390000000000000124e+00 3.400000184774398804e-02 0.000000000000000000e+00
5.318990111351013184e+01 2.580000000000000071e+00 3.400000184774398804e-02 0.000000000000000000e+00
5.330190300941467285e+01 2.290000000000000036e+00 3.400000184774398804e-02 0.000000000000000000e+00
5.338690495491027832e+01 2.359999999999999876e+00 3.400000184774398804e-02 0.000000000000000000e+00
5.349890398979187012e+01 3.479999999999999982e+00 3.400000184774398804e-02 0.000000000000000000e+00
5.359290170669555664e+01 5.000000000000000000e+00 9.999999776482582092e-03 -8.113171386718750000e+02
5.368394446372985840e+01 3.290000000000000036e+00 9.999999776482582092e-03 -1.608645996093750000e+03
5.379595088958740234e+01 2.419999999999999929e+00 9.999999776482582092e-03 -1.986328247070312500e+03
5.390290069580078125e+01 2.240000000000000213e+00 9.999999776482582092e-03 -1.972340087890625000e+03
5.399390435218811035e+01 2.200000000000000178e+00 9.999999776482582092e-03 -1.972340087890625000e+03
5.408794426918029785e+01 2.240000000000000213e+00 9.999999776482582092e-03 -2.168175292968750000e+03
5.420090341567993164e+01 2.080000000000000071e+00 9.999999776482582092e-03 -2.336033691406250000e+03
5.428990221023559570e+01 2.120000000000000107e+00 9.999999776482582092e-03 -2.070257568359375000e+03
5.439691162109375000e+01 2.060000000000000053e+00 9.999999776482582092e-03 -2.433951416015625000e+03
5.449194526672363281e+01 2.129999999999999893e+00 9.999999776482582092e-03 -2.070257568359375000e+03
5.460490059852600098e+01 2.100000000000000089e+00 9.999999776482582092e-03 -2.336033691406250000e+03
5.469594645500183105e+01 2.120000000000000107e+00 9.999999776482582092e-03 -2.252104736328125000e+03
5.480290889739990234e+01 2.120000000000000107e+00 9.999999776482582092e-03 -2.433951416015625000e+03
5.489194464683532715e+01 2.240000000000000213e+00 9.999999776482582092e-03 -2.433951416015625000e+03
5.498591589927673340e+01 2.399999999999999911e+00 9.999999776482582092e-03 -2.433951416015625000e+03
5.509994244575500488e+01 2.379999999999999893e+00 9.999999776482582092e-03 -2.615798339843750000e+03
5.518990349769592285e+01 2.350000000000000089e+00 9.999999776482582092e-03 -2.601810058593750000e+03
5.529691028594970703e+01 2.370000000000000107e+00 9.999999776482582092e-03 -2.783656982421875000e+03
5.538690733909606934e+01 2.339999999999999858e+00 9.999999776482582092e-03 -2.881574707031250000e+03
5.550395274162292480e+01 2.370000000000000107e+00 9.999999776482582092e-03 -2.881574707031250000e+03
5.559490013122558594e+01 2.330000000000000071e+00 9.999999776482582092e-03 -2.783656982421875000e+03
5.570589995384216309e+01 2.310000000000000053e+00 9.999999776482582092e-03 -2.615798339843750000e+03
5.579089784622192383e+01 2.279999999999999805e+00 9.999999776482582092e-03 -2.517880615234375000e+03
5.588190579414367676e+01 2.270000000000000018e+00 9.999999776482582092e-03 -2.350021972656250000e+03
5.599890041351318359e+01 2.250000000000000000e+00 9.999999776482582092e-03 -1.804481201171875000e+03
5.608890271186828613e+01 2.220000000000000195e+00 9.999999776482582092e-03 -1.622634277343750000e+03
5.619994115829467773e+01 2.330000000000000071e+00 9.999999776482582092e-03 -1.440787353515625000e+03
5.628490471839904785e+01 2.299999999999999822e+00 9.999999776482582092e-03 -1.440787353515625000e+03
5.640190148353576660e+01 2.310000000000000053e+00 9.999999776482582092e-03 -1.258940307617187500e+03
5.649390077590942383e+01 2.330000000000000071e+00 9.999999776482582092e-03 -1.175010986328125000e+03
5.660590267181396484e+01 2.390000000000000124e+00 9.999999776482582092e-03 -1.440787353515625000e+03
5.669090223312377930e+01 1.939999999999999947e+00 9.999999776482582092e-03 0.000000000000000000e+00
5.680290269851684570e+01 2.899999999999999800e-01 9.999999776482582092e-03 0.000000000000000000e+00
5.689690375328063965e+01 2.999999999999999889e-01 9.999999776482582092e-03 0.000000000000000000e+00
5.698794317245483398e+01 8.900000000000000133e-01 3.400000184774398804e-02 9.931641235351562500e+02
5.709995937347412109e+01 1.780000000000000027e+00 3.400000184774398804e-02 2.433951416015625000e+03
5.718490099906921387e+01 2.029999999999999805e+00 3.400000184774398804e-02 2.699727783203125000e+03
5.729790449142456055e+01 2.149999999999999911e+00 3.400000184774398804e-02 2.601810058593750000e+03
5.739193725585937500e+01 2.149999999999999911e+00 3.400000184774398804e-02 2.867586425781250000e+03
5.750490450859069824e+01 2.180000000000000160e+00 3.400000184774398804e-02 2.783656982421875000e+03
5.759390163421630859e+01 2.169999999999999929e+00 3.400000184774398804e-02 2.783656982421875000e+03
5.770090007781982422e+01 2.200000000000000178e+00 3.400000184774398804e-02 2.881574707031250000e+03
5.779593420028686523e+01 2.200000000000000178e+00 3.400000184774398804e-02 2.881574707031250000e+03
5.788700199127197266e+01 2.189999999999999947e+00 3.400000184774398804e-02 2.881574707031250000e+03
5.799998283386230469e+01 2.140000000000000124e+00 3.400000184774398804e-02 3.049433349609375000e+03
5.808794617652893066e+01 2.160000000000000142e+00 3.400000184774398804e-02 3.245268554687500000e+03
5.819594907760620117e+01 2.180000000000000160e+00 3.400000184774398804e-02 3.245268554687500000e+03
5.828990149497985840e+01 2.209999999999999964e+00 3.400000184774398804e-02 3.063421630859375000e+03
5.840393877029418945e+01 2.160000000000000142e+00 3.400000184774398804e-02 3.329197998046875000e+03
5.849390268325805664e+01 2.189999999999999947e+00 3.400000184774398804e-02 3.245268554687500000e+03
5.860090231895446777e+01 2.200000000000000178e+00 3.400000184774398804e-02 3.245268554687500000e+03
5.869090056419372559e+01 2.220000000000000195e+00 3.400000184774398804e-02 2.797645263671875000e+03
5.878490614891052246e+01 2.209999999999999964e+00 3.400000184774398804e-02 2.797645263671875000e+03
5.889890146255493164e+01 2.200000000000000178e+00 3.400000184774398804e-02 2.517880615234375000e+03
5.898793292045593262e+01 2.209999999999999964e+00 3.400000184774398804e-02 2.517880615234375000e+03
5.909490704536437988e+01 2.279999999999999805e+00 3.400000184774398804e-02 2.336033691406250000e+03
5.918590068817138672e+01 2.299999999999999822e+00 3.400000184774398804e-02 1.706563598632812500e+03
5.930290150642395020e+01 2.319999999999999840e+00 3.400000184774398804e-02 1.524716674804687500e+03
5.939290761947631836e+01 2.270000000000000018e+00 3.400000184774398804e-02 1.342869750976562500e+03
5.950394511222839355e+01 2.509999999999999787e+00 3.400000184774398804e-02 0.000000000000000000e+00
5.958890175819396973e+01 3.319999999999999840e+00 3.400000184774398804e-02 0.000000000000000000e+00
5.970490407943725586e+01 3.120000000000000107e+00 3.400000184774398804e-02 0.000000000000000000e+00
5.979790759086608887e+01 3.029999999999999805e+00 3.400000184774398804e-02 0.000000000000000000e+00
5.988794851303100586e+01 2.799999999999999822e+00 3.400000184774398804e-02 0.000000000000000000e+00
5.999490523338317871e+01 2.549999999999999822e+00 3.400000184774398804e-02 0.000000000000000000e+00
6.008393955230712891e+01 2.359999999999999876e+00 3.400000184774398804e-02 0.000000000000000000e+00
6.020090341567993164e+01 2.250000000000000000e+00 3.400000184774398804e-02 0.000000000000000000e+00
6.029196953773498535e+01 2.259999999999999787e+00 3.400000184774398804e-02 0.000000000000000000e+00
6.040394544601440430e+01 2.259999999999999787e+00 3.400000184774398804e-02 0.000000000000000000e+00
6.048890280723571777e+01 2.259999999999999787e+00 3.400000184774398804e-02 0.000000000000000000e+00
6.060190987586975098e+01 2.259999999999999787e+00 3.400000184774398804e-02 0.000000000000000000e+00
6.069594335556030273e+01 2.259999999999999787e+00 3.400000184774398804e-02 0.000000000000000000e+00
6.078690338134765625e+01 2.250000000000000000e+00 3.400000184774398804e-02 0.000000000000000000e+00
6.089790201187133789e+01 2.250000000000000000e+00 3.400000184774398804e-02 0.000000000000000000e+00
6.100490474700927734e+01 2.240000000000000213e+00 3.400000184774398804e-02 0.000000000000000000e+00
6.109994339942932129e+01 2.229999999999999982e+00 3.400000184774398804e-02 0.000000000000000000e+00
6.119090509414672852e+01 2.229999999999999982e+00 3.400000184774398804e-02 0.000000000000000000e+00
6.130394363403320312e+01 2.220000000000000195e+00 3.400000184774398804e-02 0.000000000000000000e+00
6.139194726943969727e+01 2.220000000000000195e+00 3.400000184774398804e-02 0.000000000000000000e+00
6.149994087219238281e+01 2.209999999999999964e+00 3.400000184774398804e-02 0.000000000000000000e+00
6.159390568733215332e+01 2.209999999999999964e+00 3.400000184774398804e-02 0.000000000000000000e+00
6.168590259552001953e+01 2.209999999999999964e+00 3.400000184774398804e-02 0.000000000000000000e+00
6.179790139198303223e+01 2.209999999999999964e+00 3.400000184774398804e-02 0.000000000000000000e+00
6.190490269660949707e+01 2.209999999999999964e+00 3.400000184774398804e-02 0.000000000000000000e+00
6.199490237236022949e+01 2.200000000000000178e+00 3.400000184774398804e-02 0.000000000000000000e+00
6.208890318870544434e+01 2.200000000000000178e+00 3.400000184774398804e-02 0.000000000000000000e+00
