1.009750366210937500e-01 3.359999999999999876e+00 5.000000074505805969e-02 0.000000000000000000e+00
1.829133033752441406e-01 3.359999999999999876e+00 5.000000074505805969e-02 0.000000000000000000e+00
2.939176559448242188e-01 3.359999999999999876e+00 5.000000074505805969e-02 0.000000000000000000e+00
3.889555931091308594e-01 3.359999999999999876e+00 5.000000074505805969e-02 0.000000000000000000e+00
4.799132347106933594e-01 3.359999999999999876e+00 5.000000074505805969e-02 0.000000000000000000e+00
5.909128189086914062e-01 3.359999999999999876e+00 5.000000074505805969e-02 0.000000000000000000e+00
6.989152431488037109e-01 3.359999999999999876e+00 5.000000074505805969e-02 0.000000000000000000e+00
7.889707088470458984e-01 3.339999999999999858e+00 5.000000074505805969e-02 0.000000000000000000e+00
8.839161396026611328e-01 3.299999999999999822e+00 5.000000074505805969e-02 0.000000000000000000e+00
9.919114112854003906e-01 3.240000000000000213e+00 5.000000074505805969e-02 0.000000000000000000e+00
1.080953598022460938e+00 3.220000000000000195e+00 5.000000074505805969e-02 0.000000000000000000e+00
1.198910951614379883e+00 3.299999999999999822e+00 5.000000074505805969e-02 0.000000000000000000e+00
1.287917613983154297e+00 3.350000000000000089e+00 5.000000074505805969e-02 0.000000000000000000e+00
1.395912170410156250e+00 3.520000000000000018e+00 5.000000074505805969e-02 0.000000000000000000e+00
1.490911960601806641e+00 3.470000000000000195e+00 5.000000074505805969e-02 0.000000000000000000e+00
1.580951929092407227e+00 3.500000000000000000e+00 5.000000074505805969e-02 0.000000000000000000e+00
1.687929630279541016e+00 3.479999999999999982e+00 5.000000074505805969e-02 0.000000000000000000e+00
1.782914876937866211e+00 3.450000000000000178e+00 5.000000074505805969e-02 0.000000000000000000e+00
1.895912170410156250e+00 3.430000000000000160e+00 5.000000074505805969e-02 0.000000000000000000e+00
1.980958700180053711e+00 3.450000000000000178e+00 5.000000074505805969e-02 0.000000000000000000e+00
2.097917556762695312e+00 3.470000000000000195e+00 5.000000074505805969e-02 0.000000000000000000e+00
2.188951730728149414e+00 3.580000000000000071e+00 5.000000074505805969e-02 0.000000000000000000e+00
2.295916318893432617e+00 3.970000000000000195e+00 5.000000074505805969e-02 0.000000000000000000e+00
2.386912345886230469e+00 4.790000000000000036e+00 5.000000074505805969e-02 0.000000000000000000e+00
2.480962753295898438e+00 5.349999999999999645e+00 5.000000074505805969e-02 0.000000000000000000e+00
2.588956117630004883e+00 6.000000000000000000e+00 5.000000074505805969e-02 0.000000000000000000e+00
2.684955358505249023e+00 6.459999999999999964e+00 5.000000074505805969e-02 0.000000000000000000e+00
2.795912265777587891e+00 6.530000000000000249e+00 1.999999955296516418e-02 -8.952465209960937500e+02
2.881909847259521484e+00 3.680000000000000160e+00 1.999999955296516418e-02 -8.113171386718750000e+02
2.993913173675537109e+00 3.279999999999999805e+00 1.999999955296516418e-02 -1.818469390869140625e+02
3.088961124420166016e+00 3.410000000000000142e+00 1.999999955296516418e-02 0.000000000000000000e+00
3.196949720382690430e+00 3.700000000000000178e+00 1.999999955296516418e-02 -1.818469390869140625e+02
3.285911083221435547e+00 3.680000000000000160e+00 1.999999955296516418e-02 -3.497056579589843750e+02
3.380946874618530273e+00 3.569999999999999840e+00 1.999999955296516418e-02 -5.455408935546875000e+02
3.492950677871704102e+00 3.470000000000000195e+00 1.999999955296516418e-02 -5.455408935546875000e+02
3.600960493087768555e+00 3.439999999999999947e+00 1.999999955296516418e-02 -6.294701538085937500e+02
3.695912837982177734e+00 3.500000000000000000e+00 1.999999955296516418e-02 -7.273877563476562500e+02
3.785914182662963867e+00 3.419999999999999929e+00 1.999999955296516418e-02 -8.113171386718750000e+02
3.892956495285034180e+00 3.370000000000000107e+00 1.999999955296516418e-02 -7.133995361328125000e+02
3.987913370132446289e+00 3.439999999999999947e+00 1.999999955296516418e-02 -8.113171386718750000e+02
4.100952625274658203e+00 3.390000000000000124e+00 1.999999955296516418e-02 -5.455408935546875000e+02
4.185914278030395508e+00 3.430000000000000160e+00 1.999999955296516418e-02 -5.455408935546875000e+02
4.276956319808959961e+00 3.430000000000000160e+00 1.999999955296516418e-02 -3.636938781738281250e+02
4.393915414810180664e+00 3.509999999999999787e+00 1.999999955296516418e-02 -4.476232604980468750e+02
4.500946998596191406e+00 3.419999999999999929e+00 1.999999955296516418e-02 -3.497056579589843750e+02
4.591913938522338867e+00 3.470000000000000195e+00 1.999999955296516418e-02 -3.636938781738281250e+02
4.685926437377929688e+00 3.399999999999999911e+00 1.999999955296516418e-02 -2.797645568847656250e+02
4.793915987014770508e+00 3.500000000000000000e+00 1.999999955296516418e-02 -3.497056579589843750e+02
4.883913755416870117e+00 3.430000000000000160e+00 1.999999955296516418e-02 -3.497056579589843750e+02
5.000952959060668945e+00 3.459999999999999964e+00 1.999999955296516418e-02 -3.636938781738281250e+02
5.086911201477050781e+00 3.479999999999999982e+00 1.999999955296516418e-02 -3.636938781738281250e+02
5.198915719985961914e+00 3.490000000000000213e+00 1.999999955296516418e-02 -4.616115112304687500e+02
5.293913602828979492e+00 3.439999999999999947e+00 1.999999955296516418e-02 -4.476232604980468750e+02
5.400948047637939453e+00 3.470000000000000195e+00 1.999999955296516418e-02 -3.497056579589843750e+02
5.490919589996337891e+00 3.450000000000000178e+00 1.999999955296516418e-02 -4.476232604980468750e+02
5.585915565490722656e+00 3.399999999999999911e+00 1.999999955296516418e-02 -4.476232604980468750e+02
5.697934865951538086e+00 3.430000000000000160e+00 1.999999955296516418e-02 -4.616115112304687500e+02
5.782912969589233398e+00 3.620000000000000107e+00 1.999999955296516418e-02 -4.476232604980468750e+02
5.899914741516113281e+00 3.660000000000000142e+00 1.999999955296516418e-02 -3.636938781738281250e+02
5.990912914276123047e+00 3.660000000000000142e+00 1.999999955296516418e-02 -4.476232604980468750e+02
6.097916841506958008e+00 3.700000000000000178e+00 1.999999955296516418e-02 -5.455408935546875000e+02
6.192957878112792969e+00 3.709999999999999964e+00 1.999999955296516418e-02 -4.476232604980468750e+02
6.283912658691406250e+00 3.660000000000000142e+00 1.999999955296516418e-02 -3.636938781738281250e+02
6.390921592712402344e+00 3.609999999999999876e+00 1.999999955296516418e-02 -3.497056579589843750e+02
6.481913566589355469e+00 3.649999999999999911e+00 1.999999955296516418e-02 -4.476232604980468750e+02
6.598912477493286133e+00 3.589999999999999858e+00 1.999999955296516418e-02 -5.455408935546875000e+02
6.683911085128784180e+00 3.589999999999999858e+00 1.999999955296516418e-02 -6.294701538085937500e+02
6.796951293945312500e+00 3.589999999999999858e+00 1.999999955296516418e-02 -5.455408935546875000e+02
6.890912294387817383e+00 3.569999999999999840e+00 1.999999955296516418e-02 -5.315526123046875000e+02
6.998918771743774414e+00 3.520000000000000018e+00 1.999999955296516418e-02 -5.455408935546875000e+02
7.088951587677001953e+00 3.479999999999999982e+00 1.999999955296516418e-02 -5.455408935546875000e+02
7.183911323547363281e+00 3.479999999999999982e+00 1.999999955296516418e-02 -5.455408935546875000e+02
7.291917085647583008e+00 3.450000000000000178e+00 1.999999955296516418e-02 -5.455408935546875000e+02
7.380965471267700195e+00 3.470000000000000195e+00 1.999999955296516418e-02 -6.294701538085937500e+02
7.498914003372192383e+00 3.419999999999999929e+00 1.999999955296516418e-02 -4.476232604980468750e+02
7.587927341461181641e+00 3.430000000000000160e+00 1.999999955296516418e-02 -4.476232604980468750e+02
7.695912361145019531e+00 3.479999999999999982e+00 1.999999955296516418e-02 -5.455408935546875000e+02
7.790914297103881836e+00 3.419999999999999929e+00 1.999999955296516418e-02 -5.455408935546875000e+02
7.880949497222900391e+00 3.359999999999999876e+00 1.999999955296516418e-02 -5.455408935546875000e+02
7.987917900085449219e+00 3.390000000000000124e+00 1.999999955296516418e-02 -5.455408935546875000e+02
8.082914352416992188e+00 3.439999999999999947e+00 1.999999955296516418e-02 -5.455408935546875000e+02
8.195914030075073242e+00 3.430000000000000160e+00 1.999999955296516418e-02 -4.476232604980468750e+02
8.280954122543334961e+00 3.500000000000000000e+00 1.999999955296516418e-02 -4.476232604980468750e+02
8.397919416427612305e+00 3.560000000000000053e+00 1.999999955296516418e-02 -5.455408935546875000e+02
8.488953113555908203e+00 3.479999999999999982e+00 1.999999955296516418e-02 -5.315526123046875000e+02
8.595913410186767578e+00 3.419999999999999929e+00 1.999999955296516418e-02 -4.476232604980468750e+02
8.686917066574096680e+00 3.470000000000000195e+00 1.999999955296516418e-02 -4.476232604980468750e+02
8.780960798263549805e+00 3.450000000000000178e+00 1.999999955296516418e-02 -5.315526123046875000e+02
8.888955593109130859e+00 3.410000000000000142e+00 1.999999955296516418e-02 -4.476232604980468750e+02
8.985912322998046875e+00 3.470000000000000195e+00 1.999999955296516418e-02 -4.476232604980468750e+02
9.095912218093872070e+00 3.540000000000000036e+00 1.999999955296516418e-02 -4.616115112304687500e+02
9.181914567947387695e+00 3.470000000000000195e+00 1.999999955296516418e-02 -5.455408935546875000e+02
9.293916225433349609e+00 3.399999999999999911e+00 1.999999955296516418e-02 -5.315526123046875000e+02
9.388964414596557617e+00 3.419999999999999929e+00 1.999999955296516418e-02 -4.476232604980468750e+02
9.496950626373291016e+00 3.450000000000000178e+00 1.999999955296516418e-02 -3.636938781738281250e+02
9.585913896560668945e+00 3.500000000000000000e+00 1.999999955296516418e-02 -4.476232604980468750e+02
9.680951356887817383e+00 3.490000000000000213e+00 1.999999955296516418e-02 -3.636938781738281250e+02
9.792951822280883789e+00 3.529999999999999805e+00 1.999999955296516418e-02 -4.476232604980468750e+02
9.900950670242309570e+00 3.490000000000000213e+00 1.999999955296516418e-02 -4.476232604980468750e+02
9.995913505554199219e+00 3.479999999999999982e+00 1.999999955296516418e-02 -4.476232604980468750e+02
1.008591437339782715e+01 3.459999999999999964e+00 1.999999955296516418e-02 -4.476232604980468750e+02
1.019295072555541992e+01 3.490000000000000213e+00 1.999999955296516418e-02 -5.455408935546875000e+02
1.028792691230773926e+01 3.419999999999999929e+00 1.999999955296516418e-02 -5.455408935546875000e+02
1.040094947814941406e+01 3.379999999999999893e+00 1.999999955296516418e-02 -3.636938781738281250e+02
1.048591256141662598e+01 3.419999999999999929e+00 1.999999955296516418e-02 -3.636938781738281250e+02
1.057695555686950684e+01 3.509999999999999787e+00 1.999999955296516418e-02 -3.636938781738281250e+02
1.069391441345214844e+01 3.500000000000000000e+00 1.999999955296516418e-02 -6.294701538085937500e+02
1.080094957351684570e+01 3.479999999999999982e+00 1.999999955296516418e-02 -6.294701538085937500e+02
1.089191269874572754e+01 3.439999999999999947e+00 1.999999955296516418e-02 -6.294701538085937500e+02
1.098591566085815430e+01 3.399999999999999911e+00 1.999999955296516418e-02 -4.476232604980468750e+02
1.109391403198242188e+01 3.470000000000000195e+00 1.999999955296516418e-02 -3.636938781738281250e+02
1.118391346931457520e+01 3.479999999999999982e+00 1.999999955296516418e-02 -4.476232604980468750e+02
1.130105876922607422e+01 3.520000000000000018e+00 1.999999955296516418e-02 -5.455408935546875000e+02
1.138691377639770508e+01 3.430000000000000160e+00 1.999999955296516418e-02 -6.294701538085937500e+02
1.149891519546508789e+01 3.439999999999999947e+00 1.999999955296516418e-02 -5.315526123046875000e+02
1.159392786026000977e+01 3.490000000000000213e+00 1.999999955296516418e-02 -5.315526123046875000e+02
1.168291139602661133e+01 3.479999999999999982e+00 1.999999955296516418e-02 -7.273877563476562500e+02
1.179091668128967285e+01 3.399999999999999911e+00 1.999999955296516418e-02 -6.294701538085937500e+02
1.188591527938842773e+01 3.439999999999999947e+00 1.999999955296516418e-02 -6.294701538085937500e+02
1.199791526794433594e+01 3.450000000000000178e+00 1.999999955296516418e-02 -5.455408935546875000e+02
1.208291006088256836e+01 3.410000000000000142e+00 1.999999955296516418e-02 -5.455408935546875000e+02
1.219991326332092285e+01 3.479999999999999982e+00 1.999999955296516418e-02 -6.294701538085937500e+02
1.229091072082519531e+01 3.500000000000000000e+00 1.999999955296516418e-02 -6.434584350585937500e+02
1.239791774749755859e+01 3.459999999999999964e+00 1.999999955296516418e-02 -8.113171386718750000e+02
1.249294710159301758e+01 3.450000000000000178e+00 1.999999955296516418e-02 -7.273877563476562500e+02
1.258391022682189941e+01 3.399999999999999911e+00 1.999999955296516418e-02 -8.113171386718750000e+02
1.269091415405273438e+01 3.419999999999999929e+00 1.999999955296516418e-02 -6.294701538085937500e+02
1.278191781044006348e+01 3.410000000000000142e+00 1.999999955296516418e-02 -7.133995361328125000e+02
1.289891552925109863e+01 3.450000000000000178e+00 1.999999955296516418e-02 -8.113171386718750000e+02
1.298391199111938477e+01 3.430000000000000160e+00 1.999999955296516418e-02 -9.092347412109375000e+02
1.309695696830749512e+01 3.350000000000000089e+00 1.999999955296516418e-02 -7.273877563476562500e+02
1.319091176986694336e+01 3.379999999999999893e+00 1.999999955296516418e-02 -5.455408935546875000e+02
1.329891419410705566e+01 3.479999999999999982e+00 1.999999955296516418e-02 -4.476232604980468750e+02
1.338895106315612793e+01 3.520000000000000018e+00 1.999999955296516418e-02 -5.315526123046875000e+02
1.348391103744506836e+01 3.470000000000000195e+00 1.999999955296516418e-02 -6.294701538085937500e+02
1.359191131591796875e+01 3.450000000000000178e+00 1.999999955296516418e-02 -5.315526123046875000e+02
1.368096303939819336e+01 3.419999999999999929e+00 1.999999955296516418e-02 -5.455408935546875000e+02
1.379891848564147949e+01 3.470000000000000195e+00 1.999999955296516418e-02 -6.294701538085937500e+02
1.388791251182556152e+01 3.439999999999999947e+00 1.999999955296516418e-02 -7.273877563476562500e+02
1.399591112136840820e+01 3.419999999999999929e+00 1.999999955296516418e-02 -5.315526123046875000e+02
1.409091258049011230e+01 3.399999999999999911e+00 1.999999955296516418e-02 -4.476232604980468750e+02
1.418095469474792480e+01 3.439999999999999947e+00 1.999999955296516418e-02 -5.455408935546875000e+02
1.428792500495910645e+01 3.430000000000000160e+00 1.999999955296516418e-02 -5.455408935546875000e+02
1.438291215896606445e+01 3.459999999999999964e+00 1.999999955296516418e-02 -5.315526123046875000e+02
1.449591135978698730e+01 3.479999999999999982e+00 1.999999955296516418e-02 -6.294701538085937500e+02
1.458095073699951172e+01 3.399999999999999911e+00 1.999999955296516418e-02 -6.294701538085937500e+02
1.469791626930236816e+01 3.419999999999999929e+00 1.999999955296516418e-02 -4.476232604980468750e+02
1.478895664215087891e+01 3.450000000000000178e+00 1.999999955296516418e-02 -7.273877563476562500e+02
1.489591121673583984e+01 3.439999999999999947e+00 1.999999955296516418e-02 -9.092347412109375000e+02
1.498691177368164062e+01 3.060000000000000053e+00 1.999999955296516418e-02 0.000000000000000000e+00
1.508095979690551758e+01 2.330000000000000071e+00 1.999999955296516418e-02 0.000000000000000000e+00
1.518895888328552246e+01 2.370000000000000107e+00 1.999999955296516418e-02 0.000000000000000000e+00
1.528591847419738770e+01 2.009999999999999787e+00 1.999999955296516418e-02 0.000000000000000000e+00
1.539591288566589355e+01 1.550000000000000044e+00 1.999999955296516418e-02 0.000000000000000000e+00
1.548191690444946289e+01 1.290000000000000036e+00 1.999999955296516418e-02 0.000000000000000000e+00
1.559391379356384277e+01 1.719999999999999973e+00 5.000000074505805969e-02 1.342869750976562500e+03
1.568896317481994629e+01 3.359999999999999876e+00 5.000000074505805969e-02 1.258940307617187500e+03
1.579695463180541992e+01 3.660000000000000142e+00 5.000000074505805969e-02 8.952465209960937500e+02
1.588590979576110840e+01 3.529999999999999805e+00 5.000000074505805969e-02 9.092347412109375000e+02
1.598095273971557617e+01 3.459999999999999964e+00 5.000000074505805969e-02 1.091081787109375000e+03
1.609295821189880371e+01 3.549999999999999822e+00 5.000000074505805969e-02 7.133995361328125000e+02
1.620094561576843262e+01 3.490000000000000213e+00 5.000000074505805969e-02 8.113171386718750000e+02
1.629591393470764160e+01 3.500000000000000000e+00 5.000000074505805969e-02 8.113171386718750000e+02
1.638592290878295898e+01 3.509999999999999787e+00 5.000000074505805969e-02 6.294701538085937500e+02
1.649294853210449219e+01 3.520000000000000018e+00 5.000000074505805969e-02 5.315526123046875000e+02
1.658791685104370117e+01 3.470000000000000195e+00 5.000000074505805969e-02 4.476232604980468750e+02
1.670094251632690430e+01 3.419999999999999929e+00 5.000000074505805969e-02 6.294701538085937500e+02
1.678591179847717285e+01 3.549999999999999822e+00 5.000000074505805969e-02 7.273877563476562500e+02
1.687696027755737305e+01 3.549999999999999822e+00 5.000000074505805969e-02 4.476232604980468750e+02
1.699391341209411621e+01 3.459999999999999964e+00 5.000000074505805969e-02 5.455408935546875000e+02
1.710095405578613281e+01 3.479999999999999982e+00 5.000000074505805969e-02 5.455408935546875000e+02
1.719191074371337891e+01 3.419999999999999929e+00 5.000000074505805969e-02 6.294701538085937500e+02
1.728591179847717285e+01 3.390000000000000124e+00 5.000000074505805969e-02 5.455408935546875000e+02
1.739391112327575684e+01 3.529999999999999805e+00 5.000000074505805969e-02 7.133995361328125000e+02
1.748391318321228027e+01 3.600000000000000089e+00 5.000000074505805969e-02 5.455408935546875000e+02
1.760095262527465820e+01 3.520000000000000018e+00 5.000000074505805969e-02 3.497056579589843750e+02
1.768691396713256836e+01 3.490000000000000213e+00 5.000000074505805969e-02 3.497056579589843750e+02
1.779891586303710938e+01 3.470000000000000195e+00 5.000000074505805969e-02 5.315526123046875000e+02
1.789391469955444336e+01 3.470000000000000195e+00 5.000000074505805969e-02 6.294701538085937500e+02
1.798291182518005371e+01 3.479999999999999982e+00 5.000000074505805969e-02 5.455408935546875000e+02
1.809091424942016602e+01 3.580000000000000071e+00 5.000000074505805969e-02 6.294701538085937500e+02
1.818591499328613281e+01 3.560000000000000053e+00 5.000000074505805969e-02 6.294701538085937500e+02
1.829796695709228516e+01 3.549999999999999822e+00 5.000000074505805969e-02 5.315526123046875000e+02
1.838291215896606445e+01 3.500000000000000000e+00 5.000000074505805969e-02 4.616115112304687500e+02
1.849991464614868164e+01 3.450000000000000178e+00 5.000000074505805969e-02 5.315526123046875000e+02
1.859091424942016602e+01 3.450000000000000178e+00 5.000000074505805969e-02 5.455408935546875000e+02
1.869792723655700684e+01 3.509999999999999787e+00 5.000000074505805969e-02 5.455408935546875000e+02
1.879295730590820312e+01 3.509999999999999787e+00 5.000000074505805969e-02 5.455408935546875000e+02
1.888391184806823730e+01 3.509999999999999787e+00 5.000000074505805969e-02 5.315526123046875000e+02
1.899091267585754395e+01 3.540000000000000036e+00 5.000000074505805969e-02 6.294701538085937500e+02
1.908191347122192383e+01 3.540000000000000036e+00 5.000000074505805969e-02 6.294701538085937500e+02
1.919891405105590820e+01 3.430000000000000160e+00 5.000000074505805969e-02 4.476232604980468750e+02
1.928391098976135254e+01 3.450000000000000178e+00 5.000000074505805969e-02 4.476232604980468750e+02
1.939695835113525391e+01 3.479999999999999982e+00 5.000000074505805969e-02 3.636938781738281250e+02
1.949091362953186035e+01 3.439999999999999947e+00 5.000000074505805969e-02 3.636938781738281250e+02
1.959891605377197266e+01 3.430000000000000160e+00 5.000000074505805969e-02 4.476232604980468750e+02
1.968895673751831055e+01 3.439999999999999947e+00 5.000000074505805969e-02 5.455408935546875000e+02
1.978391098976135254e+01 3.549999999999999822e+00 5.000000074505805969e-02 5.455408935546875000e+02
1.989191341400146484e+01 3.470000000000000195e+00 5.000000074505805969e-02 3.636938781738281250e+02
1.998094820976257324e+01 3.390000000000000124e+00 5.000000074505805969e-02 2.657763061523437500e+02
2.009891915321350098e+01 3.359999999999999876e+00 5.000000074505805969e-02 2.657763061523437500e+02
2.018798542022705078e+01 3.359999999999999876e+00 5.000000074505805969e-02 4.476232604980468750e+02
2.029591202735900879e+01 3.470000000000000195e+00 5.000000074505805969e-02 2.657763061523437500e+02
2.039091420173645020e+01 3.459999999999999964e+00 5.000000074505805969e-02 5.455408935546875000e+02
2.048094940185546875e+01 3.470000000000000195e+00 5.000000074505805969e-02 5.315526123046875000e+02
2.058791065216064453e+01 3.540000000000000036e+00 5.000000074505805969e-02 4.476232604980468750e+02
2.068291211128234863e+01 3.620000000000000107e+00 5.000000074505805969e-02 3.636938781738281250e+02
2.079592370986938477e+01 3.529999999999999805e+00 5.000000074505805969e-02 4.476232604980468750e+02
2.088094973564147949e+01 3.419999999999999929e+00 5.000000074505805969e-02 3.636938781738281250e+02
2.099791550636291504e+01 3.419999999999999929e+00 5.000000074505805969e-02 5.315526123046875000e+02
2.108895373344421387e+01 3.479999999999999982e+00 5.000000074505805969e-02 5.315526123046875000e+02
2.119591164588928223e+01 3.500000000000000000e+00 5.000000074505805969e-02 5.455408935546875000e+02
2.128691363334655762e+01 3.520000000000000018e+00 5.000000074505805969e-02 5.455408935546875000e+02
2.138095045089721680e+01 3.549999999999999822e+00 5.000000074505805969e-02 5.315526123046875000e+02
2.148895931243896484e+01 3.560000000000000053e+00 5.000000074505805969e-02 6.294701538085937500e+02
2.158494949340820312e+01 3.479999999999999982e+00 5.000000074505805969e-02 6.294701538085937500e+02
2.169591021537780762e+01 3.500000000000000000e+00 5.000000074505805969e-02 6.294701538085937500e+02
2.178192019462585449e+01 3.459999999999999964e+00 5.000000074505805969e-02 4.616115112304687500e+02
2.189391875267028809e+01 3.470000000000000195e+00 5.000000074505805969e-02 4.476232604980468750e+02
2.198896956443786621e+01 3.470000000000000195e+00 5.000000074505805969e-02 4.476232604980468750e+02
2.209695482254028320e+01 3.479999999999999982e+00 5.000000074505805969e-02 4.476232604980468750e+02
2.218591165542602539e+01 3.490000000000000213e+00 5.000000074505805969e-02 4.476232604980468750e+02
2.228095102310180664e+01 3.450000000000000178e+00 5.000000074505805969e-02 4.476232604980468750e+02
2.239295721054077148e+01 3.470000000000000195e+00 5.000000074505805969e-02 4.616115112304687500e+02
2.250095891952514648e+01 3.450000000000000178e+00 5.000000074505805969e-02 4.476232604980468750e+02
2.259591293334960938e+01 3.419999999999999929e+00 5.000000074505805969e-02 5.315526123046875000e+02
2.268591451644897461e+01 3.419999999999999929e+00 5.000000074505805969e-02 6.294701538085937500e+02
2.279295063018798828e+01 3.490000000000000213e+00 5.000000074505805969e-02 5.455408935546875000e+02
2.288802170753479004e+01 3.509999999999999787e+00 5.000000074505805969e-02 5.455408935546875000e+02
2.300094866752624512e+01 3.509999999999999787e+00 5.000000074505805969e-02 5.455408935546875000e+02
2.308591437339782715e+01 3.549999999999999822e+00 5.000000074505805969e-02 5.455408935546875000e+02
2.317694926261901855e+01 3.509999999999999787e+00 5.000000074505805969e-02 5.455408935546875000e+02
2.329391503334045410e+01 3.470000000000000195e+00 5.000000074505805969e-02 6.294701538085937500e+02
2.339991235733032227e+01 3.509999999999999787e+00 5.000000074505805969e-02 6.294701538085937500e+02
2.349190831184387207e+01 3.540000000000000036e+00 5.000000074505805969e-02 7.133995361328125000e+02
2.358591270446777344e+01 3.509999999999999787e+00 5.000000074505805969e-02 8.113171386718750000e+02
2.369391369819641113e+01 3.580000000000000071e+00 5.000000074505805969e-02 7.273877563476562500e+02
2.378391408920288086e+01 3.540000000000000036e+00 5.000000074505805969e-02 4.476232604980468750e+02
2.389991354942321777e+01 3.490000000000000213e+00 5.000000074505805969e-02 5.455408935546875000e+02
2.398691153526306152e+01 3.479999999999999982e+00 5.000000074505805969e-02 4.476232604980468750e+02
2.409891533851623535e+01 3.479999999999999982e+00 5.000000074505805969e-02 3.497056579589843750e+02
2.419391489028930664e+01 3.379999999999999893e+00 5.000000074505805969e-02 5.315526123046875000e+02
2.430095887184143066e+01 3.410000000000000142e+00 5.000000074505805969e-02 7.273877563476562500e+02
2.439091157913208008e+01 3.529999999999999805e+00 5.000000074505805969e-02 6.294701538085937500e+02
2.448591589927673340e+01 3.479999999999999982e+00 5.000000074505805969e-02 6.294701538085937500e+02
2.459802079200744629e+01 3.459999999999999964e+00 5.000000074505805969e-02 3.497056579589843750e+02
2.468291306495666504e+01 3.359999999999999876e+00 5.000000074505805969e-02 4.476232604980468750e+02
2.480094599723815918e+01 3.339999999999999858e+00 5.000000074505805969e-02 6.294701538085937500e+02
2.489091205596923828e+01 3.319999999999999840e+00 5.000000074505805969e-02 7.273877563476562500e+02
2.499792528152465820e+01 3.490000000000000213e+00 5.000000074505805969e-02 7.133995361328125000e+02
2.509295034408569336e+01 3.580000000000000071e+00 5.000000074505805969e-02 6.294701538085937500e+02
2.518391370773315430e+01 3.509999999999999787e+00 5.000000074505805969e-02 6.294701538085937500e+02
2.529091095924377441e+01 3.479999999999999982e+00 5.000000074505805969e-02 6.434584350585937500e+02
2.538191533088684082e+01 3.470000000000000195e+00 5.000000074505805969e-02 8.113171386718750000e+02
2.549893093109130859e+01 3.529999999999999805e+00 5.000000074505805969e-02 8.952465209960937500e+02
2.558391165733337402e+01 3.600000000000000089e+00 5.000000074505805969e-02 6.294701538085937500e+02
2.569695615768432617e+01 3.549999999999999822e+00 5.000000074505805969e-02 7.273877563476562500e+02
2.579090380668640137e+01 3.459999999999999964e+00 5.000000074505805969e-02 7.273877563476562500e+02
2.589891934394836426e+01 3.450000000000000178e+00 5.000000074505805969e-02 7.273877563476562500e+02
2.598895430564880371e+01 3.500000000000000000e+00 5.000000074505805969e-02 8.113171386718750000e+02
2.608391141891479492e+01 3.520000000000000018e+00 5.000000074505805969e-02 5.315526123046875000e+02
2.619191145896911621e+01 3.509999999999999787e+00 5.000000074505805969e-02 4.476232604980468750e+02
2.628094983100891113e+01 3.459999999999999964e+00 5.000000074505805969e-02 3.636938781738281250e+02
2.639891910552978516e+01 3.399999999999999911e+00 5.000000074505805969e-02 3.636938781738281250e+02
2.648791217803955078e+01 3.330000000000000071e+00 5.000000074505805969e-02 3.497056579589843750e+02
2.659591078758239746e+01 3.279999999999999805e+00 5.000000074505805969e-02 5.455408935546875000e+02
2.669091343879699707e+01 3.379999999999999893e+00 5.000000074505805969e-02 5.455408935546875000e+02
2.678095436096191406e+01 3.419999999999999929e+00 5.000000074505805969e-02 4.476232604980468750e+02
2.688791370391845703e+01 3.410000000000000142e+00 5.000000074505805969e-02 2.657763061523437500e+02
2.698291325569152832e+01 3.680000000000000160e+00 5.000000074505805969e-02 0.000000000000000000e+00
2.709591102600097656e+01 3.520000000000000018e+00 5.000000074505805969e-02 0.000000000000000000e+00
2.718095684051513672e+01 3.160000000000000142e+00 5.000000074505805969e-02 0.000000000000000000e+00
2.729792261123657227e+01 3.240000000000000213e+00 5.000000074505805969e-02 0.000000000000000000e+00
2.738896155357360840e+01 4.110000000000000320e+00 5.000000074505805969e-02 0.000000000000000000e+00
2.749591135978698730e+01 5.830000000000000071e+00 5.000000074505805969e-02 0.000000000000000000e+00
2.758691763877868652e+01 6.990000000000000213e+00 5.000000074505805969e-02 0.000000000000000000e+00
2.768097257614135742e+01 5.500000000000000000e+00 1.999999955296516418e-02 -1.342869750976562500e+03
2.778896570205688477e+01 3.540000000000000036e+00 1.999999955296516418e-02 -1.440787353515625000e+03
2.790095067024230957e+01 3.299999999999999822e+00 1.999999955296516418e-02 -9.092347412109375000e+02
2.799591159820556641e+01 3.419999999999999929e+00 1.999999955296516418e-02 -9.791759033203125000e+02
2.808191323280334473e+01 3.390000000000000124e+00 1.999999955296516418e-02 -1.077093505859375000e+03
2.819391560554504395e+01 3.430000000000000160e+00 1.999999955296516418e-02 -9.791759033203125000e+02
2.828896021842956543e+01 3.399999999999999911e+00 1.999999955296516418e-02 -8.113171386718750000e+02
2.839694762229919434e+01 3.470000000000000195e+00 1.999999955296516418e-02 -7.133995361328125000e+02
2.848591446876525879e+01 3.459999999999999964e+00 1.999999955296516418e-02 -8.113171386718750000e+02
2.858095407485961914e+01 3.419999999999999929e+00 1.999999955296516418e-02 -8.113171386718750000e+02
2.869295120239257812e+01 3.450000000000000178e+00 1.999999955296516418e-02 -8.113171386718750000e+02
2.880096077919006348e+01 3.450000000000000178e+00 1.999999955296516418e-02 -9.092347412109375000e+02
2.889695692062377930e+01 3.439999999999999947e+00 1.999999955296516418e-02 -8.952465209960937500e+02
2.898791503906250000e+01 3.439999999999999947e+00 1.999999955296516418e-02 -8.952465209960937500e+02
2.909491324424743652e+01 3.399999999999999911e+00 1.999999955296516418e-02 -8.113171386718750000e+02
2.918291282653808594e+01 3.359999999999999876e+00 1.999999955296516418e-02 -9.092347412109375000e+02
2.929591512680053711e+01 3.390000000000000124e+00 1.999999955296516418e-02 -8.113171386718750000e+02
2.939091277122497559e+01 3.450000000000000178e+00 1.999999955296516418e-02 -7.133995361328125000e+02
2.949891901016235352e+01 3.459999999999999964e+00 1.999999955296516418e-02 -8.952465209960937500e+02
2.958791780471801758e+01 3.430000000000000160e+00 1.999999955296516418e-02 -9.092347412109375000e+02
2.967891407012939453e+01 3.430000000000000160e+00 1.999999955296516418e-02 -8.113171386718750000e+02
2.979190945625305176e+01 3.430000000000000160e+00 1.999999955296516418e-02 -9.092347412109375000e+02
2.987991213798522949e+01 3.439999999999999947e+00 1.999999955296516418e-02 -8.113171386718750000e+02
2.999391484260559082e+01 3.430000000000000160e+00 1.999999955296516418e-02 -9.092347412109375000e+02
3.008791327476501465e+01 3.439999999999999947e+00 1.999999955296516418e-02 -7.973289184570312500e+02
3.019491410255432129e+01 3.399999999999999911e+00 1.999999955296516418e-02 -7.273877563476562500e+02
3.028591108322143555e+01 3.430000000000000160e+00 1.999999955296516418e-02 -6.294701538085937500e+02
3.038095569610595703e+01 3.419999999999999929e+00 1.999999955296516418e-02 -6.294701538085937500e+02
3.048791527748107910e+01 3.379999999999999893e+00 1.999999955296516418e-02 -6.294701538085937500e+02
3.059991550445556641e+01 3.419999999999999929e+00 1.999999955296516418e-02 -6.294701538085937500e+02
3.069591164588928223e+01 3.459999999999999964e+00 1.999999955296516418e-02 -6.294701538085937500e+02
3.078095722198486328e+01 3.470000000000000195e+00 1.999999955296516418e-02 -6.294701538085937500e+02
3.089295744895935059e+01 3.540000000000000036e+00 1.999999955296516418e-02 -7.133995361328125000e+02
3.098791503906250000e+01 3.490000000000000213e+00 1.999999955296516418e-02 -8.113171386718750000e+02
3.109591078758239746e+01 3.450000000000000178e+00 1.999999955296516418e-02 -8.113171386718750000e+02
3.118495535850524902e+01 3.399999999999999911e+00 1.999999955296516418e-02 -8.113171386718750000e+02
3.130095624923706055e+01 3.459999999999999964e+00 1.999999955296516418e-02 -8.952465209960937500e+02
3.141091156005859375e+01 3.450000000000000178e+00 1.999999955296516418e-02 -8.113171386718750000e+02
3.151491189002990723e+01 3.390000000000000124e+00 1.999999955296516418e-02 -7.133995361328125000e+02
3.161791825294494629e+01 3.399999999999999911e+00 1.999999955296516418e-02 -7.973289184570312500e+02
3.170391297340393066e+01 3.470000000000000195e+00 1.999999955296516418e-02 -8.113171386718750000e+02
3.181491279602050781e+01 3.439999999999999947e+00 1.999999955296516418e-02 -8.113171386718750000e+02
3.190991640090942383e+01 3.430000000000000160e+00 1.999999955296516418e-02 -8.113171386718750000e+02
3.201892232894897461e+01 3.450000000000000178e+00 1.999999955296516418e-02 -7.273877563476562500e+02
3.210802602767944336e+01 3.330000000000000071e+00 1.999999955296516418e-02 -5.315526123046875000e+02
3.219892215728759766e+01 3.430000000000000160e+00 1.999999955296516418e-02 -4.476232604980468750e+02
3.231191134452819824e+01 3.520000000000000018e+00 1.999999955296516418e-02 -6.294701538085937500e+02
3.239991426467895508e+01 3.470000000000000195e+00 1.999999955296516418e-02 -6.294701538085937500e+02
3.251391339302062988e+01 3.399999999999999911e+00 1.999999955296516418e-02 -5.315526123046875000e+02
3.260790991783142090e+01 3.500000000000000000e+00 1.999999955296516418e-02 -6.294701538085937500e+02
3.271491384506225586e+01 3.490000000000000213e+00 1.999999955296516418e-02 -5.455408935546875000e+02
3.280591225624084473e+01 3.459999999999999964e+00 1.999999955296516418e-02 -7.273877563476562500e+02
3.290095400810241699e+01 3.509999999999999787e+00 1.999999955296516418e-02 -8.113171386718750000e+02
3.300791835784912109e+01 3.450000000000000178e+00 1.999999955296516418e-02 -8.113171386718750000e+02
3.312095022201538086e+01 3.479999999999999982e+00 1.999999955296516418e-02 -9.092347412109375000e+02
3.321591472625732422e+01 3.430000000000000160e+00 1.999999955296516418e-02 -1.077093505859375000e+03
3.330095505714416504e+01 3.410000000000000142e+00 1.999999955296516418e-02 -1.077093505859375000e+03
3.341294884681701660e+01 3.399999999999999911e+00 1.999999955296516418e-02 -1.091081787109375000e+03
3.350791192054748535e+01 3.410000000000000142e+00 1.999999955296516418e-02 -1.091081787109375000e+03
3.361592173576354980e+01 3.390000000000000124e+00 1.999999955296516418e-02 -1.077093505859375000e+03
3.370495223999023438e+01 3.339999999999999858e+00 1.999999955296516418e-02 -9.791759033203125000e+02
3.382095193862915039e+01 3.350000000000000089e+00 1.999999955296516418e-02 -8.952465209960937500e+02
3.390895915031433105e+01 3.379999999999999893e+00 1.999999955296516418e-02 -8.113171386718750000e+02
3.401991271972656250e+01 3.359999999999999876e+00 1.999999955296516418e-02 -8.113171386718750000e+02
3.411491274833679199e+01 3.350000000000000089e+00 1.999999955296516418e-02 -6.294701538085937500e+02
3.420191287994384766e+01 3.399999999999999911e+00 1.999999955296516418e-02 -7.133995361328125000e+02
3.431295895576477051e+01 3.490000000000000213e+00 1.999999955296516418e-02 -7.133995361328125000e+02
3.440391302108764648e+01 3.500000000000000000e+00 1.999999955296516418e-02 -6.294701538085937500e+02
3.451695656776428223e+01 3.490000000000000213e+00 1.999999955296516418e-02 -6.294701538085937500e+02
3.460494899749755859e+01 3.430000000000000160e+00 1.999999955296516418e-02 -7.273877563476562500e+02
3.471891903877258301e+01 3.399999999999999911e+00 1.999999955296516418e-02 -6.294701538085937500e+02
3.481296014785766602e+01 3.470000000000000195e+00 1.999999955296516418e-02 -8.113171386718750000e+02
3.491991353034973145e+01 3.430000000000000160e+00 1.999999955296516418e-02 -7.133995361328125000e+02
3.501091337203979492e+01 3.370000000000000107e+00 1.999999955296516418e-02 -5.455408935546875000e+02
3.510591292381286621e+01 3.339999999999999858e+00 1.999999955296516418e-02 -5.455408935546875000e+02
3.521295166015625000e+01 3.439999999999999947e+00 1.999999955296516418e-02 -7.273877563476562500e+02
3.530291414260864258e+01 3.459999999999999964e+00 1.999999955296516418e-02 -6.294701538085937500e+02
3.540391182899475098e+01 3.419999999999999929e+00 1.999999955296516418e-02 -6.294701538085937500e+02
3.550591659545898438e+01 3.459999999999999964e+00 1.999999955296516418e-02 -6.294701538085937500e+02
3.561791443824768066e+01 3.430000000000000160e+00 1.999999955296516418e-02 -8.113171386718750000e+02
3.571295332908630371e+01 3.350000000000000089e+00 1.999999955296516418e-02 -6.294701538085937500e+02
3.579891872406005859e+01 3.359999999999999876e+00 1.999999955296516418e-02 -5.315526123046875000e+02
3.590991449356079102e+01 2.759999999999999787e+00 1.999999955296516418e-02 0.000000000000000000e+00
3.600494933128356934e+01 2.689999999999999947e+00 1.999999955296516418e-02 0.000000000000000000e+00
3.611391329765319824e+01 2.620000000000000107e+00 1.999999955296516418e-02 0.000000000000000000e+00
3.620291280746459961e+01 1.800000000000000044e+00 1.999999955296516418e-02 0.000000000000000000e+00
3.631991505622863770e+01 1.090000000000000080e+00 5.000000074505805969e-02 8.392935943603515625e+01
3.640691089630126953e+01 2.100000000000000089e+00 5.000000074505805969e-02 1.440787353515625000e+03
3.651791548728942871e+01 3.430000000000000160e+00 5.000000074505805969e-02 1.538704956054687500e+03
3.660895705223083496e+01 3.660000000000000142e+00 5.000000074505805969e-02 1.175010986328125000e+03
3.672095179557800293e+01 3.540000000000000036e+00 5.000000074505805969e-02 1.175010986328125000e+03
3.680991888046264648e+01 3.470000000000000195e+00 5.000000074505805969e-02 1.258940307617187500e+03
3.690095162391662598e+01 3.500000000000000000e+00 5.000000074505805969e-02 1.258940307617187500e+03
3.701792788505554199e+01 3.520000000000000018e+00 5.000000074505805969e-02 1.356857910156250000e+03
3.710291433334350586e+01 3.540000000000000036e+00 5.000000074505805969e-02 9.931641235351562500e+02
3.721591067314147949e+01 3.600000000000000089e+00 5.000000074505805969e-02 9.092347412109375000e+02
3.731091165542602539e+01 3.520000000000000018e+00 5.000000074505805969e-02 7.133995361328125000e+02
3.741791605949401855e+01 3.479999999999999982e+00 5.000000074505805969e-02 7.133995361328125000e+02
3.750791096687316895e+01 3.430000000000000160e+00 5.000000074505805969e-02 7.273877563476562500e+02
3.760290884971618652e+01 3.529999999999999805e+00 5.000000074505805969e-02 7.133995361328125000e+02
3.771091103553771973e+01 3.569999999999999840e+00 5.000000074505805969e-02 6.294701538085937500e+02
3.779991269111633301e+01 3.569999999999999840e+00 5.000000074505805969e-02 4.476232604980468750e+02
3.791796851158142090e+01 3.520000000000000018e+00 5.000000074505805969e-02 4.476232604980468750e+02
3.800391101837158203e+01 3.439999999999999947e+00 5.000000074505805969e-02 6.294701538085937500e+02
3.811491298675537109e+01 3.479999999999999982e+00 5.000000074505805969e-02 7.273877563476562500e+02
3.820991587638854980e+01 3.560000000000000053e+00 5.000000074505805969e-02 7.133995361328125000e+02
3.831892228126525879e+01 3.560000000000000053e+00 5.000000074505805969e-02 8.113171386718750000e+02
3.840792274475097656e+01 3.549999999999999822e+00 5.000000074505805969e-02 7.273877563476562500e+02
3.849891662597656250e+01 3.490000000000000213e+00 5.000000074505805969e-02 6.294701538085937500e+02
3.861191463470458984e+01 3.479999999999999982e+00 5.000000074505805969e-02 7.133995361328125000e+02
3.869991421699523926e+01 3.509999999999999787e+00 5.000000074505805969e-02 7.273877563476562500e+02
3.881391429901123047e+01 3.540000000000000036e+00 5.000000074505805969e-02 8.113171386718750000e+02
3.890791559219360352e+01 3.569999999999999840e+00 5.000000074505805969e-02 7.133995361328125000e+02
3.901491093635559082e+01 3.529999999999999805e+00 5.000000074505805969e-02 6.294701538085937500e+02
3.910591340065002441e+01 3.419999999999999929e+00 5.000000074505805969e-02 7.973289184570312500e+02
3.920096826553344727e+01 3.470000000000000195e+00 5.000000074505805969e-02 8.113171386718750000e+02
3.930791378021240234e+01 3.470000000000000195e+00 5.000000074505805969e-02 8.113171386718750000e+02
3.942095756530761719e+01 3.569999999999999840e+00 5.000000074505805969e-02 8.113171386718750000e+02
3.951591205596923828e+01 3.520000000000000018e+00 5.000000074505805969e-02 8.113171386718750000e+02
3.960095858573913574e+01 3.439999999999999947e+00 5.000000074505805969e-02 9.092347412109375000e+02
3.971294736862182617e+01 3.520000000000000018e+00 5.000000074505805969e-02 8.952465209960937500e+02
3.980801820755004883e+01 3.589999999999999858e+00 5.000000074505805969e-02 9.092347412109375000e+02
3.991591095924377441e+01 3.640000000000000124e+00 5.000000074505805969e-02 7.133995361328125000e+02
4.000496435165405273e+01 3.439999999999999947e+00 5.000000074505805969e-02 7.273877563476562500e+02
4.010690927505493164e+01 3.509999999999999787e+00 5.000000074505805969e-02 8.113171386718750000e+02
4.020896744728088379e+01 3.529999999999999805e+00 5.000000074505805969e-02 6.294701538085937500e+02
4.031991219520568848e+01 3.560000000000000053e+00 5.000000074505805969e-02 8.113171386718750000e+02
4.041491484642028809e+01 3.560000000000000053e+00 5.000000074505805969e-02 8.113171386718750000e+02
4.050191473960876465e+01 3.500000000000000000e+00 5.000000074505805969e-02 8.952465209960937500e+02
4.061295366287231445e+01 3.490000000000000213e+00 5.000000074505805969e-02 8.113171386718750000e+02
4.070391297340393066e+01 3.470000000000000195e+00 5.000000074505805969e-02 8.113171386718750000e+02
4.081696176528930664e+01 3.520000000000000018e+00 5.000000074505805969e-02 8.113171386718750000e+02
4.090495371818542480e+01 3.479999999999999982e+00 5.000000074505805969e-02 9.931641235351562500e+02
4.101891613006591797e+01 3.529999999999999805e+00 5.000000074505805969e-02 9.931641235351562500e+02
4.111295890808105469e+01 3.479999999999999982e+00 5.000000074505805969e-02 8.952465209960937500e+02
4.121991300582885742e+01 3.520000000000000018e+00 5.000000074505805969e-02 9.931641235351562500e+02
4.131091332435607910e+01 3.600000000000000089e+00 5.000000074505805969e-02 8.952465209960937500e+02
4.140591239929199219e+01 3.580000000000000071e+00 5.000000074505805969e-02 8.113171386718750000e+02
4.151296806335449219e+01 3.490000000000000213e+00 5.000000074505805969e-02 9.092347412109375000e+02
4.160291123390197754e+01 3.549999999999999822e+00 5.000000074505805969e-02 7.973289184570312500e+02
4.172095084190368652e+01 3.529999999999999805e+00 5.000000074505805969e-02 9.092347412109375000e+02
4.180591201782226562e+01 3.589999999999999858e+00 5.000000074505805969e-02 8.952465209960937500e+02
4.191791915893554688e+01 3.490000000000000213e+00 5.000000074505805969e-02 9.931641235351562500e+02
4.201295304298400879e+01 3.520000000000000018e+00 5.000000074505805969e-02 8.952465209960937500e+02
4.212097001075744629e+01 3.500000000000000000e+00 5.000000074505805969e-02 8.113171386718750000e+02
4.220991516113281250e+01 3.549999999999999822e+00 5.000000074505805969e-02 8.113171386718750000e+02
4.230496096611022949e+01 3.479999999999999982e+00 5.000000074505805969e-02 5.315526123046875000e+02
4.241391324996948242e+01 3.439999999999999947e+00 5.000000074505805969e-02 6.294701538085937500e+02
4.250291156768798828e+01 3.370000000000000107e+00 5.000000074505805969e-02 7.133995361328125000e+02
4.261991286277770996e+01 3.339999999999999858e+00 5.000000074505805969e-02 8.113171386718750000e+02
4.270691132545471191e+01 3.470000000000000195e+00 5.000000074505805969e-02 9.092347412109375000e+02
4.281791853904724121e+01 3.580000000000000071e+00 5.000000074505805969e-02 9.092347412109375000e+02
4.290895366668701172e+01 3.540000000000000036e+00 5.000000074505805969e-02 9.931641235351562500e+02
4.302096867561340332e+01 3.500000000000000000e+00 5.000000074505805969e-02 9.931641235351562500e+02
4.310992193222045898e+01 3.569999999999999840e+00 5.000000074505805969e-02 1.077093505859375000e+03
4.320095205307006836e+01 3.569999999999999840e+00 5.000000074505805969e-02 9.791759033203125000e+02
4.331792521476745605e+01 3.540000000000000036e+00 5.000000074505805969e-02 8.113171386718750000e+02
4.340291118621826172e+01 3.490000000000000213e+00 5.000000074505805969e-02 8.952465209960937500e+02
4.351591229438781738e+01 3.509999999999999787e+00 5.000000074505805969e-02 8.952465209960937500e+02
4.361091256141662598e+01 3.520000000000000018e+00 5.000000074505805969e-02 7.133995361328125000e+02
4.371791410446166992e+01 3.509999999999999787e+00 5.000000074505805969e-02 7.133995361328125000e+02
4.380793333053588867e+01 3.399999999999999911e+00 5.000000074505805969e-02 5.455408935546875000e+02
4.390291023254394531e+01 3.319999999999999840e+00 5.000000074505805969e-02 6.294701538085937500e+02
4.401091170310974121e+01 3.359999999999999876e+00 5.000000074505805969e-02 7.973289184570312500e+02
4.409991550445556641e+01 3.479999999999999982e+00 5.000000074505805969e-02 2.657763061523437500e+02
4.421791505813598633e+01 3.600000000000000089e+00 5.000000074505805969e-02 0.000000000000000000e+00
4.430391383171081543e+01 3.379999999999999893e+00 5.000000074505805969e-02 0.000000000000000000e+00
4.441491341590881348e+01 3.020000000000000018e+00 5.000000074505805969e-02 0.000000000000000000e+00
4.450991415977478027e+01 3.129999999999999893e+00 5.000000074505805969e-02 0.000000000000000000e+00
4.461901569366455078e+01 4.900000000000000355e+00 5.000000074505805969e-02 0.000000000000000000e+00
4.470793175697326660e+01 6.120000000000000107e+00 1.999999955296516418e-02 -1.161022827148437500e+03
4.479891657829284668e+01 3.729999999999999982e+00 1.999999955296516418e-02 -1.986328247070312500e+03
4.491191601753234863e+01 3.410000000000000142e+00 1.999999955296516418e-02 -2.154187011718750000e+03
4.500691294670104980e+01 3.299999999999999822e+00 1.999999955296516418e-02 -2.070257568359375000e+03
4.511391806602478027e+01 3.430000000000000160e+00 1.999999955296516418e-02 -2.783656982421875000e+03
4.520791316032409668e+01 3.419999999999999929e+00 1.999999955296516418e-02 -2.965503906250000000e+03
4.531491136550903320e+01 3.560000000000000053e+00 1.999999955296516418e-02 -3.063421630859375000e+03
4.540591406822204590e+01 3.540000000000000036e+00 1.999999955296516418e-02 -3.413127197265625000e+03
4.552191400527954102e+01 3.580000000000000071e+00 1.999999955296516418e-02 -3.776821289062500000e+03
4.560791420936584473e+01 3.589999999999999858e+00 1.999999955296516418e-02 -3.874739013671875000e+03
4.572095131874084473e+01 3.529999999999999805e+00 1.999999955296516418e-02 -3.958668457031250000e+03
4.581591176986694336e+01 3.540000000000000036e+00 1.999999955296516418e-02 -3.874739013671875000e+03
4.592191505432128906e+01 3.529999999999999805e+00 1.999999955296516418e-02 -4.140515136718750000e+03
4.601295924186706543e+01 3.470000000000000195e+00 1.999999955296516418e-02 -3.874739013671875000e+03
4.610791397094726562e+01 3.500000000000000000e+00 1.999999955296516418e-02 -3.692892089843750000e+03
4.621591472625732422e+01 3.450000000000000178e+00 1.999999955296516418e-02 -3.427115478515625000e+03
4.630496454238891602e+01 3.370000000000000107e+00 1.999999955296516418e-02 -3.063421630859375000e+03
4.642191648483276367e+01 3.370000000000000107e+00 1.999999955296516418e-02 -2.797645263671875000e+03
4.650895524024963379e+01 3.419999999999999929e+00 1.999999955296516418e-02 -2.252104736328125000e+03
4.661992478370666504e+01 3.390000000000000124e+00 1.999999955296516418e-02 -1.972340087890625000e+03
4.671491265296936035e+01 3.450000000000000178e+00 1.999999955296516418e-02 -1.888410644531250000e+03
4.680191278457641602e+01 3.450000000000000178e+00 1.999999955296516418e-02 -1.804481201171875000e+03
4.691295552253723145e+01 3.439999999999999947e+00 1.999999955296516418e-02 -1.622634277343750000e+03
4.700391173362731934e+01 2.899999999999999911e+00 5.000000074505805969e-02 9.092347412109375000e+02
4.711695599555969238e+01 3.629999999999999893e+00 5.000000074505805969e-02 0.000000000000000000e+00
4.720495390892028809e+01 3.720000000000000195e+00 5.000000074505805969e-02 7.133995361328125000e+02
4.731894850730895996e+01 3.029999999999999805e+00 5.000000074505805969e-02 2.615798339843750000e+03
4.741295814514160156e+01 3.439999999999999947e+00 5.000000074505805969e-02 2.615798339843750000e+03
4.751992225646972656e+01 3.549999999999999822e+00 5.000000074505805969e-02 2.601810058593750000e+03
4.761091065406799316e+01 3.479999999999999982e+00 5.000000074505805969e-02 2.699727783203125000e+03
4.770591259002685547e+01 3.479999999999999982e+00 5.000000074505805969e-02 3.147350830078125000e+03
4.781294870376586914e+01 3.520000000000000018e+00 5.000000074505805969e-02 3.245268554687500000e+03
4.790291190147399902e+01 3.540000000000000036e+00 5.000000074505805969e-02 3.413127197265625000e+03
4.802095818519592285e+01 3.540000000000000036e+00 5.000000074505805969e-02 3.608962402343750000e+03
4.810591268539428711e+01 3.549999999999999822e+00 5.000000074505805969e-02 3.692892089843750000e+03
4.821791362762451172e+01 3.580000000000000071e+00 5.000000074505805969e-02 3.776821289062500000e+03
4.831295275688171387e+01 3.580000000000000071e+00 5.000000074505805969e-02 3.594974121093750000e+03
4.842096138000488281e+01 3.580000000000000071e+00 5.000000074505805969e-02 3.511044921875000000e+03
4.850991463661193848e+01 3.549999999999999822e+00 5.000000074505805969e-02 3.678903808593750000e+03
4.860497045516967773e+01 3.589999999999999858e+00 5.000000074505805969e-02 3.329197998046875000e+03
4.871391510963439941e+01 3.609999999999999876e+00 5.000000074505805969e-02 3.427115478515625000e+03
4.880291199684143066e+01 3.609999999999999876e+00 5.000000074505805969e-02 2.783656982421875000e+03
4.892001414299011230e+01 3.569999999999999840e+00 5.000000074505805969e-02 2.531868896484375000e+03
4.900691246986389160e+01 3.549999999999999822e+00 5.000000074505805969e-02 2.517880615234375000e+03
4.911791658401489258e+01 3.589999999999999858e+00 5.000000074505805969e-02 2.615798339843750000e+03
4.920894598960876465e+01 3.629999999999999893e+00 5.000000074505805969e-02 2.154187011718750000e+03
4.932191276550292969e+01 3.629999999999999893e+00 5.000000074505805969e-02 1.804481201171875000e+03
4.940991425514221191e+01 3.540000000000000036e+00 5.000000074505805969e-02 1.440787353515625000e+03
4.950094652175903320e+01 3.569999999999999840e+00 5.000000074505805969e-02 -9.791758728027343750e+01
4.961802124977111816e+01 5.209999999999999964e+00 5.000000074505805969e-02 0.000000000000000000e+00
4.970291352272033691e+01 5.009999999999999787e+00 5.000000074505805969e-02 0.000000000000000000e+00
4.981590366363525391e+01 4.480000000000000426e+00 5.000000074505805969e-02 0.000000000000000000e+00
4.991091370582580566e+01 4.179999999999999716e+00 5.000000074505805969e-02 0.000000000000000000e+00
5.001798772811889648e+01 3.729999999999999982e+00 5.000000074505805969e-02 0.000000000000000000e+00
5.010791563987731934e+01 3.649999999999999911e+00 5.000000074505805969e-02 0.000000000000000000e+00
5.020291185379028320e+01 3.500000000000000000e+00 5.000000074505805969e-02 0.000000000000000000e+00
5.031091642379760742e+01 3.439999999999999947e+00 5.000000074505805969e-02 0.000000000000000000e+00
5.039990401268005371e+01 3.470000000000000195e+00 5.000000074505805969e-02 0.000000000000000000e+00
5.051791572570800781e+01 3.500000000000000000e+00 5.000000074505805969e-02 0.000000000000000000e+00
5.060391306877136230e+01 3.500000000000000000e+00 5.000000074505805969e-02 0.000000000000000000e+00
5.071491289138793945e+01 3.509999999999999787e+00 5.000000074505805969e-02 0.000000000000000000e+00
5.080992531776428223e+01 3.500000000000000000e+00 5.000000074505805969e-02 0.000000000000000000e+00
5.091891336441040039e+01 3.500000000000000000e+00 5.000000074505805969e-02 0.000000000000000000e+00
5.100791430473327637e+01 3.500000000000000000e+00 5.000000074505805969e-02 0.000000000000000000e+00
5.109891200065612793e+01 3.490000000000000213e+00 5.000000074505805969e-02 0.000000000000000000e+00
5.121191263198852539e+01 3.490000000000000213e+00 5.000000074505805969e-02 0.000000000000000000e+00
5.129992270469665527e+01 3.479999999999999982e+00 5.000000074505805969e-02 0.000000000000000000e+00
5.141391611099243164e+01 3.479999999999999982e+00 5.000000074505805969e-02 0.000000000000000000e+00
5.150791335105895996e+01 3.470000000000000195e+00 5.000000074505805969e-02 0.000000000000000000e+00
5.161491298675537109e+01 3.470000000000000195e+00 5.000000074505805969e-02 0.000000000000000000e+00
5.170591664314270020e+01 3.459999999999999964e+00 5.000000074505805969e-02 0.000000000000000000e+00
5.180095505714416504e+01 3.459999999999999964e+00 5.000000074505805969e-02 0.000000000000000000e+00
5.190791440010070801e+01 3.450000000000000178e+00 5.000000074505805969e-02 0.000000000000000000e+00
5.202095031738281250e+01 3.450000000000000178e+00 5.000000074505805969e-02 0.000000000000000000e+00
5.211591315269470215e+01 3.439999999999999947e+00 5.000000074505805969e-02 0.000000000000000000e+00
