5.091190338134765625e-03 2.700000000000000178e+00 4.899999871850013733e-02 0.000000000000000000e+00
1.050920486450195312e-01 2.700000000000000178e+00 4.899999871850013733e-02 0.000000000000000000e+00
2.050061225891113281e-01 2.700000000000000178e+00 4.899999871850013733e-02 0.000000000000000000e+00
2.949905395507812500e-01 2.700000000000000178e+00 4.899999871850013733e-02 0.000000000000000000e+00
3.890049457550048828e-01 2.700000000000000178e+00 4.899999871850013733e-02 0.000000000000000000e+00
5.019650459289550781e-01 2.700000000000000178e+00 4.899999871850013733e-02 0.000000000000000000e+00
5.870592594146728516e-01 2.700000000000000178e+00 4.899999871850013733e-02 0.000000000000000000e+00
6.989641189575195312e-01 2.700000000000000178e+00 4.899999871850013733e-02 0.000000000000000000e+00
7.930033206939697266e-01 2.700000000000000178e+00 4.899999871850013733e-02 0.000000000000000000e+00
8.999605178833007812e-01 2.700000000000000178e+00 4.899999871850013733e-02 0.000000000000000000e+00
9.949617385864257812e-01 2.700000000000000178e+00 4.899999871850013733e-02 0.000000000000000000e+00
1.102961778640747070e+00 2.700000000000000178e+00 4.899999871850013733e-02 0.000000000000000000e+00
1.197967529296875000e+00 2.700000000000000178e+00 4.899999871850013733e-02 0.000000000000000000e+00
1.287961006164550781e+00 2.700000000000000178e+00 4.899999871850013733e-02 0.000000000000000000e+00
1.394960641860961914e+00 2.700000000000000178e+00 4.899999871850013733e-02 0.000000000000000000e+00
1.489965200424194336e+00 2.700000000000000178e+00 4.899999871850013733e-02 0.000000000000000000e+00
1.602960586547851562e+00 2.709999999999999964e+00 4.899999871850013733e-02 0.000000000000000000e+00
1.687962532043457031e+00 2.770000000000000018e+00 4.899999871850013733e-02 0.000000000000000000e+00
1.805004119873046875e+00 2.979999999999999982e+00 4.899999871850013733e-02 0.000000000000000000e+00
1.895964860916137695e+00 3.490000000000000213e+00 4.899999871850013733e-02 0.000000000000000000e+00
2.002964019775390625e+00 4.030000000000000249e+00 4.899999871850013733e-02 0.000000000000000000e+00
2.093964338302612305e+00 4.440000000000000391e+00 4.899999871850013733e-02 0.000000000000000000e+00
2.187964916229248047e+00 4.940000000000000391e+00 4.899999871850013733e-02 0.000000000000000000e+00
2.295965671539306641e+00 5.099999999999999645e+00 4.899999871850013733e-02 0.000000000000000000e+00
2.385967254638671875e+00 5.259999999999999787e+00 4.899999871850013733e-02 0.000000000000000000e+00
2.502961874008178711e+00 5.530000000000000249e+00 4.899999871850013733e-02 0.000000000000000000e+00
2.589005947113037109e+00 6.219999999999999751e+00 4.899999871850013733e-02 0.000000000000000000e+00
2.701002597808837891e+00 6.589999999999999858e+00 4.899999871850013733e-02 0.000000000000000000e+00
2.795965671539306641e+00 7.000000000000000000e+00 4.899999871850013733e-02 0.000000000000000000e+00
2.903961181640625000e+00 6.589999999999999858e+00 2.099999971687793732e-02 -8.952465209960937500e+02
2.993000507354736328e+00 3.609999999999999876e+00 2.099999971687793732e-02 -8.952465209960937500e+02
3.087965011596679688e+00 3.479999999999999982e+00 2.099999971687793732e-02 -5.315526123046875000e+02
3.199959754943847656e+00 3.580000000000000071e+00 2.099999971687793732e-02 -5.455408935546875000e+02
3.285006046295166016e+00 3.629999999999999893e+00 2.099999971687793732e-02 -7.133995361328125000e+02
3.402959823608398438e+00 3.549999999999999822e+00 2.099999971687793732e-02 -6.294701538085937500e+02
3.492999315261840820e+00 3.560000000000000053e+00 2.099999971687793732e-02 -7.133995361328125000e+02
3.599962234497070312e+00 3.459999999999999964e+00 2.099999971687793732e-02 -6.294701538085937500e+02
3.694962501525878906e+00 3.430000000000000160e+00 2.099999971687793732e-02 -4.476232604980468750e+02
3.785975694656372070e+00 3.560000000000000053e+00 2.099999971687793732e-02 -4.476232604980468750e+02
3.893002986907958984e+00 3.569999999999999840e+00 2.099999971687793732e-02 -3.636938781738281250e+02
3.984002351760864258e+00 3.479999999999999982e+00 2.099999971687793732e-02 -3.636938781738281250e+02
4.100999593734741211e+00 3.569999999999999840e+00 2.099999971687793732e-02 -2.657763061523437500e+02
4.185970306396484375e+00 3.589999999999999858e+00 2.099999971687793732e-02 -2.657763061523437500e+02
4.298968315124511719e+00 3.629999999999999893e+00 2.099999971687793732e-02 -1.818469390869140625e+02
4.393000602722167969e+00 3.669999999999999929e+00 2.099999971687793732e-02 -3.636938781738281250e+02
4.501042366027832031e+00 3.609999999999999876e+00 2.099999971687793732e-02 -4.476232604980468750e+02
4.590962648391723633e+00 3.549999999999999822e+00 2.099999971687793732e-02 -3.636938781738281250e+02
4.685968875885009766e+00 3.580000000000000071e+00 2.099999971687793732e-02 -5.315526123046875000e+02
4.793963670730590820e+00 3.569999999999999840e+00 2.099999971687793732e-02 -6.294701538085937500e+02
4.889994144439697266e+00 3.509999999999999787e+00 2.099999971687793732e-02 -4.476232604980468750e+02
5.001002073287963867e+00 3.520000000000000018e+00 2.099999971687793732e-02 -6.294701538085937500e+02
5.089963197708129883e+00 3.560000000000000053e+00 2.099999971687793732e-02 -6.294701538085937500e+02
5.197971582412719727e+00 3.509999999999999787e+00 2.099999971687793732e-02 -4.616115112304687500e+02
5.293002843856811523e+00 3.520000000000000018e+00 2.099999971687793732e-02 -2.657763061523437500e+02
5.405003547668457031e+00 3.819999999999999840e+00 2.099999971687793732e-02 -2.657763061523437500e+02
5.489965677261352539e+00 3.899999999999999911e+00 2.099999971687793732e-02 -2.657763061523437500e+02
5.584998130798339844e+00 3.870000000000000107e+00 2.099999971687793732e-02 -4.616115112304687500e+02
5.697962999343872070e+00 3.770000000000000018e+00 2.099999971687793732e-02 -5.455408935546875000e+02
5.798962354660034180e+00 3.689999999999999947e+00 2.099999971687793732e-02 -4.476232604980468750e+02
5.899960994720458984e+00 3.689999999999999947e+00 2.099999971687793732e-02 -4.616115112304687500e+02
5.990961313247680664e+00 3.750000000000000000e+00 2.099999971687793732e-02 -4.476232604980468750e+02
6.097968101501464844e+00 3.729999999999999982e+00 2.099999971687793732e-02 -4.476232604980468750e+02
6.189001083374023438e+00 3.759999999999999787e+00 2.099999971687793732e-02 -4.476232604980468750e+02
6.289963960647583008e+00 3.779999999999999805e+00 2.099999971687793732e-02 -4.476232604980468750e+02
6.390963792800903320e+00 3.740000000000000213e+00 2.099999971687793732e-02 -3.636938781738281250e+02
6.503963947296142578e+00 3.729999999999999982e+00 2.099999971687793732e-02 -4.476232604980468750e+02
6.597963094711303711e+00 3.720000000000000195e+00 2.099999971687793732e-02 -4.476232604980468750e+02
6.704996109008789062e+00 3.680000000000000160e+00 2.099999971687793732e-02 -4.476232604980468750e+02
6.795968532562255859e+00 3.729999999999999982e+00 2.099999971687793732e-02 -6.294701538085937500e+02
6.890962123870849609e+00 3.729999999999999982e+00 2.099999971687793732e-02 -5.455408935546875000e+02
6.998960494995117188e+00 3.649999999999999911e+00 2.099999971687793732e-02 -4.616115112304687500e+02
7.087963104248046875e+00 3.609999999999999876e+00 2.099999971687793732e-02 -4.616115112304687500e+02
7.182960748672485352e+00 3.609999999999999876e+00 2.099999971687793732e-02 -5.455408935546875000e+02
7.294960021972656250e+00 3.609999999999999876e+00 2.099999971687793732e-02 -5.455408935546875000e+02
7.402958393096923828e+00 3.569999999999999840e+00 2.099999971687793732e-02 -6.294701538085937500e+02
7.497962236404418945e+00 3.569999999999999840e+00 2.099999971687793732e-02 -5.315526123046875000e+02
7.587958097457885742e+00 3.500000000000000000e+00 2.099999971687793732e-02 -5.315526123046875000e+02
7.694959402084350586e+00 3.500000000000000000e+00 2.099999971687793732e-02 -2.797645568847656250e+02
7.789963245391845703e+00 3.580000000000000071e+00 2.099999971687793732e-02 -3.636938781738281250e+02
7.902985572814941406e+00 3.589999999999999858e+00 2.099999971687793732e-02 -3.497056579589843750e+02
7.987961530685424805e+00 3.509999999999999787e+00 2.099999971687793732e-02 -2.657763061523437500e+02
8.103958606719970703e+00 3.569999999999999840e+00 2.099999971687793732e-02 -4.476232604980468750e+02
8.195965766906738281e+00 3.529999999999999805e+00 2.099999971687793732e-02 -4.476232604980468750e+02
8.302960872650146484e+00 3.529999999999999805e+00 2.099999971687793732e-02 -2.657763061523437500e+02
8.393963575363159180e+00 3.609999999999999876e+00 2.099999971687793732e-02 -3.497056579589843750e+02
8.487969636917114258e+00 3.569999999999999840e+00 2.099999971687793732e-02 -4.616115112304687500e+02
8.595968008041381836e+00 3.560000000000000053e+00 2.099999971687793732e-02 -3.636938781738281250e+02
8.685978412628173828e+00 3.620000000000000107e+00 2.099999971687793732e-02 -4.476232604980468750e+02
8.802963972091674805e+00 3.680000000000000160e+00 2.099999971687793732e-02 -2.657763061523437500e+02
8.889001846313476562e+00 3.649999999999999911e+00 2.099999971687793732e-02 -1.818469390869140625e+02
9.000995635986328125e+00 3.629999999999999893e+00 2.099999971687793732e-02 -2.657763061523437500e+02
9.095970869064331055e+00 3.709999999999999964e+00 2.099999971687793732e-02 -3.497056579589843750e+02
9.203960895538330078e+00 3.589999999999999858e+00 2.099999971687793732e-02 -5.455408935546875000e+02
9.292996168136596680e+00 3.600000000000000089e+00 2.099999971687793732e-02 -4.476232604980468750e+02
9.387963294982910156e+00 3.600000000000000089e+00 2.099999971687793732e-02 -5.315526123046875000e+02
9.499963998794555664e+00 3.549999999999999822e+00 2.099999971687793732e-02 -5.315526123046875000e+02
9.585004568099975586e+00 3.560000000000000053e+00 2.099999971687793732e-02 -6.294701538085937500e+02
9.702967643737792969e+00 3.589999999999999858e+00 2.099999971687793732e-02 -7.133995361328125000e+02
9.793002367019653320e+00 3.520000000000000018e+00 2.099999971687793732e-02 -5.455408935546875000e+02
9.899964570999145508e+00 3.479999999999999982e+00 2.099999971687793732e-02 -4.476232604980468750e+02
9.994963645935058594e+00 3.540000000000000036e+00 2.099999971687793732e-02 -3.636938781738281250e+02
1.008597350120544434e+01 3.549999999999999822e+00 2.099999971687793732e-02 -3.497056579589843750e+02
1.019300842285156250e+01 3.640000000000000124e+00 2.099999971687793732e-02 -3.497056579589843750e+02
1.028396081924438477e+01 3.549999999999999822e+00 2.099999971687793732e-02 -2.797645568847656250e+02
1.040101099014282227e+01 3.660000000000000142e+00 2.099999971687793732e-02 -3.636938781738281250e+02
1.048596858978271484e+01 3.680000000000000160e+00 2.099999971687793732e-02 -4.476232604980468750e+02
1.059896183013916016e+01 3.549999999999999822e+00 2.099999971687793732e-02 -4.476232604980468750e+02
1.069300198554992676e+01 3.609999999999999876e+00 2.099999971687793732e-02 -3.636938781738281250e+02
1.080101180076599121e+01 3.609999999999999876e+00 2.099999971687793732e-02 -6.294701538085937500e+02
1.089096093177795410e+01 3.589999999999999858e+00 2.099999971687793732e-02 -5.455408935546875000e+02
1.098597550392150879e+01 3.459999999999999964e+00 2.099999971687793732e-02 -4.476232604980468750e+02
1.109396767616271973e+01 3.470000000000000195e+00 2.099999971687793732e-02 -3.636938781738281250e+02
1.120296096801757812e+01 3.569999999999999840e+00 2.099999971687793732e-02 -2.657763061523437500e+02
1.130100560188293457e+01 3.620000000000000107e+00 2.099999971687793732e-02 -3.636938781738281250e+02
1.138996219635009766e+01 3.629999999999999893e+00 2.099999971687793732e-02 -5.455408935546875000e+02
1.149805450439453125e+01 3.589999999999999858e+00 2.099999971687793732e-02 -6.294701538085937500e+02
1.159299850463867188e+01 3.549999999999999822e+00 2.099999971687793732e-02 -5.455408935546875000e+02
1.170500922203063965e+01 3.580000000000000071e+00 2.099999971687793732e-02 -4.476232604980468750e+02
1.178996586799621582e+01 3.560000000000000053e+00 2.099999971687793732e-02 -4.476232604980468750e+02
1.188500881195068359e+01 3.560000000000000053e+00 2.099999971687793732e-02 -4.476232604980468750e+02
1.199796414375305176e+01 3.580000000000000071e+00 2.099999971687793732e-02 -3.497056579589843750e+02
1.210500311851501465e+01 3.649999999999999911e+00 2.099999971687793732e-02 -3.636938781738281250e+02
1.219996738433837891e+01 3.609999999999999876e+00 2.099999971687793732e-02 -3.636938781738281250e+02
1.229096126556396484e+01 3.609999999999999876e+00 2.099999971687793732e-02 -4.476232604980468750e+02
1.239796066284179688e+01 3.609999999999999876e+00 2.099999971687793732e-02 -6.294701538085937500e+02
1.248900842666625977e+01 3.609999999999999876e+00 2.099999971687793732e-02 -5.315526123046875000e+02
1.258996319770812988e+01 3.540000000000000036e+00 2.099999971687793732e-02 -6.294701538085937500e+02
1.269096136093139648e+01 3.490000000000000213e+00 2.099999971687793732e-02 -6.294701538085937500e+02
1.280396080017089844e+01 3.589999999999999858e+00 2.099999971687793732e-02 -6.434584350585937500e+02
1.289796161651611328e+01 3.549999999999999822e+00 2.099999971687793732e-02 -4.476232604980468750e+02
1.300596475601196289e+01 3.549999999999999822e+00 2.099999971687793732e-02 -3.497056579589843750e+02
1.309596657752990723e+01 3.569999999999999840e+00 2.099999971687793732e-02 -5.455408935546875000e+02
1.319096159934997559e+01 3.620000000000000107e+00 2.099999971687793732e-02 -4.476232604980468750e+02
1.329896521568298340e+01 3.589999999999999858e+00 2.099999971687793732e-02 -3.497056579589843750e+02
1.338796353340148926e+01 3.589999999999999858e+00 2.099999971687793732e-02 -4.616115112304687500e+02
1.350499653816223145e+01 3.560000000000000053e+00 2.099999971687793732e-02 -3.636938781738281250e+02
1.359496378898620605e+01 3.620000000000000107e+00 2.099999971687793732e-02 -3.636938781738281250e+02
1.370296120643615723e+01 3.569999999999999840e+00 2.099999971687793732e-02 -3.497056579589843750e+02
1.379796385765075684e+01 3.589999999999999858e+00 2.099999971687793732e-02 -5.315526123046875000e+02
1.388797807693481445e+01 3.569999999999999840e+00 2.099999971687793732e-02 -4.616115112304687500e+02
1.399495959281921387e+01 3.609999999999999876e+00 2.099999971687793732e-02 -5.455408935546875000e+02
1.408996248245239258e+01 3.549999999999999822e+00 2.099999971687793732e-02 -6.294701538085937500e+02
1.420296025276184082e+01 3.509999999999999787e+00 2.099999971687793732e-02 -4.476232604980468750e+02
1.428796029090881348e+01 3.560000000000000053e+00 2.099999971687793732e-02 -5.315526123046875000e+02
1.440499997138977051e+01 3.500000000000000000e+00 2.099999971687793732e-02 -5.455408935546875000e+02
1.449597239494323730e+01 3.500000000000000000e+00 2.099999971687793732e-02 -4.476232604980468750e+02
1.460296154022216797e+01 3.520000000000000018e+00 2.099999971687793732e-02 -3.497056579589843750e+02
1.469396162033081055e+01 3.600000000000000089e+00 2.099999971687793732e-02 -5.455408935546875000e+02
1.478796148300170898e+01 3.609999999999999876e+00 2.099999971687793732e-02 -3.636938781738281250e+02
1.489596724510192871e+01 3.649999999999999911e+00 2.099999971687793732e-02 -2.797645568847656250e+02
1.498605847358703613e+01 3.689999999999999947e+00 2.099999971687793732e-02 -5.315526123046875000e+02
1.510296440124511719e+01 3.680000000000000160e+00 2.099999971687793732e-02 -6.294701538085937500e+02
1.518899869918823242e+01 3.540000000000000036e+00 2.099999971687793732e-02 -6.294701538085937500e+02
1.530100297927856445e+01 3.540000000000000036e+00 2.099999971687793732e-02 -6.294701538085937500e+02
1.539596867561340332e+01 3.560000000000000053e+00 2.099999971687793732e-02 -7.273877563476562500e+02
1.550396227836608887e+01 3.520000000000000018e+00 2.099999971687793732e-02 -4.476232604980468750e+02
1.559300279617309570e+01 3.520000000000000018e+00 2.099999971687793732e-02 -4.476232604980468750e+02
1.568796300888061523e+01 3.580000000000000071e+00 2.099999971687793732e-02 -4.476232604980468750e+02
1.579996109008789062e+01 3.520000000000000018e+00 2.099999971687793732e-02 -5.455408935546875000e+02
1.588499832153320312e+01 3.589999999999999858e+00 2.099999971687793732e-02 -7.133995361328125000e+02
1.600295948982238770e+01 3.560000000000000053e+00 2.099999971687793732e-02 -4.616115112304687500e+02
1.609300518035888672e+01 3.540000000000000036e+00 2.099999971687793732e-02 -5.455408935546875000e+02
1.619996023178100586e+01 3.620000000000000107e+00 2.099999971687793732e-02 -8.113171386718750000e+02
1.629496312141418457e+01 3.509999999999999787e+00 2.099999971687793732e-02 -5.455408935546875000e+02
1.638597130775451660e+01 3.419999999999999929e+00 2.099999971687793732e-02 -3.497056579589843750e+02
1.649300336837768555e+01 3.640000000000000124e+00 2.099999971687793732e-02 -5.455408935546875000e+02
1.658396148681640625e+01 3.490000000000000213e+00 2.099999971687793732e-02 -4.616115112304687500e+02
1.670099973678588867e+01 3.459999999999999964e+00 2.099999971687793732e-02 -1.818469390869140625e+02
1.678596520423889160e+01 3.399999999999999911e+00 2.099999971687793732e-02 0.000000000000000000e+00
1.689896273612976074e+01 3.479999999999999982e+00 2.099999971687793732e-02 0.000000000000000000e+00
1.699301290512084961e+01 3.350000000000000089e+00 2.099999971687793732e-02 0.000000000000000000e+00
1.710101079940795898e+01 2.370000000000000107e+00 2.099999971687793732e-02 0.000000000000000000e+00
1.719096350669860840e+01 1.379999999999999893e+00 2.099999971687793732e-02 0.000000000000000000e+00
1.728596329689025879e+01 1.239999999999999991e+00 4.899999871850013733e-02 6.294701538085937500e+02
1.739396214485168457e+01 3.240000000000000213e+00 4.899999871850013733e-02 1.258940307617187500e+03
1.748296141624450684e+01 3.509999999999999787e+00 4.899999871850013733e-02 8.952465209960937500e+02
1.760099864006042480e+01 3.549999999999999822e+00 4.899999871850013733e-02 6.294701538085937500e+02
1.768996357917785645e+01 3.390000000000000124e+00 4.899999871850013733e-02 8.113171386718750000e+02
1.779796147346496582e+01 3.390000000000000124e+00 4.899999871850013733e-02 8.952465209960937500e+02
1.789299845695495605e+01 3.430000000000000160e+00 4.899999871850013733e-02 8.113171386718750000e+02
1.800499773025512695e+01 3.430000000000000160e+00 4.899999871850013733e-02 8.113171386718750000e+02
1.808996295928955078e+01 3.470000000000000195e+00 4.899999871850013733e-02 7.273877563476562500e+02
1.818499851226806641e+01 3.430000000000000160e+00 4.899999871850013733e-02 6.294701538085937500e+02
1.829796648025512695e+01 3.399999999999999911e+00 4.899999871850013733e-02 6.294701538085937500e+02
1.840499901771545410e+01 3.399999999999999911e+00 4.899999871850013733e-02 7.133995361328125000e+02
1.849996447563171387e+01 3.370000000000000107e+00 4.899999871850013733e-02 6.294701538085937500e+02
1.859096741676330566e+01 3.479999999999999982e+00 4.899999871850013733e-02 6.294701538085937500e+02
1.869796180725097656e+01 3.439999999999999947e+00 4.899999871850013733e-02 7.133995361328125000e+02
1.878899765014648438e+01 3.419999999999999929e+00 4.899999871850013733e-02 6.294701538085937500e+02
1.888996005058288574e+01 3.359999999999999876e+00 4.899999871850013733e-02 6.294701538085937500e+02
1.899096083641052246e+01 3.319999999999999840e+00 4.899999871850013733e-02 6.294701538085937500e+02
1.910396099090576172e+01 3.379999999999999893e+00 4.899999871850013733e-02 7.133995361328125000e+02
1.919796562194824219e+01 3.529999999999999805e+00 4.899999871850013733e-02 9.092347412109375000e+02
1.929096078872680664e+01 3.470000000000000195e+00 4.899999871850013733e-02 7.133995361328125000e+02
1.939598107337951660e+01 3.470000000000000195e+00 4.899999871850013733e-02 8.113171386718750000e+02
1.949096345901489258e+01 3.439999999999999947e+00 4.899999871850013733e-02 7.133995361328125000e+02
1.959896159172058105e+01 3.509999999999999787e+00 4.899999871850013733e-02 7.133995361328125000e+02
1.968796443939208984e+01 3.490000000000000213e+00 4.899999871850013733e-02 7.133995361328125000e+02
1.980597352981567383e+01 3.479999999999999982e+00 4.899999871850013733e-02 7.133995361328125000e+02
1.989496374130249023e+01 3.430000000000000160e+00 4.899999871850013733e-02 5.455408935546875000e+02
2.000296092033386230e+01 3.390000000000000124e+00 4.899999871850013733e-02 5.455408935546875000e+02
2.009797739982604980e+01 3.459999999999999964e+00 4.899999871850013733e-02 5.455408935546875000e+02
2.018796229362487793e+01 3.450000000000000178e+00 4.899999871850013733e-02 4.616115112304687500e+02
2.029496335983276367e+01 3.439999999999999947e+00 4.899999871850013733e-02 5.315526123046875000e+02
2.038996577262878418e+01 3.479999999999999982e+00 4.899999871850013733e-02 6.294701538085937500e+02
2.050296306610107422e+01 3.459999999999999964e+00 4.899999871850013733e-02 4.476232604980468750e+02
2.058797144889831543e+01 3.359999999999999876e+00 4.899999871850013733e-02 3.636938781738281250e+02
2.070500922203063965e+01 3.279999999999999805e+00 4.899999871850013733e-02 5.455408935546875000e+02
2.079596757888793945e+01 3.339999999999999858e+00 4.899999871850013733e-02 6.294701538085937500e+02
2.090296077728271484e+01 3.370000000000000107e+00 4.899999871850013733e-02 5.315526123046875000e+02
2.099396228790283203e+01 3.379999999999999893e+00 4.899999871850013733e-02 6.294701538085937500e+02
2.108796405792236328e+01 3.430000000000000160e+00 4.899999871850013733e-02 6.294701538085937500e+02
2.119597816467285156e+01 3.439999999999999947e+00 4.899999871850013733e-02 6.294701538085937500e+02
2.128597831726074219e+01 3.379999999999999893e+00 4.899999871850013733e-02 7.273877563476562500e+02
2.140296053886413574e+01 3.450000000000000178e+00 4.899999871850013733e-02 5.455408935546875000e+02
2.148901343345642090e+01 3.450000000000000178e+00 4.899999871850013733e-02 6.294701538085937500e+02
2.160101151466369629e+01 3.459999999999999964e+00 4.899999871850013733e-02 7.273877563476562500e+02
2.169596695899963379e+01 3.549999999999999822e+00 4.899999871850013733e-02 7.273877563476562500e+02
2.180395960807800293e+01 3.439999999999999947e+00 4.899999871850013733e-02 6.294701538085937500e+02
2.189300036430358887e+01 3.410000000000000142e+00 4.899999871850013733e-02 6.294701538085937500e+02
2.198795962333679199e+01 3.459999999999999964e+00 4.899999871850013733e-02 6.294701538085937500e+02
2.209996366500854492e+01 3.439999999999999947e+00 4.899999871850013733e-02 6.294701538085937500e+02
2.218500399589538574e+01 3.470000000000000195e+00 4.899999871850013733e-02 6.294701538085937500e+02
2.230296111106872559e+01 3.479999999999999982e+00 4.899999871850013733e-02 5.455408935546875000e+02
2.239299893379211426e+01 3.439999999999999947e+00 4.899999871850013733e-02 6.294701538085937500e+02
2.249996161460876465e+01 3.450000000000000178e+00 4.899999871850013733e-02 6.294701538085937500e+02
2.259496235847473145e+01 3.390000000000000124e+00 4.899999871850013733e-02 5.315526123046875000e+02
2.268596768379211426e+01 3.359999999999999876e+00 4.899999871850013733e-02 6.294701538085937500e+02
2.279299736022949219e+01 3.410000000000000142e+00 4.899999871850013733e-02 5.315526123046875000e+02
2.288396263122558594e+01 3.430000000000000160e+00 4.899999871850013733e-02 5.455408935546875000e+02
2.300099372863769531e+01 3.419999999999999929e+00 4.899999871850013733e-02 5.315526123046875000e+02
2.308598279953002930e+01 3.410000000000000142e+00 4.899999871850013733e-02 7.133995361328125000e+02
2.319896697998046875e+01 3.419999999999999929e+00 4.899999871850013733e-02 6.294701538085937500e+02
2.329299926757812500e+01 3.370000000000000107e+00 4.899999871850013733e-02 6.294701538085937500e+02
2.340100646018981934e+01 3.410000000000000142e+00 4.899999871850013733e-02 7.133995361328125000e+02
2.349096059799194336e+01 3.450000000000000178e+00 4.899999871850013733e-02 7.133995361328125000e+02
2.358596801757812500e+01 3.500000000000000000e+00 4.899999871850013733e-02 8.113171386718750000e+02
2.369396352767944336e+01 3.459999999999999964e+00 4.899999871850013733e-02 8.113171386718750000e+02
2.378295993804931641e+01 3.410000000000000142e+00 4.899999871850013733e-02 8.113171386718750000e+02
2.390109252929687500e+01 3.470000000000000195e+00 4.899999871850013733e-02 8.952465209960937500e+02
2.398996090888977051e+01 3.470000000000000195e+00 4.899999871850013733e-02 9.092347412109375000e+02
2.409796571731567383e+01 3.540000000000000036e+00 4.899999871850013733e-02 8.113171386718750000e+02
2.419300293922424316e+01 3.459999999999999964e+00 4.899999871850013733e-02 4.616115112304687500e+02
2.430499339103698730e+01 3.439999999999999947e+00 4.899999871850013733e-02 4.476232604980468750e+02
2.438996243476867676e+01 3.410000000000000142e+00 4.899999871850013733e-02 4.476232604980468750e+02
2.448500299453735352e+01 3.350000000000000089e+00 4.899999871850013733e-02 5.315526123046875000e+02
2.459796237945556641e+01 3.339999999999999858e+00 4.899999871850013733e-02 6.294701538085937500e+02
2.470501518249511719e+01 3.470000000000000195e+00 4.899999871850013733e-02 4.476232604980468750e+02
2.479996418952941895e+01 3.439999999999999947e+00 4.899999871850013733e-02 4.476232604980468750e+02
2.489096164703369141e+01 3.339999999999999858e+00 4.899999871850013733e-02 3.636938781738281250e+02
2.499796342849731445e+01 3.299999999999999822e+00 4.899999871850013733e-02 5.455408935546875000e+02
2.508900952339172363e+01 3.310000000000000053e+00 4.899999871850013733e-02 6.294701538085937500e+02
2.518296194076538086e+01 3.319999999999999840e+00 4.899999871850013733e-02 4.476232604980468750e+02
2.529096126556396484e+01 3.259999999999999787e+00 4.899999871850013733e-02 2.657763061523437500e+02
2.540396046638488770e+01 3.370000000000000107e+00 4.899999871850013733e-02 4.476232604980468750e+02
2.549796438217163086e+01 3.410000000000000142e+00 4.899999871850013733e-02 6.294701538085937500e+02
2.558396220207214355e+01 3.470000000000000195e+00 4.899999871850013733e-02 6.294701538085937500e+02
2.569596934318542480e+01 3.430000000000000160e+00 4.899999871850013733e-02 7.133995361328125000e+02
2.579096341133117676e+01 3.430000000000000160e+00 4.899999871850013733e-02 8.113171386718750000e+02
2.589896321296691895e+01 3.410000000000000142e+00 4.899999871850013733e-02 8.113171386718750000e+02
2.598796057701110840e+01 3.529999999999999805e+00 4.899999871850013733e-02 8.113171386718750000e+02
2.608296275138854980e+01 3.509999999999999787e+00 4.899999871850013733e-02 6.294701538085937500e+02
2.619496583938598633e+01 3.399999999999999911e+00 4.899999871850013733e-02 6.294701538085937500e+02
2.630296063423156738e+01 3.339999999999999858e+00 4.899999871850013733e-02 8.113171386718750000e+02
2.639797043800354004e+01 3.379999999999999893e+00 4.899999871850013733e-02 7.973289184570312500e+02
2.648796510696411133e+01 3.410000000000000142e+00 4.899999871850013733e-02 6.294701538085937500e+02
2.659496378898620605e+01 3.410000000000000142e+00 4.899999871850013733e-02 6.294701538085937500e+02
2.668996500968933105e+01 3.459999999999999964e+00 4.899999871850013733e-02 5.315526123046875000e+02
2.680296134948730469e+01 3.390000000000000124e+00 4.899999871850013733e-02 5.455408935546875000e+02
2.688796114921569824e+01 3.259999999999999787e+00 4.899999871850013733e-02 5.315526123046875000e+02
2.700499439239501953e+01 3.330000000000000071e+00 4.899999871850013733e-02 5.315526123046875000e+02
2.709597325325012207e+01 3.359999999999999876e+00 4.899999871850013733e-02 5.315526123046875000e+02
2.720296359062194824e+01 3.350000000000000089e+00 4.899999871850013733e-02 2.797645568847656250e+02
2.729396319389343262e+01 3.450000000000000178e+00 4.899999871850013733e-02 0.000000000000000000e+00
2.738796257972717285e+01 3.450000000000000178e+00 4.899999871850013733e-02 9.791758728027343750e+01
2.749596548080444336e+01 3.220000000000000195e+00 4.899999871850013733e-02 0.000000000000000000e+00
2.758596944808959961e+01 3.089999999999999858e+00 4.899999871850013733e-02 0.000000000000000000e+00
2.770296144485473633e+01 3.000000000000000000e+00 4.899999871850013733e-02 0.000000000000000000e+00
2.778900313377380371e+01 2.990000000000000213e+00 4.899999871850013733e-02 0.000000000000000000e+00
2.790101408958435059e+01 3.060000000000000053e+00 4.899999871850013733e-02 0.000000000000000000e+00
2.799596381187438965e+01 3.100000000000000089e+00 4.899999871850013733e-02 0.000000000000000000e+00
2.810396122932434082e+01 3.029999999999999805e+00 4.899999871850013733e-02 0.000000000000000000e+00
2.819300937652587891e+01 3.430000000000000160e+00 4.899999871850013733e-02 0.000000000000000000e+00
2.828796577453613281e+01 3.879999999999999893e+00 4.899999871850013733e-02 0.000000000000000000e+00
2.839996314048767090e+01 4.320000000000000284e+00 4.899999871850013733e-02 0.000000000000000000e+00
2.848500704765319824e+01 4.690000000000000391e+00 4.899999871850013733e-02 0.000000000000000000e+00
2.860296297073364258e+01 4.660000000000000142e+00 4.899999871850013733e-02 0.000000000000000000e+00
2.869300675392150879e+01 4.480000000000000426e+00 4.899999871850013733e-02 0.000000000000000000e+00
2.879995965957641602e+01 4.809999999999999609e+00 4.899999871850013733e-02 0.000000000000000000e+00
2.889496278762817383e+01 5.500000000000000000e+00 4.899999871850013733e-02 0.000000000000000000e+00
2.898596954345703125e+01 5.690000000000000391e+00 2.099999971687793732e-02 -1.077093505859375000e+03
2.909300518035888672e+01 3.649999999999999911e+00 2.099999971687793732e-02 -1.077093505859375000e+03
2.918396139144897461e+01 3.569999999999999840e+00 2.099999971687793732e-02 -8.952465209960937500e+02
2.930101299285888672e+01 3.529999999999999805e+00 2.099999971687793732e-02 -8.952465209960937500e+02
2.938597106933593750e+01 3.580000000000000071e+00 2.099999971687793732e-02 -9.092347412109375000e+02
2.949895882606506348e+01 3.459999999999999964e+00 2.099999971687793732e-02 -9.931641235351562500e+02
2.959300208091735840e+01 3.620000000000000107e+00 2.099999971687793732e-02 -1.077093505859375000e+03
2.970100665092468262e+01 3.509999999999999787e+00 2.099999971687793732e-02 -9.931641235351562500e+02
2.979096341133117676e+01 3.589999999999999858e+00 2.099999971687793732e-02 -1.077093505859375000e+03
2.988596558570861816e+01 3.500000000000000000e+00 2.099999971687793732e-02 -1.175010986328125000e+03
2.999396491050720215e+01 3.520000000000000018e+00 2.099999971687793732e-02 -1.258940307617187500e+03
3.010499835014343262e+01 3.490000000000000213e+00 2.099999971687793732e-02 -1.175010986328125000e+03
3.020100045204162598e+01 3.520000000000000018e+00 2.099999971687793732e-02 -1.077093505859375000e+03
3.028996253013610840e+01 3.430000000000000160e+00 2.099999971687793732e-02 -1.077093505859375000e+03
3.039796328544616699e+01 3.439999999999999947e+00 2.099999971687793732e-02 -8.952465209960937500e+02
3.049300694465637207e+01 3.549999999999999822e+00 2.099999971687793732e-02 -8.952465209960937500e+02
3.060501027107238770e+01 3.529999999999999805e+00 2.099999971687793732e-02 -7.273877563476562500e+02
3.068996071815490723e+01 3.520000000000000018e+00 2.099999971687793732e-02 -7.133995361328125000e+02
3.078500151634216309e+01 3.529999999999999805e+00 2.099999971687793732e-02 -7.133995361328125000e+02
3.089796495437622070e+01 3.600000000000000089e+00 2.099999971687793732e-02 -8.113171386718750000e+02
3.100500726699829102e+01 3.560000000000000053e+00 2.099999971687793732e-02 -8.952465209960937500e+02
3.109996008872985840e+01 3.580000000000000071e+00 2.099999971687793732e-02 -8.952465209960937500e+02
3.119096064567565918e+01 3.560000000000000053e+00 2.099999971687793732e-02 -8.952465209960937500e+02
3.129796028137207031e+01 3.549999999999999822e+00 2.099999971687793732e-02 -1.175010986328125000e+03
3.138900399208068848e+01 3.529999999999999805e+00 2.099999971687793732e-02 -1.258940307617187500e+03
3.150500869750976562e+01 3.479999999999999982e+00 2.099999971687793732e-02 -1.356857910156250000e+03
3.159096193313598633e+01 3.439999999999999947e+00 2.099999971687793732e-02 -1.356857910156250000e+03
3.170396089553833008e+01 3.549999999999999822e+00 2.099999971687793732e-02 -1.342869750976562500e+03
3.179796600341796875e+01 3.500000000000000000e+00 2.099999971687793732e-02 -1.440787353515625000e+03
3.190599203109741211e+01 3.459999999999999964e+00 2.099999971687793732e-02 -1.258940307617187500e+03
3.201895999908447266e+01 3.509999999999999787e+00 2.099999971687793732e-02 -1.161022827148437500e+03
3.211299872398376465e+01 3.479999999999999982e+00 2.099999971687793732e-02 -1.258940307617187500e+03
3.222100806236267090e+01 3.509999999999999787e+00 2.099999971687793732e-02 -1.258940307617187500e+03
3.231096220016479492e+01 3.529999999999999805e+00 2.099999971687793732e-02 -1.161022827148437500e+03
3.240596938133239746e+01 3.479999999999999982e+00 2.099999971687793732e-02 -1.440787353515625000e+03
3.251395916938781738e+01 3.450000000000000178e+00 2.099999971687793732e-02 -1.356857910156250000e+03
3.260295987129211426e+01 3.470000000000000195e+00 2.099999971687793732e-02 -1.175010986328125000e+03
3.272100782394409180e+01 3.490000000000000213e+00 2.099999971687793732e-02 -1.175010986328125000e+03
3.280996489524841309e+01 3.490000000000000213e+00 2.099999971687793732e-02 -1.091081787109375000e+03
3.291796350479125977e+01 3.509999999999999787e+00 2.099999971687793732e-02 -9.931641235351562500e+02
3.301300168037414551e+01 3.589999999999999858e+00 2.099999971687793732e-02 -8.952465209960937500e+02
3.312396144866943359e+01 3.439999999999999947e+00 2.099999971687793732e-02 -7.133995361328125000e+02
3.320996141433715820e+01 3.569999999999999840e+00 2.099999971687793732e-02 -9.791759033203125000e+02
3.330501174926757812e+01 3.609999999999999876e+00 2.099999971687793732e-02 -1.077093505859375000e+03
3.341796565055847168e+01 3.549999999999999822e+00 2.099999971687793732e-02 -1.161022827148437500e+03
3.352501392364501953e+01 3.500000000000000000e+00 2.099999971687793732e-02 -1.091081787109375000e+03
3.361996126174926758e+01 3.500000000000000000e+00 2.099999971687793732e-02 -1.077093505859375000e+03
3.371096253395080566e+01 3.470000000000000195e+00 2.099999971687793732e-02 -8.952465209960937500e+02
3.381796193122863770e+01 3.549999999999999822e+00 2.099999971687793732e-02 -1.091081787109375000e+03
3.390901303291320801e+01 3.540000000000000036e+00 2.099999971687793732e-02 -1.175010986328125000e+03
3.401796603202819824e+01 3.430000000000000160e+00 2.099999971687793732e-02 -9.931641235351562500e+02
3.411096096038818359e+01 3.470000000000000195e+00 2.099999971687793732e-02 -8.113171386718750000e+02
3.422396016120910645e+01 3.589999999999999858e+00 2.099999971687793732e-02 -9.092347412109375000e+02
3.431796479225158691e+01 3.589999999999999858e+00 2.099999971687793732e-02 -8.952465209960937500e+02
3.441996002197265625e+01 3.520000000000000018e+00 2.099999971687793732e-02 -9.092347412109375000e+02
3.451597452163696289e+01 3.540000000000000036e+00 2.099999971687793732e-02 -8.113171386718750000e+02
3.461095952987670898e+01 3.520000000000000018e+00 2.099999971687793732e-02 -8.113171386718750000e+02
3.471896195411682129e+01 3.569999999999999840e+00 2.099999971687793732e-02 -9.931641235351562500e+02
3.480796122550964355e+01 3.490000000000000213e+00 2.099999971687793732e-02 -1.077093505859375000e+03
3.492501163482666016e+01 3.479999999999999982e+00 2.099999971687793732e-02 -9.092347412109375000e+02
3.501496410369873047e+01 3.459999999999999964e+00 2.099999971687793732e-02 -7.133995361328125000e+02
3.512295985221862793e+01 3.520000000000000018e+00 2.099999971687793732e-02 -7.273877563476562500e+02
3.521796631813049316e+01 3.509999999999999787e+00 2.099999971687793732e-02 -7.273877563476562500e+02
3.530796170234680176e+01 3.509999999999999787e+00 2.099999971687793732e-02 -7.133995361328125000e+02
3.541496467590332031e+01 2.979999999999999982e+00 2.099999971687793732e-02 0.000000000000000000e+00
3.550996303558349609e+01 2.640000000000000124e+00 2.099999971687793732e-02 0.000000000000000000e+00
3.562296080589294434e+01 2.490000000000000213e+00 2.099999971687793732e-02 0.000000000000000000e+00
3.570795845985412598e+01 1.620000000000000107e+00 4.899999871850013733e-02 9.092347412109375000e+02
3.582501196861267090e+01 2.709999999999999964e+00 4.899999871850013733e-02 1.272928588867187500e+03
3.591596698760986328e+01 3.410000000000000142e+00 4.899999871850013733e-02 1.258940307617187500e+03
3.602296018600463867e+01 3.529999999999999805e+00 4.899999871850013733e-02 9.931641235351562500e+02
3.611397290229797363e+01 3.410000000000000142e+00 4.899999871850013733e-02 1.258940307617187500e+03
3.620796394348144531e+01 3.450000000000000178e+00 4.899999871850013733e-02 9.931641235351562500e+02
3.631601047515869141e+01 3.450000000000000178e+00 4.899999871850013733e-02 9.931641235351562500e+02
3.640606975555419922e+01 3.419999999999999929e+00 4.899999871850013733e-02 9.931641235351562500e+02
3.652296018600463867e+01 3.390000000000000124e+00 4.899999871850013733e-02 1.091081787109375000e+03
3.660900616645812988e+01 3.399999999999999911e+00 4.899999871850013733e-02 9.791759033203125000e+02
3.672099876403808594e+01 3.500000000000000000e+00 4.899999871850013733e-02 8.952465209960937500e+02
3.681596946716308594e+01 3.459999999999999964e+00 4.899999871850013733e-02 8.113171386718750000e+02
3.692295861244201660e+01 3.379999999999999893e+00 4.899999871850013733e-02 8.113171386718750000e+02
3.701301193237304688e+01 3.350000000000000089e+00 4.899999871850013733e-02 9.092347412109375000e+02
3.710796880722045898e+01 3.459999999999999964e+00 4.899999871850013733e-02 9.791759033203125000e+02
3.721996402740478516e+01 3.490000000000000213e+00 4.899999871850013733e-02 9.092347412109375000e+02
3.730499887466430664e+01 3.479999999999999982e+00 4.899999871850013733e-02 9.931641235351562500e+02
3.742296051979064941e+01 3.430000000000000160e+00 4.899999871850013733e-02 1.077093505859375000e+03
3.751300930976867676e+01 3.509999999999999787e+00 4.899999871850013733e-02 1.161022827148437500e+03
3.761996889114379883e+01 3.500000000000000000e+00 4.899999871850013733e-02 8.952465209960937500e+02
3.771496152877807617e+01 3.459999999999999964e+00 4.899999871850013733e-02 9.092347412109375000e+02
3.780598640441894531e+01 3.470000000000000195e+00 4.899999871850013733e-02 8.952465209960937500e+02
3.791301274299621582e+01 3.439999999999999947e+00 4.899999871850013733e-02 1.077093505859375000e+03
3.800396108627319336e+01 3.479999999999999982e+00 4.899999871850013733e-02 1.077093505859375000e+03
3.812100958824157715e+01 3.410000000000000142e+00 4.899999871850013733e-02 9.931641235351562500e+02
3.820596790313720703e+01 3.419999999999999929e+00 4.899999871850013733e-02 1.077093505859375000e+03
3.831896376609802246e+01 3.430000000000000160e+00 4.899999871850013733e-02 1.077093505859375000e+03
3.841300797462463379e+01 3.479999999999999982e+00 4.899999871850013733e-02 1.161022827148437500e+03
3.852100181579589844e+01 3.419999999999999929e+00 4.899999871850013733e-02 1.175010986328125000e+03
3.861096525192260742e+01 3.459999999999999964e+00 4.899999871850013733e-02 1.258940307617187500e+03
3.870597171783447266e+01 3.529999999999999805e+00 4.899999871850013733e-02 1.342869750976562500e+03
3.881396293640136719e+01 3.470000000000000195e+00 4.899999871850013733e-02 1.175010986328125000e+03
3.892500710487365723e+01 3.509999999999999787e+00 4.899999871850013733e-02 1.175010986328125000e+03
3.902101635932922363e+01 3.490000000000000213e+00 4.899999871850013733e-02 1.175010986328125000e+03
3.910996508598327637e+01 3.470000000000000195e+00 4.899999871850013733e-02 1.175010986328125000e+03
3.921796250343322754e+01 3.410000000000000142e+00 4.899999871850013733e-02 1.161022827148437500e+03
3.931300377845764160e+01 3.490000000000000213e+00 4.899999871850013733e-02 9.092347412109375000e+02
3.942500472068786621e+01 3.479999999999999982e+00 4.899999871850013733e-02 8.113171386718750000e+02
3.950996565818786621e+01 3.459999999999999964e+00 4.899999871850013733e-02 9.931641235351562500e+02
3.960499739646911621e+01 3.379999999999999893e+00 4.899999871850013733e-02 9.931641235351562500e+02
3.971796298027038574e+01 3.459999999999999964e+00 4.899999871850013733e-02 9.931641235351562500e+02
3.982501649856567383e+01 3.509999999999999787e+00 4.899999871850013733e-02 8.952465209960937500e+02
3.991996264457702637e+01 3.479999999999999982e+00 4.899999871850013733e-02 9.791759033203125000e+02
4.001095938682556152e+01 3.419999999999999929e+00 4.899999871850013733e-02 9.931641235351562500e+02
4.011796355247497559e+01 3.479999999999999982e+00 4.899999871850013733e-02 1.077093505859375000e+03
4.020899868011474609e+01 3.520000000000000018e+00 4.899999871850013733e-02 8.952465209960937500e+02
4.032597136497497559e+01 3.459999999999999964e+00 4.899999871850013733e-02 8.952465209960937500e+02
4.041096210479736328e+01 3.450000000000000178e+00 4.899999871850013733e-02 8.113171386718750000e+02
4.052396154403686523e+01 3.410000000000000142e+00 4.899999871850013733e-02 8.113171386718750000e+02
4.061796164512634277e+01 3.370000000000000107e+00 4.899999871850013733e-02 1.077093505859375000e+03
4.072499918937683105e+01 3.430000000000000160e+00 4.899999871850013733e-02 1.077093505859375000e+03
4.081598186492919922e+01 3.379999999999999893e+00 4.899999871850013733e-02 9.931641235351562500e+02
4.091096019744873047e+01 3.339999999999999858e+00 4.899999871850013733e-02 8.952465209960937500e+02
4.101896405220031738e+01 3.439999999999999947e+00 4.899999871850013733e-02 8.952465209960937500e+02
4.110796141624450684e+01 3.509999999999999787e+00 4.899999871850013733e-02 9.092347412109375000e+02
4.120996189117431641e+01 3.470000000000000195e+00 4.899999871850013733e-02 9.931641235351562500e+02
4.131496071815490723e+01 3.419999999999999929e+00 4.899999871850013733e-02 8.952465209960937500e+02
4.142296099662780762e+01 3.500000000000000000e+00 4.899999871850013733e-02 8.952465209960937500e+02
4.151796269416809082e+01 3.479999999999999982e+00 4.899999871850013733e-02 9.931641235351562500e+02
4.160799145698547363e+01 3.410000000000000142e+00 4.899999871850013733e-02 1.091081787109375000e+03
4.171495294570922852e+01 3.399999999999999911e+00 4.899999871850013733e-02 9.931641235351562500e+02
4.180996680259704590e+01 3.419999999999999929e+00 4.899999871850013733e-02 9.791759033203125000e+02
4.192296481132507324e+01 3.430000000000000160e+00 4.899999871850013733e-02 9.931641235351562500e+02
4.200796318054199219e+01 3.390000000000000124e+00 4.899999871850013733e-02 8.952465209960937500e+02
4.212500834465026855e+01 3.390000000000000124e+00 4.899999871850013733e-02 8.113171386718750000e+02
4.221596693992614746e+01 3.390000000000000124e+00 4.899999871850013733e-02 4.476232604980468750e+02
4.232296180725097656e+01 3.600000000000000089e+00 4.899999871850013733e-02 0.000000000000000000e+00
4.241396355628967285e+01 3.589999999999999858e+00 4.899999871850013733e-02 0.000000000000000000e+00
4.250796389579772949e+01 3.379999999999999893e+00 4.899999871850013733e-02 0.000000000000000000e+00
4.261597728729248047e+01 3.379999999999999893e+00 4.899999871850013733e-02 0.000000000000000000e+00
4.270596837997436523e+01 3.259999999999999787e+00 4.899999871850013733e-02 0.000000000000000000e+00
4.282295989990234375e+01 3.470000000000000195e+00 4.899999871850013733e-02 0.000000000000000000e+00
4.290900468826293945e+01 4.250000000000000000e+00 4.899999871850013733e-02 0.000000000000000000e+00
4.302100133895874023e+01 5.099999999999999645e+00 4.899999871850013733e-02 0.000000000000000000e+00
4.311596584320068359e+01 6.309999999999999609e+00 4.899999871850013733e-02 -8.392935943603515625e+01
4.322395920753479004e+01 7.339999999999999858e+00 2.099999971687793732e-02 -9.092347412109375000e+02
4.331300401687622070e+01 5.169999999999999929e+00 2.099999971687793732e-02 -2.252104736328125000e+03
4.340799164772033691e+01 3.770000000000000018e+00 2.099999971687793732e-02 -3.063421630859375000e+03
4.351996350288391113e+01 3.479999999999999982e+00 2.099999971687793732e-02 -2.531868896484375000e+03
4.360499930381774902e+01 3.560000000000000053e+00 2.099999971687793732e-02 -2.336033691406250000e+03
4.372296833992004395e+01 3.560000000000000053e+00 2.099999971687793732e-02 -2.350021972656250000e+03
4.381300497055053711e+01 3.649999999999999911e+00 2.099999971687793732e-02 -2.433951416015625000e+03
4.391999340057373047e+01 3.709999999999999964e+00 2.099999971687793732e-02 -2.797645263671875000e+03
4.401496148109436035e+01 3.770000000000000018e+00 2.099999971687793732e-02 -2.881574707031250000e+03
4.410597348213195801e+01 3.750000000000000000e+00 2.099999971687793732e-02 -3.427115478515625000e+03
4.421300864219665527e+01 3.709999999999999964e+00 2.099999971687793732e-02 -3.776821289062500000e+03
4.430396342277526855e+01 3.709999999999999964e+00 2.099999971687793732e-02 -3.860750732421875000e+03
4.442101931571960449e+01 3.700000000000000178e+00 2.099999971687793732e-02 -4.238433105468750000e+03
4.450596976280212402e+01 3.629999999999999893e+00 2.099999971687793732e-02 -4.420279785156250000e+03
4.461896061897277832e+01 3.580000000000000071e+00 2.099999971687793732e-02 -3.790809570312500000e+03
4.471300435066223145e+01 3.540000000000000036e+00 2.099999971687793732e-02 -3.511044921875000000e+03
4.482101345062255859e+01 3.479999999999999982e+00 2.099999971687793732e-02 -3.063421630859375000e+03
4.491096329689025879e+01 3.479999999999999982e+00 2.099999971687793732e-02 -2.699727783203125000e+03
4.500597119331359863e+01 3.520000000000000018e+00 2.099999971687793732e-02 -2.699727783203125000e+03
4.511396360397338867e+01 3.589999999999999858e+00 2.099999971687793732e-02 -2.433951416015625000e+03
4.520996141433715820e+01 3.540000000000000036e+00 2.099999971687793732e-02 -2.070257568359375000e+03
4.532100915908813477e+01 3.500000000000000000e+00 2.099999971687793732e-02 -1.622634277343750000e+03
4.540996360778808594e+01 3.520000000000000018e+00 2.099999971687793732e-02 -1.356857910156250000e+03
4.551796579360961914e+01 3.549999999999999822e+00 2.099999971687793732e-02 -9.931641235351562500e+02
4.561301827430725098e+01 3.600000000000000089e+00 2.099999971687793732e-02 -9.931641235351562500e+02
4.572500038146972656e+01 3.470000000000000195e+00 2.099999971687793732e-02 0.000000000000000000e+00
4.580996489524841309e+01 2.240000000000000213e+00 2.099999971687793732e-02 0.000000000000000000e+00
4.590500831604003906e+01 2.160000000000000142e+00 2.099999971687793732e-02 0.000000000000000000e+00
4.601795911788940430e+01 1.649999999999999911e+00 4.899999871850013733e-02 1.524716674804687500e+03
4.612500882148742676e+01 3.120000000000000107e+00 4.899999871850013733e-02 2.979492187500000000e+03
4.621996188163757324e+01 3.359999999999999876e+00 4.899999871850013733e-02 3.161339111328125000e+03
4.631096076965332031e+01 3.410000000000000142e+00 4.899999871850013733e-02 3.231280273437500000e+03
4.641796445846557617e+01 3.359999999999999876e+00 4.899999871850013733e-02 3.958668457031250000e+03
4.650900983810424805e+01 3.390000000000000124e+00 4.899999871850013733e-02 4.056585937500000000e+03
4.662598252296447754e+01 3.430000000000000160e+00 4.899999871850013733e-02 4.406291503906250000e+03
4.671097064018249512e+01 3.430000000000000160e+00 4.899999871850013733e-02 4.224444824218750000e+03
4.682396030426025391e+01 3.430000000000000160e+00 4.899999871850013733e-02 4.588138671875000000e+03
4.691796374320983887e+01 3.459999999999999964e+00 4.899999871850013733e-02 4.769985351562500000e+03
4.702600502967834473e+01 3.430000000000000160e+00 4.899999871850013733e-02 4.867902832031250000e+03
4.711598229408264160e+01 3.500000000000000000e+00 4.899999871850013733e-02 4.504209472656250000e+03
4.721096277236938477e+01 3.600000000000000089e+00 4.899999871850013733e-02 3.874739013671875000e+03
4.731896185874938965e+01 3.529999999999999805e+00 4.899999871850013733e-02 3.511044921875000000e+03
4.740796089172363281e+01 3.470000000000000195e+00 4.899999871850013733e-02 3.427115478515625000e+03
4.752597594261169434e+01 3.580000000000000071e+00 4.899999871850013733e-02 2.979492187500000000e+03
4.761496448516845703e+01 3.600000000000000089e+00 4.899999871850013733e-02 2.336033691406250000e+03
4.772296023368835449e+01 3.549999999999999822e+00 4.899999871850013733e-02 1.804481201171875000e+03
4.781796121597290039e+01 3.479999999999999982e+00 4.899999871850013733e-02 1.161022827148437500e+03
4.790796136856079102e+01 4.870000000000000107e+00 4.899999871850013733e-02 0.000000000000000000e+00
4.801496195793151855e+01 5.929999999999999716e+00 4.899999871850013733e-02 0.000000000000000000e+00
4.810996270179748535e+01 5.809999999999999609e+00 4.899999871850013733e-02 0.000000000000000000e+00
4.822296214103698730e+01 5.730000000000000426e+00 4.899999871850013733e-02 0.000000000000000000e+00
4.830796360969543457e+01 5.250000000000000000e+00 4.899999871850013733e-02 0.000000000000000000e+00
4.842500996589660645e+01 5.009999999999999787e+00 4.899999871850013733e-02 0.000000000000000000e+00
4.851596021652221680e+01 4.660000000000000142e+00 4.899999871850013733e-02 0.000000000000000000e+00
4.862296271324157715e+01 4.179999999999999716e+00 4.899999871850013733e-02 0.000000000000000000e+00
4.871396565437316895e+01 4.190000000000000391e+00 4.899999871850013733e-02 0.000000000000000000e+00
4.880796122550964355e+01 4.179999999999999716e+00 4.899999871850013733e-02 0.000000000000000000e+00
4.891598010063171387e+01 4.169999999999999929e+00 4.899999871850013733e-02 0.000000000000000000e+00
4.900596904754638672e+01 4.160000000000000142e+00 4.899999871850013733e-02 0.000000000000000000e+00
4.912296271324157715e+01 4.150000000000000355e+00 4.899999871850013733e-02 0.000000000000000000e+00
4.920900273323059082e+01 4.139999999999999680e+00 4.899999871850013733e-02 0.000000000000000000e+00
4.932101607322692871e+01 4.120000000000000107e+00 4.899999871850013733e-02 0.000000000000000000e+00
4.941603469848632812e+01 4.110000000000000320e+00 4.899999871850013733e-02 0.000000000000000000e+00
4.952396178245544434e+01 4.089999999999999858e+00 4.899999871850013733e-02 0.000000000000000000e+00
4.961300253868103027e+01 4.080000000000000071e+00 4.899999871850013733e-02 0.000000000000000000e+00
4.970796966552734375e+01 4.059999999999999609e+00 4.899999871850013733e-02 0.000000000000000000e+00
4.981996202468872070e+01 4.059999999999999609e+00 4.899999871850013733e-02 0.000000000000000000e+00
4.992696189880371094e+01 4.040000000000000036e+00 4.899999871850013733e-02 0.000000000000000000e+00
5.002296471595764160e+01 4.030000000000000249e+00 4.899999871850013733e-02 0.000000000000000000e+00
5.011300635337829590e+01 4.019999999999999574e+00 4.899999871850013733e-02 0.000000000000000000e+00
5.021996235847473145e+01 4.009999999999999787e+00 4.899999871850013733e-02 0.000000000000000000e+00
5.031496810913085938e+01 4.000000000000000000e+00 4.899999871850013733e-02 0.000000000000000000e+00
5.040606164932250977e+01 3.990000000000000213e+00 4.899999871850013733e-02 0.000000000000000000e+00
