6.197547912597656250e-02 6.099999999999999645e+00 6.100000068545341492e-02 0.000000000000000000e+00
1.610255241394042969e-01 6.610000000000000320e+00 6.100000068545341492e-02 0.000000000000000000e+00
2.509634494781494141e-01 7.530000000000000249e+00 6.100000068545341492e-02 0.000000000000000000e+00
3.410227298736572266e-01 8.119999999999999218e+00 6.100000068545341492e-02 0.000000000000000000e+00
4.549782276153564453e-01 8.640000000000000568e+00 6.100000068545341492e-02 -9.791758728027343750e+01
5.450234413146972656e-01 7.150000000000000355e+00 2.899999916553497314e-02 -1.258940307617187500e+03
6.559710502624511719e-01 4.169999999999999929e+00 2.899999916553497314e-02 -8.392935943603515625e+01
7.459754943847656250e-01 4.519999999999999574e+00 2.899999916553497314e-02 -2.657763061523437500e+02
8.370158672332763672e-01 4.599999999999999645e+00 2.899999916553497314e-02 -3.636938781738281250e+02
9.530153274536132812e-01 4.639999999999999680e+00 2.899999916553497314e-02 -4.616115112304687500e+02
1.061974525451660156e+00 4.559999999999999609e+00 2.899999916553497314e-02 -6.294701538085937500e+02
1.155974864959716797e+00 4.530000000000000249e+00 2.899999916553497314e-02 -5.455408935546875000e+02
1.246984243392944336e+00 4.480000000000000426e+00 2.899999916553497314e-02 -1.818469390869140625e+02
1.357972860336303711e+00 4.660000000000000142e+00 2.899999916553497314e-02 -4.616115112304687500e+02
1.445019006729125977e+00 4.530000000000000249e+00 2.899999916553497314e-02 -3.636938781738281250e+02
1.561977148056030273e+00 4.500000000000000000e+00 2.899999916553497314e-02 -3.636938781738281250e+02
1.650974035263061523e+00 4.540000000000000036e+00 2.899999916553497314e-02 -2.797645568847656250e+02
1.759971857070922852e+00 4.549999999999999822e+00 2.899999916553497314e-02 -2.657763061523437500e+02
1.854980468750000000e+00 4.599999999999999645e+00 2.899999916553497314e-02 -3.636938781738281250e+02
1.943992137908935547e+00 4.610000000000000320e+00 2.899999916553497314e-02 -2.797645568847656250e+02
2.051970481872558594e+00 4.559999999999999609e+00 2.899999916553497314e-02 -3.636938781738281250e+02
2.146972656250000000e+00 4.530000000000000249e+00 2.899999916553497314e-02 -2.657763061523437500e+02
2.258970975875854492e+00 4.559999999999999609e+00 2.899999916553497314e-02 -3.497056579589843750e+02
2.344003438949584961e+00 4.450000000000000178e+00 2.899999916553497314e-02 -3.636938781738281250e+02
2.461971759796142578e+00 4.540000000000000036e+00 2.899999916553497314e-02 -4.616115112304687500e+02
2.551971673965454102e+00 4.570000000000000284e+00 2.899999916553497314e-02 -3.636938781738281250e+02
2.658976078033447266e+00 4.530000000000000249e+00 2.899999916553497314e-02 -2.657763061523437500e+02
2.753980636596679688e+00 4.589999999999999858e+00 2.899999916553497314e-02 -3.497056579589843750e+02
2.843976974487304688e+00 4.500000000000000000e+00 2.899999916553497314e-02 -2.797645568847656250e+02
2.951972723007202148e+00 4.599999999999999645e+00 2.899999916553497314e-02 -1.818469390869140625e+02
3.046003103256225586e+00 4.629999999999999893e+00 2.899999916553497314e-02 -1.818469390869140625e+02
3.158972978591918945e+00 4.780000000000000249e+00 2.899999916553497314e-02 -1.818469390869140625e+02
3.247975587844848633e+00 4.639999999999999680e+00 2.899999916553497314e-02 -2.657763061523437500e+02
3.361014842987060547e+00 4.559999999999999609e+00 2.899999916553497314e-02 -2.797645568847656250e+02
3.451971769332885742e+00 4.570000000000000284e+00 2.899999916553497314e-02 -3.636938781738281250e+02
3.547972202301025391e+00 4.570000000000000284e+00 2.899999916553497314e-02 -3.636938781738281250e+02
3.649972915649414062e+00 4.549999999999999822e+00 2.899999916553497314e-02 -3.497056579589843750e+02
3.745015621185302734e+00 4.459999999999999964e+00 2.899999916553497314e-02 -2.657763061523437500e+02
3.855973005294799805e+00 4.559999999999999609e+00 2.899999916553497314e-02 -1.818469390869140625e+02
3.941974639892578125e+00 4.599999999999999645e+00 2.899999916553497314e-02 -2.797645568847656250e+02
4.059971809387207031e+00 4.480000000000000426e+00 2.899999916553497314e-02 -8.392935943603515625e+01
4.149016380310058594e+00 4.690000000000000391e+00 2.899999916553497314e-02 -8.392935943603515625e+01
4.257019758224487305e+00 4.900000000000000355e+00 2.899999916553497314e-02 -2.657763061523437500e+02
4.351970434188842773e+00 4.620000000000000107e+00 2.899999916553497314e-02 -1.818469390869140625e+02
4.441976308822631836e+00 4.559999999999999609e+00 2.899999916553497314e-02 -2.657763061523437500e+02
4.549019813537597656e+00 4.629999999999999893e+00 2.899999916553497314e-02 -2.657763061523437500e+02
4.643976688385009766e+00 4.620000000000000107e+00 2.899999916553497314e-02 -3.497056579589843750e+02
4.757011175155639648e+00 4.570000000000000284e+00 2.899999916553497314e-02 -2.657763061523437500e+02
4.841972112655639648e+00 4.519999999999999574e+00 2.899999916553497314e-02 -3.636938781738281250e+02
4.958971738815307617e+00 4.549999999999999822e+00 2.899999916553497314e-02 -3.497056579589843750e+02
5.049021244049072266e+00 4.480000000000000426e+00 2.899999916553497314e-02 -2.797645568847656250e+02
5.157024145126342773e+00 4.519999999999999574e+00 2.899999916553497314e-02 -1.818469390869140625e+02
5.250973939895629883e+00 4.570000000000000284e+00 2.899999916553497314e-02 -1.678587188720703125e+02
5.341983556747436523e+00 4.639999999999999680e+00 2.899999916553497314e-02 -1.818469390869140625e+02
5.453012704849243164e+00 4.669999999999999929e+00 2.899999916553497314e-02 -1.818469390869140625e+02
5.539970397949218750e+00 4.629999999999999893e+00 2.899999916553497314e-02 -2.797645568847656250e+02
5.657012462615966797e+00 4.709999999999999964e+00 2.899999916553497314e-02 -1.818469390869140625e+02
5.745974063873291016e+00 4.709999999999999964e+00 2.899999916553497314e-02 -2.657763061523437500e+02
5.854974985122680664e+00 4.719999999999999751e+00 2.899999916553497314e-02 -3.636938781738281250e+02
5.949975252151489258e+00 4.700000000000000178e+00 2.899999916553497314e-02 -4.476232604980468750e+02
6.061017036437988281e+00 4.650000000000000355e+00 2.899999916553497314e-02 -4.476232604980468750e+02
6.146971702575683594e+00 4.549999999999999822e+00 2.899999916553497314e-02 -3.497056579589843750e+02
6.241974830627441406e+00 4.570000000000000284e+00 2.899999916553497314e-02 -3.636938781738281250e+02
6.353981971740722656e+00 4.519999999999999574e+00 2.899999916553497314e-02 -3.636938781738281250e+02
6.459974288940429688e+00 4.599999999999999645e+00 2.899999916553497314e-02 -2.657763061523437500e+02
6.557023525238037109e+00 4.660000000000000142e+00 2.899999916553497314e-02 -1.818469390869140625e+02
6.646971464157104492e+00 4.879999999999999893e+00 2.899999916553497314e-02 0.000000000000000000e+00
6.753978490829467773e+00 4.740000000000000213e+00 2.899999916553497314e-02 -1.818469390869140625e+02
6.849021911621093750e+00 4.820000000000000284e+00 2.899999916553497314e-02 -5.455408935546875000e+02
6.938975095748901367e+00 4.519999999999999574e+00 2.899999916553497314e-02 -2.797645568847656250e+02
7.046970129013061523e+00 4.540000000000000036e+00 2.899999916553497314e-02 -1.818469390869140625e+02
7.141024827957153320e+00 4.690000000000000391e+00 2.899999916553497314e-02 -3.636938781738281250e+02
7.254030227661132812e+00 4.679999999999999716e+00 2.899999916553497314e-02 -3.636938781738281250e+02
7.342969894409179688e+00 4.679999999999999716e+00 2.899999916553497314e-02 -2.657763061523437500e+02
7.455972671508789062e+00 4.629999999999999893e+00 2.899999916553497314e-02 -1.818469390869140625e+02
7.546971797943115234e+00 4.660000000000000142e+00 2.899999916553497314e-02 0.000000000000000000e+00
7.657973051071166992e+00 4.959999999999999964e+00 2.899999916553497314e-02 -3.636938781738281250e+02
7.745014667510986328e+00 4.730000000000000426e+00 2.899999916553497314e-02 -5.315526123046875000e+02
7.839974164962768555e+00 4.500000000000000000e+00 2.899999916553497314e-02 -3.497056579589843750e+02
7.950972318649291992e+00 4.570000000000000284e+00 2.899999916553497314e-02 -3.636938781738281250e+02
8.059971809387207031e+00 4.629999999999999893e+00 2.899999916553497314e-02 -2.797645568847656250e+02
8.154986143112182617e+00 4.580000000000000071e+00 2.899999916553497314e-02 -2.797645568847656250e+02
8.243977069854736328e+00 4.639999999999999680e+00 2.899999916553497314e-02 -2.797645568847656250e+02
8.351976156234741211e+00 4.530000000000000249e+00 2.899999916553497314e-02 -1.818469390869140625e+02
8.446974515914916992e+00 4.599999999999999645e+00 2.899999916553497314e-02 -1.818469390869140625e+02
8.558972597122192383e+00 4.660000000000000142e+00 2.899999916553497314e-02 -2.657763061523437500e+02
8.643994808197021484e+00 4.650000000000000355e+00 2.899999916553497314e-02 -3.497056579589843750e+02
8.738972425460815430e+00 4.639999999999999680e+00 2.899999916553497314e-02 -3.497056579589843750e+02
8.851971149444580078e+00 4.519999999999999574e+00 2.899999916553497314e-02 -5.455408935546875000e+02
8.958971261978149414e+00 4.469999999999999751e+00 2.899999916553497314e-02 -5.315526123046875000e+02
9.054003000259399414e+00 4.469999999999999751e+00 2.899999916553497314e-02 -4.476232604980468750e+02
9.143998861312866211e+00 4.469999999999999751e+00 2.899999916553497314e-02 -2.657763061523437500e+02
9.251971721649169922e+00 4.540000000000000036e+00 2.899999916553497314e-02 -4.476232604980468750e+02
9.345975637435913086e+00 4.559999999999999609e+00 2.899999916553497314e-02 -4.616115112304687500e+02
9.458972215652465820e+00 4.660000000000000142e+00 2.899999916553497314e-02 -5.315526123046875000e+02
9.547971248626708984e+00 4.620000000000000107e+00 2.899999916553497314e-02 -5.315526123046875000e+02
9.659975290298461914e+00 4.540000000000000036e+00 2.899999916553497314e-02 -4.476232604980468750e+02
9.751971483230590820e+00 4.540000000000000036e+00 2.899999916553497314e-02 -4.476232604980468750e+02
9.841020345687866211e+00 4.509999999999999787e+00 2.899999916553497314e-02 -3.636938781738281250e+02
9.949977159500122070e+00 4.490000000000000213e+00 2.899999916553497314e-02 -4.476232604980468750e+02
1.004501581192016602e+01 4.549999999999999822e+00 2.899999916553497314e-02 -4.476232604980468750e+02
1.015597105026245117e+01 4.559999999999999609e+00 2.899999916553497314e-02 -2.657763061523437500e+02
1.024197316169738770e+01 4.610000000000000320e+00 2.899999916553497314e-02 -2.657763061523437500e+02
1.035997533798217773e+01 4.679999999999999716e+00 2.899999916553497314e-02 -2.657763061523437500e+02
1.044903206825256348e+01 4.580000000000000071e+00 2.899999916553497314e-02 -4.616115112304687500e+02
1.055710792541503906e+01 4.639999999999999680e+00 2.899999916553497314e-02 -5.455408935546875000e+02
1.065207052230834961e+01 4.509999999999999787e+00 2.899999916553497314e-02 -5.455408935546875000e+02
1.074198985099792480e+01 4.530000000000000249e+00 2.899999916553497314e-02 -4.616115112304687500e+02
1.084900808334350586e+01 4.530000000000000249e+00 2.899999916553497314e-02 -3.497056579589843750e+02
1.094400334358215332e+01 4.610000000000000320e+00 2.899999916553497314e-02 -3.636938781738281250e+02
1.105702686309814453e+01 4.549999999999999822e+00 2.899999916553497314e-02 -3.497056579589843750e+02
1.114197182655334473e+01 4.650000000000000355e+00 2.899999916553497314e-02 -3.636938781738281250e+02
1.125897097587585449e+01 4.679999999999999716e+00 2.899999916553497314e-02 -3.636938781738281250e+02
1.134901475906372070e+01 4.610000000000000320e+00 2.899999916553497314e-02 -4.476232604980468750e+02
1.145700812339782715e+01 4.599999999999999645e+00 2.899999916553497314e-02 -4.476232604980468750e+02
1.155097532272338867e+01 4.570000000000000284e+00 2.899999916553497314e-02 -2.797645568847656250e+02
1.164198350906372070e+01 4.570000000000000284e+00 2.899999916553497314e-02 -5.315526123046875000e+02
1.175300717353820801e+01 4.589999999999999858e+00 2.899999916553497314e-02 -6.294701538085937500e+02
1.183997225761413574e+01 4.429999999999999716e+00 2.899999916553497314e-02 -6.294701538085937500e+02
1.195702338218688965e+01 4.440000000000000391e+00 2.899999916553497314e-02 -3.636938781738281250e+02
1.204597520828247070e+01 4.540000000000000036e+00 2.899999916553497314e-02 -1.818469390869140625e+02
1.215497875213623047e+01 4.589999999999999858e+00 2.899999916553497314e-02 -1.678587188720703125e+02
1.224997496604919434e+01 4.570000000000000284e+00 2.899999916553497314e-02 -2.657763061523437500e+02
1.236101365089416504e+01 4.620000000000000107e+00 2.899999916553497314e-02 -3.636938781738281250e+02
1.244697475433349609e+01 4.559999999999999609e+00 2.899999916553497314e-02 -1.818469390869140625e+02
1.254197597503662109e+01 4.629999999999999893e+00 2.899999916553497314e-02 -2.657763061523437500e+02
1.265398001670837402e+01 4.660000000000000142e+00 2.899999916553497314e-02 -4.616115112304687500e+02
1.276101922988891602e+01 4.610000000000000320e+00 2.899999916553497314e-02 -5.315526123046875000e+02
1.285702133178710938e+01 4.559999999999999609e+00 2.899999916553497314e-02 -6.294701538085937500e+02
1.294697332382202148e+01 4.490000000000000213e+00 2.899999916553497314e-02 -4.476232604980468750e+02
1.305400896072387695e+01 4.530000000000000249e+00 2.899999916553497314e-02 -3.636938781738281250e+02
1.314902281761169434e+01 4.610000000000000320e+00 2.899999916553497314e-02 -4.476232604980468750e+02
1.323897480964660645e+01 4.540000000000000036e+00 2.899999916553497314e-02 -2.657763061523437500e+02
1.334697580337524414e+01 4.549999999999999822e+00 2.899999916553497314e-02 -3.497056579589843750e+02
1.344101381301879883e+01 4.629999999999999893e+00 2.899999916553497314e-02 -4.476232604980468750e+02
1.355399012565612793e+01 4.629999999999999893e+00 2.899999916553497314e-02 -4.476232604980468750e+02
1.364297318458557129e+01 4.589999999999999858e+00 2.899999916553497314e-02 -2.797645568847656250e+02
1.375597453117370605e+01 4.620000000000000107e+00 2.899999916553497314e-02 -1.818469390869140625e+02
1.384697365760803223e+01 4.660000000000000142e+00 2.899999916553497314e-02 -3.636938781738281250e+02
1.395797443389892578e+01 4.589999999999999858e+00 2.899999916553497314e-02 -5.455408935546875000e+02
1.404500842094421387e+01 4.620000000000000107e+00 2.899999916553497314e-02 -5.455408935546875000e+02
1.413997650146484375e+01 4.509999999999999787e+00 2.899999916553497314e-02 -3.497056579589843750e+02
1.425097322463989258e+01 4.589999999999999858e+00 2.899999916553497314e-02 -2.657763061523437500e+02
1.435997509956359863e+01 4.610000000000000320e+00 2.899999916553497314e-02 -1.818469390869140625e+02
1.445497632026672363e+01 4.610000000000000320e+00 2.899999916553497314e-02 -2.657763061523437500e+02
1.454397702217102051e+01 4.629999999999999893e+00 2.899999916553497314e-02 -3.497056579589843750e+02
1.465197205543518066e+01 4.620000000000000107e+00 2.899999916553497314e-02 -4.476232604980468750e+02
1.474697518348693848e+01 4.629999999999999893e+00 2.899999916553497314e-02 -4.476232604980468750e+02
1.485900521278381348e+01 4.599999999999999645e+00 2.899999916553497314e-02 -4.476232604980468750e+02
1.494399070739746094e+01 4.559999999999999609e+00 2.899999916553497314e-02 -3.497056579589843750e+02
1.503897261619567871e+01 4.549999999999999822e+00 2.899999916553497314e-02 -2.657763061523437500e+02
1.515197205543518066e+01 4.599999999999999645e+00 2.899999916553497314e-02 -8.392935943603515625e+01
1.525897240638732910e+01 5.040000000000000036e+00 2.899999916553497314e-02 -3.636938781738281250e+02
1.535398221015930176e+01 4.639999999999999680e+00 2.899999916553497314e-02 -7.133995361328125000e+02
1.544397878646850586e+01 4.530000000000000249e+00 2.899999916553497314e-02 -6.294701538085937500e+02
1.555197358131408691e+01 4.450000000000000178e+00 2.899999916553497314e-02 -3.497056579589843750e+02
1.564597249031066895e+01 4.459999999999999964e+00 2.899999916553497314e-02 -3.636938781738281250e+02
1.575897312164306641e+01 4.549999999999999822e+00 2.899999916553497314e-02 -4.476232604980468750e+02
1.584797167778015137e+01 4.519999999999999574e+00 2.899999916553497314e-02 -4.476232604980468750e+02
1.596100664138793945e+01 4.540000000000000036e+00 2.899999916553497314e-02 -5.455408935546875000e+02
1.605197119712829590e+01 4.519999999999999574e+00 2.899999916553497314e-02 -4.476232604980468750e+02
1.614102339744567871e+01 4.440000000000000391e+00 2.899999916553497314e-02 -4.476232604980468750e+02
1.624997687339782715e+01 4.450000000000000178e+00 2.899999916553497314e-02 -3.636938781738281250e+02
1.634502124786376953e+01 4.530000000000000249e+00 2.899999916553497314e-02 -2.657763061523437500e+02
1.645598292350769043e+01 4.589999999999999858e+00 2.899999916553497314e-02 -2.657763061523437500e+02
1.654197382926940918e+01 4.629999999999999893e+00 2.899999916553497314e-02 -3.636938781738281250e+02
1.666000080108642578e+01 4.639999999999999680e+00 2.899999916553497314e-02 -3.497056579589843750e+02
1.674902415275573730e+01 4.629999999999999893e+00 2.899999916553497314e-02 -4.476232604980468750e+02
1.685702276229858398e+01 4.650000000000000355e+00 2.899999916553497314e-02 -2.797645568847656250e+02
1.695197343826293945e+01 4.639999999999999680e+00 2.899999916553497314e-02 0.000000000000000000e+00
1.704197549819946289e+01 5.049999999999999822e+00 2.899999916553497314e-02 0.000000000000000000e+00
1.714900898933410645e+01 5.110000000000000320e+00 2.899999916553497314e-02 0.000000000000000000e+00
1.724397540092468262e+01 5.150000000000000355e+00 2.899999916553497314e-02 0.000000000000000000e+00
1.735701251029968262e+01 5.320000000000000284e+00 2.899999916553497314e-02 -1.818469390869140625e+02
1.744197177886962891e+01 5.080000000000000071e+00 2.899999916553497314e-02 -1.678587188720703125e+02
1.755897116661071777e+01 4.660000000000000142e+00 2.899999916553497314e-02 -4.476232604980468750e+02
1.764902353286743164e+01 4.610000000000000320e+00 2.899999916553497314e-02 -5.455408935546875000e+02
1.775702142715454102e+01 4.459999999999999964e+00 2.899999916553497314e-02 -4.476232604980468750e+02
1.785097217559814453e+01 4.530000000000000249e+00 2.899999916553497314e-02 -2.657763061523437500e+02
1.794197511672973633e+01 4.509999999999999787e+00 2.899999916553497314e-02 -1.818469390869140625e+02
1.805301570892333984e+01 4.669999999999999929e+00 2.899999916553497314e-02 -8.392935943603515625e+01
1.813997149467468262e+01 4.679999999999999716e+00 2.899999916553497314e-02 -3.636938781738281250e+02
1.825701761245727539e+01 4.549999999999999822e+00 2.899999916553497314e-02 -4.476232604980468750e+02
1.834597682952880859e+01 4.490000000000000213e+00 2.899999916553497314e-02 -3.636938781738281250e+02
1.845498418807983398e+01 4.559999999999999609e+00 2.899999916553497314e-02 -3.497056579589843750e+02
1.854997563362121582e+01 4.559999999999999609e+00 2.899999916553497314e-02 -2.657763061523437500e+02
1.866105055809020996e+01 4.549999999999999822e+00 2.899999916553497314e-02 -1.818469390869140625e+02
1.874697399139404297e+01 4.519999999999999574e+00 2.899999916553497314e-02 -8.392935943603515625e+01
1.884197402000427246e+01 4.650000000000000355e+00 2.899999916553497314e-02 -1.678587188720703125e+02
1.895398020744323730e+01 4.660000000000000142e+00 2.899999916553497314e-02 -2.797645568847656250e+02
1.906101846694946289e+01 4.669999999999999929e+00 2.899999916553497314e-02 -2.657763061523437500e+02
1.915703415870666504e+01 4.599999999999999645e+00 2.899999916553497314e-02 -2.657763061523437500e+02
1.924697232246398926e+01 4.589999999999999858e+00 2.899999916553497314e-02 -1.818469390869140625e+02
1.935399866104125977e+01 4.669999999999999929e+00 2.899999916553497314e-02 -2.657763061523437500e+02
1.944901275634765625e+01 4.629999999999999893e+00 2.899999916553497314e-02 -1.818469390869140625e+02
1.953897166252136230e+01 4.719999999999999751e+00 2.899999916553497314e-02 -2.657763061523437500e+02
1.964697313308715820e+01 4.599999999999999645e+00 2.899999916553497314e-02 -1.818469390869140625e+02
1.974102282524108887e+01 4.599999999999999645e+00 2.899999916553497314e-02 -8.392935943603515625e+01
1.985400676727294922e+01 4.700000000000000178e+00 2.899999916553497314e-02 -2.657763061523437500e+02
1.994297313690185547e+01 4.650000000000000355e+00 2.899999916553497314e-02 -2.797645568847656250e+02
2.005598020553588867e+01 4.660000000000000142e+00 2.899999916553497314e-02 -5.455408935546875000e+02
2.014697170257568359e+01 4.540000000000000036e+00 2.899999916553497314e-02 -4.476232604980468750e+02
2.025806665420532227e+01 4.459999999999999964e+00 2.899999916553497314e-02 -2.797645568847656250e+02
2.034501767158508301e+01 4.509999999999999787e+00 2.899999916553497314e-02 -3.636938781738281250e+02
2.043997073173522949e+01 4.490000000000000213e+00 2.899999916553497314e-02 -2.657763061523437500e+02
2.055097317695617676e+01 4.349999999999999645e+00 2.899999916553497314e-02 0.000000000000000000e+00
2.065997362136840820e+01 4.419999999999999929e+00 2.899999916553497314e-02 0.000000000000000000e+00
2.075497388839721680e+01 4.750000000000000000e+00 2.899999916553497314e-02 0.000000000000000000e+00
2.084397768974304199e+01 4.799999999999999822e+00 2.899999916553497314e-02 0.000000000000000000e+00
2.095196485519409180e+01 3.729999999999999982e+00 2.899999916553497314e-02 0.000000000000000000e+00
2.104697394371032715e+01 2.399999999999999911e+00 6.100000068545341492e-02 9.092347412109375000e+02
2.115897250175476074e+01 3.950000000000000178e+00 6.100000068545341492e-02 5.455408935546875000e+02
2.124397706985473633e+01 4.490000000000000213e+00 6.100000068545341492e-02 0.000000000000000000e+00
2.135397696495056152e+01 4.129999999999999893e+00 6.100000068545341492e-02 4.616115112304687500e+02
2.145197176933288574e+01 4.290000000000000036e+00 6.100000068545341492e-02 2.657763061523437500e+02
2.155897212028503418e+01 4.429999999999999716e+00 6.100000068545341492e-02 9.791758728027343750e+01
2.165407824516296387e+01 4.219999999999999751e+00 6.100000068545341492e-02 9.791758728027343750e+01
2.174397397041320801e+01 4.290000000000000036e+00 6.100000068545341492e-02 2.657763061523437500e+02
2.185197544097900391e+01 4.299999999999999822e+00 6.100000068545341492e-02 2.657763061523437500e+02
2.194597649574279785e+01 4.429999999999999716e+00 6.100000068545341492e-02 8.392935943603515625e+01
2.205897426605224609e+01 4.379999999999999893e+00 6.100000068545341492e-02 8.392935943603515625e+01
2.214797449111938477e+01 4.360000000000000320e+00 6.100000068545341492e-02 2.797645568847656250e+02
2.225997233390808105e+01 4.259999999999999787e+00 6.100000068545341492e-02 6.294701538085937500e+02
2.235197401046752930e+01 4.360000000000000320e+00 6.100000068545341492e-02 6.294701538085937500e+02
2.244100689888000488e+01 4.459999999999999964e+00 6.100000068545341492e-02 4.476232604980468750e+02
2.254997634887695312e+01 4.440000000000000391e+00 6.100000068545341492e-02 1.818469390869140625e+02
2.264501357078552246e+01 4.299999999999999822e+00 6.100000068545341492e-02 3.636938781738281250e+02
2.275597238540649414e+01 4.379999999999999893e+00 6.100000068545341492e-02 3.636938781738281250e+02
2.284197592735290527e+01 4.290000000000000036e+00 6.100000068545341492e-02 4.476232604980468750e+02
2.295997285842895508e+01 4.389999999999999680e+00 6.100000068545341492e-02 4.476232604980468750e+02
2.304901742935180664e+01 4.400000000000000355e+00 6.100000068545341492e-02 4.476232604980468750e+02
2.315701174736022949e+01 4.349999999999999645e+00 6.100000068545341492e-02 5.455408935546875000e+02
2.325197386741638184e+01 4.349999999999999645e+00 6.100000068545341492e-02 4.476232604980468750e+02
2.334197473526000977e+01 4.389999999999999680e+00 6.100000068545341492e-02 5.315526123046875000e+02
2.344903039932250977e+01 4.379999999999999893e+00 6.100000068545341492e-02 3.636938781738281250e+02
2.354399824142456055e+01 4.360000000000000320e+00 6.100000068545341492e-02 2.797645568847656250e+02
2.365702342987060547e+01 4.269999999999999574e+00 6.100000068545341492e-02 2.657763061523437500e+02
2.374198794364929199e+01 4.259999999999999787e+00 6.100000068545341492e-02 4.476232604980468750e+02
2.385898113250732422e+01 4.410000000000000142e+00 6.100000068545341492e-02 7.133995361328125000e+02
2.394902300834655762e+01 4.440000000000000391e+00 6.100000068545341492e-02 1.077093505859375000e+03
2.405700945854187012e+01 4.459999999999999964e+00 6.100000068545341492e-02 7.133995361328125000e+02
2.415097427368164062e+01 4.410000000000000142e+00 6.100000068545341492e-02 5.455408935546875000e+02
2.424197673797607422e+01 4.379999999999999893e+00 6.100000068545341492e-02 3.636938781738281250e+02
2.435301518440246582e+01 4.400000000000000355e+00 6.100000068545341492e-02 5.315526123046875000e+02
2.443997526168823242e+01 4.490000000000000213e+00 6.100000068545341492e-02 5.315526123046875000e+02
2.455702781677246094e+01 4.450000000000000178e+00 6.100000068545341492e-02 4.476232604980468750e+02
2.464597368240356445e+01 4.400000000000000355e+00 6.100000068545341492e-02 3.636938781738281250e+02
2.475497794151306152e+01 4.410000000000000142e+00 6.100000068545341492e-02 3.497056579589843750e+02
2.484997534751892090e+01 4.320000000000000284e+00 6.100000068545341492e-02 2.657763061523437500e+02
2.496100902557373047e+01 4.240000000000000213e+00 6.100000068545341492e-02 2.657763061523437500e+02
2.504697203636169434e+01 4.240000000000000213e+00 6.100000068545341492e-02 3.497056579589843750e+02
2.514197421073913574e+01 4.219999999999999751e+00 6.100000068545341492e-02 7.133995361328125000e+02
2.525405097007751465e+01 4.410000000000000142e+00 6.100000068545341492e-02 7.133995361328125000e+02
2.535997104644775391e+01 4.459999999999999964e+00 6.100000068545341492e-02 4.476232604980468750e+02
2.545701766014099121e+01 4.440000000000000391e+00 6.100000068545341492e-02 1.818469390869140625e+02
2.554697418212890625e+01 4.330000000000000071e+00 6.100000068545341492e-02 1.678587188720703125e+02
2.565397477149963379e+01 4.209999999999999964e+00 6.100000068545341492e-02 1.818469390869140625e+02
2.574902772903442383e+01 4.209999999999999964e+00 6.100000068545341492e-02 2.797645568847656250e+02
2.583898043632507324e+01 4.190000000000000391e+00 6.100000068545341492e-02 4.616115112304687500e+02
2.594697499275207520e+01 4.349999999999999645e+00 6.100000068545341492e-02 4.476232604980468750e+02
2.604101228713989258e+01 4.370000000000000107e+00 6.100000068545341492e-02 4.616115112304687500e+02
2.615399360656738281e+01 4.480000000000000426e+00 6.100000068545341492e-02 2.657763061523437500e+02
2.624297261238098145e+01 4.410000000000000142e+00 6.100000068545341492e-02 3.636938781738281250e+02
2.635597372055053711e+01 4.429999999999999716e+00 6.100000068545341492e-02 4.476232604980468750e+02
2.644697308540344238e+01 4.389999999999999680e+00 6.100000068545341492e-02 6.294701538085937500e+02
2.655797576904296875e+01 4.490000000000000213e+00 6.100000068545341492e-02 8.113171386718750000e+02
2.664501166343688965e+01 4.419999999999999929e+00 6.100000068545341492e-02 7.133995361328125000e+02
2.673998284339904785e+01 4.370000000000000107e+00 6.100000068545341492e-02 6.294701538085937500e+02
2.685097193717956543e+01 4.410000000000000142e+00 6.100000068545341492e-02 5.455408935546875000e+02
2.695997142791748047e+01 4.429999999999999716e+00 6.100000068545341492e-02 2.657763061523437500e+02
2.705498695373535156e+01 4.349999999999999645e+00 6.100000068545341492e-02 3.636938781738281250e+02
2.714397907257080078e+01 4.349999999999999645e+00 6.100000068545341492e-02 4.476232604980468750e+02
2.725199913978576660e+01 4.450000000000000178e+00 6.100000068545341492e-02 6.294701538085937500e+02
2.734697151184082031e+01 4.429999999999999716e+00 6.100000068545341492e-02 4.476232604980468750e+02
2.745897054672241211e+01 4.349999999999999645e+00 6.100000068545341492e-02 2.657763061523437500e+02
2.754398131370544434e+01 4.370000000000000107e+00 6.100000068545341492e-02 4.476232604980468750e+02
2.763897538185119629e+01 4.400000000000000355e+00 6.100000068545341492e-02 8.113171386718750000e+02
2.775197458267211914e+01 4.440000000000000391e+00 6.100000068545341492e-02 9.931641235351562500e+02
2.785897207260131836e+01 4.620000000000000107e+00 6.100000068545341492e-02 7.133995361328125000e+02
2.795398449897766113e+01 4.469999999999999751e+00 6.100000068545341492e-02 5.315526123046875000e+02
2.804398131370544434e+01 4.400000000000000355e+00 6.100000068545341492e-02 3.636938781738281250e+02
2.815197849273681641e+01 4.379999999999999893e+00 6.100000068545341492e-02 3.636938781738281250e+02
2.824597620964050293e+01 4.370000000000000107e+00 6.100000068545341492e-02 4.476232604980468750e+02
2.835897278785705566e+01 4.389999999999999680e+00 6.100000068545341492e-02 4.616115112304687500e+02
2.844797277450561523e+01 4.400000000000000355e+00 6.100000068545341492e-02 3.636938781738281250e+02
2.855197048187255859e+01 4.469999999999999751e+00 6.100000068545341492e-02 3.636938781738281250e+02
2.865197253227233887e+01 4.500000000000000000e+00 6.100000068545341492e-02 3.636938781738281250e+02
2.874100971221923828e+01 4.450000000000000178e+00 6.100000068545341492e-02 5.315526123046875000e+02
2.884997725486755371e+01 4.440000000000000391e+00 6.100000068545341492e-02 6.294701538085937500e+02
2.894501137733459473e+01 4.389999999999999680e+00 6.100000068545341492e-02 5.455408935546875000e+02
2.905597376823425293e+01 4.400000000000000355e+00 6.100000068545341492e-02 4.476232604980468750e+02
2.914197301864624023e+01 4.330000000000000071e+00 6.100000068545341492e-02 6.294701538085937500e+02
2.925997734069824219e+01 4.360000000000000320e+00 6.100000068545341492e-02 6.434584350585937500e+02
2.934901475906372070e+01 4.440000000000000391e+00 6.100000068545341492e-02 5.455408935546875000e+02
2.945701408386230469e+01 4.440000000000000391e+00 6.100000068545341492e-02 5.455408935546875000e+02
2.955197191238403320e+01 4.410000000000000142e+00 6.100000068545341492e-02 3.636938781738281250e+02
2.964197754859924316e+01 4.429999999999999716e+00 6.100000068545341492e-02 3.636938781738281250e+02
2.974901723861694336e+01 4.360000000000000320e+00 6.100000068545341492e-02 3.497056579589843750e+02
2.984397840499877930e+01 4.320000000000000284e+00 6.100000068545341492e-02 2.657763061523437500e+02
2.995700716972351074e+01 4.309999999999999609e+00 6.100000068545341492e-02 4.476232604980468750e+02
3.004197430610656738e+01 4.299999999999999822e+00 6.100000068545341492e-02 6.294701538085937500e+02
3.015897083282470703e+01 4.379999999999999893e+00 6.100000068545341492e-02 6.294701538085937500e+02
3.024902558326721191e+01 4.450000000000000178e+00 6.100000068545341492e-02 6.294701538085937500e+02
3.035701322555541992e+01 4.469999999999999751e+00 6.100000068545341492e-02 3.636938781738281250e+02
3.045097422599792480e+01 4.500000000000000000e+00 6.100000068545341492e-02 4.616115112304687500e+02
3.054197430610656738e+01 4.450000000000000178e+00 6.100000068545341492e-02 5.315526123046875000e+02
3.065301012992858887e+01 4.440000000000000391e+00 6.100000068545341492e-02 2.657763061523437500e+02
3.073997950553894043e+01 4.379999999999999893e+00 6.100000068545341492e-02 3.636938781738281250e+02
3.085700464248657227e+01 4.410000000000000142e+00 6.100000068545341492e-02 4.476232604980468750e+02
3.094597268104553223e+01 4.480000000000000426e+00 6.100000068545341492e-02 3.497056579589843750e+02
3.105497908592224121e+01 4.440000000000000391e+00 6.100000068545341492e-02 4.476232604980468750e+02
3.114998006820678711e+01 4.459999999999999964e+00 6.100000068545341492e-02 5.315526123046875000e+02
3.125998139381408691e+01 4.419999999999999929e+00 6.100000068545341492e-02 3.636938781738281250e+02
3.134697413444519043e+01 4.490000000000000213e+00 6.100000068545341492e-02 4.476232604980468750e+02
3.144197511672973633e+01 4.459999999999999964e+00 6.100000068545341492e-02 5.315526123046875000e+02
3.155398106575012207e+01 4.440000000000000391e+00 6.100000068545341492e-02 3.636938781738281250e+02
3.165997123718261719e+01 4.370000000000000107e+00 6.100000068545341492e-02 1.818469390869140625e+02
3.175701832771301270e+01 4.339999999999999858e+00 6.100000068545341492e-02 9.791758728027343750e+01
3.184697151184082031e+01 4.209999999999999964e+00 6.100000068545341492e-02 0.000000000000000000e+00
3.195397925376892090e+01 4.059999999999999609e+00 6.100000068545341492e-02 3.497056579589843750e+02
3.204902505874633789e+01 4.280000000000000249e+00 6.100000068545341492e-02 6.294701538085937500e+02
3.213897442817687988e+01 4.370000000000000107e+00 6.100000068545341492e-02 6.294701538085937500e+02
3.224697327613830566e+01 4.370000000000000107e+00 6.100000068545341492e-02 5.455408935546875000e+02
3.234101152420043945e+01 4.459999999999999964e+00 6.100000068545341492e-02 5.455408935546875000e+02
3.245398616790771484e+01 4.419999999999999929e+00 6.100000068545341492e-02 4.476232604980468750e+02
3.254297161102294922e+01 4.349999999999999645e+00 6.100000068545341492e-02 3.636938781738281250e+02
3.265597391128540039e+01 4.299999999999999822e+00 6.100000068545341492e-02 3.497056579589843750e+02
3.274697279930114746e+01 4.339999999999999858e+00 6.100000068545341492e-02 3.497056579589843750e+02
3.285797595977783203e+01 4.250000000000000000e+00 6.100000068545341492e-02 2.797645568847656250e+02
3.294504165649414062e+01 4.230000000000000426e+00 6.100000068545341492e-02 2.657763061523437500e+02
3.306102108955383301e+01 4.299999999999999822e+00 6.100000068545341492e-02 2.797645568847656250e+02
3.315097427368164062e+01 4.179999999999999716e+00 6.100000068545341492e-02 0.000000000000000000e+00
3.325997281074523926e+01 3.790000000000000036e+00 6.100000068545341492e-02 9.791758728027343750e+01
3.335497331619262695e+01 3.879999999999999893e+00 6.100000068545341492e-02 4.476232604980468750e+02
3.344398546218872070e+01 4.209999999999999964e+00 6.100000068545341492e-02 5.455408935546875000e+02
3.355197310447692871e+01 4.440000000000000391e+00 6.100000068545341492e-02 2.657763061523437500e+02
3.364697241783142090e+01 4.450000000000000178e+00 6.100000068545341492e-02 8.392935943603515625e+01
3.375897312164306641e+01 4.339999999999999858e+00 6.100000068545341492e-02 0.000000000000000000e+00
3.384399652481079102e+01 3.890000000000000124e+00 6.100000068545341492e-02 0.000000000000000000e+00
3.395397806167602539e+01 3.919999999999999929e+00 6.100000068545341492e-02 2.657763061523437500e+02
3.405197429656982422e+01 4.240000000000000213e+00 6.100000068545341492e-02 4.476232604980468750e+02
3.415897607803344727e+01 4.349999999999999645e+00 6.100000068545341492e-02 5.455408935546875000e+02
3.425398373603820801e+01 4.389999999999999680e+00 6.100000068545341492e-02 4.616115112304687500e+02
3.434398150444030762e+01 4.370000000000000107e+00 6.100000068545341492e-02 3.636938781738281250e+02
3.445197486877441406e+01 4.309999999999999609e+00 6.100000068545341492e-02 4.616115112304687500e+02
3.454597806930541992e+01 4.419999999999999929e+00 6.100000068545341492e-02 5.315526123046875000e+02
3.465897083282470703e+01 4.469999999999999751e+00 6.100000068545341492e-02 4.476232604980468750e+02
3.474797248840332031e+01 4.500000000000000000e+00 6.100000068545341492e-02 3.636938781738281250e+02
3.486100840568542480e+01 4.440000000000000391e+00 6.100000068545341492e-02 2.797645568847656250e+02
3.495197153091430664e+01 4.450000000000000178e+00 6.100000068545341492e-02 8.392935943603515625e+01
3.504101419448852539e+01 4.309999999999999609e+00 6.100000068545341492e-02 2.657763061523437500e+02
3.514998531341552734e+01 4.339999999999999858e+00 6.100000068545341492e-02 5.315526123046875000e+02
3.524501562118530273e+01 4.360000000000000320e+00 6.100000068545341492e-02 6.294701538085937500e+02
3.535597348213195801e+01 4.450000000000000178e+00 6.100000068545341492e-02 3.636938781738281250e+02
3.544197082519531250e+01 4.480000000000000426e+00 6.100000068545341492e-02 4.476232604980468750e+02
3.555997228622436523e+01 4.209999999999999964e+00 6.100000068545341492e-02 2.657763061523437500e+02
3.564901351928710938e+01 4.370000000000000107e+00 6.100000068545341492e-02 2.657763061523437500e+02
3.575701880455017090e+01 4.389999999999999680e+00 6.100000068545341492e-02 3.636938781738281250e+02
3.585197234153747559e+01 4.450000000000000178e+00 6.100000068545341492e-02 4.476232604980468750e+02
3.594197368621826172e+01 4.450000000000000178e+00 6.100000068545341492e-02 5.455408935546875000e+02
3.604901337623596191e+01 4.599999999999999645e+00 6.100000068545341492e-02 3.636938781738281250e+02
3.614398765563964844e+01 4.500000000000000000e+00 6.100000068545341492e-02 2.797645568847656250e+02
3.625701332092285156e+01 4.459999999999999964e+00 6.100000068545341492e-02 5.455408935546875000e+02
3.634197521209716797e+01 4.330000000000000071e+00 6.100000068545341492e-02 7.273877563476562500e+02
3.645897078514099121e+01 4.480000000000000426e+00 6.100000068545341492e-02 5.455408935546875000e+02
3.654901528358459473e+01 4.519999999999999574e+00 6.100000068545341492e-02 3.497056579589843750e+02
3.665702676773071289e+01 4.440000000000000391e+00 6.100000068545341492e-02 3.636938781738281250e+02
3.675097393989562988e+01 4.490000000000000213e+00 6.100000068545341492e-02 1.678587188720703125e+02
3.684197354316711426e+01 4.400000000000000355e+00 6.100000068545341492e-02 0.000000000000000000e+00
3.695301198959350586e+01 4.019999999999999574e+00 6.100000068545341492e-02 1.818469390869140625e+02
3.703997397422790527e+01 4.349999999999999645e+00 6.100000068545341492e-02 0.000000000000000000e+00
3.715701961517333984e+01 4.259999999999999787e+00 6.100000068545341492e-02 0.000000000000000000e+00
3.724597668647766113e+01 4.269999999999999574e+00 6.100000068545341492e-02 0.000000000000000000e+00
3.735497617721557617e+01 4.299999999999999822e+00 6.100000068545341492e-02 0.000000000000000000e+00
3.744997525215148926e+01 4.349999999999999645e+00 6.100000068545341492e-02 0.000000000000000000e+00
3.755997133255004883e+01 4.389999999999999680e+00 6.100000068545341492e-02 0.000000000000000000e+00
3.764697360992431641e+01 4.879999999999999893e+00 6.100000068545341492e-02 0.000000000000000000e+00
3.774197602272033691e+01 5.879999999999999893e+00 2.899999916553497314e-02 -5.315526123046875000e+02
3.785402321815490723e+01 4.719999999999999751e+00 2.899999916553497314e-02 -7.133995361328125000e+02
3.795997142791748047e+01 4.620000000000000107e+00 2.899999916553497314e-02 -2.797645568847656250e+02
3.805702233314514160e+01 4.599999999999999645e+00 2.899999916553497314e-02 -1.818469390869140625e+02
3.814700222015380859e+01 4.790000000000000036e+00 2.899999916553497314e-02 -1.818469390869140625e+02
3.825397944450378418e+01 4.830000000000000071e+00 2.899999916553497314e-02 -8.392935943603515625e+01
3.834900784492492676e+01 5.059999999999999609e+00 2.899999916553497314e-02 0.000000000000000000e+00
3.843897175788879395e+01 5.150000000000000355e+00 2.899999916553497314e-02 -4.476232604980468750e+02
3.854697322845458984e+01 4.889999999999999680e+00 2.899999916553497314e-02 -8.113171386718750000e+02
3.864100742340087891e+01 4.660000000000000142e+00 2.899999916553497314e-02 -7.973289184570312500e+02
3.875397849082946777e+01 4.620000000000000107e+00 2.899999916553497314e-02 -8.113171386718750000e+02
3.884297204017639160e+01 4.570000000000000284e+00 2.899999916553497314e-02 -7.273877563476562500e+02
3.895597362518310547e+01 4.610000000000000320e+00 2.899999916553497314e-02 -7.133995361328125000e+02
3.904697227478027344e+01 4.540000000000000036e+00 2.899999916553497314e-02 -4.616115112304687500e+02
3.915797662734985352e+01 4.580000000000000071e+00 2.899999916553497314e-02 -5.315526123046875000e+02
3.924501490592956543e+01 4.650000000000000355e+00 2.899999916553497314e-02 -6.294701538085937500e+02
3.934697294235229492e+01 4.610000000000000320e+00 2.899999916553497314e-02 -5.455408935546875000e+02
3.945097327232360840e+01 4.540000000000000036e+00 2.899999916553497314e-02 -4.476232604980468750e+02
3.955997252464294434e+01 4.490000000000000213e+00 2.899999916553497314e-02 -4.476232604980468750e+02
3.965497398376464844e+01 4.509999999999999787e+00 2.899999916553497314e-02 -2.657763061523437500e+02
3.974406003952026367e+01 4.660000000000000142e+00 2.899999916553497314e-02 -4.476232604980468750e+02
3.985197448730468750e+01 4.570000000000000284e+00 2.899999916553497314e-02 -6.294701538085937500e+02
3.994697475433349609e+01 4.450000000000000178e+00 2.899999916553497314e-02 -2.657763061523437500e+02
4.005906891822814941e+01 4.519999999999999574e+00 2.899999916553497314e-02 -2.797645568847656250e+02
4.014398241043090820e+01 4.610000000000000320e+00 2.899999916553497314e-02 -3.497056579589843750e+02
4.024501991271972656e+01 4.559999999999999609e+00 2.899999916553497314e-02 -4.476232604980468750e+02
4.035197305679321289e+01 4.570000000000000284e+00 2.899999916553497314e-02 -2.657763061523437500e+02
4.045897126197814941e+01 4.599999999999999645e+00 2.899999916553497314e-02 -3.636938781738281250e+02
4.055399322509765625e+01 4.809999999999999609e+00 2.899999916553497314e-02 -3.636938781738281250e+02
4.064400243759155273e+01 4.830000000000000071e+00 2.899999916553497314e-02 -3.497056579589843750e+02
4.075198340415954590e+01 4.730000000000000426e+00 2.899999916553497314e-02 -4.476232604980468750e+02
4.084597635269165039e+01 4.730000000000000426e+00 2.899999916553497314e-02 -4.476232604980468750e+02
4.095897150039672852e+01 4.660000000000000142e+00 2.899999916553497314e-02 -4.476232604980468750e+02
4.104797530174255371e+01 4.700000000000000178e+00 2.899999916553497314e-02 -4.616115112304687500e+02
4.113497829437255859e+01 4.719999999999999751e+00 2.899999916553497314e-02 -4.476232604980468750e+02
4.125197482109069824e+01 4.780000000000000249e+00 2.899999916553497314e-02 -4.616115112304687500e+02
4.134101676940917969e+01 4.750000000000000000e+00 2.899999916553497314e-02 -5.455408935546875000e+02
4.144997787475585938e+01 4.740000000000000213e+00 2.899999916553497314e-02 -6.294701538085937500e+02
4.154502487182617188e+01 4.629999999999999893e+00 2.899999916553497314e-02 -5.455408935546875000e+02
4.165597510337829590e+01 4.570000000000000284e+00 2.899999916553497314e-02 -3.497056579589843750e+02
4.174197196960449219e+01 4.700000000000000178e+00 2.899999916553497314e-02 -4.476232604980468750e+02
4.185997343063354492e+01 4.750000000000000000e+00 2.899999916553497314e-02 -5.455408935546875000e+02
4.194900774955749512e+01 4.669999999999999929e+00 2.899999916553497314e-02 -5.455408935546875000e+02
4.205700850486755371e+01 4.679999999999999716e+00 2.899999916553497314e-02 -5.315526123046875000e+02
4.215197110176086426e+01 4.669999999999999929e+00 2.899999916553497314e-02 -4.476232604980468750e+02
4.224197578430175781e+01 4.660000000000000142e+00 2.899999916553497314e-02 -5.315526123046875000e+02
4.234902381896972656e+01 4.559999999999999609e+00 2.899999916553497314e-02 -6.294701538085937500e+02
4.244397521018981934e+01 4.509999999999999787e+00 2.899999916553497314e-02 -6.294701538085937500e+02
4.255702447891235352e+01 4.589999999999999858e+00 2.899999916553497314e-02 -6.294701538085937500e+02
4.264197373390197754e+01 4.500000000000000000e+00 2.899999916553497314e-02 -5.455408935546875000e+02
4.275896978378295898e+01 4.480000000000000426e+00 2.899999916553497314e-02 -2.657763061523437500e+02
4.284900832176208496e+01 4.599999999999999645e+00 2.899999916553497314e-02 -4.476232604980468750e+02
4.295702052116394043e+01 4.589999999999999858e+00 2.899999916553497314e-02 -6.294701538085937500e+02
4.305097198486328125e+01 4.459999999999999964e+00 2.899999916553497314e-02 -6.294701538085937500e+02
4.314197516441345215e+01 4.429999999999999716e+00 2.899999916553497314e-02 -5.315526123046875000e+02
4.325300717353820801e+01 4.549999999999999822e+00 2.899999916553497314e-02 -4.476232604980468750e+02
4.333997392654418945e+01 4.540000000000000036e+00 2.899999916553497314e-02 -5.455408935546875000e+02
4.345702004432678223e+01 4.540000000000000036e+00 2.899999916553497314e-02 -3.636938781738281250e+02
4.354597640037536621e+01 4.639999999999999680e+00 2.899999916553497314e-02 -3.636938781738281250e+02
4.365497612953186035e+01 4.730000000000000426e+00 2.899999916553497314e-02 -4.476232604980468750e+02
4.374997568130493164e+01 4.629999999999999893e+00 2.899999916553497314e-02 -4.476232604980468750e+02
4.386101818084716797e+01 4.519999999999999574e+00 2.899999916553497314e-02 -4.476232604980468750e+02
4.394697237014770508e+01 4.570000000000000284e+00 2.899999916553497314e-02 -3.497056579589843750e+02
4.404197382926940918e+01 4.599999999999999645e+00 2.899999916553497314e-02 -5.455408935546875000e+02
4.415408182144165039e+01 4.519999999999999574e+00 2.899999916553497314e-02 -5.455408935546875000e+02
4.425997209548950195e+01 4.559999999999999609e+00 2.899999916553497314e-02 -4.476232604980468750e+02
4.435701918601989746e+01 4.570000000000000284e+00 2.899999916553497314e-02 -5.315526123046875000e+02
4.444697427749633789e+01 4.620000000000000107e+00 2.899999916553497314e-02 -4.476232604980468750e+02
4.455397605895996094e+01 4.639999999999999680e+00 2.899999916553497314e-02 -7.133995361328125000e+02
4.464901471138000488e+01 4.580000000000000071e+00 2.899999916553497314e-02 -8.952465209960937500e+02
4.473897194862365723e+01 4.509999999999999787e+00 2.899999916553497314e-02 -8.113171386718750000e+02
4.484697103500366211e+01 4.459999999999999964e+00 2.899999916553497314e-02 -7.133995361328125000e+02
4.494101834297180176e+01 4.480000000000000426e+00 2.899999916553497314e-02 -7.273877563476562500e+02
4.505397534370422363e+01 4.519999999999999574e+00 2.899999916553497314e-02 -6.294701538085937500e+02
4.514297199249267578e+01 4.540000000000000036e+00 2.899999916553497314e-02 -6.294701538085937500e+02
4.525597476959228516e+01 4.480000000000000426e+00 2.899999916553497314e-02 -6.434584350585937500e+02
4.534706592559814453e+01 4.490000000000000213e+00 2.899999916553497314e-02 -5.455408935546875000e+02
4.545797538757324219e+01 4.610000000000000320e+00 2.899999916553497314e-02 -7.273877563476562500e+02
4.554501843452453613e+01 4.530000000000000249e+00 2.899999916553497314e-02 -6.294701538085937500e+02
4.563997626304626465e+01 4.480000000000000426e+00 2.899999916553497314e-02 -5.315526123046875000e+02
4.575097799301147461e+01 4.540000000000000036e+00 2.899999916553497314e-02 -6.294701538085937500e+02
4.585997104644775391e+01 4.559999999999999609e+00 2.899999916553497314e-02 -7.273877563476562500e+02
4.595497345924377441e+01 4.530000000000000249e+00 2.899999916553497314e-02 -6.294701538085937500e+02
4.604397773742675781e+01 4.519999999999999574e+00 2.899999916553497314e-02 -7.273877563476562500e+02
4.615197277069091797e+01 4.500000000000000000e+00 2.899999916553497314e-02 -7.273877563476562500e+02
4.624697208404541016e+01 4.530000000000000249e+00 2.899999916553497314e-02 -7.273877563476562500e+02
4.635906887054443359e+01 4.540000000000000036e+00 2.899999916553497314e-02 -7.273877563476562500e+02
4.644406151771545410e+01 4.450000000000000178e+00 2.899999916553497314e-02 -6.294701538085937500e+02
4.653898930549621582e+01 4.540000000000000036e+00 2.899999916553497314e-02 -4.476232604980468750e+02
4.665197372436523438e+01 4.610000000000000320e+00 2.899999916553497314e-02 -4.476232604980468750e+02
4.675897169113159180e+01 4.570000000000000284e+00 2.899999916553497314e-02 -4.476232604980468750e+02
4.685398292541503906e+01 4.519999999999999574e+00 2.899999916553497314e-02 -6.294701538085937500e+02
4.694398379325866699e+01 4.530000000000000249e+00 2.899999916553497314e-02 -4.476232604980468750e+02
4.705197525024414062e+01 4.519999999999999574e+00 2.899999916553497314e-02 -5.455408935546875000e+02
4.714597392082214355e+01 4.589999999999999858e+00 2.899999916553497314e-02 -7.133995361328125000e+02
4.725897502899169922e+01 4.549999999999999822e+00 2.899999916553497314e-02 -7.273877563476562500e+02
4.734797358512878418e+01 4.509999999999999787e+00 2.899999916553497314e-02 -7.133995361328125000e+02
4.746101427078247070e+01 4.440000000000000391e+00 2.899999916553497314e-02 -7.133995361328125000e+02
4.755197334289550781e+01 4.480000000000000426e+00 2.899999916553497314e-02 -6.294701538085937500e+02
4.764100956916809082e+01 4.490000000000000213e+00 2.899999916553497314e-02 -7.133995361328125000e+02
4.774997591972351074e+01 4.509999999999999787e+00 2.899999916553497314e-02 -8.952465209960937500e+02
4.784501886367797852e+01 4.440000000000000391e+00 2.899999916553497314e-02 -8.113171386718750000e+02
4.795597314834594727e+01 4.410000000000000142e+00 2.899999916553497314e-02 -5.455408935546875000e+02
4.804197216033935547e+01 4.459999999999999964e+00 2.899999916553497314e-02 -3.497056579589843750e+02
4.815997219085693359e+01 4.519999999999999574e+00 2.899999916553497314e-02 -2.797645568847656250e+02
4.824901151657104492e+01 4.690000000000000391e+00 2.899999916553497314e-02 -3.636938781738281250e+02
4.835702228546142578e+01 4.679999999999999716e+00 2.899999916553497314e-02 -5.455408935546875000e+02
4.845197200775146484e+01 4.690000000000000391e+00 2.899999916553497314e-02 -6.294701538085937500e+02
4.854197263717651367e+01 4.570000000000000284e+00 2.899999916553497314e-02 -5.315526123046875000e+02
4.864901614189147949e+01 4.480000000000000426e+00 2.899999916553497314e-02 -6.294701538085937500e+02
4.874397850036621094e+01 4.559999999999999609e+00 2.899999916553497314e-02 -8.113171386718750000e+02
4.885701227188110352e+01 4.490000000000000213e+00 2.899999916553497314e-02 -8.113171386718750000e+02
4.894197392463684082e+01 4.440000000000000391e+00 2.899999916553497314e-02 -7.973289184570312500e+02
4.905897617340087891e+01 4.459999999999999964e+00 2.899999916553497314e-02 -6.294701538085937500e+02
4.914901018142700195e+01 4.389999999999999680e+00 2.899999916553497314e-02 -3.636938781738281250e+02
4.925701284408569336e+01 4.530000000000000249e+00 2.899999916553497314e-02 -1.818469390869140625e+02
4.935097455978393555e+01 4.660000000000000142e+00 2.899999916553497314e-02 -6.294701538085937500e+02
4.944199800491333008e+01 4.570000000000000284e+00 2.899999916553497314e-02 -6.294701538085937500e+02
4.955300879478454590e+01 4.459999999999999964e+00 2.899999916553497314e-02 -6.434584350585937500e+02
4.963997125625610352e+01 4.480000000000000426e+00 2.899999916553497314e-02 -4.616115112304687500e+02
4.975701618194580078e+01 4.459999999999999964e+00 2.899999916553497314e-02 -3.636938781738281250e+02
4.984597492218017578e+01 4.519999999999999574e+00 2.899999916553497314e-02 -4.476232604980468750e+02
4.995497608184814453e+01 4.450000000000000178e+00 2.899999916553497314e-02 -4.476232604980468750e+02
5.004997730255126953e+01 4.450000000000000178e+00 2.899999916553497314e-02 0.000000000000000000e+00
5.015997266769409180e+01 4.169999999999999929e+00 2.899999916553497314e-02 0.000000000000000000e+00
5.024697256088256836e+01 4.230000000000000426e+00 2.899999916553497314e-02 0.000000000000000000e+00
5.034197497367858887e+01 4.019999999999999574e+00 2.899999916553497314e-02 0.000000000000000000e+00
5.045398306846618652e+01 3.160000000000000142e+00 2.899999916553497314e-02 0.000000000000000000e+00
5.054597353935241699e+01 1.989999999999999991e+00 6.100000068545341492e-02 1.258940307617187500e+03
5.065702176094055176e+01 4.410000000000000142e+00 6.100000068545341492e-02 3.636938781738281250e+02
5.074697327613830566e+01 4.599999999999999645e+00 6.100000068545341492e-02 0.000000000000000000e+00
5.085398101806640625e+01 4.339999999999999858e+00 6.100000068545341492e-02 4.476232604980468750e+02
5.094901800155639648e+01 4.309999999999999609e+00 6.100000068545341492e-02 7.133995361328125000e+02
5.103897237777709961e+01 4.509999999999999787e+00 6.100000068545341492e-02 3.497056579589843750e+02
5.114697313308715820e+01 4.429999999999999716e+00 6.100000068545341492e-02 9.791758728027343750e+01
5.124102520942687988e+01 4.290000000000000036e+00 6.100000068545341492e-02 8.392935943603515625e+01
5.135397982597351074e+01 4.139999999999999680e+00 6.100000068545341492e-02 4.476232604980468750e+02
5.144297242164611816e+01 4.280000000000000249e+00 6.100000068545341492e-02 5.455408935546875000e+02
5.155598163604736328e+01 4.349999999999999645e+00 6.100000068545341492e-02 7.133995361328125000e+02
5.164697146415710449e+01 4.419999999999999929e+00 6.100000068545341492e-02 7.273877563476562500e+02
5.175797843933105469e+01 4.419999999999999929e+00 6.100000068545341492e-02 8.113171386718750000e+02
5.184501910209655762e+01 4.480000000000000426e+00 6.100000068545341492e-02 7.133995361328125000e+02
5.193997240066528320e+01 4.379999999999999893e+00 6.100000068545341492e-02 9.931641235351562500e+02
5.205097150802612305e+01 4.450000000000000178e+00 6.100000068545341492e-02 8.113171386718750000e+02
5.215997695922851562e+01 4.459999999999999964e+00 6.100000068545341492e-02 5.315526123046875000e+02
5.225497674942016602e+01 4.440000000000000391e+00 6.100000068545341492e-02 4.616115112304687500e+02
5.234397673606872559e+01 4.469999999999999751e+00 6.100000068545341492e-02 3.636938781738281250e+02
5.245197415351867676e+01 4.389999999999999680e+00 6.100000068545341492e-02 4.476232604980468750e+02
5.254697465896606445e+01 4.370000000000000107e+00 6.100000068545341492e-02 6.294701538085937500e+02
5.265897154808044434e+01 4.389999999999999680e+00 6.100000068545341492e-02 4.616115112304687500e+02
5.274397778511047363e+01 4.389999999999999680e+00 6.100000068545341492e-02 2.657763061523437500e+02
5.284597134590148926e+01 4.269999999999999574e+00 6.100000068545341492e-02 2.657763061523437500e+02
5.295197057723999023e+01 4.250000000000000000e+00 6.100000068545341492e-02 5.315526123046875000e+02
5.305897068977355957e+01 4.259999999999999787e+00 6.100000068545341492e-02 8.952465209960937500e+02
5.315397381782531738e+01 4.500000000000000000e+00 6.100000068545341492e-02 8.113171386718750000e+02
5.324397969245910645e+01 4.540000000000000036e+00 6.100000068545341492e-02 6.294701538085937500e+02
5.335198187828063965e+01 4.490000000000000213e+00 6.100000068545341492e-02 3.636938781738281250e+02
5.344597387313842773e+01 4.410000000000000142e+00 6.100000068545341492e-02 2.797645568847656250e+02
5.355898046493530273e+01 4.410000000000000142e+00 6.100000068545341492e-02 4.476232604980468750e+02
5.364797401428222656e+01 4.339999999999999858e+00 6.100000068545341492e-02 6.294701538085937500e+02
5.376101398468017578e+01 4.530000000000000249e+00 6.100000068545341492e-02 8.113171386718750000e+02
5.385197448730468750e+01 4.519999999999999574e+00 6.100000068545341492e-02 7.133995361328125000e+02
5.394101881980895996e+01 4.530000000000000249e+00 6.100000068545341492e-02 5.455408935546875000e+02
5.404997706413269043e+01 4.469999999999999751e+00 6.100000068545341492e-02 2.657763061523437500e+02
5.414501571655273438e+01 4.290000000000000036e+00 6.100000068545341492e-02 3.497056579589843750e+02
5.425597357749938965e+01 4.320000000000000284e+00 6.100000068545341492e-02 5.315526123046875000e+02
5.434198045730590820e+01 4.360000000000000320e+00 6.100000068545341492e-02 7.133995361328125000e+02
5.445997262001037598e+01 4.469999999999999751e+00 6.100000068545341492e-02 7.133995361328125000e+02
5.454901552200317383e+01 4.490000000000000213e+00 6.100000068545341492e-02 6.294701538085937500e+02
5.465700960159301758e+01 4.509999999999999787e+00 6.100000068545341492e-02 4.476232604980468750e+02
5.475197410583496094e+01 4.480000000000000426e+00 6.100000068545341492e-02 4.476232604980468750e+02
5.484197425842285156e+01 4.360000000000000320e+00 6.100000068545341492e-02 4.476232604980468750e+02
5.494901418685913086e+01 4.280000000000000249e+00 6.100000068545341492e-02 4.476232604980468750e+02
5.504397916793823242e+01 4.349999999999999645e+00 6.100000068545341492e-02 5.315526123046875000e+02
5.515701198577880859e+01 4.379999999999999893e+00 6.100000068545341492e-02 5.455408935546875000e+02
5.524197745323181152e+01 4.400000000000000355e+00 6.100000068545341492e-02 5.315526123046875000e+02
5.535897731781005859e+01 4.429999999999999716e+00 6.100000068545341492e-02 3.636938781738281250e+02
5.544902157783508301e+01 4.509999999999999787e+00 6.100000068545341492e-02 3.636938781738281250e+02
5.555702447891235352e+01 4.370000000000000107e+00 6.100000068545341492e-02 3.636938781738281250e+02
5.565097188949584961e+01 4.309999999999999609e+00 6.100000068545341492e-02 3.497056579589843750e+02
5.574197554588317871e+01 4.259999999999999787e+00 6.100000068545341492e-02 4.476232604980468750e+02
5.585302066802978516e+01 4.320000000000000284e+00 6.100000068545341492e-02 5.455408935546875000e+02
5.593998026847839355e+01 4.400000000000000355e+00 6.100000068545341492e-02 6.294701538085937500e+02
5.605701231956481934e+01 4.419999999999999929e+00 6.100000068545341492e-02 6.294701538085937500e+02
5.614597392082214355e+01 4.450000000000000178e+00 6.100000068545341492e-02 6.294701538085937500e+02
5.625497889518737793e+01 4.580000000000000071e+00 6.100000068545341492e-02 5.455408935546875000e+02
5.634997630119323730e+01 4.509999999999999787e+00 6.100000068545341492e-02 5.315526123046875000e+02
5.645097088813781738e+01 4.309999999999999609e+00 6.100000068545341492e-02 1.818469390869140625e+02
5.654697537422180176e+01 4.200000000000000178e+00 6.100000068545341492e-02 3.636938781738281250e+02
5.664197158813476562e+01 4.320000000000000284e+00 6.100000068545341492e-02 6.294701538085937500e+02
5.675397825241088867e+01 4.440000000000000391e+00 6.100000068545341492e-02 7.273877563476562500e+02
5.684597158432006836e+01 4.459999999999999964e+00 6.100000068545341492e-02 5.455408935546875000e+02
5.695701956748962402e+01 4.490000000000000213e+00 6.100000068545341492e-02 4.476232604980468750e+02
5.704697155952453613e+01 4.480000000000000426e+00 6.100000068545341492e-02 4.476232604980468750e+02
5.715398383140563965e+01 4.450000000000000178e+00 6.100000068545341492e-02 6.294701538085937500e+02
5.724901771545410156e+01 4.400000000000000355e+00 6.100000068545341492e-02 6.294701538085937500e+02
5.733897423744201660e+01 4.410000000000000142e+00 6.100000068545341492e-02 4.476232604980468750e+02
5.744697332382202148e+01 4.339999999999999858e+00 6.100000068545341492e-02 5.455408935546875000e+02
5.754101204872131348e+01 4.370000000000000107e+00 6.100000068545341492e-02 7.273877563476562500e+02
5.765402865409851074e+01 4.450000000000000178e+00 6.100000068545341492e-02 7.273877563476562500e+02
5.774297189712524414e+01 4.459999999999999964e+00 6.100000068545341492e-02 4.476232604980468750e+02
5.785597252845764160e+01 4.360000000000000320e+00 6.100000068545341492e-02 4.476232604980468750e+02
5.794697165489196777e+01 4.379999999999999893e+00 6.100000068545341492e-02 5.315526123046875000e+02
5.805797386169433594e+01 4.389999999999999680e+00 6.100000068545341492e-02 7.133995361328125000e+02
5.814502644538879395e+01 4.379999999999999893e+00 6.100000068545341492e-02 6.294701538085937500e+02
5.823997044563293457e+01 4.450000000000000178e+00 6.100000068545341492e-02 5.455408935546875000e+02
5.835097122192382812e+01 4.429999999999999716e+00 6.100000068545341492e-02 4.476232604980468750e+02
5.845997166633605957e+01 4.419999999999999929e+00 6.100000068545341492e-02 4.476232604980468750e+02
5.855497360229492188e+01 4.459999999999999964e+00 6.100000068545341492e-02 6.294701538085937500e+02
5.864401078224182129e+01 4.459999999999999964e+00 6.100000068545341492e-02 6.294701538085937500e+02
5.875197196006774902e+01 4.400000000000000355e+00 6.100000068545341492e-02 4.476232604980468750e+02
5.884697246551513672e+01 4.440000000000000391e+00 6.100000068545341492e-02 3.636938781738281250e+02
5.895897102355957031e+01 4.490000000000000213e+00 6.100000068545341492e-02 5.455408935546875000e+02
5.904398417472839355e+01 4.440000000000000391e+00 6.100000068545341492e-02 6.294701538085937500e+02
5.913897085189819336e+01 4.429999999999999716e+00 6.100000068545341492e-02 7.273877563476562500e+02
5.925197076797485352e+01 4.530000000000000249e+00 6.100000068545341492e-02 8.113171386718750000e+02
5.935897374153137207e+01 4.469999999999999751e+00 6.100000068545341492e-02 5.455408935546875000e+02
5.945400452613830566e+01 4.429999999999999716e+00 6.100000068545341492e-02 4.476232604980468750e+02
5.954399371147155762e+01 4.419999999999999929e+00 6.100000068545341492e-02 3.636938781738281250e+02
5.965197086334228516e+01 4.360000000000000320e+00 6.100000068545341492e-02 4.476232604980468750e+02
5.974598050117492676e+01 4.309999999999999609e+00 6.100000068545341492e-02 2.657763061523437500e+02
5.985897111892700195e+01 4.309999999999999609e+00 6.100000068545341492e-02 4.476232604980468750e+02
5.994797253608703613e+01 4.429999999999999716e+00 6.100000068545341492e-02 8.113171386718750000e+02
6.005997443199157715e+01 4.450000000000000178e+00 6.100000068545341492e-02 6.294701538085937500e+02
6.015197324752807617e+01 4.419999999999999929e+00 6.100000068545341492e-02 4.476232604980468750e+02
6.024101233482360840e+01 4.360000000000000320e+00 6.100000068545341492e-02 4.616115112304687500e+02
6.034997916221618652e+01 4.320000000000000284e+00 6.100000068545341492e-02 4.616115112304687500e+02
6.044501137733459473e+01 4.240000000000000213e+00 6.100000068545341492e-02 4.476232604980468750e+02
6.055596995353698730e+01 4.290000000000000036e+00 6.100000068545341492e-02 5.455408935546875000e+02
6.064197254180908203e+01 4.450000000000000178e+00 6.100000068545341492e-02 7.133995361328125000e+02
6.075997281074523926e+01 4.490000000000000213e+00 6.100000068545341492e-02 5.315526123046875000e+02
6.084901618957519531e+01 4.400000000000000355e+00 6.100000068545341492e-02 5.315526123046875000e+02
6.095702934265136719e+01 4.400000000000000355e+00 6.100000068545341492e-02 5.315526123046875000e+02
6.105197167396545410e+01 4.379999999999999893e+00 6.100000068545341492e-02 6.294701538085937500e+02
6.114197373390197754e+01 4.389999999999999680e+00 6.100000068545341492e-02 6.434584350585937500e+02
6.124902582168579102e+01 4.490000000000000213e+00 6.100000068545341492e-02 5.315526123046875000e+02
6.134398198127746582e+01 4.490000000000000213e+00 6.100000068545341492e-02 5.455408935546875000e+02
6.145702099800109863e+01 4.459999999999999964e+00 6.100000068545341492e-02 7.273877563476562500e+02
6.154197645187377930e+01 4.509999999999999787e+00 6.100000068545341492e-02 5.455408935546875000e+02
6.165897560119628906e+01 4.429999999999999716e+00 6.100000068545341492e-02 3.636938781738281250e+02
6.174902415275573730e+01 4.379999999999999893e+00 6.100000068545341492e-02 4.476232604980468750e+02
6.185701489448547363e+01 4.389999999999999680e+00 6.100000068545341492e-02 5.455408935546875000e+02
6.195097422599792480e+01 4.459999999999999964e+00 6.100000068545341492e-02 4.476232604980468750e+02
6.204197239875793457e+01 4.500000000000000000e+00 6.100000068545341492e-02 5.455408935546875000e+02
6.215301036834716797e+01 4.450000000000000178e+00 6.100000068545341492e-02 3.636938781738281250e+02
6.223997402191162109e+01 4.500000000000000000e+00 6.100000068545341492e-02 4.476232604980468750e+02
6.235701227188110352e+01 4.549999999999999822e+00 6.100000068545341492e-02 4.476232604980468750e+02
6.244597434997558594e+01 4.540000000000000036e+00 6.100000068545341492e-02 3.636938781738281250e+02
6.255497503280639648e+01 4.440000000000000391e+00 6.100000068545341492e-02 3.636938781738281250e+02
6.264997363090515137e+01 4.379999999999999893e+00 6.100000068545341492e-02 3.636938781738281250e+02
6.273897051811218262e+01 4.440000000000000391e+00 6.100000068545341492e-02 4.476232604980468750e+02
6.284697008132934570e+01 4.450000000000000178e+00 6.100000068545341492e-02 5.455408935546875000e+02
6.294197273254394531e+01 4.509999999999999787e+00 6.100000068545341492e-02 2.657763061523437500e+02
6.305401062965393066e+01 4.400000000000000355e+00 6.100000068545341492e-02 2.657763061523437500e+02
6.315897083282470703e+01 4.429999999999999716e+00 6.100000068545341492e-02 8.392935943603515625e+01
6.325702500343322754e+01 4.349999999999999645e+00 6.100000068545341492e-02 1.818469390869140625e+02
6.334798455238342285e+01 4.360000000000000320e+00 6.100000068545341492e-02 1.818469390869140625e+02
6.345497393608093262e+01 4.429999999999999716e+00 6.100000068545341492e-02 0.000000000000000000e+00
6.355597233772277832e+01 4.320000000000000284e+00 6.100000068545341492e-02 0.000000000000000000e+00
6.363597273826599121e+01 4.379999999999999893e+00 6.100000068545341492e-02 0.000000000000000000e+00
6.374297404289245605e+01 4.969999999999999751e+00 6.100000068545341492e-02 0.000000000000000000e+00
6.385398149490356445e+01 6.179999999999999716e+00 6.100000068545341492e-02 0.000000000000000000e+00
6.394902729988098145e+01 7.440000000000000391e+00 6.100000068545341492e-02 -9.791758728027343750e+01
6.403897261619567871e+01 8.449999999999999289e+00 6.100000068545341492e-02 -9.791758728027343750e+01
6.414697766304016113e+01 6.200000000000000178e+00 2.899999916553497314e-02 -1.440787353515625000e+03
6.425701785087585449e+01 4.599999999999999645e+00 2.899999916553497314e-02 -9.931641235351562500e+02
6.434597706794738770e+01 4.559999999999999609e+00 2.899999916553497314e-02 -7.133995361328125000e+02
6.445897078514099121e+01 4.719999999999999751e+00 2.899999916553497314e-02 -9.931641235351562500e+02
6.454796934127807617e+01 4.740000000000000213e+00 2.899999916553497314e-02 -1.356857910156250000e+03
6.465997338294982910e+01 4.589999999999999858e+00 2.899999916553497314e-02 -1.440787353515625000e+03
6.475197124481201172e+01 4.490000000000000213e+00 2.899999916553497314e-02 -1.440787353515625000e+03
6.484197568893432617e+01 4.440000000000000391e+00 2.899999916553497314e-02 -1.622634277343750000e+03
6.495301437377929688e+01 4.400000000000000355e+00 2.899999916553497314e-02 -1.538704956054687500e+03
6.504197239875793457e+01 4.419999999999999929e+00 2.899999916553497314e-02 -1.706563598632812500e+03
6.515301251411437988e+01 4.379999999999999893e+00 2.899999916553497314e-02 -1.622634277343750000e+03
6.524502635002136230e+01 4.379999999999999893e+00 2.899999916553497314e-02 -1.524716674804687500e+03
6.535596895217895508e+01 4.480000000000000426e+00 2.899999916553497314e-02 -1.524716674804687500e+03
6.544597578048706055e+01 4.450000000000000178e+00 2.899999916553497314e-02 -1.790493041992187500e+03
6.555702257156372070e+01 4.389999999999999680e+00 2.899999916553497314e-02 -1.706563598632812500e+03
6.564597582817077637e+01 4.429999999999999716e+00 2.899999916553497314e-02 -1.804481201171875000e+03
6.575897216796875000e+01 4.349999999999999645e+00 2.899999916553497314e-02 -1.524716674804687500e+03
6.584797143936157227e+01 4.370000000000000107e+00 2.899999916553497314e-02 -1.706563598632812500e+03
6.594597315788269043e+01 4.389999999999999680e+00 2.899999916553497314e-02 -1.790493041992187500e+03
6.605406498908996582e+01 4.450000000000000178e+00 2.899999916553497314e-02 -1.706563598632812500e+03
6.614397764205932617e+01 4.410000000000000142e+00 2.899999916553497314e-02 -1.706563598632812500e+03
6.625497674942016602e+01 4.469999999999999751e+00 2.899999916553497314e-02 -1.804481201171875000e+03
6.634697723388671875e+01 4.379999999999999893e+00 2.899999916553497314e-02 -1.790493041992187500e+03
6.645997095108032227e+01 4.370000000000000107e+00 2.899999916553497314e-02 -1.622634277343750000e+03
6.654797673225402832e+01 4.349999999999999645e+00 2.899999916553497314e-02 -1.538704956054687500e+03
6.665997195243835449e+01 4.379999999999999893e+00 2.899999916553497314e-02 -1.622634277343750000e+03
6.674997520446777344e+01 4.450000000000000178e+00 2.899999916553497314e-02 -1.804481201171875000e+03
6.684501433372497559e+01 4.339999999999999858e+00 2.899999916553497314e-02 -1.524716674804687500e+03
6.695397520065307617e+01 4.370000000000000107e+00 2.899999916553497314e-02 -1.258940307617187500e+03
6.704297375679016113e+01 4.519999999999999574e+00 2.899999916553497314e-02 -1.258940307617187500e+03
6.715497398376464844e+01 4.469999999999999751e+00 2.899999916553497314e-02 -1.524716674804687500e+03
6.724597501754760742e+01 4.429999999999999716e+00 2.899999916553497314e-02 -1.608645996093750000e+03
6.733998107910156250e+01 4.419999999999999929e+00 2.899999916553497314e-02 -1.440787353515625000e+03
6.745197248458862305e+01 4.389999999999999680e+00 2.899999916553497314e-02 -1.440787353515625000e+03
6.753897094726562500e+01 4.410000000000000142e+00 2.899999916553497314e-02 -1.342869750976562500e+03
6.765597200393676758e+01 4.410000000000000142e+00 2.899999916553497314e-02 -1.440787353515625000e+03
6.774502110481262207e+01 4.370000000000000107e+00 2.899999916553497314e-02 -1.258940307617187500e+03
6.785401368141174316e+01 4.410000000000000142e+00 2.899999916553497314e-02 -9.931641235351562500e+02
6.794907307624816895e+01 4.419999999999999929e+00 2.899999916553497314e-02 -8.113171386718750000e+02
6.806008839607238770e+01 4.450000000000000178e+00 2.899999916553497314e-02 -7.273877563476562500e+02
6.814597368240356445e+01 4.530000000000000249e+00 2.899999916553497314e-02 -8.952465209960937500e+02
6.824101948738098145e+01 4.429999999999999716e+00 2.899999916553497314e-02 -7.973289184570312500e+02
6.835302948951721191e+01 4.440000000000000391e+00 2.899999916553497314e-02 -6.294701538085937500e+02
6.845997381210327148e+01 4.530000000000000249e+00 2.899999916553497314e-02 -9.931641235351562500e+02
6.855596995353698730e+01 4.469999999999999751e+00 2.899999916553497314e-02 -8.113171386718750000e+02
6.864597511291503906e+01 4.450000000000000178e+00 2.899999916553497314e-02 -8.952465209960937500e+02
6.875301432609558105e+01 4.419999999999999929e+00 2.899999916553497314e-02 -6.294701538085937500e+02
6.884797358512878418e+01 4.440000000000000391e+00 2.899999916553497314e-02 -5.455408935546875000e+02
6.895997095108032227e+01 4.459999999999999964e+00 2.899999916553497314e-02 -6.294701538085937500e+02
6.904597640037536621e+01 4.540000000000000036e+00 2.899999916553497314e-02 -7.133995361328125000e+02
6.913997411727905273e+01 4.190000000000000391e+00 2.899999916553497314e-02 0.000000000000000000e+00
6.925301885604858398e+01 3.750000000000000000e+00 2.899999916553497314e-02 0.000000000000000000e+00
6.934697222709655762e+01 4.370000000000000107e+00 2.899999916553497314e-02 0.000000000000000000e+00
6.945497441291809082e+01 3.560000000000000053e+00 2.899999916553497314e-02 0.000000000000000000e+00
6.954597592353820801e+01 2.390000000000000124e+00 6.100000068545341492e-02 1.524716674804687500e+03
6.965702724456787109e+01 4.429999999999999716e+00 6.100000068545341492e-02 1.258940307617187500e+03
6.974398279190063477e+01 4.589999999999999858e+00 6.100000068545341492e-02 1.091081787109375000e+03
6.986100697517395020e+01 4.509999999999999787e+00 6.100000068545341492e-02 9.791759033203125000e+02
6.994997501373291016e+01 4.450000000000000178e+00 6.100000068545341492e-02 1.356857910156250000e+03
7.005897307395935059e+01 4.370000000000000107e+00 6.100000068545341492e-02 1.622634277343750000e+03
7.015398550033569336e+01 4.419999999999999929e+00 6.100000068545341492e-02 1.790493041992187500e+03
7.024297261238098145e+01 4.530000000000000249e+00 6.100000068545341492e-02 1.622634277343750000e+03
7.035097217559814453e+01 4.509999999999999787e+00 6.100000068545341492e-02 1.440787353515625000e+03
7.044598126411437988e+01 4.450000000000000178e+00 6.100000068545341492e-02 1.622634277343750000e+03
7.055797314643859863e+01 4.549999999999999822e+00 6.100000068545341492e-02 1.720551879882812500e+03
7.064297175407409668e+01 4.530000000000000249e+00 6.100000068545341492e-02 1.538704956054687500e+03
7.076101589202880859e+01 4.580000000000000071e+00 6.100000068545341492e-02 1.622634277343750000e+03
7.085097217559814453e+01 4.519999999999999574e+00 6.100000068545341492e-02 1.706563598632812500e+03
7.095797467231750488e+01 4.509999999999999787e+00 6.100000068545341492e-02 1.888410644531250000e+03
7.105302000045776367e+01 4.519999999999999574e+00 6.100000068545341492e-02 1.888410644531250000e+03
7.114297223091125488e+01 4.469999999999999751e+00 6.100000068545341492e-02 1.804481201171875000e+03
7.125097370147705078e+01 4.559999999999999609e+00 6.100000068545341492e-02 1.706563598632812500e+03
7.134502601623535156e+01 4.490000000000000213e+00 6.100000068545341492e-02 1.972340087890625000e+03
7.145797967910766602e+01 4.549999999999999822e+00 6.100000068545341492e-02 2.252104736328125000e+03
7.154697370529174805e+01 4.540000000000000036e+00 6.100000068545341492e-02 1.972340087890625000e+03
7.165997266769409180e+01 4.549999999999999822e+00 6.100000068545341492e-02 2.070257568359375000e+03
7.175097274780273438e+01 4.500000000000000000e+00 6.100000068545341492e-02 1.902398925781250000e+03
7.183997225761413574e+01 4.570000000000000284e+00 6.100000068545341492e-02 1.790493041992187500e+03
7.194901204109191895e+01 4.549999999999999822e+00 6.100000068545341492e-02 1.720551879882812500e+03
7.204397320747375488e+01 4.559999999999999609e+00 6.100000068545341492e-02 1.524716674804687500e+03
7.215497589111328125e+01 4.540000000000000036e+00 6.100000068545341492e-02 1.524716674804687500e+03
7.224101138114929199e+01 4.570000000000000284e+00 6.100000068545341492e-02 1.440787353515625000e+03
7.235897517204284668e+01 4.530000000000000249e+00 6.100000068545341492e-02 1.608645996093750000e+03
7.244798159599304199e+01 4.459999999999999964e+00 6.100000068545341492e-02 1.804481201171875000e+03
7.255597305297851562e+01 4.480000000000000426e+00 6.100000068545341492e-02 1.888410644531250000e+03
7.265097236633300781e+01 4.490000000000000213e+00 6.100000068545341492e-02 1.356857910156250000e+03
7.274101805686950684e+01 4.589999999999999858e+00 6.100000068545341492e-02 1.175010986328125000e+03
7.284797120094299316e+01 4.490000000000000213e+00 6.100000068545341492e-02 1.342869750976562500e+03
7.294297146797180176e+01 4.429999999999999716e+00 6.100000068545341492e-02 1.440787353515625000e+03
7.305597472190856934e+01 4.570000000000000284e+00 6.100000068545341492e-02 1.342869750976562500e+03
7.314103245735168457e+01 4.559999999999999609e+00 6.100000068545341492e-02 1.356857910156250000e+03
7.325797772407531738e+01 4.540000000000000036e+00 6.100000068545341492e-02 1.356857910156250000e+03
7.334797310829162598e+01 4.570000000000000284e+00 6.100000068545341492e-02 1.342869750976562500e+03
7.345597076416015625e+01 4.639999999999999680e+00 6.100000068545341492e-02 1.258940307617187500e+03
7.354997587203979492e+01 4.599999999999999645e+00 6.100000068545341492e-02 9.931641235351562500e+02
7.364102172851562500e+01 4.669999999999999929e+00 6.100000068545341492e-02 3.497056579589843750e+02
7.375197124481201172e+01 4.870000000000000107e+00 6.100000068545341492e-02 0.000000000000000000e+00
7.383897209167480469e+01 4.669999999999999929e+00 6.100000068545341492e-02 0.000000000000000000e+00
7.395597243309020996e+01 4.379999999999999893e+00 6.100000068545341492e-02 0.000000000000000000e+00
7.404502391815185547e+01 4.290000000000000036e+00 6.100000068545341492e-02 0.000000000000000000e+00
7.415397763252258301e+01 4.219999999999999751e+00 6.100000068545341492e-02 0.000000000000000000e+00
7.424901700019836426e+01 4.200000000000000178e+00 6.100000068545341492e-02 0.000000000000000000e+00
7.435997152328491211e+01 4.179999999999999716e+00 6.100000068545341492e-02 0.000000000000000000e+00
7.444597268104553223e+01 4.169999999999999929e+00 6.100000068545341492e-02 0.000000000000000000e+00
7.454102087020874023e+01 4.139999999999999680e+00 6.100000068545341492e-02 0.000000000000000000e+00
7.465301632881164551e+01 4.080000000000000071e+00 6.100000068545341492e-02 0.000000000000000000e+00
7.475997304916381836e+01 4.019999999999999574e+00 6.100000068545341492e-02 0.000000000000000000e+00
7.485597348213195801e+01 3.979999999999999982e+00 6.100000068545341492e-02 0.000000000000000000e+00
7.494597411155700684e+01 3.939999999999999947e+00 6.100000068545341492e-02 0.000000000000000000e+00
7.505302357673645020e+01 3.899999999999999911e+00 6.100000068545341492e-02 0.000000000000000000e+00
7.514797425270080566e+01 3.870000000000000107e+00 6.100000068545341492e-02 0.000000000000000000e+00
7.524501299858093262e+01 3.839999999999999858e+00 6.100000068545341492e-02 0.000000000000000000e+00
7.534597611427307129e+01 3.810000000000000053e+00 6.100000068545341492e-02 0.000000000000000000e+00
7.543997502326965332e+01 3.790000000000000036e+00 6.100000068545341492e-02 0.000000000000000000e+00
