1.799559593200683594e-02 4.280000000000000249e+00 5.000000074505805969e-02 0.000000000000000000e+00
1.190361976623535156e-01 4.419999999999999929e+00 5.000000074505805969e-02 0.000000000000000000e+00
2.049951553344726562e-01 4.660000000000000142e+00 5.000000074505805969e-02 0.000000000000000000e+00
3.179962635040283203e-01 4.780000000000000249e+00 5.000000074505805969e-02 0.000000000000000000e+00
4.119975566864013672e-01 5.429999999999999716e+00 5.000000074505805969e-02 0.000000000000000000e+00
4.979963302612304688e-01 6.160000000000000142e+00 5.000000074505805969e-02 0.000000000000000000e+00
6.099958419799804688e-01 6.839999999999999858e+00 5.000000074505805969e-02 0.000000000000000000e+00
7.049942016601562500e-01 7.320000000000000284e+00 5.000000074505805969e-02 -1.818469390869140625e+02
8.129963874816894531e-01 7.219999999999999751e+00 5.000000074505805969e-02 -4.476232604980468750e+02
9.019935131072998047e-01 7.009999999999999787e+00 5.000000074505805969e-02 -7.133995361328125000e+02
9.969925880432128906e-01 7.019999999999999574e+00 5.000000074505805969e-02 -9.791759033203125000e+02
1.108995199203491211e+00 6.839999999999999858e+00 5.000000074505805969e-02 -8.113171386718750000e+02
1.216994762420654297e+00 6.849999999999999645e+00 5.000000074505805969e-02 -8.113171386718750000e+02
1.311994791030883789e+00 7.000000000000000000e+00 5.000000074505805969e-02 -9.092347412109375000e+02
1.402002334594726562e+00 6.910000000000000142e+00 5.000000074505805969e-02 -7.133995361328125000e+02
1.508995056152343750e+00 6.910000000000000142e+00 5.000000074505805969e-02 -7.273877563476562500e+02
1.603998899459838867e+00 6.959999999999999964e+00 5.000000074505805969e-02 -8.952465209960937500e+02
1.716996192932128906e+00 6.790000000000000036e+00 5.000000074505805969e-02 -7.973289184570312500e+02
1.801997184753417969e+00 6.879999999999999893e+00 5.000000074505805969e-02 -6.294701538085937500e+02
1.892995357513427734e+00 6.860000000000000320e+00 5.000000074505805969e-02 -7.273877563476562500e+02
2.010000944137573242e+00 6.889999999999999680e+00 5.000000074505805969e-02 -7.133995361328125000e+02
2.116995334625244141e+00 6.769999999999999574e+00 5.000000074505805969e-02 -5.315526123046875000e+02
2.207998752593994141e+00 6.799999999999999822e+00 5.000000074505805969e-02 -5.315526123046875000e+02
2.301994323730468750e+00 6.849999999999999645e+00 5.000000074505805969e-02 -6.294701538085937500e+02
2.409995555877685547e+00 7.059999999999999609e+00 5.000000074505805969e-02 -6.294701538085937500e+02
2.499993324279785156e+00 7.040000000000000036e+00 5.000000074505805969e-02 -6.294701538085937500e+02
2.616993427276611328e+00 7.009999999999999787e+00 5.000000074505805969e-02 -6.294701538085937500e+02
2.703042507171630859e+00 6.950000000000000178e+00 5.000000074505805969e-02 -4.476232604980468750e+02
2.815039157867431641e+00 7.009999999999999787e+00 5.000000074505805969e-02 -7.133995361328125000e+02
2.909998655319213867e+00 7.030000000000000249e+00 5.000000074505805969e-02 -6.294701538085937500e+02
3.016993522644042969e+00 7.080000000000000071e+00 5.000000074505805969e-02 -5.455408935546875000e+02
3.107035398483276367e+00 7.169999999999999929e+00 5.000000074505805969e-02 -8.113171386718750000e+02
3.201992988586425781e+00 7.049999999999999822e+00 5.000000074505805969e-02 -9.931641235351562500e+02
3.313996076583862305e+00 6.969999999999999751e+00 5.000000074505805969e-02 -1.077093505859375000e+03
3.399039745330810547e+00 6.910000000000000142e+00 5.000000074505805969e-02 -8.952465209960937500e+02
3.516993522644042969e+00 7.019999999999999574e+00 5.000000074505805969e-02 -8.952465209960937500e+02
3.607032537460327148e+00 6.870000000000000107e+00 5.000000074505805969e-02 -9.092347412109375000e+02
3.713996410369873047e+00 6.839999999999999858e+00 5.000000074505805969e-02 -7.973289184570312500e+02
3.808996915817260742e+00 6.919999999999999929e+00 5.000000074505805969e-02 -7.133995361328125000e+02
3.899993419647216797e+00 6.990000000000000213e+00 5.000000074505805969e-02 -8.952465209960937500e+02
4.007035255432128906e+00 6.959999999999999964e+00 5.000000074505805969e-02 -9.791759033203125000e+02
4.098006486892700195e+00 6.750000000000000000e+00 5.000000074505805969e-02 -9.092347412109375000e+02
4.215033292770385742e+00 6.809999999999999609e+00 5.000000074505805969e-02 -6.294701538085937500e+02
4.299994707107543945e+00 6.940000000000000391e+00 5.000000074505805969e-02 -5.455408935546875000e+02
4.412992715835571289e+00 7.099999999999999645e+00 5.000000074505805969e-02 -4.476232604980468750e+02
4.507038354873657227e+00 7.070000000000000284e+00 5.000000074505805969e-02 -5.315526123046875000e+02
4.636993646621704102e+00 7.000000000000000000e+00 5.000000074505805969e-02 -5.455408935546875000e+02
4.727999210357666016e+00 6.969999999999999751e+00 5.000000074505805969e-02 -5.315526123046875000e+02
4.821997642517089844e+00 6.919999999999999929e+00 5.000000074505805969e-02 -6.294701538085937500e+02
4.929988384246826172e+00 6.959999999999999964e+00 5.000000074505805969e-02 -5.315526123046875000e+02
5.019996166229248047e+00 6.980000000000000426e+00 5.000000074505805969e-02 -3.497056579589843750e+02
5.136993885040283203e+00 7.150000000000000355e+00 5.000000074505805969e-02 -4.476232604980468750e+02
5.223041057586669922e+00 7.120000000000000107e+00 5.000000074505805969e-02 -5.315526123046875000e+02
5.335036993026733398e+00 7.059999999999999609e+00 5.000000074505805969e-02 -3.636938781738281250e+02
5.429997444152832031e+00 7.040000000000000036e+00 5.000000074505805969e-02 -4.476232604980468750e+02
5.537997961044311523e+00 7.030000000000000249e+00 5.000000074505805969e-02 -5.455408935546875000e+02
5.627032995223999023e+00 7.000000000000000000e+00 5.000000074505805969e-02 -6.294701538085937500e+02
5.721992492675781250e+00 7.000000000000000000e+00 5.000000074505805969e-02 -6.434584350585937500e+02
5.833994150161743164e+00 7.049999999999999822e+00 5.000000074505805969e-02 -6.294701538085937500e+02
5.919037103652954102e+00 6.990000000000000213e+00 5.000000074505805969e-02 -5.455408935546875000e+02
6.036993741989135742e+00 7.019999999999999574e+00 5.000000074505805969e-02 -4.476232604980468750e+02
6.127037286758422852e+00 7.019999999999999574e+00 5.000000074505805969e-02 -3.636938781738281250e+02
6.233987808227539062e+00 7.049999999999999822e+00 5.000000074505805969e-02 -3.636938781738281250e+02
6.329003095626831055e+00 6.919999999999999929e+00 5.000000074505805969e-02 -4.476232604980468750e+02
6.419996261596679688e+00 6.940000000000000391e+00 5.000000074505805969e-02 -4.476232604980468750e+02
6.527031898498535156e+00 6.929999999999999716e+00 5.000000074505805969e-02 -1.818469390869140625e+02
6.617999315261840820e+00 7.080000000000000071e+00 5.000000074505805969e-02 -3.636938781738281250e+02
6.735034942626953125e+00 7.099999999999999645e+00 5.000000074505805969e-02 -5.315526123046875000e+02
6.819996356964111328e+00 6.980000000000000426e+00 5.000000074505805969e-02 -3.497056579589843750e+02
6.932992696762084961e+00 7.030000000000000249e+00 5.000000074505805969e-02 -2.657763061523437500e+02
7.027035951614379883e+00 7.110000000000000320e+00 5.000000074505805969e-02 -8.392935943603515625e+01
7.135037899017333984e+00 7.169999999999999929e+00 5.000000074505805969e-02 -8.392935943603515625e+01
7.224995374679565430e+00 7.429999999999999716e+00 5.000000074505805969e-02 -3.636938781738281250e+02
7.319998264312744141e+00 7.179999999999999716e+00 5.000000074505805969e-02 -3.636938781738281250e+02
7.427998065948486328e+00 7.030000000000000249e+00 5.000000074505805969e-02 -3.636938781738281250e+02
7.516993045806884766e+00 7.080000000000000071e+00 5.000000074505805969e-02 -3.497056579589843750e+02
7.635033607482910156e+00 7.049999999999999822e+00 5.000000074505805969e-02 -5.455408935546875000e+02
7.723997831344604492e+00 7.019999999999999574e+00 5.000000074505805969e-02 -6.294701538085937500e+02
7.831995487213134766e+00 6.950000000000000178e+00 5.000000074505805969e-02 -5.455408935546875000e+02
7.927042245864868164e+00 6.969999999999999751e+00 5.000000074505805969e-02 -4.476232604980468750e+02
8.016993522644042969e+00 7.110000000000000320e+00 5.000000074505805969e-02 -5.455408935546875000e+02
8.123996257781982422e+00 7.110000000000000320e+00 5.000000074505805969e-02 -9.791759033203125000e+02
8.219041585922241211e+00 6.969999999999999751e+00 5.000000074505805969e-02 -8.113171386718750000e+02
8.331994771957397461e+00 6.900000000000000355e+00 5.000000074505805969e-02 -7.133995361328125000e+02
8.416993379592895508e+00 6.860000000000000320e+00 5.000000074505805969e-02 -5.455408935546875000e+02
8.533994197845458984e+00 6.969999999999999751e+00 5.000000074505805969e-02 -3.636938781738281250e+02
8.624993801116943359e+00 7.059999999999999609e+00 5.000000074505805969e-02 -5.455408935546875000e+02
8.731993913650512695e+00 7.080000000000000071e+00 5.000000074505805969e-02 -5.455408935546875000e+02
8.823025703430175781e+00 7.019999999999999574e+00 5.000000074505805969e-02 -5.315526123046875000e+02
8.916993618011474609e+00 7.049999999999999822e+00 5.000000074505805969e-02 -4.476232604980468750e+02
9.024992465972900391e+00 7.009999999999999787e+00 5.000000074505805969e-02 -7.133995361328125000e+02
9.136992931365966797e+00 6.919999999999999929e+00 5.000000074505805969e-02 -7.133995361328125000e+02
9.231996059417724609e+00 6.860000000000000320e+00 5.000000074505805969e-02 -7.133995361328125000e+02
9.317994117736816406e+00 6.889999999999999680e+00 5.000000074505805969e-02 -5.455408935546875000e+02
9.429996013641357422e+00 6.929999999999999716e+00 5.000000074505805969e-02 -5.455408935546875000e+02
9.524996280670166016e+00 6.950000000000000178e+00 5.000000074505805969e-02 -4.476232604980468750e+02
9.632994174957275391e+00 6.950000000000000178e+00 5.000000074505805969e-02 -2.797645568847656250e+02
9.721995830535888672e+00 6.929999999999999716e+00 5.000000074505805969e-02 -3.497056579589843750e+02
9.816993236541748047e+00 7.019999999999999574e+00 5.000000074505805969e-02 -4.476232604980468750e+02
9.928997993469238281e+00 6.980000000000000426e+00 5.000000074505805969e-02 -1.818469390869140625e+02
1.003699398040771484e+01 7.049999999999999822e+00 5.000000074505805969e-02 -9.791758728027343750e+01
1.013199472427368164e+01 7.389999999999999680e+00 5.000000074505805969e-02 -2.657763061523437500e+02
1.022199225425720215e+01 7.179999999999999716e+00 5.000000074505805969e-02 -5.455408935546875000e+02
1.032899665832519531e+01 7.059999999999999609e+00 5.000000074505805969e-02 -4.476232604980468750e+02
1.042399644851684570e+01 7.110000000000000320e+00 5.000000074505805969e-02 -4.476232604980468750e+02
1.053699517250061035e+01 7.059999999999999609e+00 5.000000074505805969e-02 -5.315526123046875000e+02
1.062199521064758301e+01 7.019999999999999574e+00 5.000000074505805969e-02 -6.294701538085937500e+02
1.071299481391906738e+01 6.980000000000000426e+00 5.000000074505805969e-02 -5.455408935546875000e+02
1.082999348640441895e+01 6.919999999999999929e+00 5.000000074505805969e-02 -7.133995361328125000e+02
1.093699741363525391e+01 6.969999999999999751e+00 5.000000074505805969e-02 -6.294701538085937500e+02
1.102800011634826660e+01 6.910000000000000142e+00 5.000000074505805969e-02 -4.476232604980468750e+02
1.112199354171752930e+01 6.900000000000000355e+00 5.000000074505805969e-02 -3.636938781738281250e+02
1.122999358177185059e+01 7.030000000000000249e+00 5.000000074505805969e-02 -5.455408935546875000e+02
1.132000017166137695e+01 6.940000000000000391e+00 5.000000074505805969e-02 -5.315526123046875000e+02
1.143699455261230469e+01 7.009999999999999787e+00 5.000000074505805969e-02 -6.294701538085937500e+02
1.152304792404174805e+01 6.950000000000000178e+00 5.000000074505805969e-02 -6.294701538085937500e+02
1.163504576683044434e+01 6.940000000000000391e+00 5.000000074505805969e-02 -4.476232604980468750e+02
1.172999906539916992e+01 6.950000000000000178e+00 5.000000074505805969e-02 -3.636938781738281250e+02
1.183799719810485840e+01 7.000000000000000000e+00 5.000000074505805969e-02 -5.315526123046875000e+02
1.192703127861022949e+01 6.959999999999999964e+00 5.000000074505805969e-02 -7.133995361328125000e+02
1.202199625968933105e+01 6.790000000000000036e+00 5.000000074505805969e-02 -4.476232604980468750e+02
1.213399338722229004e+01 6.500000000000000000e+00 5.000000074505805969e-02 0.000000000000000000e+00
1.221903824806213379e+01 6.599999999999999645e+00 5.000000074505805969e-02 0.000000000000000000e+00
1.233701419830322266e+01 6.860000000000000320e+00 5.000000074505805969e-02 0.000000000000000000e+00
1.242706966400146484e+01 6.910000000000000142e+00 5.000000074505805969e-02 0.000000000000000000e+00
1.253398704528808594e+01 6.860000000000000320e+00 5.000000074505805969e-02 0.000000000000000000e+00
1.262899684906005859e+01 6.080000000000000071e+00 5.000000074505805969e-02 0.000000000000000000e+00
1.271999740600585938e+01 4.620000000000000107e+00 5.000000074505805969e-02 0.000000000000000000e+00
1.282703709602355957e+01 3.529999999999999805e+00 5.000000074505805969e-02 2.657763061523437500e+02
1.291799569129943848e+01 3.359999999999999876e+00 5.000000074505805969e-02 2.657763061523437500e+02
1.303504753112792969e+01 3.310000000000000053e+00 5.000000074505805969e-02 0.000000000000000000e+00
1.311999535560607910e+01 3.100000000000000089e+00 5.000000074505805969e-02 9.791758728027343750e+01
1.323299455642700195e+01 3.359999999999999876e+00 5.000000074505805969e-02 3.636938781738281250e+02
1.332703709602355957e+01 3.439999999999999947e+00 5.000000074505805969e-02 4.616115112304687500e+02
1.343503975868225098e+01 3.419999999999999929e+00 5.000000074505805969e-02 4.476232604980468750e+02
1.352499651908874512e+01 3.459999999999999964e+00 5.000000074505805969e-02 4.476232604980468750e+02
1.361999964714050293e+01 3.529999999999999805e+00 5.000000074505805969e-02 0.000000000000000000e+00
1.372799801826477051e+01 3.359999999999999876e+00 5.000000074505805969e-02 0.000000000000000000e+00
1.381699419021606445e+01 3.259999999999999787e+00 5.000000074505805969e-02 1.678587188720703125e+02
1.393503928184509277e+01 3.390000000000000124e+00 5.000000074505805969e-02 6.294701538085937500e+02
1.402400255203247070e+01 3.479999999999999982e+00 5.000000074505805969e-02 4.476232604980468750e+02
1.413199687004089355e+01 3.470000000000000195e+00 5.000000074505805969e-02 2.797645568847656250e+02
1.422703886032104492e+01 3.379999999999999893e+00 5.000000074505805969e-02 3.636938781738281250e+02
1.431699442863464355e+01 3.399999999999999911e+00 5.000000074505805969e-02 5.315526123046875000e+02
1.442399477958679199e+01 3.490000000000000213e+00 5.000000074505805969e-02 7.133995361328125000e+02
1.451905155181884766e+01 3.450000000000000178e+00 5.000000074505805969e-02 8.113171386718750000e+02
1.463199496269226074e+01 3.450000000000000178e+00 5.000000074505805969e-02 7.273877563476562500e+02
1.471699404716491699e+01 3.520000000000000018e+00 5.000000074505805969e-02 5.455408935546875000e+02
1.483399629592895508e+01 3.439999999999999947e+00 5.000000074505805969e-02 4.476232604980468750e+02
1.492499303817749023e+01 3.419999999999999929e+00 5.000000074505805969e-02 7.133995361328125000e+02
1.503199553489685059e+01 3.439999999999999947e+00 5.000000074505805969e-02 8.952465209960937500e+02
1.512307953834533691e+01 3.470000000000000195e+00 5.000000074505805969e-02 8.952465209960937500e+02
1.521699476242065430e+01 3.569999999999999840e+00 5.000000074505805969e-02 8.113171386718750000e+02
1.532499480247497559e+01 3.529999999999999805e+00 5.000000074505805969e-02 6.294701538085937500e+02
1.541503381729125977e+01 3.500000000000000000e+00 5.000000074505805969e-02 6.294701538085937500e+02
1.553200268745422363e+01 3.430000000000000160e+00 5.000000074505805969e-02 8.113171386718750000e+02
1.561799907684326172e+01 3.410000000000000142e+00 5.000000074505805969e-02 9.931641235351562500e+02
1.572999620437622070e+01 3.540000000000000036e+00 5.000000074505805969e-02 1.077093505859375000e+03
1.582499480247497559e+01 3.560000000000000053e+00 5.000000074505805969e-02 9.791759033203125000e+02
1.593299436569213867e+01 3.529999999999999805e+00 5.000000074505805969e-02 9.092347412109375000e+02
1.602199339866638184e+01 3.529999999999999805e+00 5.000000074505805969e-02 9.931641235351562500e+02
1.611699366569519043e+01 3.649999999999999911e+00 5.000000074505805969e-02 6.294701538085937500e+02
1.622899794578552246e+01 3.609999999999999876e+00 5.000000074505805969e-02 1.818469390869140625e+02
1.633699488639831543e+01 3.450000000000000178e+00 5.000000074505805969e-02 1.818469390869140625e+02
1.643201088905334473e+01 3.339999999999999858e+00 5.000000074505805969e-02 6.294701538085937500e+02
1.652200555801391602e+01 3.419999999999999929e+00 5.000000074505805969e-02 7.273877563476562500e+02
1.662899947166442871e+01 3.450000000000000178e+00 5.000000074505805969e-02 7.273877563476562500e+02
1.672399663925170898e+01 3.540000000000000036e+00 5.000000074505805969e-02 8.113171386718750000e+02
1.683699440956115723e+01 3.520000000000000018e+00 5.000000074505805969e-02 8.113171386718750000e+02
1.692199444770812988e+01 3.580000000000000071e+00 5.000000074505805969e-02 7.133995361328125000e+02
1.703904604911804199e+01 3.549999999999999822e+00 5.000000074505805969e-02 5.315526123046875000e+02
1.712999510765075684e+01 3.430000000000000160e+00 5.000000074505805969e-02 6.294701538085937500e+02
1.723703479766845703e+01 3.439999999999999947e+00 5.000000074505805969e-02 7.133995361328125000e+02
1.732799839973449707e+01 3.470000000000000195e+00 5.000000074505805969e-02 9.931641235351562500e+02
1.742199635505676270e+01 3.540000000000000036e+00 5.000000074505805969e-02 9.931641235351562500e+02
1.752999663352966309e+01 3.580000000000000071e+00 5.000000074505805969e-02 6.434584350585937500e+02
1.761999726295471191e+01 3.540000000000000036e+00 5.000000074505805969e-02 3.636938781738281250e+02
1.772199440002441406e+01 3.560000000000000053e+00 5.000000074505805969e-02 2.657763061523437500e+02
1.782799839973449707e+01 3.459999999999999964e+00 5.000000074505805969e-02 3.497056579589843750e+02
1.793503499031066895e+01 3.470000000000000195e+00 5.000000074505805969e-02 6.294701538085937500e+02
1.802499771118164062e+01 3.470000000000000195e+00 5.000000074505805969e-02 6.294701538085937500e+02
1.811903476715087891e+01 3.609999999999999876e+00 5.000000074505805969e-02 7.273877563476562500e+02
1.823299384117126465e+01 3.569999999999999840e+00 5.000000074505805969e-02 6.294701538085937500e+02
1.831799912452697754e+01 3.450000000000000178e+00 5.000000074505805969e-02 6.294701538085937500e+02
1.842899823188781738e+01 3.509999999999999787e+00 5.000000074505805969e-02 7.133995361328125000e+02
1.851999711990356445e+01 3.500000000000000000e+00 5.000000074505805969e-02 8.113171386718750000e+02
1.863699436187744141e+01 3.569999999999999840e+00 5.000000074505805969e-02 6.294701538085937500e+02
1.872600579261779785e+01 3.580000000000000071e+00 5.000000074505805969e-02 5.455408935546875000e+02
1.883299851417541504e+01 3.479999999999999982e+00 5.000000074505805969e-02 6.294701538085937500e+02
1.892800092697143555e+01 3.490000000000000213e+00 5.000000074505805969e-02 8.113171386718750000e+02
1.901903629302978516e+01 3.450000000000000178e+00 5.000000074505805969e-02 7.973289184570312500e+02
1.912599372863769531e+01 3.560000000000000053e+00 5.000000074505805969e-02 7.273877563476562500e+02
1.921699404716491699e+01 3.529999999999999805e+00 5.000000074505805969e-02 6.294701538085937500e+02
1.933403921127319336e+01 3.529999999999999805e+00 5.000000074505805969e-02 4.476232604980468750e+02
1.941904139518737793e+01 3.540000000000000036e+00 5.000000074505805969e-02 4.476232604980468750e+02
1.953200149536132812e+01 3.479999999999999982e+00 5.000000074505805969e-02 3.636938781738281250e+02
1.962599778175354004e+01 3.410000000000000142e+00 5.000000074505805969e-02 3.636938781738281250e+02
1.973399353027343750e+01 3.450000000000000178e+00 5.000000074505805969e-02 4.616115112304687500e+02
1.982399535179138184e+01 3.479999999999999982e+00 5.000000074505805969e-02 5.315526123046875000e+02
1.991904807090759277e+01 3.450000000000000178e+00 5.000000074505805969e-02 6.294701538085937500e+02
2.002703356742858887e+01 3.509999999999999787e+00 5.000000074505805969e-02 8.113171386718750000e+02
2.013799595832824707e+01 3.569999999999999840e+00 5.000000074505805969e-02 7.273877563476562500e+02
2.023399519920349121e+01 3.490000000000000213e+00 5.000000074505805969e-02 7.973289184570312500e+02
2.032302808761596680e+01 3.560000000000000053e+00 5.000000074505805969e-02 7.273877563476562500e+02
2.043103170394897461e+01 3.629999999999999893e+00 5.000000074505805969e-02 4.476232604980468750e+02
2.052599477767944336e+01 3.589999999999999858e+00 5.000000074505805969e-02 1.678587188720703125e+02
2.063799548149108887e+01 3.470000000000000195e+00 5.000000074505805969e-02 1.818469390869140625e+02
2.072302937507629395e+01 3.379999999999999893e+00 5.000000074505805969e-02 2.657763061523437500e+02
2.081799864768981934e+01 3.490000000000000213e+00 5.000000074505805969e-02 6.294701538085937500e+02
2.093103003501892090e+01 3.520000000000000018e+00 5.000000074505805969e-02 6.294701538085937500e+02
2.103799629211425781e+01 3.529999999999999805e+00 5.000000074505805969e-02 6.294701538085937500e+02
2.113299608230590820e+01 3.490000000000000213e+00 5.000000074505805969e-02 7.133995361328125000e+02
2.122399687767028809e+01 3.450000000000000178e+00 5.000000074505805969e-02 8.952465209960937500e+02
2.133104205131530762e+01 3.470000000000000195e+00 5.000000074505805969e-02 1.175010986328125000e+03
2.142201137542724609e+01 3.540000000000000036e+00 5.000000074505805969e-02 1.175010986328125000e+03
2.153103780746459961e+01 3.529999999999999805e+00 5.000000074505805969e-02 9.092347412109375000e+02
2.162399363517761230e+01 3.450000000000000178e+00 5.000000074505805969e-02 8.952465209960937500e+02
2.173699259757995605e+01 3.549999999999999822e+00 5.000000074505805969e-02 7.273877563476562500e+02
2.183103108406066895e+01 3.629999999999999893e+00 5.000000074505805969e-02 4.476232604980468750e+02
2.193904614448547363e+01 3.520000000000000018e+00 5.000000074505805969e-02 1.678587188720703125e+02
2.202899837493896484e+01 3.439999999999999947e+00 5.000000074505805969e-02 1.818469390869140625e+02
2.212399578094482422e+01 3.419999999999999929e+00 5.000000074505805969e-02 3.636938781738281250e+02
2.223199772834777832e+01 3.379999999999999893e+00 5.000000074505805969e-02 6.294701538085937500e+02
2.232099413871765137e+01 3.410000000000000142e+00 5.000000074505805969e-02 7.273877563476562500e+02
2.243904900550842285e+01 3.509999999999999787e+00 5.000000074505805969e-02 7.133995361328125000e+02
2.252799797058105469e+01 3.620000000000000107e+00 5.000000074505805969e-02 6.294701538085937500e+02
2.263599658012390137e+01 3.540000000000000036e+00 5.000000074505805969e-02 5.455408935546875000e+02
2.273103308677673340e+01 3.529999999999999805e+00 5.000000074505805969e-02 5.315526123046875000e+02
2.282099628448486328e+01 3.439999999999999947e+00 5.000000074505805969e-02 3.636938781738281250e+02
2.292800140380859375e+01 3.390000000000000124e+00 5.000000074505805969e-02 3.636938781738281250e+02
2.302303957939147949e+01 3.379999999999999893e+00 5.000000074505805969e-02 5.455408935546875000e+02
2.313599467277526855e+01 3.470000000000000195e+00 5.000000074505805969e-02 7.133995361328125000e+02
2.322099304199218750e+01 3.589999999999999858e+00 5.000000074505805969e-02 4.476232604980468750e+02
2.331199693679809570e+01 3.569999999999999840e+00 5.000000074505805969e-02 3.497056579589843750e+02
2.342899799346923828e+01 3.600000000000000089e+00 5.000000074505805969e-02 4.476232604980468750e+02
2.353600645065307617e+01 3.600000000000000089e+00 5.000000074505805969e-02 6.294701538085937500e+02
2.362704110145568848e+01 3.580000000000000071e+00 5.000000074505805969e-02 4.476232604980468750e+02
2.372099351882934570e+01 3.459999999999999964e+00 5.000000074505805969e-02 3.636938781738281250e+02
2.382899713516235352e+01 3.490000000000000213e+00 5.000000074505805969e-02 4.476232604980468750e+02
2.391903614997863770e+01 3.509999999999999787e+00 5.000000074505805969e-02 4.476232604980468750e+02
2.403599643707275391e+01 3.509999999999999787e+00 5.000000074505805969e-02 6.294701538085937500e+02
2.412199425697326660e+01 3.490000000000000213e+00 5.000000074505805969e-02 4.476232604980468750e+02
2.423399972915649414e+01 3.589999999999999858e+00 5.000000074505805969e-02 0.000000000000000000e+00
2.432899618148803711e+01 3.310000000000000053e+00 5.000000074505805969e-02 0.000000000000000000e+00
2.443699455261230469e+01 3.270000000000000018e+00 5.000000074505805969e-02 0.000000000000000000e+00
2.452599358558654785e+01 3.229999999999999982e+00 5.000000074505805969e-02 0.000000000000000000e+00
2.462099742889404297e+01 3.270000000000000018e+00 5.000000074505805969e-02 0.000000000000000000e+00
2.473299503326416016e+01 3.959999999999999964e+00 5.000000074505805969e-02 0.000000000000000000e+00
2.481800031661987305e+01 5.990000000000000213e+00 5.000000074505805969e-02 0.000000000000000000e+00
2.493599891662597656e+01 7.179999999999999716e+00 5.000000074505805969e-02 -2.657763061523437500e+02
2.502599668502807617e+01 7.209999999999999964e+00 5.000000074505805969e-02 -1.818469390869140625e+02
2.513299489021301270e+01 7.309999999999999609e+00 5.000000074505805969e-02 0.000000000000000000e+00
2.522800254821777344e+01 7.990000000000000213e+00 5.000000074505805969e-02 -5.315526123046875000e+02
2.531903529167175293e+01 7.500000000000000000e+00 5.000000074505805969e-02 -8.113171386718750000e+02
2.542599487304687500e+01 7.110000000000000320e+00 5.000000074505805969e-02 -8.113171386718750000e+02
2.551702356338500977e+01 7.160000000000000142e+00 5.000000074505805969e-02 -8.113171386718750000e+02
2.563399314880371094e+01 7.169999999999999929e+00 5.000000074505805969e-02 -8.113171386718750000e+02
2.571903181076049805e+01 7.219999999999999751e+00 5.000000074505805969e-02 -8.952465209960937500e+02
2.583199620246887207e+01 7.040000000000000036e+00 5.000000074505805969e-02 -8.113171386718750000e+02
2.592599582672119141e+01 7.070000000000000284e+00 5.000000074505805969e-02 -8.113171386718750000e+02
2.603399395942687988e+01 6.950000000000000178e+00 5.000000074505805969e-02 -8.952465209960937500e+02
2.612399744987487793e+01 6.889999999999999680e+00 5.000000074505805969e-02 -8.113171386718750000e+02
2.621903872489929199e+01 6.969999999999999751e+00 5.000000074505805969e-02 -8.113171386718750000e+02
2.632703661918640137e+01 6.919999999999999929e+00 5.000000074505805969e-02 -6.294701538085937500e+02
2.641599583625793457e+01 7.030000000000000249e+00 5.000000074505805969e-02 -7.133995361328125000e+02
2.653399729728698730e+01 6.929999999999999716e+00 5.000000074505805969e-02 -8.113171386718750000e+02
2.662302970886230469e+01 6.870000000000000107e+00 5.000000074505805969e-02 -8.113171386718750000e+02
2.673103427886962891e+01 6.900000000000000355e+00 5.000000074505805969e-02 -7.133995361328125000e+02
2.682599401473999023e+01 6.889999999999999680e+00 5.000000074505805969e-02 -5.315526123046875000e+02
2.693799734115600586e+01 7.000000000000000000e+00 5.000000074505805969e-02 -5.455408935546875000e+02
2.702304458618164062e+01 6.910000000000000142e+00 5.000000074505805969e-02 -5.455408935546875000e+02
2.711799740791320801e+01 6.919999999999999929e+00 5.000000074505805969e-02 -7.273877563476562500e+02
2.723103666305541992e+01 7.009999999999999787e+00 5.000000074505805969e-02 -7.133995361328125000e+02
2.733699560165405273e+01 7.019999999999999574e+00 5.000000074505805969e-02 -7.133995361328125000e+02
2.743299603462219238e+01 7.080000000000000071e+00 5.000000074505805969e-02 -9.092347412109375000e+02
2.752399659156799316e+01 6.950000000000000178e+00 5.000000074505805969e-02 -1.077093505859375000e+03
2.763103818893432617e+01 6.879999999999999893e+00 5.000000074505805969e-02 -9.092347412109375000e+02
2.772199559211730957e+01 6.879999999999999893e+00 5.000000074505805969e-02 -8.113171386718750000e+02
2.781599974632263184e+01 7.030000000000000249e+00 5.000000074505805969e-02 -8.113171386718750000e+02
2.792399907112121582e+01 6.940000000000000391e+00 5.000000074505805969e-02 -8.113171386718750000e+02
2.803699517250061035e+01 6.980000000000000426e+00 5.000000074505805969e-02 -6.294701538085937500e+02
2.813104176521301270e+01 6.969999999999999751e+00 5.000000074505805969e-02 -5.455408935546875000e+02
2.821699690818786621e+01 6.940000000000000391e+00 5.000000074505805969e-02 -5.455408935546875000e+02
2.832899618148803711e+01 7.009999999999999787e+00 5.000000074505805969e-02 -4.616115112304687500e+02
2.842399764060974121e+01 7.009999999999999787e+00 5.000000074505805969e-02 -4.476232604980468750e+02
2.853209447860717773e+01 6.929999999999999716e+00 5.000000074505805969e-02 -5.315526123046875000e+02
2.862099266052246094e+01 6.870000000000000107e+00 5.000000074505805969e-02 -3.497056579589843750e+02
2.871599483489990234e+01 6.950000000000000178e+00 5.000000074505805969e-02 -3.497056579589843750e+02
2.882799744606018066e+01 7.040000000000000036e+00 5.000000074505805969e-02 -5.455408935546875000e+02
2.893599438667297363e+01 7.009999999999999787e+00 5.000000074505805969e-02 -4.476232604980468750e+02
2.903103399276733398e+01 7.099999999999999645e+00 5.000000074505805969e-02 -5.455408935546875000e+02
2.912099432945251465e+01 7.049999999999999822e+00 5.000000074505805969e-02 -4.476232604980468750e+02
2.922799897193908691e+01 7.120000000000000107e+00 5.000000074505805969e-02 -4.476232604980468750e+02
2.932304930686950684e+01 7.139999999999999680e+00 5.000000074505805969e-02 -5.315526123046875000e+02
2.943599534034729004e+01 7.080000000000000071e+00 5.000000074505805969e-02 -8.113171386718750000e+02
2.952099490165710449e+01 6.980000000000000426e+00 5.000000074505805969e-02 -7.133995361328125000e+02
2.963799715042114258e+01 6.900000000000000355e+00 5.000000074505805969e-02 -7.133995361328125000e+02
2.972899627685546875e+01 6.959999999999999964e+00 5.000000074505805969e-02 -7.133995361328125000e+02
2.983599734306335449e+01 7.070000000000000284e+00 5.000000074505805969e-02 -7.133995361328125000e+02
2.992704224586486816e+01 7.059999999999999609e+00 5.000000074505805969e-02 -6.294701538085937500e+02
3.002099466323852539e+01 6.910000000000000142e+00 5.000000074505805969e-02 -5.455408935546875000e+02
3.012899589538574219e+01 6.969999999999999751e+00 5.000000074505805969e-02 -5.455408935546875000e+02
3.021903491020202637e+01 7.030000000000000249e+00 5.000000074505805969e-02 -5.315526123046875000e+02
3.033599901199340820e+01 7.070000000000000284e+00 5.000000074505805969e-02 -7.273877563476562500e+02
3.042199277877807617e+01 7.019999999999999574e+00 5.000000074505805969e-02 -6.294701538085937500e+02
3.053409123420715332e+01 7.019999999999999574e+00 5.000000074505805969e-02 -5.315526123046875000e+02
3.062899732589721680e+01 7.000000000000000000e+00 5.000000074505805969e-02 -4.476232604980468750e+02
3.073699450492858887e+01 7.019999999999999574e+00 5.000000074505805969e-02 -6.294701538085937500e+02
3.082600998878479004e+01 6.860000000000000320e+00 5.000000074505805969e-02 -6.294701538085937500e+02
3.092099308967590332e+01 6.929999999999999716e+00 5.000000074505805969e-02 -5.455408935546875000e+02
3.103299498558044434e+01 6.950000000000000178e+00 5.000000074505805969e-02 -6.294701538085937500e+02
3.111799979209899902e+01 6.959999999999999964e+00 5.000000074505805969e-02 -6.294701538085937500e+02
3.123599648475646973e+01 6.959999999999999964e+00 5.000000074505805969e-02 -6.294701538085937500e+02
3.132599377632141113e+01 6.959999999999999964e+00 5.000000074505805969e-02 -6.294701538085937500e+02
3.143299341201782227e+01 6.959999999999999964e+00 5.000000074505805969e-02 -6.294701538085937500e+02
3.152800035476684570e+01 7.000000000000000000e+00 5.000000074505805969e-02 -7.273877563476562500e+02
3.161904811859130859e+01 6.959999999999999964e+00 5.000000074505805969e-02 -7.273877563476562500e+02
3.172599506378173828e+01 7.000000000000000000e+00 5.000000074505805969e-02 -4.616115112304687500e+02
3.181699943542480469e+01 7.019999999999999574e+00 5.000000074505805969e-02 -1.818469390869140625e+02
3.193400979042053223e+01 7.160000000000000142e+00 5.000000074505805969e-02 -3.636938781738281250e+02
3.201903629302978516e+01 7.179999999999999716e+00 5.000000074505805969e-02 -5.315526123046875000e+02
3.213199567794799805e+01 7.089999999999999858e+00 5.000000074505805969e-02 -6.294701538085937500e+02
3.222599434852600098e+01 7.070000000000000284e+00 5.000000074505805969e-02 -4.476232604980468750e+02
3.233399295806884766e+01 7.040000000000000036e+00 5.000000074505805969e-02 -4.476232604980468750e+02
3.242399668693542480e+01 7.000000000000000000e+00 5.000000074505805969e-02 -4.476232604980468750e+02
3.251904129981994629e+01 7.110000000000000320e+00 5.000000074505805969e-02 -7.133995361328125000e+02
3.262703323364257812e+01 7.059999999999999609e+00 5.000000074505805969e-02 -7.273877563476562500e+02
3.271599626541137695e+01 6.969999999999999751e+00 5.000000074505805969e-02 -7.133995361328125000e+02
3.283399534225463867e+01 6.940000000000000391e+00 5.000000074505805969e-02 -4.476232604980468750e+02
3.292303967475891113e+01 7.000000000000000000e+00 5.000000074505805969e-02 -5.455408935546875000e+02
3.303103518486022949e+01 6.959999999999999964e+00 5.000000074505805969e-02 -7.273877563476562500e+02
3.312599611282348633e+01 6.940000000000000391e+00 5.000000074505805969e-02 -7.133995361328125000e+02
3.323699307441711426e+01 6.900000000000000355e+00 5.000000074505805969e-02 -5.315526123046875000e+02
3.332303667068481445e+01 6.929999999999999716e+00 5.000000074505805969e-02 -5.455408935546875000e+02
3.341799831390380859e+01 6.959999999999999964e+00 5.000000074505805969e-02 -6.434584350585937500e+02
3.353103756904602051e+01 6.919999999999999929e+00 5.000000074505805969e-02 -6.294701538085937500e+02
3.363199663162231445e+01 6.929999999999999716e+00 5.000000074505805969e-02 -6.294701538085937500e+02
3.373299574851989746e+01 6.940000000000000391e+00 5.000000074505805969e-02 -4.616115112304687500e+02
3.382399821281433105e+01 7.080000000000000071e+00 5.000000074505805969e-02 -4.476232604980468750e+02
3.393104052543640137e+01 7.219999999999999751e+00 5.000000074505805969e-02 -5.315526123046875000e+02
3.402199578285217285e+01 7.099999999999999645e+00 5.000000074505805969e-02 -6.294701538085937500e+02
3.411599445343017578e+01 7.019999999999999574e+00 5.000000074505805969e-02 -5.315526123046875000e+02
3.422399520874023438e+01 7.059999999999999609e+00 5.000000074505805969e-02 -6.294701538085937500e+02
3.433699774742126465e+01 7.019999999999999574e+00 5.000000074505805969e-02 -5.315526123046875000e+02
3.443103456497192383e+01 6.940000000000000391e+00 5.000000074505805969e-02 -5.315526123046875000e+02
3.453799843788146973e+01 7.049999999999999822e+00 5.000000074505805969e-02 -6.294701538085937500e+02
3.462899613380432129e+01 7.009999999999999787e+00 5.000000074505805969e-02 -6.294701538085937500e+02
3.472399711608886719e+01 6.990000000000000213e+00 5.000000074505805969e-02 -6.294701538085937500e+02
3.483199596405029297e+01 6.879999999999999893e+00 5.000000074505805969e-02 -5.455408935546875000e+02
3.492099499702453613e+01 7.040000000000000036e+00 5.000000074505805969e-02 -7.133995361328125000e+02
3.502303266525268555e+01 6.990000000000000213e+00 5.000000074505805969e-02 -8.113171386718750000e+02
3.512800002098083496e+01 6.919999999999999929e+00 5.000000074505805969e-02 -6.294701538085937500e+02
3.523599529266357422e+01 6.929999999999999716e+00 5.000000074505805969e-02 -3.497056579589843750e+02
3.533103585243225098e+01 6.879999999999999893e+00 5.000000074505805969e-02 -1.818469390869140625e+02
3.542099404335021973e+01 7.049999999999999822e+00 5.000000074505805969e-02 -5.455408935546875000e+02
3.552799820899963379e+01 6.950000000000000178e+00 5.000000074505805969e-02 -6.294701538085937500e+02
3.562303924560546875e+01 6.690000000000000391e+00 5.000000074505805969e-02 0.000000000000000000e+00
3.573599433898925781e+01 6.330000000000000071e+00 5.000000074505805969e-02 0.000000000000000000e+00
3.582099485397338867e+01 6.589999999999999858e+00 5.000000074505805969e-02 0.000000000000000000e+00
3.593799734115600586e+01 6.549999999999999822e+00 5.000000074505805969e-02 0.000000000000000000e+00
3.602899646759033203e+01 6.009999999999999787e+00 5.000000074505805969e-02 0.000000000000000000e+00
3.613600039482116699e+01 4.349999999999999645e+00 5.000000074505805969e-02 2.657763061523437500e+02
3.622703647613525391e+01 3.379999999999999893e+00 5.000000074505805969e-02 8.392935943603515625e+01
3.632099509239196777e+01 3.370000000000000107e+00 5.000000074505805969e-02 1.818469390869140625e+02
3.642899680137634277e+01 3.390000000000000124e+00 5.000000074505805969e-02 2.797645568847656250e+02
3.651904582977294922e+01 3.430000000000000160e+00 5.000000074505805969e-02 1.818469390869140625e+02
3.663599658012390137e+01 3.399999999999999911e+00 5.000000074505805969e-02 2.657763061523437500e+02
3.672199416160583496e+01 3.399999999999999911e+00 5.000000074505805969e-02 3.497056579589843750e+02
3.683399248123168945e+01 3.450000000000000178e+00 5.000000074505805969e-02 4.476232604980468750e+02
3.692899560928344727e+01 3.470000000000000195e+00 5.000000074505805969e-02 4.476232604980468750e+02
3.703699564933776855e+01 3.509999999999999787e+00 5.000000074505805969e-02 4.476232604980468750e+02
3.712599420547485352e+01 3.439999999999999947e+00 5.000000074505805969e-02 4.476232604980468750e+02
3.722100281715393066e+01 3.450000000000000178e+00 5.000000074505805969e-02 3.636938781738281250e+02
3.733299350738525391e+01 3.509999999999999787e+00 5.000000074505805969e-02 3.497056579589843750e+02
3.741799807548522949e+01 3.490000000000000213e+00 5.000000074505805969e-02 4.476232604980468750e+02
3.753599810600280762e+01 3.459999999999999964e+00 5.000000074505805969e-02 5.455408935546875000e+02
3.762599754333496094e+01 3.379999999999999893e+00 5.000000074505805969e-02 7.133995361328125000e+02
3.773299384117126465e+01 3.470000000000000195e+00 5.000000074505805969e-02 8.952465209960937500e+02
3.782799935340881348e+01 3.479999999999999982e+00 5.000000074505805969e-02 8.113171386718750000e+02
3.791903352737426758e+01 3.509999999999999787e+00 5.000000074505805969e-02 6.294701538085937500e+02
3.802599310874938965e+01 3.470000000000000195e+00 5.000000074505805969e-02 6.294701538085937500e+02
3.811699342727661133e+01 3.430000000000000160e+00 5.000000074505805969e-02 6.294701538085937500e+02
3.823399543762207031e+01 3.560000000000000053e+00 5.000000074505805969e-02 8.113171386718750000e+02
3.831904172897338867e+01 3.490000000000000213e+00 5.000000074505805969e-02 7.973289184570312500e+02
3.843199491500854492e+01 3.470000000000000195e+00 5.000000074505805969e-02 1.077093505859375000e+03
3.852599406242370605e+01 3.439999999999999947e+00 5.000000074505805969e-02 1.091081787109375000e+03
3.863399338722229004e+01 3.520000000000000018e+00 5.000000074505805969e-02 1.077093505859375000e+03
3.872399926185607910e+01 3.549999999999999822e+00 5.000000074505805969e-02 1.175010986328125000e+03
3.881903529167175293e+01 3.569999999999999840e+00 5.000000074505805969e-02 9.931641235351562500e+02
3.892704010009765625e+01 3.549999999999999822e+00 5.000000074505805969e-02 9.931641235351562500e+02
3.901599311828613281e+01 3.609999999999999876e+00 5.000000074505805969e-02 8.952465209960937500e+02
3.913399600982666016e+01 3.560000000000000053e+00 5.000000074505805969e-02 4.616115112304687500e+02
3.922303462028503418e+01 3.470000000000000195e+00 5.000000074505805969e-02 2.797645568847656250e+02
3.933104109764099121e+01 3.359999999999999876e+00 5.000000074505805969e-02 5.315526123046875000e+02
3.942600655555725098e+01 3.370000000000000107e+00 5.000000074505805969e-02 5.455408935546875000e+02
3.952304339408874512e+01 3.520000000000000018e+00 5.000000074505805969e-02 6.294701538085937500e+02
3.962303495407104492e+01 3.520000000000000018e+00 5.000000074505805969e-02 5.455408935546875000e+02
3.971799731254577637e+01 3.529999999999999805e+00 5.000000074505805969e-02 4.476232604980468750e+02
3.983103394508361816e+01 3.520000000000000018e+00 5.000000074505805969e-02 3.497056579589843750e+02
3.993800473213195801e+01 3.509999999999999787e+00 5.000000074505805969e-02 6.434584350585937500e+02
4.003299522399902344e+01 3.450000000000000178e+00 5.000000074505805969e-02 6.294701538085937500e+02
4.012399697303771973e+01 3.399999999999999911e+00 5.000000074505805969e-02 7.273877563476562500e+02
4.023103380203247070e+01 3.490000000000000213e+00 5.000000074505805969e-02 7.133995361328125000e+02
4.032199525833129883e+01 3.439999999999999947e+00 5.000000074505805969e-02 6.294701538085937500e+02
4.041599678993225098e+01 3.470000000000000195e+00 5.000000074505805969e-02 7.133995361328125000e+02
4.052399587631225586e+01 3.490000000000000213e+00 5.000000074505805969e-02 7.133995361328125000e+02
4.063699340820312500e+01 3.410000000000000142e+00 5.000000074505805969e-02 7.273877563476562500e+02
4.073102927207946777e+01 3.500000000000000000e+00 5.000000074505805969e-02 6.294701538085937500e+02
4.081699562072753906e+01 3.509999999999999787e+00 5.000000074505805969e-02 6.294701538085937500e+02
4.092899537086486816e+01 3.470000000000000195e+00 5.000000074505805969e-02 6.294701538085937500e+02
4.102399754524230957e+01 3.580000000000000071e+00 5.000000074505805969e-02 8.952465209960937500e+02
4.113199615478515625e+01 3.540000000000000036e+00 5.000000074505805969e-02 7.133995361328125000e+02
4.122099399566650391e+01 3.450000000000000178e+00 5.000000074505805969e-02 7.133995361328125000e+02
4.131599569320678711e+01 3.479999999999999982e+00 5.000000074505805969e-02 7.273877563476562500e+02
4.142799949645996094e+01 3.399999999999999911e+00 5.000000074505805969e-02 8.952465209960937500e+02
4.153599667549133301e+01 3.470000000000000195e+00 5.000000074505805969e-02 8.113171386718750000e+02
4.163114547729492188e+01 3.450000000000000178e+00 5.000000074505805969e-02 8.952465209960937500e+02
4.172099232673645020e+01 3.490000000000000213e+00 5.000000074505805969e-02 6.294701538085937500e+02
4.182800173759460449e+01 3.419999999999999929e+00 5.000000074505805969e-02 6.294701538085937500e+02
4.192303514480590820e+01 3.419999999999999929e+00 5.000000074505805969e-02 6.294701538085937500e+02
4.203600001335144043e+01 3.419999999999999929e+00 5.000000074505805969e-02 8.113171386718750000e+02
4.212099385261535645e+01 3.399999999999999911e+00 5.000000074505805969e-02 7.133995361328125000e+02
4.223798966407775879e+01 3.410000000000000142e+00 5.000000074505805969e-02 7.133995361328125000e+02
4.232900428771972656e+01 3.439999999999999947e+00 5.000000074505805969e-02 6.294701538085937500e+02
4.243599843978881836e+01 3.359999999999999876e+00 5.000000074505805969e-02 6.294701538085937500e+02
4.252703976631164551e+01 3.419999999999999929e+00 5.000000074505805969e-02 5.455408935546875000e+02
4.262099647521972656e+01 3.529999999999999805e+00 5.000000074505805969e-02 3.497056579589843750e+02
4.272899580001831055e+01 3.430000000000000160e+00 5.000000074505805969e-02 3.636938781738281250e+02
4.281904864311218262e+01 3.450000000000000178e+00 5.000000074505805969e-02 5.315526123046875000e+02
4.293599534034729004e+01 3.470000000000000195e+00 5.000000074505805969e-02 6.294701538085937500e+02
4.302199292182922363e+01 3.399999999999999911e+00 5.000000074505805969e-02 7.273877563476562500e+02
4.313400268554687500e+01 3.410000000000000142e+00 5.000000074505805969e-02 8.113171386718750000e+02
4.322899603843688965e+01 3.479999999999999982e+00 5.000000074505805969e-02 7.973289184570312500e+02
4.333700108528137207e+01 3.509999999999999787e+00 5.000000074505805969e-02 6.294701538085937500e+02
4.342599344253540039e+01 3.529999999999999805e+00 5.000000074505805969e-02 6.294701538085937500e+02
4.352099585533142090e+01 3.439999999999999947e+00 5.000000074505805969e-02 6.294701538085937500e+02
4.363308811187744141e+01 3.330000000000000071e+00 5.000000074505805969e-02 5.455408935546875000e+02
4.371799635887145996e+01 3.359999999999999876e+00 5.000000074505805969e-02 6.434584350585937500e+02
4.383600735664367676e+01 3.339999999999999858e+00 5.000000074505805969e-02 6.434584350585937500e+02
4.392599391937255859e+01 3.370000000000000107e+00 5.000000074505805969e-02 8.113171386718750000e+02
4.403299427032470703e+01 3.470000000000000195e+00 5.000000074505805969e-02 7.973289184570312500e+02
4.412800121307373047e+01 3.509999999999999787e+00 5.000000074505805969e-02 8.113171386718750000e+02
4.421903705596923828e+01 3.490000000000000213e+00 5.000000074505805969e-02 6.294701538085937500e+02
4.432599472999572754e+01 3.379999999999999893e+00 5.000000074505805969e-02 4.476232604980468750e+02
4.441699433326721191e+01 3.319999999999999840e+00 5.000000074505805969e-02 5.315526123046875000e+02
4.453399395942687988e+01 3.529999999999999805e+00 5.000000074505805969e-02 7.273877563476562500e+02
4.461903572082519531e+01 3.560000000000000053e+00 5.000000074505805969e-02 8.113171386718750000e+02
4.473199677467346191e+01 3.540000000000000036e+00 5.000000074505805969e-02 5.455408935546875000e+02
4.482599353790283203e+01 3.459999999999999964e+00 5.000000074505805969e-02 3.636938781738281250e+02
4.493399667739868164e+01 3.370000000000000107e+00 5.000000074505805969e-02 4.476232604980468750e+02
4.502399444580078125e+01 3.350000000000000089e+00 5.000000074505805969e-02 6.294701538085937500e+02
4.511903595924377441e+01 3.540000000000000036e+00 5.000000074505805969e-02 7.133995361328125000e+02
4.522703981399536133e+01 3.600000000000000089e+00 5.000000074505805969e-02 7.133995361328125000e+02
4.531599617004394531e+01 3.569999999999999840e+00 5.000000074505805969e-02 5.455408935546875000e+02
4.543399477005004883e+01 3.459999999999999964e+00 5.000000074505805969e-02 4.476232604980468750e+02
4.552304840087890625e+01 3.319999999999999840e+00 5.000000074505805969e-02 5.455408935546875000e+02
4.563107728958129883e+01 3.319999999999999840e+00 5.000000074505805969e-02 4.476232604980468750e+02
4.572599601745605469e+01 3.399999999999999911e+00 5.000000074505805969e-02 6.294701538085937500e+02
4.582704210281372070e+01 3.500000000000000000e+00 5.000000074505805969e-02 7.133995361328125000e+02
4.592312574386596680e+01 3.580000000000000071e+00 5.000000074505805969e-02 7.273877563476562500e+02
4.601799726486206055e+01 3.669999999999999929e+00 5.000000074505805969e-02 5.315526123046875000e+02
4.613103842735290527e+01 3.600000000000000089e+00 5.000000074505805969e-02 4.476232604980468750e+02
4.622304081916809082e+01 3.520000000000000018e+00 5.000000074505805969e-02 4.476232604980468750e+02
4.633299350738525391e+01 3.419999999999999929e+00 5.000000074505805969e-02 5.315526123046875000e+02
4.642399406433105469e+01 3.549999999999999822e+00 5.000000074505805969e-02 6.294701538085937500e+02
4.653103566169738770e+01 3.560000000000000053e+00 5.000000074505805969e-02 4.476232604980468750e+02
4.662199592590332031e+01 3.540000000000000036e+00 5.000000074505805969e-02 2.797645568847656250e+02
4.671600508689880371e+01 3.520000000000000018e+00 5.000000074505805969e-02 8.392935943603515625e+01
4.682399630546569824e+01 3.350000000000000089e+00 5.000000074505805969e-02 8.392935943603515625e+01
4.693699264526367188e+01 3.359999999999999876e+00 5.000000074505805969e-02 0.000000000000000000e+00
4.703102898597717285e+01 3.299999999999999822e+00 5.000000074505805969e-02 0.000000000000000000e+00
4.713298654556274414e+01 3.490000000000000213e+00 5.000000074505805969e-02 0.000000000000000000e+00
4.722899580001831055e+01 5.150000000000000355e+00 5.000000074505805969e-02 -9.791758728027343750e+01
4.732399821281433105e+01 7.030000000000000249e+00 5.000000074505805969e-02 -2.657763061523437500e+02
4.743199658393859863e+01 7.290000000000000036e+00 5.000000074505805969e-02 -7.133995361328125000e+02
4.752099323272705078e+01 7.200000000000000178e+00 5.000000074505805969e-02 -7.133995361328125000e+02
4.762199497222900391e+01 7.099999999999999645e+00 5.000000074505805969e-02 -7.273877563476562500e+02
4.772799754142761230e+01 7.219999999999999751e+00 5.000000074505805969e-02 -8.113171386718750000e+02
4.783599543571472168e+01 7.250000000000000000e+00 5.000000074505805969e-02 -1.258940307617187500e+03
4.793103885650634766e+01 7.169999999999999929e+00 5.000000074505805969e-02 -1.342869750976562500e+03
4.802099919319152832e+01 6.929999999999999716e+00 5.000000074505805969e-02 -1.440787353515625000e+03
4.812799787521362305e+01 6.860000000000000320e+00 5.000000074505805969e-02 -1.804481201171875000e+03
4.822303509712219238e+01 6.870000000000000107e+00 5.000000074505805969e-02 -1.622634277343750000e+03
4.833600187301635742e+01 6.839999999999999858e+00 5.000000074505805969e-02 -1.888410644531250000e+03
4.842099952697753906e+01 6.820000000000000284e+00 5.000000074505805969e-02 -1.804481201171875000e+03
4.852099347114562988e+01 6.759999999999999787e+00 5.000000074505805969e-02 -1.804481201171875000e+03
4.862899541854858398e+01 6.879999999999999893e+00 5.000000074505805969e-02 -1.888410644531250000e+03
4.873600435256958008e+01 6.790000000000000036e+00 5.000000074505805969e-02 -2.168175292968750000e+03
4.882703828811645508e+01 6.839999999999999858e+00 5.000000074505805969e-02 -2.154187011718750000e+03
4.892099332809448242e+01 6.740000000000000213e+00 5.000000074505805969e-02 -2.168175292968750000e+03
4.902899813652038574e+01 6.679999999999999716e+00 5.000000074505805969e-02 -1.888410644531250000e+03
4.911904692649841309e+01 6.660000000000000142e+00 5.000000074505805969e-02 -1.720551879882812500e+03
4.923599696159362793e+01 6.910000000000000142e+00 5.000000074505805969e-02 -1.986328247070312500e+03
4.932198548316955566e+01 6.870000000000000107e+00 5.000000074505805969e-02 -2.154187011718750000e+03
4.943401002883911133e+01 6.830000000000000071e+00 5.000000074505805969e-02 -2.070257568359375000e+03
4.952899503707885742e+01 6.740000000000000213e+00 5.000000074505805969e-02 -2.252104736328125000e+03
4.963700294494628906e+01 6.849999999999999645e+00 5.000000074505805969e-02 -2.517880615234375000e+03
4.972600460052490234e+01 6.580000000000000071e+00 5.000000074505805969e-02 -2.517880615234375000e+03
4.982100844383239746e+01 6.660000000000000142e+00 5.000000074505805969e-02 -2.252104736328125000e+03
4.993299603462219238e+01 6.709999999999999964e+00 5.000000074505805969e-02 -2.070257568359375000e+03
5.001800131797790527e+01 6.690000000000000391e+00 5.000000074505805969e-02 -2.336033691406250000e+03
5.013599729537963867e+01 6.700000000000000178e+00 5.000000074505805969e-02 -1.790493041992187500e+03
5.022599411010742188e+01 6.690000000000000391e+00 5.000000074505805969e-02 -1.720551879882812500e+03
5.033299446105957031e+01 6.799999999999999822e+00 5.000000074505805969e-02 -1.706563598632812500e+03
5.042799973487854004e+01 6.799999999999999822e+00 5.000000074505805969e-02 -1.972340087890625000e+03
5.051903343200683594e+01 6.780000000000000249e+00 5.000000074505805969e-02 -1.524716674804687500e+03
5.062599420547485352e+01 6.759999999999999787e+00 5.000000074505805969e-02 -1.077093505859375000e+03
5.071699738502502441e+01 6.799999999999999822e+00 5.000000074505805969e-02 -9.931641235351562500e+02
5.083399844169616699e+01 6.879999999999999893e+00 5.000000074505805969e-02 -1.258940307617187500e+03
5.091903924942016602e+01 6.769999999999999574e+00 5.000000074505805969e-02 -1.091081787109375000e+03
5.103200888633728027e+01 6.719999999999999751e+00 5.000000074505805969e-02 -6.294701538085937500e+02
5.112599563598632812e+01 6.959999999999999964e+00 5.000000074505805969e-02 -7.273877563476562500e+02
5.123399639129638672e+01 6.940000000000000391e+00 5.000000074505805969e-02 -8.113171386718750000e+02
5.132399463653564453e+01 6.860000000000000320e+00 5.000000074505805969e-02 -7.973289184570312500e+02
5.141903495788574219e+01 6.839999999999999858e+00 5.000000074505805969e-02 -8.113171386718750000e+02
5.152703428268432617e+01 6.370000000000000107e+00 5.000000074505805969e-02 0.000000000000000000e+00
5.161599516868591309e+01 5.889999999999999680e+00 5.000000074505805969e-02 0.000000000000000000e+00
5.173399591445922852e+01 5.830000000000000071e+00 5.000000074505805969e-02 0.000000000000000000e+00
5.182304382324218750e+01 4.950000000000000178e+00 5.000000074505805969e-02 0.000000000000000000e+00
5.193104314804077148e+01 3.689999999999999947e+00 5.000000074505805969e-02 7.273877563476562500e+02
5.202599549293518066e+01 3.350000000000000089e+00 5.000000074505805969e-02 9.931641235351562500e+02
5.212304282188415527e+01 3.490000000000000213e+00 5.000000074505805969e-02 9.791759033203125000e+02
5.222304463386535645e+01 3.490000000000000213e+00 5.000000074505805969e-02 1.161022827148437500e+03
5.231800866127014160e+01 3.430000000000000160e+00 5.000000074505805969e-02 1.258940307617187500e+03
5.243103456497192383e+01 3.490000000000000213e+00 5.000000074505805969e-02 1.440787353515625000e+03
5.253799629211425781e+01 3.439999999999999947e+00 5.000000074505805969e-02 1.706563598632812500e+03
5.263299489021301270e+01 3.419999999999999929e+00 5.000000074505805969e-02 1.972340087890625000e+03
5.272399592399597168e+01 3.490000000000000213e+00 5.000000074505805969e-02 2.252104736328125000e+03
5.283104038238525391e+01 3.540000000000000036e+00 5.000000074505805969e-02 1.902398925781250000e+03
5.292200493812561035e+01 3.620000000000000107e+00 5.000000074505805969e-02 1.524716674804687500e+03
5.302303957939147949e+01 3.520000000000000018e+00 5.000000074505805969e-02 1.538704956054687500e+03
5.312399506568908691e+01 3.479999999999999982e+00 5.000000074505805969e-02 1.986328247070312500e+03
5.323699402809143066e+01 3.529999999999999805e+00 5.000000074505805969e-02 1.986328247070312500e+03
5.333103346824645996e+01 3.569999999999999840e+00 5.000000074505805969e-02 1.790493041992187500e+03
5.341699647903442383e+01 3.600000000000000089e+00 5.000000074505805969e-02 1.524716674804687500e+03
5.352899789810180664e+01 3.509999999999999787e+00 5.000000074505805969e-02 1.440787353515625000e+03
5.362399673461914062e+01 3.569999999999999840e+00 5.000000074505805969e-02 1.538704956054687500e+03
5.373199415206909180e+01 3.459999999999999964e+00 5.000000074505805969e-02 1.622634277343750000e+03
5.382099437713623047e+01 3.529999999999999805e+00 5.000000074505805969e-02 1.440787353515625000e+03
5.393104147911071777e+01 3.509999999999999787e+00 5.000000074505805969e-02 1.538704956054687500e+03
5.402800130844116211e+01 3.509999999999999787e+00 5.000000074505805969e-02 1.706563598632812500e+03
5.413599634170532227e+01 3.399999999999999911e+00 5.000000074505805969e-02 1.888410644531250000e+03
5.423104572296142578e+01 3.419999999999999929e+00 5.000000074505805969e-02 1.888410644531250000e+03
5.432099437713623047e+01 3.439999999999999947e+00 5.000000074505805969e-02 2.168175292968750000e+03
5.442799782752990723e+01 3.509999999999999787e+00 5.000000074505805969e-02 2.336033691406250000e+03
5.452304577827453613e+01 3.629999999999999893e+00 5.000000074505805969e-02 1.902398925781250000e+03
5.463599538803100586e+01 3.609999999999999876e+00 5.000000074505805969e-02 1.888410644531250000e+03
5.472099232673645020e+01 3.529999999999999805e+00 5.000000074505805969e-02 1.608645996093750000e+03
5.483799791336059570e+01 3.509999999999999787e+00 5.000000074505805969e-02 1.804481201171875000e+03
5.492899441719055176e+01 3.560000000000000053e+00 5.000000074505805969e-02 1.720551879882812500e+03
5.503599715232849121e+01 3.560000000000000053e+00 5.000000074505805969e-02 1.804481201171875000e+03
5.512704491615295410e+01 3.549999999999999822e+00 5.000000074505805969e-02 1.804481201171875000e+03
5.522099375724792480e+01 3.609999999999999876e+00 5.000000074505805969e-02 1.622634277343750000e+03
5.532899808883666992e+01 3.600000000000000089e+00 5.000000074505805969e-02 1.342869750976562500e+03
5.541904091835021973e+01 3.660000000000000142e+00 5.000000074505805969e-02 1.258940307617187500e+03
5.553599405288696289e+01 3.549999999999999822e+00 5.000000074505805969e-02 1.175010986328125000e+03
5.562199306488037109e+01 3.509999999999999787e+00 5.000000074505805969e-02 1.258940307617187500e+03
5.573400020599365234e+01 3.540000000000000036e+00 5.000000074505805969e-02 1.440787353515625000e+03
5.582899808883666992e+01 3.580000000000000071e+00 5.000000074505805969e-02 1.622634277343750000e+03
5.593699502944946289e+01 3.609999999999999876e+00 5.000000074505805969e-02 8.952465209960937500e+02
5.602599620819091797e+01 4.000000000000000000e+00 5.000000074505805969e-02 0.000000000000000000e+00
5.612099361419677734e+01 4.150000000000000355e+00 5.000000074505805969e-02 0.000000000000000000e+00
5.623299407958984375e+01 3.540000000000000036e+00 5.000000074505805969e-02 0.000000000000000000e+00
5.631799650192260742e+01 3.459999999999999964e+00 5.000000074505805969e-02 0.000000000000000000e+00
5.643599820137023926e+01 3.410000000000000142e+00 5.000000074505805969e-02 0.000000000000000000e+00
5.652599716186523438e+01 3.359999999999999876e+00 5.000000074505805969e-02 0.000000000000000000e+00
5.663299632072448730e+01 3.319999999999999840e+00 5.000000074505805969e-02 0.000000000000000000e+00
5.672799873352050781e+01 3.290000000000000036e+00 5.000000074505805969e-02 0.000000000000000000e+00
5.681904792785644531e+01 3.270000000000000018e+00 5.000000074505805969e-02 0.000000000000000000e+00
5.692599606513977051e+01 3.250000000000000000e+00 5.000000074505805969e-02 0.000000000000000000e+00
5.701699757575988770e+01 3.240000000000000213e+00 5.000000074505805969e-02 0.000000000000000000e+00
5.713399791717529297e+01 3.229999999999999982e+00 5.000000074505805969e-02 0.000000000000000000e+00
5.721903872489929199e+01 3.209999999999999964e+00 5.000000074505805969e-02 0.000000000000000000e+00
5.733199644088745117e+01 3.200000000000000178e+00 5.000000074505805969e-02 0.000000000000000000e+00
5.742599630355834961e+01 3.189999999999999947e+00 5.000000074505805969e-02 0.000000000000000000e+00
5.753399705886840820e+01 3.189999999999999947e+00 5.000000074505805969e-02 0.000000000000000000e+00
5.762399792671203613e+01 3.189999999999999947e+00 5.000000074505805969e-02 0.000000000000000000e+00
5.771903824806213379e+01 3.189999999999999947e+00 5.000000074505805969e-02 0.000000000000000000e+00
5.782704067230224609e+01 3.189999999999999947e+00 5.000000074505805969e-02 0.000000000000000000e+00
5.791599535942077637e+01 3.189999999999999947e+00 5.000000074505805969e-02 0.000000000000000000e+00
5.803399467468261719e+01 3.180000000000000160e+00 5.000000074505805969e-02 0.000000000000000000e+00
5.812303709983825684e+01 3.180000000000000160e+00 5.000000074505805969e-02 0.000000000000000000e+00
5.823103356361389160e+01 3.169999999999999929e+00 5.000000074505805969e-02 0.000000000000000000e+00
5.832599377632141113e+01 3.180000000000000160e+00 5.000000074505805969e-02 0.000000000000000000e+00
5.843699383735656738e+01 3.169999999999999929e+00 5.000000074505805969e-02 0.000000000000000000e+00
