8.995127677917480469e-02 3.839999999999999858e+00 2.400000020861625671e-02 -1.888410644531250000e+03
1.849555969238281250e-01 3.729999999999999982e+00 2.400000020861625671e-02 -1.342869750976562500e+03
2.740097045898437500e-01 3.609999999999999876e+00 2.400000020861625671e-02 -1.077093505859375000e+03
3.859534263610839844e-01 3.830000000000000071e+00 2.400000020861625671e-02 -7.133995361328125000e+02
4.779510498046875000e-01 3.750000000000000000e+00 2.400000020861625671e-02 -4.476232604980468750e+02
5.899491310119628906e-01 3.939999999999999947e+00 2.400000020861625671e-02 0.000000000000000000e+00
6.789884567260742188e-01 4.099999999999999645e+00 2.400000020861625671e-02 0.000000000000000000e+00
7.689530849456787109e-01 4.009999999999999787e+00 2.400000020861625671e-02 0.000000000000000000e+00
8.809530735015869141e-01 3.049999999999999822e+00 2.400000020861625671e-02 0.000000000000000000e+00
9.899690151214599609e-01 3.129999999999999893e+00 2.400000020861625671e-02 0.000000000000000000e+00
1.076950788497924805e+00 3.879999999999999893e+00 2.400000020861625671e-02 -9.791758728027343750e+01
1.170997619628906250e+00 4.259999999999999787e+00 2.400000020861625671e-02 -2.657763061523437500e+02
1.278990983963012695e+00 4.030000000000000249e+00 2.400000020861625671e-02 -3.636938781738281250e+02
1.368949413299560547e+00 3.810000000000000053e+00 2.400000020861625671e-02 -8.392935943603515625e+01
1.485952138900756836e+00 4.139999999999999680e+00 2.400000020861625671e-02 -9.791758728027343750e+01
1.571965932846069336e+00 4.230000000000000426e+00 2.400000020861625671e-02 -3.636938781738281250e+02
1.683953523635864258e+00 3.990000000000000213e+00 2.400000020861625671e-02 -3.636938781738281250e+02
1.778991460800170898e+00 3.979999999999999982e+00 2.400000020861625671e-02 -2.657763061523437500e+02
1.886991262435913086e+00 4.000000000000000000e+00 2.400000020861625671e-02 -3.636938781738281250e+02
1.975955247879028320e+00 3.950000000000000178e+00 2.400000020861625671e-02 -1.818469390869140625e+02
2.070984125137329102e+00 4.009999999999999787e+00 2.400000020861625671e-02 -2.797645568847656250e+02
2.182995796203613281e+00 3.899999999999999911e+00 2.400000020861625671e-02 -3.497056579589843750e+02
2.289951324462890625e+00 3.950000000000000178e+00 2.400000020861625671e-02 -5.315526123046875000e+02
2.385952949523925781e+00 3.890000000000000124e+00 2.400000020861625671e-02 -4.616115112304687500e+02
2.475954771041870117e+00 3.870000000000000107e+00 2.400000020861625671e-02 -4.476232604980468750e+02
2.583957910537719727e+00 3.810000000000000053e+00 2.400000020861625671e-02 -3.636938781738281250e+02
2.677951574325561523e+00 3.939999999999999947e+00 2.400000020861625671e-02 -3.636938781738281250e+02
2.789954423904418945e+00 3.990000000000000213e+00 2.400000020861625671e-02 -6.294701538085937500e+02
2.875953912734985352e+00 3.799999999999999822e+00 2.400000020861625671e-02 -4.476232604980468750e+02
2.966987133026123047e+00 3.799999999999999822e+00 2.400000020861625671e-02 -4.616115112304687500e+02
3.083956956863403320e+00 3.859999999999999876e+00 2.400000020861625671e-02 -3.636938781738281250e+02
3.189951419830322266e+00 3.890000000000000124e+00 2.400000020861625671e-02 -2.797645568847656250e+02
3.281950712203979492e+00 4.019999999999999574e+00 2.400000020861625671e-02 -1.818469390869140625e+02
3.375956058502197266e+00 3.979999999999999982e+00 2.400000020861625671e-02 -4.476232604980468750e+02
3.484065532684326172e+00 4.049999999999999822e+00 2.400000020861625671e-02 -5.455408935546875000e+02
3.573950767517089844e+00 3.979999999999999982e+00 2.400000020861625671e-02 -4.476232604980468750e+02
3.684955835342407227e+00 4.009999999999999787e+00 2.400000020861625671e-02 -3.636938781738281250e+02
3.776950597763061523e+00 3.959999999999999964e+00 2.400000020861625671e-02 -2.797645568847656250e+02
3.888951778411865234e+00 4.110000000000000320e+00 2.400000020861625671e-02 -2.657763061523437500e+02
3.983954906463623047e+00 4.080000000000000071e+00 2.400000020861625671e-02 -3.636938781738281250e+02
4.077951431274414062e+00 4.120000000000000107e+00 2.400000020861625671e-02 -4.476232604980468750e+02
4.180950641632080078e+00 4.190000000000000391e+00 2.400000020861625671e-02 -4.476232604980468750e+02
4.275955677032470703e+00 4.120000000000000107e+00 2.400000020861625671e-02 -5.315526123046875000e+02
4.387951612472534180e+00 4.049999999999999822e+00 2.400000020861625671e-02 -4.476232604980468750e+02
4.473986148834228516e+00 4.070000000000000284e+00 2.400000020861625671e-02 -3.636938781738281250e+02
4.590988397598266602e+00 4.129999999999999893e+00 2.400000020861625671e-02 -3.636938781738281250e+02
4.681052446365356445e+00 4.150000000000000355e+00 2.400000020861625671e-02 -4.476232604980468750e+02
4.788953304290771484e+00 4.049999999999999822e+00 2.400000020861625671e-02 -4.476232604980468750e+02
4.882995843887329102e+00 3.930000000000000160e+00 2.400000020861625671e-02 -4.476232604980468750e+02
4.973949909210205078e+00 3.990000000000000213e+00 2.400000020861625671e-02 -4.616115112304687500e+02
5.080950736999511719e+00 4.049999999999999822e+00 2.400000020861625671e-02 -4.476232604980468750e+02
5.171952962875366211e+00 3.979999999999999982e+00 2.400000020861625671e-02 -5.455408935546875000e+02
5.288952827453613281e+00 3.910000000000000142e+00 2.400000020861625671e-02 -3.636938781738281250e+02
5.373956918716430664e+00 3.959999999999999964e+00 2.400000020861625671e-02 -4.476232604980468750e+02
5.486989259719848633e+00 3.979999999999999982e+00 2.400000020861625671e-02 -4.616115112304687500e+02
5.580950975418090820e+00 3.939999999999999947e+00 2.400000020861625671e-02 -5.455408935546875000e+02
5.688951253890991211e+00 3.870000000000000107e+00 2.400000020861625671e-02 -6.294701538085937500e+02
5.778995037078857422e+00 3.899999999999999911e+00 2.400000020861625671e-02 -6.294701538085937500e+02
5.873951196670532227e+00 3.910000000000000142e+00 2.400000020861625671e-02 -6.294701538085937500e+02
5.981950759887695312e+00 3.910000000000000142e+00 2.400000020861625671e-02 -5.455408935546875000e+02
6.070995807647705078e+00 3.979999999999999982e+00 2.400000020861625671e-02 -4.476232604980468750e+02
6.188951730728149414e+00 3.950000000000000178e+00 2.400000020861625671e-02 -2.657763061523437500e+02
6.277950763702392578e+00 4.009999999999999787e+00 2.400000020861625671e-02 -1.818469390869140625e+02
6.385952949523925781e+00 3.990000000000000213e+00 2.400000020861625671e-02 -2.657763061523437500e+02
6.480950355529785156e+00 4.049999999999999822e+00 2.400000020861625671e-02 -2.657763061523437500e+02
6.570994377136230469e+00 3.930000000000000160e+00 2.400000020861625671e-02 -1.818469390869140625e+02
6.678982019424438477e+00 3.970000000000000195e+00 2.400000020861625671e-02 0.000000000000000000e+00
6.772954702377319336e+00 4.230000000000000426e+00 2.400000020861625671e-02 0.000000000000000000e+00
6.885952949523925781e+00 4.669999999999999929e+00 2.400000020861625671e-02 -8.392935943603515625e+01
6.970993041992187500e+00 4.469999999999999751e+00 2.400000020861625671e-02 -3.636938781738281250e+02
7.087985277175903320e+00 3.990000000000000213e+00 2.400000020861625671e-02 -5.315526123046875000e+02
7.178993940353393555e+00 3.890000000000000124e+00 2.400000020861625671e-02 -3.497056579589843750e+02
7.285956859588623047e+00 4.009999999999999787e+00 2.400000020861625671e-02 -4.476232604980468750e+02
7.376953840255737305e+00 4.059999999999999609e+00 2.400000020861625671e-02 -4.476232604980468750e+02
7.470993518829345703e+00 3.970000000000000195e+00 2.400000020861625671e-02 -4.476232604980468750e+02
7.578998088836669922e+00 4.049999999999999822e+00 2.400000020861625671e-02 -6.294701538085937500e+02
7.668951749801635742e+00 3.890000000000000124e+00 2.400000020861625671e-02 -5.315526123046875000e+02
7.785969734191894531e+00 3.879999999999999893e+00 2.400000020861625671e-02 -4.476232604980468750e+02
7.871951341629028320e+00 3.899999999999999911e+00 2.400000020861625671e-02 -5.315526123046875000e+02
7.983952522277832031e+00 3.970000000000000195e+00 2.400000020861625671e-02 -5.455408935546875000e+02
8.078995466232299805e+00 3.979999999999999982e+00 2.400000020861625671e-02 -4.476232604980468750e+02
8.186996698379516602e+00 3.970000000000000195e+00 2.400000020861625671e-02 -5.315526123046875000e+02
8.275956630706787109e+00 4.030000000000000249e+00 2.400000020861625671e-02 -6.294701538085937500e+02
8.370993852615356445e+00 3.970000000000000195e+00 2.400000020861625671e-02 -6.294701538085937500e+02
8.482996225357055664e+00 3.839999999999999858e+00 2.400000020861625671e-02 -6.294701538085937500e+02
8.589950561523437500e+00 3.850000000000000089e+00 2.400000020861625671e-02 -5.455408935546875000e+02
8.685955762863159180e+00 3.930000000000000160e+00 2.400000020861625671e-02 -5.315526123046875000e+02
8.775954723358154297e+00 3.899999999999999911e+00 2.400000020861625671e-02 -3.497056579589843750e+02
8.884065389633178711e+00 3.950000000000000178e+00 2.400000020861625671e-02 -2.797645568847656250e+02
8.977961063385009766e+00 3.939999999999999947e+00 2.400000020861625671e-02 -3.636938781738281250e+02
9.089949846267700195e+00 4.049999999999999822e+00 2.400000020861625671e-02 -5.455408935546875000e+02
9.175955057144165039e+00 3.950000000000000178e+00 2.400000020861625671e-02 -5.315526123046875000e+02
9.266988039016723633e+00 3.919999999999999929e+00 2.400000020861625671e-02 -4.476232604980468750e+02
9.383954524993896484e+00 3.919999999999999929e+00 2.400000020861625671e-02 -5.455408935546875000e+02
9.490992784500122070e+00 3.990000000000000213e+00 2.400000020861625671e-02 -3.497056579589843750e+02
9.581954717636108398e+00 3.970000000000000195e+00 2.400000020861625671e-02 -3.636938781738281250e+02
9.675956487655639648e+00 4.009999999999999787e+00 2.400000020861625671e-02 -4.616115112304687500e+02
9.783951282501220703e+00 3.970000000000000195e+00 2.400000020861625671e-02 -5.315526123046875000e+02
9.873955249786376953e+00 4.000000000000000000e+00 2.400000020861625671e-02 -3.497056579589843750e+02
9.990993499755859375e+00 4.059999999999999609e+00 2.400000020861625671e-02 -2.797645568847656250e+02
1.007698249816894531e+01 4.000000000000000000e+00 2.400000020861625671e-02 -3.636938781738281250e+02
1.018895244598388672e+01 4.059999999999999609e+00 2.400000020861625671e-02 -3.497056579589843750e+02
1.028396630287170410e+01 4.009999999999999787e+00 2.400000020861625671e-02 -6.294701538085937500e+02
1.037295293807983398e+01 3.959999999999999964e+00 2.400000020861625671e-02 -5.315526123046875000e+02
1.048095154762268066e+01 3.870000000000000107e+00 2.400000020861625671e-02 -3.636938781738281250e+02
1.057595396041870117e+01 3.950000000000000178e+00 2.400000020861625671e-02 -3.636938781738281250e+02
1.068805003166198730e+01 3.970000000000000195e+00 2.400000020861625671e-02 -5.455408935546875000e+02
1.077395343780517578e+01 3.979999999999999982e+00 2.400000020861625671e-02 -5.315526123046875000e+02
1.089100074768066406e+01 3.939999999999999947e+00 2.400000020861625671e-02 -4.476232604980468750e+02
1.098095178604125977e+01 3.970000000000000195e+00 2.400000020861625671e-02 -4.476232604980468750e+02
1.108895158767700195e+01 3.979999999999999982e+00 2.400000020861625671e-02 -5.315526123046875000e+02
1.118301463127136230e+01 3.970000000000000195e+00 2.400000020861625671e-02 -5.455408935546875000e+02
1.127395272254943848e+01 3.879999999999999893e+00 2.400000020861625671e-02 -2.657763061523437500e+02
1.138095068931579590e+01 3.979999999999999982e+00 2.400000020861625671e-02 -2.797645568847656250e+02
1.147195720672607422e+01 3.959999999999999964e+00 2.400000020861625671e-02 -4.476232604980468750e+02
1.158895206451416016e+01 3.990000000000000213e+00 2.400000020861625671e-02 -3.497056579589843750e+02
1.167395186424255371e+01 3.990000000000000213e+00 2.400000020861625671e-02 -2.657763061523437500e+02
1.178698873519897461e+01 3.959999999999999964e+00 2.400000020861625671e-02 -1.818469390869140625e+02
1.188095498085021973e+01 3.919999999999999929e+00 2.400000020861625671e-02 -1.818469390869140625e+02
1.198895025253295898e+01 4.009999999999999787e+00 2.400000020861625671e-02 -2.797645568847656250e+02
1.207899165153503418e+01 3.979999999999999982e+00 2.400000020861625671e-02 -4.476232604980468750e+02
1.217400670051574707e+01 3.970000000000000195e+00 2.400000020861625671e-02 -5.315526123046875000e+02
1.228194952011108398e+01 3.890000000000000124e+00 2.400000020861625671e-02 -4.476232604980468750e+02
1.237099337577819824e+01 3.870000000000000107e+00 2.400000020861625671e-02 -3.497056579589843750e+02
1.248895025253295898e+01 3.899999999999999911e+00 2.400000020861625671e-02 -2.797645568847656250e+02
1.257795095443725586e+01 3.890000000000000124e+00 2.400000020861625671e-02 -3.636938781738281250e+02
1.268596220016479492e+01 3.979999999999999982e+00 2.400000020861625671e-02 -2.797645568847656250e+02
1.278095102310180664e+01 3.950000000000000178e+00 2.400000020861625671e-02 -2.657763061523437500e+02
1.287100911140441895e+01 4.080000000000000071e+00 2.400000020861625671e-02 -4.616115112304687500e+02
1.297899436950683594e+01 4.019999999999999574e+00 2.400000020861625671e-02 -4.476232604980468750e+02
1.307295036315917969e+01 4.030000000000000249e+00 2.400000020861625671e-02 -2.797645568847656250e+02
1.318595290184020996e+01 4.070000000000000284e+00 2.400000020861625671e-02 -3.497056579589843750e+02
1.327098488807678223e+01 4.009999999999999787e+00 2.400000020861625671e-02 -4.476232604980468750e+02
1.338795614242553711e+01 3.939999999999999947e+00 2.400000020861625671e-02 -5.315526123046875000e+02
1.347898983955383301e+01 3.899999999999999911e+00 2.400000020861625671e-02 -4.476232604980468750e+02
1.358595776557922363e+01 3.930000000000000160e+00 2.400000020861625671e-02 -3.497056579589843750e+02
1.367695140838623047e+01 3.919999999999999929e+00 2.400000020861625671e-02 -2.657763061523437500e+02
1.377100515365600586e+01 4.030000000000000249e+00 2.400000020861625671e-02 -5.455408935546875000e+02
1.387899065017700195e+01 3.979999999999999982e+00 2.400000020861625671e-02 -7.133995361328125000e+02
1.396895074844360352e+01 3.919999999999999929e+00 2.400000020861625671e-02 -7.133995361328125000e+02
1.408595657348632812e+01 3.859999999999999876e+00 2.400000020861625671e-02 -6.294701538085937500e+02
1.417195296287536621e+01 3.870000000000000107e+00 2.400000020861625671e-02 -6.294701538085937500e+02
1.428396987915039062e+01 3.879999999999999893e+00 2.400000020861625671e-02 -5.455408935546875000e+02
1.437899398803710938e+01 3.899999999999999911e+00 2.400000020861625671e-02 -3.636938781738281250e+02
1.448699522018432617e+01 3.950000000000000178e+00 2.400000020861625671e-02 -2.797645568847656250e+02
1.457596635818481445e+01 4.000000000000000000e+00 2.400000020861625671e-02 -2.657763061523437500e+02
1.467098903656005859e+01 3.979999999999999982e+00 2.400000020861625671e-02 -2.657763061523437500e+02
1.478300094604492188e+01 3.890000000000000124e+00 2.400000020861625671e-02 -2.797645568847656250e+02
1.488995122909545898e+01 3.979999999999999982e+00 2.400000020861625671e-02 -4.476232604980468750e+02
1.498596167564392090e+01 3.819999999999999840e+00 2.400000020861625671e-02 -3.636938781738281250e+02
1.507595491409301758e+01 3.890000000000000124e+00 2.400000020861625671e-02 -1.818469390869140625e+02
1.518395471572875977e+01 3.990000000000000213e+00 2.400000020861625671e-02 -1.818469390869140625e+02
1.527796435356140137e+01 3.979999999999999982e+00 2.400000020861625671e-02 0.000000000000000000e+00
1.539099335670471191e+01 4.070000000000000284e+00 2.400000020861625671e-02 0.000000000000000000e+00
1.547595429420471191e+01 4.169999999999999929e+00 2.400000020861625671e-02 0.000000000000000000e+00
1.556699419021606445e+01 4.219999999999999751e+00 2.400000020861625671e-02 0.000000000000000000e+00
1.568395495414733887e+01 4.129999999999999893e+00 2.400000020861625671e-02 0.000000000000000000e+00
1.577595353126525879e+01 4.000000000000000000e+00 2.400000020861625671e-02 0.000000000000000000e+00
1.588195729255676270e+01 3.589999999999999858e+00 2.400000020861625671e-02 0.000000000000000000e+00
1.597595715522766113e+01 2.950000000000000178e+00 2.400000020861625671e-02 0.000000000000000000e+00
1.608400917053222656e+01 2.549999999999999822e+00 2.400000020861625671e-02 0.000000000000000000e+00
1.617401432991027832e+01 1.850000000000000089e+00 2.400000020861625671e-02 0.000000000000000000e+00
1.629099988937377930e+01 1.330000000000000071e+00 5.600000172853469849e-02 1.258940307617187500e+03
1.637695121765136719e+01 3.720000000000000195e+00 5.600000172853469849e-02 6.294701538085937500e+02
1.648895192146301270e+01 4.169999999999999929e+00 5.600000172853469849e-02 8.392935943603515625e+01
1.658395385742187500e+01 4.040000000000000036e+00 5.600000172853469849e-02 0.000000000000000000e+00
1.668699264526367188e+01 3.830000000000000071e+00 5.600000172853469849e-02 8.392935943603515625e+01
1.678095054626464844e+01 3.879999999999999893e+00 5.600000172853469849e-02 3.636938781738281250e+02
1.687595796585083008e+01 3.970000000000000195e+00 5.600000172853469849e-02 2.797645568847656250e+02
1.698795747756958008e+01 3.979999999999999982e+00 5.600000172853469849e-02 0.000000000000000000e+00
1.707395195960998535e+01 3.890000000000000124e+00 5.600000172853469849e-02 1.818469390869140625e+02
1.717500782012939453e+01 3.930000000000000160e+00 5.600000172853469849e-02 5.455408935546875000e+02
1.728095197677612305e+01 3.930000000000000160e+00 5.600000172853469849e-02 4.476232604980468750e+02
1.738895630836486816e+01 3.990000000000000213e+00 5.600000172853469849e-02 1.678587188720703125e+02
1.748299241065979004e+01 3.930000000000000160e+00 5.600000172853469849e-02 0.000000000000000000e+00
1.757396006584167480e+01 3.729999999999999982e+00 5.600000172853469849e-02 8.392935943603515625e+01
1.768095374107360840e+01 3.770000000000000018e+00 5.600000172853469849e-02 6.294701538085937500e+02
1.777195334434509277e+01 3.899999999999999911e+00 5.600000172853469849e-02 1.175010986328125000e+03
1.788895249366760254e+01 4.030000000000000249e+00 5.600000172853469849e-02 7.273877563476562500e+02
1.797395133972167969e+01 4.139999999999999680e+00 5.600000172853469849e-02 3.497056579589843750e+02
1.808699631690979004e+01 3.970000000000000195e+00 5.600000172853469849e-02 1.818469390869140625e+02
1.818095469474792480e+01 3.779999999999999805e+00 5.600000172853469849e-02 0.000000000000000000e+00
1.828895115852355957e+01 3.669999999999999929e+00 5.600000172853469849e-02 2.657763061523437500e+02
1.837899351119995117e+01 3.740000000000000213e+00 5.600000172853469849e-02 3.497056579589843750e+02
1.847406244277954102e+01 3.899999999999999911e+00 5.600000172853469849e-02 4.476232604980468750e+02
1.858195209503173828e+01 3.970000000000000195e+00 5.600000172853469849e-02 5.455408935546875000e+02
1.867098712921142578e+01 3.990000000000000213e+00 5.600000172853469849e-02 5.455408935546875000e+02
1.878895330429077148e+01 3.959999999999999964e+00 5.600000172853469849e-02 4.476232604980468750e+02
1.887795305252075195e+01 3.979999999999999982e+00 5.600000172853469849e-02 5.455408935546875000e+02
1.898596096038818359e+01 4.049999999999999822e+00 5.600000172853469849e-02 6.294701538085937500e+02
1.908095335960388184e+01 4.030000000000000249e+00 5.600000172853469849e-02 5.455408935546875000e+02
1.917099118232727051e+01 4.030000000000000249e+00 5.600000172853469849e-02 4.476232604980468750e+02
1.927899932861328125e+01 3.990000000000000213e+00 5.600000172853469849e-02 1.818469390869140625e+02
1.937295269966125488e+01 3.899999999999999911e+00 5.600000172853469849e-02 2.657763061523437500e+02
1.948595309257507324e+01 3.850000000000000089e+00 5.600000172853469849e-02 4.476232604980468750e+02
1.957100296020507812e+01 3.810000000000000053e+00 5.600000172853469849e-02 5.315526123046875000e+02
1.968796277046203613e+01 4.009999999999999787e+00 5.600000172853469849e-02 6.294701538085937500e+02
1.977900433540344238e+01 4.150000000000000355e+00 5.600000172853469849e-02 3.636938781738281250e+02
1.988595676422119141e+01 3.990000000000000213e+00 5.600000172853469849e-02 2.657763061523437500e+02
1.997695112228393555e+01 3.930000000000000160e+00 5.600000172853469849e-02 2.657763061523437500e+02
2.007098650932312012e+01 3.939999999999999947e+00 5.600000172853469849e-02 5.455408935546875000e+02
2.017898488044738770e+01 4.019999999999999574e+00 5.600000172853469849e-02 5.455408935546875000e+02
2.027595639228820801e+01 4.040000000000000036e+00 5.600000172853469849e-02 5.315526123046875000e+02
2.038595557212829590e+01 4.009999999999999787e+00 5.600000172853469849e-02 5.315526123046875000e+02
2.047195386886596680e+01 4.129999999999999893e+00 5.600000172853469849e-02 4.476232604980468750e+02
2.058395624160766602e+01 4.089999999999999858e+00 5.600000172853469849e-02 4.476232604980468750e+02
2.067898750305175781e+01 4.030000000000000249e+00 5.600000172853469849e-02 6.294701538085937500e+02
2.078699183464050293e+01 4.040000000000000036e+00 5.600000172853469849e-02 5.455408935546875000e+02
2.087595629692077637e+01 4.019999999999999574e+00 5.600000172853469849e-02 5.455408935546875000e+02
2.097099447250366211e+01 4.009999999999999787e+00 5.600000172853469849e-02 3.636938781738281250e+02
2.108299469947814941e+01 3.930000000000000160e+00 5.600000172853469849e-02 3.636938781738281250e+02
2.119099736213684082e+01 4.030000000000000249e+00 5.600000172853469849e-02 5.315526123046875000e+02
2.128595423698425293e+01 4.000000000000000000e+00 5.600000172853469849e-02 2.657763061523437500e+02
2.137595438957214355e+01 4.059999999999999609e+00 5.600000172853469849e-02 3.497056579589843750e+02
2.148395180702209473e+01 3.970000000000000195e+00 5.600000172853469849e-02 3.636938781738281250e+02
2.157795214653015137e+01 4.040000000000000036e+00 5.600000172853469849e-02 3.636938781738281250e+02
2.166895484924316406e+01 4.049999999999999822e+00 5.600000172853469849e-02 3.636938781738281250e+02
2.177595543861389160e+01 4.000000000000000000e+00 5.600000172853469849e-02 8.392935943603515625e+01
2.186699509620666504e+01 3.879999999999999893e+00 5.600000172853469849e-02 1.818469390869140625e+02
2.198396611213684082e+01 3.890000000000000124e+00 5.600000172853469849e-02 3.497056579589843750e+02
2.209099507331848145e+01 3.879999999999999893e+00 5.600000172853469849e-02 4.476232604980468750e+02
2.218195056915283203e+01 3.879999999999999893e+00 5.600000172853469849e-02 3.497056579589843750e+02
2.227595734596252441e+01 3.970000000000000195e+00 5.600000172853469849e-02 4.476232604980468750e+02
2.238395547866821289e+01 3.950000000000000178e+00 5.600000172853469849e-02 2.657763061523437500e+02
2.247395229339599609e+01 3.919999999999999929e+00 5.600000172853469849e-02 2.797645568847656250e+02
2.259100103378295898e+01 3.879999999999999893e+00 5.600000172853469849e-02 1.818469390869140625e+02
2.267695283889770508e+01 3.879999999999999893e+00 5.600000172853469849e-02 1.678587188720703125e+02
2.278895092010498047e+01 3.850000000000000089e+00 5.600000172853469849e-02 3.497056579589843750e+02
2.288395690917968750e+01 3.979999999999999982e+00 5.600000172853469849e-02 5.455408935546875000e+02
2.297795200347900391e+01 4.040000000000000036e+00 5.600000172853469849e-02 4.476232604980468750e+02
2.308094978332519531e+01 4.000000000000000000e+00 5.600000172853469849e-02 3.636938781738281250e+02
2.317596435546875000e+01 3.879999999999999893e+00 5.600000172853469849e-02 2.797645568847656250e+02
2.328795528411865234e+01 3.859999999999999876e+00 5.600000172853469849e-02 3.636938781738281250e+02
2.337396550178527832e+01 3.939999999999999947e+00 5.600000172853469849e-02 3.636938781738281250e+02
2.349099826812744141e+01 4.019999999999999574e+00 5.600000172853469849e-02 3.636938781738281250e+02
2.358094930648803711e+01 4.019999999999999574e+00 5.600000172853469849e-02 3.636938781738281250e+02
2.368897318840026855e+01 3.979999999999999982e+00 5.600000172853469849e-02 3.636938781738281250e+02
2.378300142288208008e+01 4.080000000000000071e+00 5.600000172853469849e-02 4.476232604980468750e+02
2.387397456169128418e+01 4.160000000000000142e+00 5.600000172853469849e-02 4.476232604980468750e+02
2.398094892501831055e+01 4.040000000000000036e+00 5.600000172853469849e-02 2.657763061523437500e+02
2.407195472717285156e+01 3.939999999999999947e+00 5.600000172853469849e-02 8.392935943603515625e+01
2.418895053863525391e+01 3.850000000000000089e+00 5.600000172853469849e-02 0.000000000000000000e+00
2.427395606040954590e+01 3.479999999999999982e+00 5.600000172853469849e-02 0.000000000000000000e+00
2.438699197769165039e+01 3.410000000000000142e+00 5.600000172853469849e-02 1.818469390869140625e+02
2.448094964027404785e+01 3.669999999999999929e+00 5.600000172853469849e-02 4.476232604980468750e+02
2.458894968032836914e+01 3.899999999999999911e+00 5.600000172853469849e-02 4.476232604980468750e+02
2.467899799346923828e+01 4.000000000000000000e+00 5.600000172853469849e-02 3.636938781738281250e+02
2.477395439147949219e+01 4.049999999999999822e+00 5.600000172853469849e-02 3.636938781738281250e+02
2.488195252418518066e+01 4.000000000000000000e+00 5.600000172853469849e-02 2.657763061523437500e+02
2.497100210189819336e+01 3.939999999999999947e+00 5.600000172853469849e-02 3.497056579589843750e+02
2.508895158767700195e+01 4.030000000000000249e+00 5.600000172853469849e-02 4.476232604980468750e+02
2.517795109748840332e+01 4.089999999999999858e+00 5.600000172853469849e-02 4.476232604980468750e+02
2.528596210479736328e+01 4.049999999999999822e+00 5.600000172853469849e-02 2.797645568847656250e+02
2.538095092773437500e+01 3.970000000000000195e+00 5.600000172853469849e-02 1.678587188720703125e+02
2.547100138664245605e+01 3.870000000000000107e+00 5.600000172853469849e-02 3.636938781738281250e+02
2.557900309562683105e+01 3.939999999999999947e+00 5.600000172853469849e-02 6.294701538085937500e+02
2.567299056053161621e+01 3.959999999999999964e+00 5.600000172853469849e-02 5.455408935546875000e+02
2.578595733642578125e+01 3.970000000000000195e+00 5.600000172853469849e-02 3.497056579589843750e+02
2.587098836898803711e+01 3.950000000000000178e+00 5.600000172853469849e-02 5.455408935546875000e+02
2.598795247077941895e+01 3.970000000000000195e+00 5.600000172853469849e-02 6.294701538085937500e+02
2.607900357246398926e+01 4.040000000000000036e+00 5.600000172853469849e-02 7.273877563476562500e+02
2.618595957756042480e+01 3.990000000000000213e+00 5.600000172853469849e-02 5.315526123046875000e+02
2.627695178985595703e+01 4.049999999999999822e+00 5.600000172853469849e-02 3.497056579589843750e+02
2.637098455429077148e+01 3.970000000000000195e+00 5.600000172853469849e-02 4.476232604980468750e+02
2.647901320457458496e+01 3.939999999999999947e+00 5.600000172853469849e-02 1.818469390869140625e+02
2.656895709037780762e+01 3.919999999999999929e+00 5.600000172853469849e-02 1.818469390869140625e+02
2.668595290184020996e+01 3.850000000000000089e+00 5.600000172853469849e-02 3.636938781738281250e+02
2.677195286750793457e+01 3.939999999999999947e+00 5.600000172853469849e-02 4.476232604980468750e+02
2.688395524024963379e+01 3.950000000000000178e+00 5.600000172853469849e-02 6.294701538085937500e+02
2.697899818420410156e+01 4.030000000000000249e+00 5.600000172853469849e-02 5.455408935546875000e+02
2.708700728416442871e+01 4.049999999999999822e+00 5.600000172853469849e-02 7.133995361328125000e+02
2.717595314979553223e+01 4.070000000000000284e+00 5.600000172853469849e-02 6.294701538085937500e+02
2.727098846435546875e+01 4.019999999999999574e+00 5.600000172853469849e-02 2.657763061523437500e+02
2.738298559188842773e+01 3.970000000000000195e+00 5.600000172853469849e-02 1.818469390869140625e+02
2.749099993705749512e+01 3.919999999999999929e+00 5.600000172853469849e-02 2.797645568847656250e+02
2.758595252037048340e+01 4.019999999999999574e+00 5.600000172853469849e-02 2.797645568847656250e+02
2.767595696449279785e+01 4.070000000000000284e+00 5.600000172853469849e-02 2.657763061523437500e+02
2.778395605087280273e+01 3.979999999999999982e+00 5.600000172853469849e-02 2.657763061523437500e+02
2.787795186042785645e+01 4.040000000000000036e+00 5.600000172853469849e-02 1.818469390869140625e+02
2.799099469184875488e+01 3.970000000000000195e+00 5.600000172853469849e-02 3.636938781738281250e+02
2.807595396041870117e+01 3.959999999999999964e+00 5.600000172853469849e-02 5.455408935546875000e+02
2.816699600219726562e+01 4.099999999999999645e+00 5.600000172853469849e-02 4.476232604980468750e+02
2.828398275375366211e+01 4.070000000000000284e+00 5.600000172853469849e-02 3.636938781738281250e+02
2.839099502563476562e+01 3.950000000000000178e+00 5.600000172853469849e-02 8.392935943603515625e+01
2.848195290565490723e+01 3.870000000000000107e+00 5.600000172853469849e-02 0.000000000000000000e+00
2.857595705986022949e+01 3.700000000000000178e+00 5.600000172853469849e-02 2.657763061523437500e+02
2.868407845497131348e+01 3.859999999999999876e+00 5.600000172853469849e-02 5.455408935546875000e+02
2.877405977249145508e+01 3.990000000000000213e+00 5.600000172853469849e-02 6.294701538085937500e+02
2.889099693298339844e+01 3.990000000000000213e+00 5.600000172853469849e-02 3.636938781738281250e+02
2.897695398330688477e+01 3.970000000000000195e+00 5.600000172853469849e-02 3.636938781738281250e+02
2.908895206451416016e+01 3.930000000000000160e+00 5.600000172853469849e-02 2.797645568847656250e+02
2.918406224250793457e+01 4.019999999999999574e+00 5.600000172853469849e-02 6.294701538085937500e+02
2.927295184135437012e+01 4.030000000000000249e+00 5.600000172853469849e-02 5.455408935546875000e+02
2.938095092773437500e+01 3.970000000000000195e+00 5.600000172853469849e-02 3.497056579589843750e+02
2.947595715522766113e+01 3.979999999999999982e+00 5.600000172853469849e-02 1.678587188720703125e+02
2.958805441856384277e+01 3.899999999999999911e+00 5.600000172853469849e-02 1.678587188720703125e+02
2.967395091056823730e+01 3.779999999999999805e+00 5.600000172853469849e-02 1.818469390869140625e+02
2.979099273681640625e+01 3.799999999999999822e+00 5.600000172853469849e-02 2.797645568847656250e+02
2.988095140457153320e+01 3.850000000000000089e+00 5.600000172853469849e-02 3.636938781738281250e+02
2.998895239830017090e+01 3.779999999999999805e+00 5.600000172853469849e-02 2.657763061523437500e+02
3.008299040794372559e+01 3.859999999999999876e+00 5.600000172853469849e-02 8.392935943603515625e+01
3.017395043373107910e+01 3.660000000000000142e+00 5.600000172853469849e-02 0.000000000000000000e+00
3.028095054626464844e+01 3.669999999999999929e+00 5.600000172853469849e-02 2.657763061523437500e+02
3.037195372581481934e+01 3.870000000000000107e+00 5.600000172853469849e-02 6.294701538085937500e+02
3.048895835876464844e+01 4.019999999999999574e+00 5.600000172853469849e-02 5.455408935546875000e+02
3.057395243644714355e+01 3.959999999999999964e+00 5.600000172853469849e-02 4.476232604980468750e+02
3.068698883056640625e+01 3.950000000000000178e+00 5.600000172853469849e-02 3.497056579589843750e+02
3.078095102310180664e+01 3.910000000000000142e+00 5.600000172853469849e-02 4.476232604980468750e+02
3.088895153999328613e+01 3.910000000000000142e+00 5.600000172853469849e-02 4.616115112304687500e+02
3.097899174690246582e+01 3.930000000000000160e+00 5.600000172853469849e-02 3.497056579589843750e+02
3.107395100593566895e+01 3.879999999999999893e+00 5.600000172853469849e-02 4.476232604980468750e+02
3.118195056915283203e+01 4.019999999999999574e+00 5.600000172853469849e-02 5.455408935546875000e+02
3.127098369598388672e+01 4.059999999999999609e+00 5.600000172853469849e-02 3.636938781738281250e+02
3.138895273208618164e+01 4.030000000000000249e+00 5.600000172853469849e-02 1.818469390869140625e+02
3.147795128822326660e+01 3.970000000000000195e+00 5.600000172853469849e-02 3.636938781738281250e+02
3.158596038818359375e+01 3.959999999999999964e+00 5.600000172853469849e-02 3.636938781738281250e+02
3.168095541000366211e+01 3.990000000000000213e+00 5.600000172853469849e-02 3.636938781738281250e+02
3.177099442481994629e+01 3.939999999999999947e+00 5.600000172853469849e-02 2.657763061523437500e+02
3.187900662422180176e+01 3.899999999999999911e+00 5.600000172853469849e-02 2.657763061523437500e+02
3.197295331954956055e+01 3.870000000000000107e+00 5.600000172853469849e-02 2.657763061523437500e+02
3.208595252037048340e+01 3.919999999999999929e+00 5.600000172853469849e-02 2.657763061523437500e+02
3.217099070549011230e+01 3.939999999999999947e+00 5.600000172853469849e-02 1.818469390869140625e+02
3.228795433044433594e+01 3.979999999999999982e+00 5.600000172853469849e-02 4.476232604980468750e+02
3.237898993492126465e+01 4.000000000000000000e+00 5.600000172853469849e-02 4.476232604980468750e+02
3.248595213890075684e+01 4.030000000000000249e+00 5.600000172853469849e-02 3.636938781738281250e+02
3.257695245742797852e+01 4.000000000000000000e+00 5.600000172853469849e-02 4.476232604980468750e+02
3.267099142074584961e+01 4.019999999999999574e+00 5.600000172853469849e-02 7.133995361328125000e+02
3.277899241447448730e+01 4.019999999999999574e+00 5.600000172853469849e-02 5.315526123046875000e+02
3.286895227432250977e+01 3.899999999999999911e+00 5.600000172853469849e-02 2.657763061523437500e+02
3.298595547676086426e+01 3.890000000000000124e+00 5.600000172853469849e-02 3.636938781738281250e+02
3.307195401191711426e+01 3.899999999999999911e+00 5.600000172853469849e-02 5.455408935546875000e+02
3.318406486511230469e+01 3.879999999999999893e+00 5.600000172853469849e-02 5.455408935546875000e+02
3.327899575233459473e+01 3.879999999999999893e+00 5.600000172853469849e-02 3.636938781738281250e+02
3.338699269294738770e+01 3.870000000000000107e+00 5.600000172853469849e-02 0.000000000000000000e+00
3.347595477104187012e+01 3.620000000000000107e+00 5.600000172853469849e-02 8.392935943603515625e+01
3.357098817825317383e+01 3.729999999999999982e+00 5.600000172853469849e-02 0.000000000000000000e+00
3.368298363685607910e+01 3.689999999999999947e+00 5.600000172853469849e-02 0.000000000000000000e+00
3.378095149993896484e+01 3.649999999999999911e+00 5.600000172853469849e-02 0.000000000000000000e+00
3.388595390319824219e+01 3.680000000000000160e+00 5.600000172853469849e-02 0.000000000000000000e+00
3.397595548629760742e+01 4.110000000000000320e+00 5.600000172853469849e-02 0.000000000000000000e+00
3.408395671844482422e+01 5.450000000000000178e+00 5.600000172853469849e-02 0.000000000000000000e+00
3.417795276641845703e+01 6.709999999999999964e+00 2.400000020861625671e-02 -7.273877563476562500e+02
3.429098701477050781e+01 5.030000000000000249e+00 2.400000020861625671e-02 -1.524716674804687500e+03
3.437595534324645996e+01 3.720000000000000195e+00 2.400000020861625671e-02 -3.636938781738281250e+02
3.447595429420471191e+01 3.850000000000000089e+00 2.400000020861625671e-02 0.000000000000000000e+00
3.458395409584045410e+01 4.389999999999999680e+00 2.400000020861625671e-02 0.000000000000000000e+00
3.469099569320678711e+01 4.750000000000000000e+00 2.400000020861625671e-02 -2.797645568847656250e+02
3.478195166587829590e+01 4.169999999999999929e+00 2.400000020861625671e-02 -4.476232604980468750e+02
3.487595820426940918e+01 4.030000000000000249e+00 2.400000020861625671e-02 -3.497056579589843750e+02
3.498395228385925293e+01 4.040000000000000036e+00 2.400000020861625671e-02 -3.636938781738281250e+02
3.507395052909851074e+01 4.019999999999999574e+00 2.400000020861625671e-02 -2.797645568847656250e+02
3.519099044799804688e+01 4.080000000000000071e+00 2.400000020861625671e-02 -4.476232604980468750e+02
3.527695274353027344e+01 4.080000000000000071e+00 2.400000020861625671e-02 -4.476232604980468750e+02
3.538895130157470703e+01 3.950000000000000178e+00 2.400000020861625671e-02 -5.315526123046875000e+02
3.548395395278930664e+01 3.950000000000000178e+00 2.400000020861625671e-02 -5.315526123046875000e+02
3.559099292755126953e+01 4.049999999999999822e+00 2.400000020861625671e-02 -5.455408935546875000e+02
3.568095064163208008e+01 4.040000000000000036e+00 2.400000020861625671e-02 -5.315526123046875000e+02
3.577595496177673340e+01 3.970000000000000195e+00 2.400000020861625671e-02 -5.315526123046875000e+02
3.588795208930969238e+01 3.899999999999999911e+00 2.400000020861625671e-02 -5.455408935546875000e+02
3.597395229339599609e+01 4.040000000000000036e+00 2.400000020861625671e-02 -4.476232604980468750e+02
3.609099149703979492e+01 3.959999999999999964e+00 2.400000020861625671e-02 -3.636938781738281250e+02
3.618095135688781738e+01 4.000000000000000000e+00 2.400000020861625671e-02 -3.497056579589843750e+02
3.628895044326782227e+01 3.930000000000000160e+00 2.400000020861625671e-02 -1.818469390869140625e+02
3.638298654556274414e+01 4.019999999999999574e+00 2.400000020861625671e-02 -2.657763061523437500e+02
3.647395706176757812e+01 4.070000000000000284e+00 2.400000020861625671e-02 -3.636938781738281250e+02
3.658095741271972656e+01 4.009999999999999787e+00 2.400000020861625671e-02 -3.636938781738281250e+02
3.667195320129394531e+01 3.930000000000000160e+00 2.400000020861625671e-02 -3.636938781738281250e+02
3.678895187377929688e+01 3.939999999999999947e+00 2.400000020861625671e-02 -4.476232604980468750e+02
3.687396335601806641e+01 3.919999999999999929e+00 2.400000020861625671e-02 -4.476232604980468750e+02
3.698698902130126953e+01 3.899999999999999911e+00 2.400000020861625671e-02 -5.455408935546875000e+02
3.708095169067382812e+01 3.879999999999999893e+00 2.400000020861625671e-02 -5.455408935546875000e+02
3.718895077705383301e+01 3.899999999999999911e+00 2.400000020861625671e-02 -5.455408935546875000e+02
3.727898836135864258e+01 3.950000000000000178e+00 2.400000020861625671e-02 -6.294701538085937500e+02
3.737395167350769043e+01 3.879999999999999893e+00 2.400000020861625671e-02 -7.273877563476562500e+02
3.748195099830627441e+01 3.870000000000000107e+00 2.400000020861625671e-02 -5.455408935546875000e+02
3.757099175453186035e+01 3.930000000000000160e+00 2.400000020861625671e-02 -5.455408935546875000e+02
3.768895316123962402e+01 3.970000000000000195e+00 2.400000020861625671e-02 -5.315526123046875000e+02
3.777796220779418945e+01 4.009999999999999787e+00 2.400000020861625671e-02 -5.315526123046875000e+02
3.788595581054687500e+01 4.009999999999999787e+00 2.400000020861625671e-02 -5.315526123046875000e+02
3.798095011711120605e+01 3.939999999999999947e+00 2.400000020861625671e-02 -6.294701538085937500e+02
3.807099175453186035e+01 3.899999999999999911e+00 2.400000020861625671e-02 -6.294701538085937500e+02
3.817898917198181152e+01 3.959999999999999964e+00 2.400000020861625671e-02 -5.455408935546875000e+02
3.827295351028442383e+01 3.910000000000000142e+00 2.400000020861625671e-02 -4.476232604980468750e+02
3.838595318794250488e+01 3.970000000000000195e+00 2.400000020861625671e-02 -6.294701538085937500e+02
3.847099184989929199e+01 4.009999999999999787e+00 2.400000020861625671e-02 -6.294701538085937500e+02
3.858801388740539551e+01 3.899999999999999911e+00 2.400000020861625671e-02 -5.455408935546875000e+02
3.867899608612060547e+01 3.930000000000000160e+00 2.400000020861625671e-02 -3.636938781738281250e+02
3.878595471382141113e+01 3.950000000000000178e+00 2.400000020861625671e-02 -4.476232604980468750e+02
3.887694859504699707e+01 4.019999999999999574e+00 2.400000020861625671e-02 -4.476232604980468750e+02
3.897099852561950684e+01 3.959999999999999964e+00 2.400000020861625671e-02 -4.476232604980468750e+02
3.907899498939514160e+01 3.970000000000000195e+00 2.400000020861625671e-02 -5.455408935546875000e+02
3.919195485115051270e+01 3.990000000000000213e+00 2.400000020861625671e-02 -5.315526123046875000e+02
3.930895042419433594e+01 3.959999999999999964e+00 2.400000020861625671e-02 -7.133995361328125000e+02
3.939395475387573242e+01 3.890000000000000124e+00 2.400000020861625671e-02 -9.931641235351562500e+02
3.950699043273925781e+01 3.879999999999999893e+00 2.400000020861625671e-02 -7.133995361328125000e+02
3.960095000267028809e+01 3.850000000000000089e+00 2.400000020861625671e-02 -5.315526123046875000e+02
3.970895099639892578e+01 3.979999999999999982e+00 2.400000020861625671e-02 -7.133995361328125000e+02
3.979900074005126953e+01 4.040000000000000036e+00 2.400000020861625671e-02 -7.973289184570312500e+02
3.989395189285278320e+01 3.950000000000000178e+00 2.400000020861625671e-02 -8.952465209960937500e+02
4.000195336341857910e+01 3.870000000000000107e+00 2.400000020861625671e-02 -6.294701538085937500e+02
4.009098935127258301e+01 3.859999999999999876e+00 2.400000020861625671e-02 -6.294701538085937500e+02
4.020895051956176758e+01 3.939999999999999947e+00 2.400000020861625671e-02 -5.455408935546875000e+02
4.029795169830322266e+01 3.970000000000000195e+00 2.400000020861625671e-02 -4.476232604980468750e+02
4.040595579147338867e+01 4.009999999999999787e+00 2.400000020861625671e-02 -6.294701538085937500e+02
4.050095009803771973e+01 3.970000000000000195e+00 2.400000020861625671e-02 -7.133995361328125000e+02
4.059099054336547852e+01 3.939999999999999947e+00 2.400000020861625671e-02 -8.113171386718750000e+02
4.069898891448974609e+01 3.910000000000000142e+00 2.400000020861625671e-02 -9.092347412109375000e+02
4.079295253753662109e+01 3.899999999999999911e+00 2.400000020861625671e-02 -7.273877563476562500e+02
4.090595459938049316e+01 3.919999999999999929e+00 2.400000020861625671e-02 -7.133995361328125000e+02
4.099099850654602051e+01 3.970000000000000195e+00 2.400000020861625671e-02 -8.113171386718750000e+02
4.110795164108276367e+01 3.859999999999999876e+00 2.400000020861625671e-02 -8.952465209960937500e+02
4.119898891448974609e+01 3.859999999999999876e+00 2.400000020861625671e-02 -8.113171386718750000e+02
4.130595183372497559e+01 3.850000000000000089e+00 2.400000020861625671e-02 -5.315526123046875000e+02
4.139694976806640625e+01 3.890000000000000124e+00 2.400000020861625671e-02 -5.455408935546875000e+02
4.149099135398864746e+01 3.979999999999999982e+00 2.400000020861625671e-02 -5.455408935546875000e+02
4.159898829460144043e+01 3.910000000000000142e+00 2.400000020861625671e-02 -3.636938781738281250e+02
4.170395493507385254e+01 3.899999999999999911e+00 2.400000020861625671e-02 -3.636938781738281250e+02
4.180595231056213379e+01 3.950000000000000178e+00 2.400000020861625671e-02 -3.636938781738281250e+02
4.189195299148559570e+01 4.030000000000000249e+00 2.400000020861625671e-02 -3.497056579589843750e+02
4.200406098365783691e+01 4.000000000000000000e+00 2.400000020861625671e-02 -4.476232604980468750e+02
4.209899401664733887e+01 3.970000000000000195e+00 2.400000020861625671e-02 -4.616115112304687500e+02
4.220699214935302734e+01 3.959999999999999964e+00 2.400000020861625671e-02 -4.616115112304687500e+02
4.229595351219177246e+01 4.030000000000000249e+00 2.400000020861625671e-02 -3.636938781738281250e+02
4.239100408554077148e+01 4.019999999999999574e+00 2.400000020861625671e-02 -4.476232604980468750e+02
4.250299358367919922e+01 3.939999999999999947e+00 2.400000020861625671e-02 -4.476232604980468750e+02
4.260995173454284668e+01 3.910000000000000142e+00 2.400000020861625671e-02 -4.476232604980468750e+02
4.270595526695251465e+01 4.049999999999999822e+00 2.400000020861625671e-02 -5.455408935546875000e+02
4.279595565795898438e+01 4.019999999999999574e+00 2.400000020861625671e-02 -6.294701538085937500e+02
4.290395355224609375e+01 3.919999999999999929e+00 2.400000020861625671e-02 -5.315526123046875000e+02
4.299795269966125488e+01 3.850000000000000089e+00 2.400000020861625671e-02 -3.497056579589843750e+02
4.311099982261657715e+01 3.990000000000000213e+00 2.400000020861625671e-02 -2.797645568847656250e+02
4.319595623016357422e+01 4.030000000000000249e+00 2.400000020861625671e-02 -5.455408935546875000e+02
4.328699135780334473e+01 4.040000000000000036e+00 2.400000020861625671e-02 -6.294701538085937500e+02
4.340395808219909668e+01 3.930000000000000160e+00 2.400000020861625671e-02 -4.476232604980468750e+02
4.350995135307312012e+01 3.990000000000000213e+00 2.400000020861625671e-02 -2.657763061523437500e+02
4.360195326805114746e+01 3.930000000000000160e+00 2.400000020861625671e-02 -3.497056579589843750e+02
4.369596028327941895e+01 4.059999999999999609e+00 2.400000020861625671e-02 -5.455408935546875000e+02
4.380395269393920898e+01 3.939999999999999947e+00 2.400000020861625671e-02 -6.294701538085937500e+02
4.389397120475769043e+01 3.930000000000000160e+00 2.400000020861625671e-02 -6.294701538085937500e+02
4.400994968414306641e+01 3.899999999999999911e+00 2.400000020861625671e-02 -4.476232604980468750e+02
4.409695649147033691e+01 3.879999999999999893e+00 2.400000020861625671e-02 -4.476232604980468750e+02
4.420895075798034668e+01 3.959999999999999964e+00 2.400000020861625671e-02 -3.636938781738281250e+02
4.430394983291625977e+01 4.000000000000000000e+00 2.400000020861625671e-02 -3.497056579589843750e+02
4.439295029640197754e+01 3.950000000000000178e+00 2.400000020861625671e-02 -4.476232604980468750e+02
4.450094962120056152e+01 3.919999999999999929e+00 2.400000020861625671e-02 -4.476232604980468750e+02
4.459595727920532227e+01 3.879999999999999893e+00 2.400000020861625671e-02 -2.657763061523437500e+02
4.470795607566833496e+01 3.950000000000000178e+00 2.400000020861625671e-02 -2.657763061523437500e+02
4.479395675659179688e+01 4.040000000000000036e+00 2.400000020861625671e-02 -1.818469390869140625e+02
4.490995073318481445e+01 4.009999999999999787e+00 2.400000020861625671e-02 -1.818469390869140625e+02
4.500095200538635254e+01 4.150000000000000355e+00 2.400000020861625671e-02 -1.678587188720703125e+02
4.510895037651062012e+01 4.129999999999999893e+00 2.400000020861625671e-02 -3.497056579589843750e+02
4.520299506187438965e+01 4.049999999999999822e+00 2.400000020861625671e-02 -3.636938781738281250e+02
4.529395604133605957e+01 4.129999999999999893e+00 2.400000020861625671e-02 -3.636938781738281250e+02
4.540095114707946777e+01 4.169999999999999929e+00 2.400000020861625671e-02 -5.315526123046875000e+02
4.549195551872253418e+01 4.000000000000000000e+00 2.400000020861625671e-02 -5.455408935546875000e+02
4.560895514488220215e+01 3.959999999999999964e+00 2.400000020861625671e-02 -4.476232604980468750e+02
4.569405984878540039e+01 3.950000000000000178e+00 2.400000020861625671e-02 -5.455408935546875000e+02
4.580699682235717773e+01 3.979999999999999982e+00 2.400000020861625671e-02 -4.476232604980468750e+02
4.590095496177673340e+01 3.990000000000000213e+00 2.400000020861625671e-02 -5.455408935546875000e+02
4.600895047187805176e+01 3.959999999999999964e+00 2.400000020861625671e-02 -6.294701538085937500e+02
4.609899544715881348e+01 3.959999999999999964e+00 2.400000020861625671e-02 -6.294701538085937500e+02
4.619396305084228516e+01 3.859999999999999876e+00 2.400000020861625671e-02 -4.616115112304687500e+02
4.630195379257202148e+01 3.870000000000000107e+00 2.400000020861625671e-02 -3.497056579589843750e+02
4.639099216461181641e+01 3.979999999999999982e+00 2.400000020861625671e-02 -2.657763061523437500e+02
4.650895142555236816e+01 4.009999999999999787e+00 2.400000020861625671e-02 -1.818469390869140625e+02
4.659794950485229492e+01 4.009999999999999787e+00 2.400000020861625671e-02 -2.797645568847656250e+02
4.670595598220825195e+01 3.959999999999999964e+00 2.400000020861625671e-02 -1.818469390869140625e+02
4.680095219612121582e+01 4.099999999999999645e+00 2.400000020861625671e-02 -2.797645568847656250e+02
4.689099049568176270e+01 4.009999999999999787e+00 2.400000020861625671e-02 -3.636938781738281250e+02
4.699899673461914062e+01 3.990000000000000213e+00 2.400000020861625671e-02 -2.657763061523437500e+02
4.709301614761352539e+01 4.009999999999999787e+00 2.400000020861625671e-02 -3.497056579589843750e+02
4.720596170425415039e+01 4.040000000000000036e+00 2.400000020861625671e-02 -5.455408935546875000e+02
4.729099631309509277e+01 3.899999999999999911e+00 2.400000020861625671e-02 -4.476232604980468750e+02
4.740795469284057617e+01 3.799999999999999822e+00 2.400000020861625671e-02 -3.636938781738281250e+02
4.749899744987487793e+01 3.950000000000000178e+00 2.400000020861625671e-02 -9.791758728027343750e+01
4.760594987869262695e+01 3.890000000000000124e+00 2.400000020861625671e-02 0.000000000000000000e+00
4.769695186614990234e+01 4.030000000000000249e+00 2.400000020861625671e-02 0.000000000000000000e+00
4.779099965095520020e+01 4.049999999999999822e+00 2.400000020861625671e-02 0.000000000000000000e+00
4.789899873733520508e+01 3.799999999999999822e+00 2.400000020861625671e-02 0.000000000000000000e+00
4.798895144462585449e+01 3.270000000000000018e+00 2.400000020861625671e-02 0.000000000000000000e+00
4.810595130920410156e+01 2.520000000000000018e+00 2.400000020861625671e-02 0.000000000000000000e+00
4.819195103645324707e+01 2.189999999999999947e+00 2.400000020861625671e-02 0.000000000000000000e+00
4.830395865440368652e+01 2.250000000000000000e+00 5.600000172853469849e-02 9.931641235351562500e+02
4.839899158477783203e+01 4.089999999999999858e+00 5.600000172853469849e-02 4.616115112304687500e+02
4.850699305534362793e+01 4.120000000000000107e+00 5.600000172853469849e-02 0.000000000000000000e+00
4.859595775604248047e+01 3.810000000000000053e+00 5.600000172853469849e-02 2.657763061523437500e+02
4.869099068641662598e+01 3.910000000000000142e+00 5.600000172853469849e-02 4.476232604980468750e+02
4.880298852920532227e+01 3.970000000000000195e+00 5.600000172853469849e-02 5.455408935546875000e+02
4.891098952293395996e+01 4.080000000000000071e+00 5.600000172853469849e-02 3.636938781738281250e+02
4.900595402717590332e+01 3.939999999999999947e+00 5.600000172853469849e-02 1.678587188720703125e+02
4.909595942497253418e+01 3.770000000000000018e+00 5.600000172853469849e-02 1.818469390869140625e+02
4.920398783683776855e+01 3.839999999999999858e+00 5.600000172853469849e-02 5.455408935546875000e+02
4.929795169830322266e+01 3.810000000000000053e+00 5.600000172853469849e-02 9.931641235351562500e+02
4.941098713874816895e+01 4.019999999999999574e+00 5.600000172853469849e-02 1.077093505859375000e+03
4.949595880508422852e+01 4.059999999999999609e+00 5.600000172853469849e-02 8.952465209960937500e+02
4.958699417114257812e+01 4.110000000000000320e+00 5.600000172853469849e-02 5.455408935546875000e+02
4.970396208763122559e+01 3.950000000000000178e+00 5.600000172853469849e-02 3.636938781738281250e+02
4.980995059013366699e+01 3.959999999999999964e+00 5.600000172853469849e-02 4.476232604980468750e+02
4.990195178985595703e+01 3.939999999999999947e+00 5.600000172853469849e-02 5.455408935546875000e+02
4.999595546722412109e+01 3.939999999999999947e+00 5.600000172853469849e-02 6.294701538085937500e+02
5.010395193099975586e+01 3.970000000000000195e+00 5.600000172853469849e-02 5.455408935546875000e+02
5.019396710395812988e+01 4.000000000000000000e+00 5.600000172853469849e-02 7.273877563476562500e+02
5.030995225906372070e+01 4.040000000000000036e+00 5.600000172853469849e-02 6.294701538085937500e+02
5.039694905281066895e+01 4.000000000000000000e+00 5.600000172853469849e-02 6.294701538085937500e+02
5.050896120071411133e+01 4.000000000000000000e+00 5.600000172853469849e-02 4.476232604980468750e+02
5.060395622253417969e+01 3.979999999999999982e+00 5.600000172853469849e-02 4.476232604980468750e+02
5.069295096397399902e+01 3.879999999999999893e+00 5.600000172853469849e-02 4.476232604980468750e+02
5.080095267295837402e+01 3.959999999999999964e+00 5.600000172853469849e-02 7.133995361328125000e+02
5.089595746994018555e+01 4.089999999999999858e+00 5.600000172853469849e-02 9.092347412109375000e+02
5.100795888900756836e+01 4.019999999999999574e+00 5.600000172853469849e-02 8.113171386718750000e+02
5.109395480155944824e+01 4.080000000000000071e+00 5.600000172853469849e-02 8.113171386718750000e+02
5.121099328994750977e+01 4.049999999999999822e+00 5.600000172853469849e-02 8.113171386718750000e+02
5.130095124244689941e+01 4.120000000000000107e+00 5.600000172853469849e-02 8.113171386718750000e+02
5.140895366668701172e+01 4.120000000000000107e+00 5.600000172853469849e-02 7.133995361328125000e+02
5.150300216674804688e+01 4.089999999999999858e+00 5.600000172853469849e-02 6.294701538085937500e+02
5.159396719932556152e+01 4.040000000000000036e+00 5.600000172853469849e-02 4.476232604980468750e+02
5.170095300674438477e+01 3.959999999999999964e+00 5.600000172853469849e-02 3.636938781738281250e+02
5.179195642471313477e+01 3.990000000000000213e+00 5.600000172853469849e-02 6.294701538085937500e+02
5.190895152091979980e+01 4.000000000000000000e+00 5.600000172853469849e-02 6.294701538085937500e+02
5.199395585060119629e+01 4.030000000000000249e+00 5.600000172853469849e-02 7.273877563476562500e+02
5.210700535774230957e+01 4.129999999999999893e+00 5.600000172853469849e-02 6.294701538085937500e+02
5.220095539093017578e+01 4.049999999999999822e+00 5.600000172853469849e-02 2.797645568847656250e+02
5.230895471572875977e+01 3.910000000000000142e+00 5.600000172853469849e-02 9.791758728027343750e+01
5.239899420738220215e+01 3.830000000000000071e+00 5.600000172853469849e-02 2.657763061523437500e+02
5.249395012855529785e+01 3.770000000000000018e+00 5.600000172853469849e-02 5.455408935546875000e+02
5.260195159912109375e+01 3.939999999999999947e+00 5.600000172853469849e-02 7.133995361328125000e+02
5.269098854064941406e+01 3.979999999999999982e+00 5.600000172853469849e-02 7.973289184570312500e+02
5.280895066261291504e+01 4.089999999999999858e+00 5.600000172853469849e-02 6.294701538085937500e+02
5.289796519279479980e+01 4.080000000000000071e+00 5.600000172853469849e-02 5.315526123046875000e+02
5.300595617294311523e+01 3.959999999999999964e+00 5.600000172853469849e-02 5.455408935546875000e+02
5.310095119476318359e+01 3.970000000000000195e+00 5.600000172853469849e-02 6.294701538085937500e+02
5.319099831581115723e+01 4.009999999999999787e+00 5.600000172853469849e-02 7.133995361328125000e+02
5.329899358749389648e+01 4.040000000000000036e+00 5.600000172853469849e-02 7.273877563476562500e+02
5.339295434951782227e+01 4.169999999999999929e+00 5.600000172853469849e-02 6.294701538085937500e+02
5.350596237182617188e+01 4.080000000000000071e+00 5.600000172853469849e-02 5.315526123046875000e+02
5.359098815917968750e+01 3.919999999999999929e+00 5.600000172853469849e-02 5.455408935546875000e+02
5.370795345306396484e+01 4.019999999999999574e+00 5.600000172853469849e-02 6.294701538085937500e+02
5.379898786544799805e+01 4.040000000000000036e+00 5.600000172853469849e-02 4.616115112304687500e+02
5.390595531463623047e+01 4.019999999999999574e+00 5.600000172853469849e-02 5.315526123046875000e+02
5.399695134162902832e+01 4.040000000000000036e+00 5.600000172853469849e-02 5.455408935546875000e+02
5.409098815917968750e+01 4.059999999999999609e+00 5.600000172853469849e-02 6.294701538085937500e+02
5.419899487495422363e+01 4.049999999999999822e+00 5.600000172853469849e-02 5.455408935546875000e+02
5.431195521354675293e+01 3.979999999999999982e+00 5.600000172853469849e-02 6.294701538085937500e+02
5.440595364570617676e+01 3.950000000000000178e+00 5.600000172853469849e-02 6.294701538085937500e+02
5.449195384979248047e+01 3.950000000000000178e+00 5.600000172853469849e-02 6.294701538085937500e+02
5.460395884513854980e+01 3.990000000000000213e+00 5.600000172853469849e-02 6.294701538085937500e+02
5.469899654388427734e+01 4.019999999999999574e+00 5.600000172853469849e-02 6.294701538085937500e+02
5.480698919296264648e+01 4.000000000000000000e+00 5.600000172853469849e-02 5.455408935546875000e+02
5.489595866203308105e+01 4.000000000000000000e+00 5.600000172853469849e-02 5.455408935546875000e+02
5.501195287704467773e+01 4.019999999999999574e+00 5.600000172853469849e-02 5.315526123046875000e+02
5.510299181938171387e+01 3.950000000000000178e+00 5.600000172853469849e-02 5.455408935546875000e+02
5.521099257469177246e+01 3.950000000000000178e+00 5.600000172853469849e-02 5.315526123046875000e+02
5.530595803260803223e+01 4.019999999999999574e+00 5.600000172853469849e-02 5.455408935546875000e+02
5.539596247673034668e+01 4.019999999999999574e+00 5.600000172853469849e-02 6.294701538085937500e+02
5.550395631790161133e+01 3.990000000000000213e+00 5.600000172853469849e-02 7.133995361328125000e+02
5.559796357154846191e+01 4.099999999999999645e+00 5.600000172853469849e-02 8.113171386718750000e+02
5.571100306510925293e+01 4.030000000000000249e+00 5.600000172853469849e-02 6.294701538085937500e+02
5.579595398902893066e+01 4.019999999999999574e+00 5.600000172853469849e-02 5.455408935546875000e+02
5.588699722290039062e+01 4.110000000000000320e+00 5.600000172853469849e-02 5.455408935546875000e+02
5.600395584106445312e+01 4.049999999999999822e+00 5.600000172853469849e-02 4.476232604980468750e+02
5.611100196838378906e+01 4.040000000000000036e+00 5.600000172853469849e-02 4.476232604980468750e+02
5.620195341110229492e+01 4.019999999999999574e+00 5.600000172853469849e-02 6.294701538085937500e+02
5.629595875740051270e+01 4.089999999999999858e+00 5.600000172853469849e-02 7.133995361328125000e+02
5.640395569801330566e+01 4.009999999999999787e+00 5.600000172853469849e-02 6.294701538085937500e+02
5.649395394325256348e+01 3.979999999999999982e+00 5.600000172853469849e-02 6.294701538085937500e+02
5.661098861694335938e+01 4.009999999999999787e+00 5.600000172853469849e-02 6.294701538085937500e+02
5.669695281982421875e+01 3.979999999999999982e+00 5.600000172853469849e-02 6.294701538085937500e+02
5.680895209312438965e+01 4.019999999999999574e+00 5.600000172853469849e-02 4.476232604980468750e+02
5.690395355224609375e+01 4.059999999999999609e+00 5.600000172853469849e-02 4.476232604980468750e+02
5.701195526123046875e+01 4.000000000000000000e+00 5.600000172853469849e-02 5.455408935546875000e+02
5.710095310211181641e+01 3.919999999999999929e+00 5.600000172853469849e-02 4.476232604980468750e+02
5.719596242904663086e+01 3.939999999999999947e+00 5.600000172853469849e-02 3.636938781738281250e+02
5.730795764923095703e+01 3.879999999999999893e+00 5.600000172853469849e-02 5.315526123046875000e+02
5.739395236968994141e+01 3.879999999999999893e+00 5.600000172853469849e-02 5.315526123046875000e+02
5.751098775863647461e+01 3.839999999999999858e+00 5.600000172853469849e-02 4.476232604980468750e+02
5.760095405578613281e+01 3.990000000000000213e+00 5.600000172853469849e-02 3.636938781738281250e+02
5.770895314216613770e+01 3.979999999999999982e+00 5.600000172853469849e-02 3.636938781738281250e+02
5.780300331115722656e+01 3.970000000000000195e+00 5.600000172853469849e-02 6.294701538085937500e+02
5.789401078224182129e+01 3.930000000000000160e+00 5.600000172853469849e-02 6.294701538085937500e+02
5.800095272064208984e+01 3.950000000000000178e+00 5.600000172853469849e-02 5.315526123046875000e+02
5.809195613861083984e+01 3.939999999999999947e+00 5.600000172853469849e-02 5.455408935546875000e+02
5.820895218849182129e+01 3.919999999999999929e+00 5.600000172853469849e-02 7.273877563476562500e+02
5.829395747184753418e+01 4.040000000000000036e+00 5.600000172853469849e-02 7.273877563476562500e+02
5.840699052810668945e+01 4.059999999999999609e+00 5.600000172853469849e-02 4.476232604980468750e+02
5.850095176696777344e+01 4.059999999999999609e+00 5.600000172853469849e-02 2.657763061523437500e+02
5.860895013809204102e+01 3.979999999999999982e+00 5.600000172853469849e-02 2.797645568847656250e+02
5.869899010658264160e+01 3.899999999999999911e+00 5.600000172853469849e-02 4.476232604980468750e+02
5.879395270347595215e+01 3.859999999999999876e+00 5.600000172853469849e-02 6.294701538085937500e+02
5.890206122398376465e+01 3.959999999999999964e+00 5.600000172853469849e-02 4.616115112304687500e+02
5.899099159240722656e+01 4.030000000000000249e+00 5.600000172853469849e-02 6.294701538085937500e+02
5.910895037651062012e+01 4.040000000000000036e+00 5.600000172853469849e-02 3.497056579589843750e+02
5.919795155525207520e+01 4.049999999999999822e+00 5.600000172853469849e-02 1.818469390869140625e+02
5.930595517158508301e+01 3.930000000000000160e+00 5.600000172853469849e-02 4.476232604980468750e+02
5.940094995498657227e+01 3.959999999999999964e+00 5.600000172853469849e-02 7.973289184570312500e+02
5.949099254608154297e+01 3.990000000000000213e+00 5.600000172853469849e-02 8.952465209960937500e+02
5.959899759292602539e+01 3.950000000000000178e+00 5.600000172853469849e-02 7.133995361328125000e+02
5.969295167922973633e+01 4.000000000000000000e+00 5.600000172853469849e-02 5.455408935546875000e+02
5.980596113204956055e+01 3.899999999999999911e+00 5.600000172853469849e-02 5.455408935546875000e+02
5.989100074768066406e+01 4.000000000000000000e+00 5.600000172853469849e-02 8.392935943603515625e+01
6.000795555114746094e+01 3.879999999999999893e+00 5.600000172853469849e-02 8.392935943603515625e+01
6.009898757934570312e+01 3.700000000000000178e+00 5.600000172853469849e-02 0.000000000000000000e+00
6.020595169067382812e+01 3.810000000000000053e+00 5.600000172853469849e-02 0.000000000000000000e+00
6.029694437980651855e+01 4.179999999999999716e+00 5.600000172853469849e-02 0.000000000000000000e+00
6.039108371734619141e+01 5.820000000000000284e+00 5.600000172853469849e-02 0.000000000000000000e+00
6.049899411201477051e+01 5.309999999999999609e+00 2.400000020861625671e-02 -1.622634277343750000e+03
6.058895373344421387e+01 3.950000000000000178e+00 2.400000020861625671e-02 -1.524716674804687500e+03
6.070595526695251465e+01 3.779999999999999805e+00 2.400000020861625671e-02 -1.258940307617187500e+03
6.079195451736450195e+01 3.910000000000000142e+00 2.400000020861625671e-02 -1.538704956054687500e+03
6.090395808219909668e+01 3.919999999999999929e+00 2.400000020861625671e-02 -1.622634277343750000e+03
6.099899673461914062e+01 3.850000000000000089e+00 2.400000020861625671e-02 -1.706563598632812500e+03
6.110699295997619629e+01 3.750000000000000000e+00 2.400000020861625671e-02 -1.440787353515625000e+03
6.119595742225646973e+01 3.709999999999999964e+00 2.400000020861625671e-02 -1.622634277343750000e+03
6.129099559783935547e+01 3.790000000000000036e+00 2.400000020861625671e-02 -1.524716674804687500e+03
6.140299534797668457e+01 3.759999999999999787e+00 2.400000020861625671e-02 -1.524716674804687500e+03
6.149595689773559570e+01 3.810000000000000053e+00 2.400000020861625671e-02 -1.440787353515625000e+03
6.160595726966857910e+01 3.870000000000000107e+00 2.400000020861625671e-02 -1.524716674804687500e+03
6.169596004486083984e+01 3.839999999999999858e+00 2.400000020861625671e-02 -1.706563598632812500e+03
6.180395245552062988e+01 3.839999999999999858e+00 2.400000020861625671e-02 -1.804481201171875000e+03
6.189795112609863281e+01 3.810000000000000053e+00 2.400000020861625671e-02 -1.790493041992187500e+03
6.201102852821350098e+01 3.810000000000000053e+00 2.400000020861625671e-02 -1.888410644531250000e+03
6.209595584869384766e+01 3.759999999999999787e+00 2.400000020861625671e-02 -2.070257568359375000e+03
6.218699860572814941e+01 3.799999999999999822e+00 2.400000020861625671e-02 -1.986328247070312500e+03
6.230396270751953125e+01 3.750000000000000000e+00 2.400000020861625671e-02 -1.986328247070312500e+03
6.240995430946350098e+01 3.790000000000000036e+00 2.400000020861625671e-02 -1.888410644531250000e+03
6.250195002555847168e+01 3.759999999999999787e+00 2.400000020861625671e-02 -1.790493041992187500e+03
6.259595489501953125e+01 3.790000000000000036e+00 2.400000020861625671e-02 -1.888410644531250000e+03
6.270395493507385254e+01 3.770000000000000018e+00 2.400000020861625671e-02 -1.804481201171875000e+03
6.279395413398742676e+01 3.740000000000000213e+00 2.400000020861625671e-02 -1.622634277343750000e+03
6.290995001792907715e+01 3.759999999999999787e+00 2.400000020861625671e-02 -1.538704956054687500e+03
6.299695038795471191e+01 3.750000000000000000e+00 2.400000020861625671e-02 -1.175010986328125000e+03
6.310895276069641113e+01 3.870000000000000107e+00 2.400000020861625671e-02 -1.440787353515625000e+03
6.320397138595581055e+01 3.950000000000000178e+00 2.400000020861625671e-02 -1.804481201171875000e+03
6.331099724769592285e+01 3.879999999999999893e+00 2.400000020861625671e-02 -1.986328247070312500e+03
6.340095210075378418e+01 3.810000000000000053e+00 2.400000020861625671e-02 -1.888410644531250000e+03
6.349595594406127930e+01 3.689999999999999947e+00 2.400000020861625671e-02 -1.720551879882812500e+03
6.360795235633850098e+01 3.700000000000000178e+00 2.400000020861625671e-02 -1.440787353515625000e+03
6.369396018981933594e+01 3.680000000000000160e+00 2.400000020861625671e-02 -1.077093505859375000e+03
6.381100201606750488e+01 3.799999999999999822e+00 2.400000020861625671e-02 -9.931641235351562500e+02
6.390095019340515137e+01 3.890000000000000124e+00 2.400000020861625671e-02 -8.952465209960937500e+02
6.400895071029663086e+01 3.950000000000000178e+00 2.400000020861625671e-02 -9.092347412109375000e+02
6.410300040245056152e+01 3.910000000000000142e+00 2.400000020861625671e-02 -8.952465209960937500e+02
6.419397354125976562e+01 3.870000000000000107e+00 2.400000020861625671e-02 -9.931641235351562500e+02
6.430095052719116211e+01 3.890000000000000124e+00 2.400000020861625671e-02 -8.952465209960937500e+02
6.439195561408996582e+01 3.890000000000000124e+00 2.400000020861625671e-02 -1.077093505859375000e+03
6.450895333290100098e+01 3.819999999999999840e+00 2.400000020861625671e-02 -9.092347412109375000e+02
6.459406590461730957e+01 3.810000000000000053e+00 2.400000020861625671e-02 -8.952465209960937500e+02
6.470700144767761230e+01 3.819999999999999840e+00 2.400000020861625671e-02 -7.133995361328125000e+02
6.480095124244689941e+01 3.910000000000000142e+00 2.400000020861625671e-02 -7.133995361328125000e+02
6.490895056724548340e+01 3.850000000000000089e+00 2.400000020861625671e-02 -4.476232604980468750e+02
6.499899601936340332e+01 3.810000000000000053e+00 2.400000020861625671e-02 -6.294701538085937500e+02
6.509395575523376465e+01 3.540000000000000036e+00 2.400000020861625671e-02 0.000000000000000000e+00
6.520195055007934570e+01 3.200000000000000178e+00 2.400000020861625671e-02 0.000000000000000000e+00
6.529110312461853027e+01 3.189999999999999947e+00 2.400000020861625671e-02 0.000000000000000000e+00
6.540895128250122070e+01 3.020000000000000018e+00 2.400000020861625671e-02 0.000000000000000000e+00
6.549795103073120117e+01 2.439999999999999947e+00 2.400000020861625671e-02 0.000000000000000000e+00
6.560595297813415527e+01 2.209999999999999964e+00 5.600000172853469849e-02 1.258940307617187500e+03
6.570095443725585938e+01 4.019999999999999574e+00 5.600000172853469849e-02 1.175010986328125000e+03
6.579099678993225098e+01 4.169999999999999929e+00 5.600000172853469849e-02 8.952465209960937500e+02
6.589899086952209473e+01 4.030000000000000249e+00 5.600000172853469849e-02 8.952465209960937500e+02
6.599295425415039062e+01 3.959999999999999964e+00 5.600000172853469849e-02 1.258940307617187500e+03
6.610595464706420898e+01 3.959999999999999964e+00 5.600000172853469849e-02 1.706563598632812500e+03
6.619099760055541992e+01 4.040000000000000036e+00 5.600000172853469849e-02 1.720551879882812500e+03
6.630795454978942871e+01 4.040000000000000036e+00 5.600000172853469849e-02 1.888410644531250000e+03
6.639898753166198730e+01 4.070000000000000284e+00 5.600000172853469849e-02 1.790493041992187500e+03
6.650595498085021973e+01 4.059999999999999609e+00 5.600000172853469849e-02 1.790493041992187500e+03
6.659695053100585938e+01 4.150000000000000355e+00 5.600000172853469849e-02 1.622634277343750000e+03
6.669099307060241699e+01 4.070000000000000284e+00 5.600000172853469849e-02 1.888410644531250000e+03
6.679899787902832031e+01 4.150000000000000355e+00 5.600000172853469849e-02 1.888410644531250000e+03
6.688895106315612793e+01 4.129999999999999893e+00 5.600000172853469849e-02 1.706563598632812500e+03
6.700595641136169434e+01 4.129999999999999893e+00 5.600000172853469849e-02 1.426799072265625000e+03
6.709195423126220703e+01 4.080000000000000071e+00 5.600000172853469849e-02 1.790493041992187500e+03
6.720397782325744629e+01 4.009999999999999787e+00 5.600000172853469849e-02 2.070257568359375000e+03
6.729899549484252930e+01 4.089999999999999858e+00 5.600000172853469849e-02 2.070257568359375000e+03
6.740699791908264160e+01 4.110000000000000320e+00 5.600000172853469849e-02 2.070257568359375000e+03
6.749595785140991211e+01 4.190000000000000391e+00 5.600000172853469849e-02 1.804481201171875000e+03
6.759099960327148438e+01 4.179999999999999716e+00 5.600000172853469849e-02 1.426799072265625000e+03
6.770300364494323730e+01 4.120000000000000107e+00 5.600000172853469849e-02 1.524716674804687500e+03
6.780995178222656250e+01 4.030000000000000249e+00 5.600000172853469849e-02 1.622634277343750000e+03
6.790595722198486328e+01 4.059999999999999609e+00 5.600000172853469849e-02 1.622634277343750000e+03
6.799595451354980469e+01 4.070000000000000284e+00 5.600000172853469849e-02 1.706563598632812500e+03
6.810398101806640625e+01 4.129999999999999893e+00 5.600000172853469849e-02 1.622634277343750000e+03
6.819795799255371094e+01 4.139999999999999680e+00 5.600000172853469849e-02 1.622634277343750000e+03
6.831100511550903320e+01 4.059999999999999609e+00 5.600000172853469849e-02 1.902398925781250000e+03
6.839595603942871094e+01 4.089999999999999858e+00 5.600000172853469849e-02 1.972340087890625000e+03
6.848699498176574707e+01 4.089999999999999858e+00 5.600000172853469849e-02 1.888410644531250000e+03
6.860395431518554688e+01 4.139999999999999680e+00 5.600000172853469849e-02 1.622634277343750000e+03
6.870995140075683594e+01 4.049999999999999822e+00 5.600000172853469849e-02 1.622634277343750000e+03
6.880195641517639160e+01 3.990000000000000213e+00 5.600000172853469849e-02 1.706563598632812500e+03
6.889595627784729004e+01 4.059999999999999609e+00 5.600000172853469849e-02 1.804481201171875000e+03
6.900396060943603516e+01 4.049999999999999822e+00 5.600000172853469849e-02 1.622634277343750000e+03
6.909395289421081543e+01 4.120000000000000107e+00 5.600000172853469849e-02 1.440787353515625000e+03
6.921098923683166504e+01 4.000000000000000000e+00 5.600000172853469849e-02 1.622634277343750000e+03
6.929695868492126465e+01 4.049999999999999822e+00 5.600000172853469849e-02 1.790493041992187500e+03
6.940895199775695801e+01 4.110000000000000320e+00 5.600000172853469849e-02 1.440787353515625000e+03
6.950395750999450684e+01 4.059999999999999609e+00 5.600000172853469849e-02 1.440787353515625000e+03
6.959295248985290527e+01 4.469999999999999751e+00 5.600000172853469849e-02 0.000000000000000000e+00
6.970095229148864746e+01 5.139999999999999680e+00 5.600000172853469849e-02 0.000000000000000000e+00
6.979595613479614258e+01 4.639999999999999680e+00 5.600000172853469849e-02 0.000000000000000000e+00
6.990795588493347168e+01 4.599999999999999645e+00 5.600000172853469849e-02 0.000000000000000000e+00
6.999405288696289062e+01 4.530000000000000249e+00 5.600000172853469849e-02 0.000000000000000000e+00
7.009498882293701172e+01 4.129999999999999893e+00 5.600000172853469849e-02 0.000000000000000000e+00
7.020097470283508301e+01 4.009999999999999787e+00 5.600000172853469849e-02 0.000000000000000000e+00
7.030895423889160156e+01 3.950000000000000178e+00 5.600000172853469849e-02 0.000000000000000000e+00
7.040300154685974121e+01 3.910000000000000142e+00 5.600000172853469849e-02 0.000000000000000000e+00
7.049395465850830078e+01 3.870000000000000107e+00 5.600000172853469849e-02 0.000000000000000000e+00
7.060095429420471191e+01 3.839999999999999858e+00 5.600000172853469849e-02 0.000000000000000000e+00
7.069195580482482910e+01 3.810000000000000053e+00 5.600000172853469849e-02 0.000000000000000000e+00
7.080895233154296875e+01 3.779999999999999805e+00 5.600000172853469849e-02 0.000000000000000000e+00
7.089395403861999512e+01 3.759999999999999787e+00 5.600000172853469849e-02 0.000000000000000000e+00
7.100701737403869629e+01 3.740000000000000213e+00 5.600000172853469849e-02 0.000000000000000000e+00
7.110104179382324219e+01 3.729999999999999982e+00 5.600000172853469849e-02 0.000000000000000000e+00
7.120895123481750488e+01 3.709999999999999964e+00 5.600000172853469849e-02 0.000000000000000000e+00
7.129900455474853516e+01 3.689999999999999947e+00 5.600000172853469849e-02 0.000000000000000000e+00
7.139395141601562500e+01 3.680000000000000160e+00 5.600000172853469849e-02 0.000000000000000000e+00
7.150195217132568359e+01 3.669999999999999929e+00 5.600000172853469849e-02 0.000000000000000000e+00
7.159099936485290527e+01 3.649999999999999911e+00 5.600000172853469849e-02 0.000000000000000000e+00
7.170896267890930176e+01 3.640000000000000124e+00 5.600000172853469849e-02 0.000000000000000000e+00
7.179795122146606445e+01 3.629999999999999893e+00 5.600000172853469849e-02 0.000000000000000000e+00
7.190595221519470215e+01 3.629999999999999893e+00 5.600000172853469849e-02 0.000000000000000000e+00
7.200105309486389160e+01 3.620000000000000107e+00 5.600000172853469849e-02 0.000000000000000000e+00
7.209099435806274414e+01 3.609999999999999876e+00 5.600000172853469849e-02 0.000000000000000000e+00
7.219899868965148926e+01 3.609999999999999876e+00 5.600000172853469849e-02 0.000000000000000000e+00
7.229295277595520020e+01 3.609999999999999876e+00 5.600000172853469849e-02 0.000000000000000000e+00
7.240595245361328125e+01 3.600000000000000089e+00 5.600000172853469849e-02 0.000000000000000000e+00
7.249099755287170410e+01 3.600000000000000089e+00 5.600000172853469849e-02 0.000000000000000000e+00
7.260795688629150391e+01 3.600000000000000089e+00 5.600000172853469849e-02 0.000000000000000000e+00
7.269899535179138184e+01 3.600000000000000089e+00 5.600000172853469849e-02 0.000000000000000000e+00
7.280595135688781738e+01 3.600000000000000089e+00 5.600000172853469849e-02 0.000000000000000000e+00
7.289695453643798828e+01 3.600000000000000089e+00 5.600000172853469849e-02 0.000000000000000000e+00
7.299099278450012207e+01 3.589999999999999858e+00 5.600000172853469849e-02 0.000000000000000000e+00
7.309900426864624023e+01 3.589999999999999858e+00 5.600000172853469849e-02 0.000000000000000000e+00
7.321098899841308594e+01 3.600000000000000089e+00 5.600000172853469849e-02 0.000000000000000000e+00
7.330595397949218750e+01 3.600000000000000089e+00 5.600000172853469849e-02 0.000000000000000000e+00
7.339195156097412109e+01 3.589999999999999858e+00 5.600000172853469849e-02 0.000000000000000000e+00
