8.993506431579589844e-02 2.189999999999999947e+00 9.999999776482582092e-03 -5.398581542968750000e+02
1.829349994659423828e-01 2.319999999999999840e+00 9.999999776482582092e-03 -7.199565429687500000e+02
2.719318866729736328e-01 2.290000000000000036e+00 9.999999776482582092e-03 -8.100057373046875000e+02
3.889808654785156250e-01 2.259999999999999787e+00 9.999999776482582092e-03 -1.079716308593750000e+03
4.799320697784423828e-01 2.259999999999999787e+00 9.999999776482582092e-03 -1.080153442382812500e+03
5.809764862060546875e-01 2.229999999999999982e+00 9.999999776482582092e-03 -1.080153442382812500e+03
6.759340763092041016e-01 2.169999999999999929e+00 9.999999776482582092e-03 -9.000549316406250000e+02
7.709336280822753906e-01 2.169999999999999929e+00 9.999999776482582092e-03 -8.100057373046875000e+02
8.839333057403564453e-01 2.250000000000000000e+00 9.999999776482582092e-03 -1.080153442382812500e+03
9.849784374237060547e-01 2.279999999999999805e+00 9.999999776482582092e-03 -1.259814575195312500e+03
1.085938930511474609e+00 2.229999999999999982e+00 9.999999776482582092e-03 -1.620011474609375000e+03
1.175936222076416016e+00 2.120000000000000107e+00 9.999999776482582092e-03 -1.439913085937500000e+03
1.283935070037841797e+00 2.209999999999999964e+00 9.999999776482582092e-03 -1.620011474609375000e+03
1.377934932708740234e+00 2.100000000000000089e+00 9.999999776482582092e-03 -1.439913085937500000e+03
1.475935697555541992e+00 2.209999999999999964e+00 9.999999776482582092e-03 -1.710060668945312500e+03
1.579933166503906250e+00 2.220000000000000195e+00 9.999999776482582092e-03 -2.069820556640625000e+03
1.666935920715332031e+00 2.180000000000000160e+00 9.999999776482582092e-03 -2.069820556640625000e+03
1.783933401107788086e+00 2.020000000000000018e+00 9.999999776482582092e-03 -1.799672729492187500e+03
1.872972249984741211e+00 2.069999999999999840e+00 9.999999776482582092e-03 -1.710060668945312500e+03
1.981936693191528320e+00 2.160000000000000142e+00 9.999999776482582092e-03 -1.800109863281250000e+03
2.076985359191894531e+00 2.180000000000000160e+00 9.999999776482582092e-03 -1.710060668945312500e+03
2.187932252883911133e+00 2.040000000000000036e+00 9.999999776482582092e-03 -1.439913085937500000e+03
2.273933887481689453e+00 2.169999999999999929e+00 9.999999776482582092e-03 -1.620011474609375000e+03
2.369002580642700195e+00 2.129999999999999893e+00 9.999999776482582092e-03 -1.620011474609375000e+03
2.480978012084960938e+00 2.129999999999999893e+00 9.999999776482582092e-03 -1.439913085937500000e+03
2.588975906372070312e+00 2.109999999999999876e+00 9.999999776482582092e-03 -1.439913085937500000e+03
2.683938026428222656e+00 2.160000000000000142e+00 9.999999776482582092e-03 -1.439913085937500000e+03
2.773935317993164062e+00 2.149999999999999911e+00 9.999999776482582092e-03 -1.529962280273437500e+03
2.880971670150756836e+00 2.109999999999999876e+00 9.999999776482582092e-03 -1.169984008789062500e+03
2.975934982299804688e+00 2.140000000000000124e+00 9.999999776482582092e-03 -1.169984008789062500e+03
3.088980436325073242e+00 2.200000000000000178e+00 9.999999776482582092e-03 -1.350082397460937500e+03
3.173935651779174805e+00 2.180000000000000160e+00 9.999999776482582092e-03 -1.529962280273437500e+03
3.273938655853271484e+00 2.120000000000000107e+00 9.999999776482582092e-03 -1.260033203125000000e+03
3.380977630615234375e+00 2.100000000000000089e+00 9.999999776482582092e-03 -1.080153442382812500e+03
3.488977432250976562e+00 2.140000000000000124e+00 9.999999776482582092e-03 -8.100057373046875000e+02
3.582937002182006836e+00 2.129999999999999893e+00 9.999999776482582092e-03 -6.301258544921875000e+02
3.673932790756225586e+00 2.229999999999999982e+00 9.999999776482582092e-03 -5.398581542968750000e+02
3.784983634948730469e+00 2.279999999999999805e+00 9.999999776482582092e-03 -6.301258544921875000e+02
3.871934175491333008e+00 2.259999999999999787e+00 9.999999776482582092e-03 -7.201751098632812500e+02
3.988974809646606445e+00 2.229999999999999982e+00 9.999999776482582092e-03 -9.000549316406250000e+02
4.077933788299560547e+00 2.270000000000000018e+00 9.999999776482582092e-03 -1.169984008789062500e+03
4.186935424804687500e+00 2.240000000000000213e+00 9.999999776482582092e-03 -1.080044189453125000e+03
4.281939029693603516e+00 2.160000000000000142e+00 9.999999776482582092e-03 -1.080044189453125000e+03
4.370933294296264648e+00 2.149999999999999911e+00 9.999999776482582092e-03 -9.000549316406250000e+02
4.478934288024902344e+00 2.140000000000000124e+00 9.999999776482582092e-03 -5.399674072265625000e+02
4.573944807052612305e+00 2.209999999999999964e+00 9.999999776482582092e-03 -6.300166015625000000e+02
4.685938358306884766e+00 2.259999999999999787e+00 9.999999776482582092e-03 -9.000549316406250000e+02
4.770932912826538086e+00 2.220000000000000195e+00 9.999999776482582092e-03 -8.100057373046875000e+02
4.888991594314575195e+00 2.189999999999999947e+00 9.999999776482582092e-03 -7.199565429687500000e+02
4.978932619094848633e+00 2.200000000000000178e+00 9.999999776482582092e-03 -7.199565429687500000e+02
5.085941314697265625e+00 2.310000000000000053e+00 9.999999776482582092e-03 -1.169984008789062500e+03
5.180973529815673828e+00 2.180000000000000160e+00 9.999999776482582092e-03 -8.999456787109375000e+02
5.270934343338012695e+00 2.129999999999999893e+00 9.999999776482582092e-03 -7.200111694335937500e+02
5.378931283950805664e+00 2.209999999999999964e+00 9.999999776482582092e-03 -8.100057373046875000e+02
5.472977638244628906e+00 2.319999999999999840e+00 9.999999776482582092e-03 -9.899949340820312500e+02
5.585936546325683594e+00 2.149999999999999911e+00 9.999999776482582092e-03 -7.200111694335937500e+02
5.674937486648559570e+00 2.160000000000000142e+00 9.999999776482582092e-03 -4.499728393554687500e+02
5.787932395935058594e+00 1.489999999999999991e+00 9.999999776482582092e-03 0.000000000000000000e+00
5.878933906555175781e+00 1.469999999999999973e+00 9.999999776482582092e-03 0.000000000000000000e+00
5.989932060241699219e+00 1.469999999999999973e+00 9.999999776482582092e-03 0.000000000000000000e+00
6.076976299285888672e+00 1.199999999999999956e+00 9.999999776482582092e-03 0.000000000000000000e+00
6.171932220458984375e+00 6.500000000000000222e-01 9.999999776482582092e-03 0.000000000000000000e+00
6.282932043075561523e+00 6.400000000000000133e-01 9.999999776482582092e-03 0.000000000000000000e+00
6.368980169296264648e+00 4.899999999999999911e-01 9.999999776482582092e-03 0.000000000000000000e+00
6.486931800842285156e+00 3.699999999999999956e-01 9.999999776482582092e-03 0.000000000000000000e+00
6.575924873352050781e+00 3.400000000000000244e-01 9.999999776482582092e-03 0.000000000000000000e+00
6.683932781219482422e+00 1.799999999999999933e-01 2.999999932944774628e-02 9.000003051757812500e+02
6.778934240341186523e+00 1.429999999999999938e+00 2.999999932944774628e-02 1.620011474609375000e+03
6.889931440353393555e+00 1.790000000000000036e+00 2.999999932944774628e-02 1.979989868164062500e+03
6.975935459136962891e+00 1.840000000000000080e+00 2.999999932944774628e-02 1.800000610351562500e+03
7.070933103561401367e+00 1.889999999999999902e+00 2.999999932944774628e-02 1.620011474609375000e+03
7.183932781219482422e+00 1.870000000000000107e+00 2.999999932944774628e-02 1.709951416015625000e+03
7.284988403320312500e+00 1.879999999999999893e+00 2.999999932944774628e-02 1.440022338867187500e+03
7.385929107666015625e+00 1.889999999999999902e+00 2.999999932944774628e-02 1.440022338867187500e+03
7.475941181182861328e+00 1.870000000000000107e+00 2.999999932944774628e-02 1.529962280273437500e+03
7.583933591842651367e+00 1.790000000000000036e+00 2.999999932944774628e-02 1.439913085937500000e+03
7.677937030792236328e+00 1.860000000000000098e+00 2.999999932944774628e-02 1.529962280273437500e+03
7.788977622985839844e+00 1.870000000000000107e+00 2.999999932944774628e-02 1.439913085937500000e+03
7.879931688308715820e+00 1.870000000000000107e+00 2.999999932944774628e-02 1.350082397460937500e+03
7.966934442520141602e+00 1.820000000000000062e+00 2.999999932944774628e-02 1.440131591796875000e+03
8.083935022354125977e+00 1.840000000000000080e+00 2.999999932944774628e-02 1.710060668945312500e+03
8.172981500625610352e+00 1.870000000000000107e+00 2.999999932944774628e-02 1.529962280273437500e+03
8.281960487365722656e+00 1.889999999999999902e+00 2.999999932944774628e-02 1.529962280273437500e+03
8.376974105834960938e+00 1.919999999999999929e+00 2.999999932944774628e-02 1.260033203125000000e+03
8.487938404083251953e+00 1.830000000000000071e+00 2.999999932944774628e-02 1.620011474609375000e+03
8.573932647705078125e+00 1.770000000000000018e+00 2.999999932944774628e-02 1.889940673828125000e+03
8.668977260589599609e+00 1.810000000000000053e+00 2.999999932944774628e-02 1.979989868164062500e+03
8.780978441238403320e+00 1.889999999999999902e+00 2.999999932944774628e-02 1.620011474609375000e+03
8.888982534408569336e+00 1.939999999999999947e+00 2.999999932944774628e-02 1.260251708984375000e+03
8.983932495117187500e+00 1.929999999999999938e+00 2.999999932944774628e-02 1.080153442382812500e+03
9.073934555053710938e+00 1.879999999999999893e+00 2.999999932944774628e-02 1.079716308593750000e+03
9.180974006652832031e+00 1.820000000000000062e+00 2.999999932944774628e-02 1.169765380859375000e+03
9.275937080383300781e+00 1.820000000000000062e+00 2.999999932944774628e-02 1.169765380859375000e+03
9.388969898223876953e+00 1.860000000000000098e+00 2.999999932944774628e-02 1.259814575195312500e+03
9.473934650421142578e+00 1.810000000000000053e+00 2.999999932944774628e-02 1.439913085937500000e+03
9.567935466766357422e+00 1.879999999999999893e+00 2.999999932944774628e-02 1.170202514648437500e+03
9.680985689163208008e+00 1.879999999999999893e+00 2.999999932944774628e-02 1.259814575195312500e+03
9.788980484008789062e+00 1.860000000000000098e+00 2.999999932944774628e-02 1.079716308593750000e+03
9.882934093475341797e+00 1.870000000000000107e+00 2.999999932944774628e-02 1.080153442382812500e+03
9.973932504653930664e+00 1.879999999999999893e+00 2.999999932944774628e-02 1.080153442382812500e+03
1.008496594429016113e+01 1.860000000000000098e+00 2.999999932944774628e-02 9.901042480468750000e+02
1.017193627357482910e+01 1.870000000000000107e+00 2.999999932944774628e-02 9.901042480468750000e+02
1.028898048400878906e+01 1.810000000000000053e+00 2.999999932944774628e-02 1.169765380859375000e+03
1.037793302536010742e+01 1.840000000000000080e+00 2.999999932944774628e-02 1.080153442382812500e+03
1.048693466186523438e+01 1.909999999999999920e+00 2.999999932944774628e-02 9.000549316406250000e+02
1.058193612098693848e+01 1.830000000000000071e+00 2.999999932944774628e-02 1.079716308593750000e+03
1.067101097106933594e+01 1.870000000000000107e+00 2.999999932944774628e-02 9.901042480468750000e+02
1.077893161773681641e+01 1.810000000000000053e+00 2.999999932944774628e-02 1.080153442382812500e+03
1.087393689155578613e+01 1.820000000000000062e+00 2.999999932944774628e-02 1.259814575195312500e+03
1.098593997955322266e+01 1.810000000000000053e+00 2.999999932944774628e-02 1.439913085937500000e+03
1.107093358039855957e+01 1.870000000000000107e+00 2.999999932944774628e-02 1.079716308593750000e+03
1.118897700309753418e+01 1.860000000000000098e+00 2.999999932944774628e-02 1.079716308593750000e+03
1.127893280982971191e+01 1.840000000000000080e+00 2.999999932944774628e-02 9.896671142578125000e+02
1.138593745231628418e+01 1.870000000000000107e+00 2.999999932944774628e-02 1.169765380859375000e+03
1.148097920417785645e+01 1.909999999999999920e+00 2.999999932944774628e-02 8.100057373046875000e+02
1.157093596458435059e+01 1.889999999999999902e+00 2.999999932944774628e-02 6.299072875976562500e+02
1.167893195152282715e+01 1.850000000000000089e+00 2.999999932944774628e-02 1.800984191894531250e+02
1.177298688888549805e+01 1.739999999999999991e+00 2.999999932944774628e-02 0.000000000000000000e+00
1.188593482971191406e+01 1.610000000000000098e+00 2.999999932944774628e-02 0.000000000000000000e+00
1.197493433952331543e+01 1.620000000000000107e+00 2.999999932944774628e-02 0.000000000000000000e+00
1.208793354034423828e+01 1.780000000000000027e+00 2.999999932944774628e-02 0.000000000000000000e+00
1.217892527580261230e+01 2.479999999999999982e+00 2.999999932944774628e-02 0.000000000000000000e+00
1.228993320465087891e+01 2.899999999999999911e+00 2.999999932944774628e-02 0.000000000000000000e+00
1.237698388099670410e+01 3.000000000000000000e+00 2.999999932944774628e-02 0.000000000000000000e+00
1.247193694114685059e+01 3.370000000000000107e+00 2.999999932944774628e-02 0.000000000000000000e+00
1.258293247222900391e+01 3.390000000000000124e+00 9.999999776482582092e-03 -1.079716308593750000e+03
1.266897892951965332e+01 2.419999999999999929e+00 9.999999776482582092e-03 -1.890159179687500000e+03
1.278693366050720215e+01 2.229999999999999982e+00 9.999999776482582092e-03 -2.069820556640625000e+03
1.287594699859619141e+01 2.180000000000000160e+00 9.999999776482582092e-03 -2.159869628906250000e+03
1.298402929306030273e+01 2.149999999999999911e+00 9.999999776482582092e-03 -2.430017089843750000e+03
1.307893681526184082e+01 2.169999999999999929e+00 9.999999776482582092e-03 -2.250356201171875000e+03
1.318497920036315918e+01 2.100000000000000089e+00 9.999999776482582092e-03 -2.249918945312500000e+03
1.327593684196472168e+01 2.120000000000000107e+00 9.999999776482582092e-03 -2.250356201171875000e+03
1.337093210220336914e+01 2.259999999999999787e+00 9.999999776482582092e-03 -2.249918945312500000e+03
1.348393678665161133e+01 2.350000000000000089e+00 9.999999776482582092e-03 -2.249918945312500000e+03
1.358497762680053711e+01 2.350000000000000089e+00 9.999999776482582092e-03 -2.160306884765625000e+03
1.368593716621398926e+01 2.370000000000000107e+00 9.999999776482582092e-03 -2.339968017578125000e+03
1.377603173255920410e+01 2.339999999999999858e+00 9.999999776482582092e-03 -1.980208496093750000e+03
1.388393235206604004e+01 2.310000000000000053e+00 9.999999776482582092e-03 -1.889722045898437500e+03
1.397793650627136230e+01 2.379999999999999893e+00 9.999999776482582092e-03 -2.159869628906250000e+03
1.408499097824096680e+01 2.390000000000000124e+00 9.999999776482582092e-03 -2.159869628906250000e+03
1.417993211746215820e+01 2.359999999999999876e+00 9.999999776482582092e-03 -2.159869628906250000e+03
1.426693654060363770e+01 2.350000000000000089e+00 9.999999776482582092e-03 -2.070039062500000000e+03
1.438393259048461914e+01 2.350000000000000089e+00 9.999999776482582092e-03 -1.979989868164062500e+03
1.447298288345336914e+01 2.279999999999999805e+00 9.999999776482582092e-03 -1.800109863281250000e+03
1.458193540573120117e+01 2.290000000000000036e+00 9.999999776482582092e-03 -1.800109863281250000e+03
1.467697596549987793e+01 2.359999999999999876e+00 9.999999776482582092e-03 -1.800109863281250000e+03
1.478793311119079590e+01 2.379999999999999893e+00 9.999999776482582092e-03 -1.889940673828125000e+03
1.487393260002136230e+01 2.379999999999999893e+00 9.999999776482582092e-03 -1.890159179687500000e+03
1.496898508071899414e+01 2.359999999999999876e+00 9.999999776482582092e-03 -1.799891357421875000e+03
1.508098626136779785e+01 2.330000000000000071e+00 9.999999776482582092e-03 -1.620011474609375000e+03
1.518898105621337891e+01 2.299999999999999822e+00 9.999999776482582092e-03 -1.620011474609375000e+03
1.528393387794494629e+01 2.359999999999999876e+00 9.999999776482582092e-03 -1.529962280273437500e+03
1.537393546104431152e+01 2.330000000000000071e+00 9.999999776482582092e-03 -1.440022338867187500e+03
1.548097681999206543e+01 2.240000000000000213e+00 9.999999776482582092e-03 -9.000549316406250000e+02
1.557593488693237305e+01 2.339999999999999858e+00 9.999999776482582092e-03 -9.899949340820312500e+02
1.568898224830627441e+01 2.359999999999999876e+00 9.999999776482582092e-03 -8.999456787109375000e+02
1.577393245697021484e+01 2.250000000000000000e+00 9.999999776482582092e-03 -7.199565429687500000e+02
1.588293123245239258e+01 2.370000000000000107e+00 9.999999776482582092e-03 -5.399674072265625000e+02
1.598097729682922363e+01 2.350000000000000089e+00 9.999999776482582092e-03 -6.300166015625000000e+02
1.608897948265075684e+01 2.370000000000000107e+00 9.999999776482582092e-03 -4.499728393554687500e+02
1.618293309211730957e+01 2.430000000000000160e+00 9.999999776482582092e-03 -4.499728393554687500e+02
1.627393245697021484e+01 2.470000000000000195e+00 9.999999776482582092e-03 -7.200111694335937500e+02
1.638500022888183594e+01 2.419999999999999929e+00 9.999999776482582092e-03 -7.200111694335937500e+02
1.647193360328674316e+01 2.359999999999999876e+00 9.999999776482582092e-03 -8.100057373046875000e+02
1.658898162841796875e+01 1.750000000000000000e+00 9.999999776482582092e-03 0.000000000000000000e+00
1.667793607711791992e+01 1.469999999999999973e+00 9.999999776482582092e-03 0.000000000000000000e+00
1.678693151473999023e+01 1.530000000000000027e+00 9.999999776482582092e-03 0.000000000000000000e+00
1.688193631172180176e+01 1.560000000000000053e+00 9.999999776482582092e-03 0.000000000000000000e+00
1.697093200683593750e+01 1.469999999999999973e+00 9.999999776482582092e-03 0.000000000000000000e+00
1.707893085479736328e+01 1.209999999999999964e+00 9.999999776482582092e-03 0.000000000000000000e+00
1.717393732070922852e+01 8.499999999999999778e-01 9.999999776482582092e-03 0.000000000000000000e+00
1.728593516349792480e+01 7.700000000000000178e-01 9.999999776482582092e-03 0.000000000000000000e+00
1.737092375755310059e+01 5.999999999999999778e-01 9.999999776482582092e-03 0.000000000000000000e+00
1.748898029327392578e+01 3.800000000000000044e-01 9.999999776482582092e-03 0.000000000000000000e+00
1.757893133163452148e+01 1.799999999999999933e-01 9.999999776482582092e-03 0.000000000000000000e+00
1.768593573570251465e+01 5.699999999999999512e-01 2.999999932944774628e-02 1.349973144531250000e+03
1.778097367286682129e+01 1.699999999999999956e+00 2.999999932944774628e-02 1.620011474609375000e+03
1.787093186378479004e+01 1.770000000000000018e+00 2.999999932944774628e-02 1.800000610351562500e+03
1.797893285751342773e+01 1.810000000000000053e+00 2.999999932944774628e-02 1.890049926757812500e+03
1.807298278808593750e+01 1.810000000000000053e+00 2.999999932944774628e-02 2.340077148437500000e+03
1.818594241142272949e+01 1.810000000000000053e+00 2.999999932944774628e-02 2.519957031250000000e+03
1.827497100830078125e+01 1.830000000000000071e+00 2.999999932944774628e-02 2.160088378906250000e+03
1.838793516159057617e+01 1.830000000000000071e+00 2.999999932944774628e-02 2.430017089843750000e+03
1.847893238067626953e+01 1.840000000000000080e+00 2.999999932944774628e-02 2.430017089843750000e+03
1.858993220329284668e+01 1.810000000000000053e+00 2.999999932944774628e-02 2.700164794921875000e+03
1.867698192596435547e+01 1.870000000000000107e+00 2.999999932944774628e-02 2.520066406250000000e+03
1.877193140983581543e+01 1.870000000000000107e+00 2.999999932944774628e-02 2.339968017578125000e+03
1.888293480873107910e+01 1.850000000000000089e+00 2.999999932944774628e-02 2.520066406250000000e+03
1.896898245811462402e+01 1.770000000000000018e+00 2.999999932944774628e-02 2.970093994140625000e+03
1.908693838119506836e+01 1.800000000000000044e+00 2.999999932944774628e-02 2.879826171875000000e+03
1.917593574523925781e+01 1.840000000000000080e+00 2.999999932944774628e-02 2.790214111328125000e+03
1.928393435478210449e+01 1.889999999999999902e+00 2.999999932944774628e-02 2.610115478515625000e+03
1.937893462181091309e+01 1.830000000000000071e+00 2.999999932944774628e-02 2.610115478515625000e+03
1.947593545913696289e+01 1.879999999999999893e+00 2.999999932944774628e-02 2.609678466796875000e+03
1.957593941688537598e+01 1.870000000000000107e+00 2.999999932944774628e-02 2.699727783203125000e+03
1.967093396186828613e+01 1.879999999999999893e+00 2.999999932944774628e-02 2.249918945312500000e+03
1.978393530845642090e+01 1.850000000000000089e+00 2.999999932944774628e-02 2.249918945312500000e+03
1.988497495651245117e+01 1.909999999999999920e+00 2.999999932944774628e-02 1.980208496093750000e+03
1.998594069480895996e+01 1.929999999999999938e+00 2.999999932944774628e-02 1.710060668945312500e+03
2.007594275474548340e+01 1.870000000000000107e+00 2.999999932944774628e-02 1.800109863281250000e+03
2.018403148651123047e+01 1.820000000000000062e+00 2.999999932944774628e-02 1.620011474609375000e+03
2.027793550491333008e+01 1.889999999999999902e+00 2.999999932944774628e-02 1.349863891601562500e+03
2.038499259948730469e+01 2.020000000000000018e+00 2.999999932944774628e-02 8.100057373046875000e+02
2.047993159294128418e+01 1.879999999999999893e+00 2.999999932944774628e-02 5.398581542968750000e+02
2.056693458557128906e+01 1.810000000000000053e+00 2.999999932944774628e-02 6.299072875976562500e+02
2.068393301963806152e+01 1.800000000000000044e+00 2.999999932944774628e-02 7.203936767578125000e+02
2.077299118041992188e+01 1.860000000000000098e+00 2.999999932944774628e-02 6.299072875976562500e+02
2.088195610046386719e+01 1.790000000000000036e+00 2.999999932944774628e-02 2.701476440429687500e+02
2.097697281837463379e+01 1.919999999999999929e+00 2.999999932944774628e-02 0.000000000000000000e+00
2.108792495727539062e+01 1.899999999999999911e+00 2.999999932944774628e-02 0.000000000000000000e+00
2.117394137382507324e+01 1.870000000000000107e+00 2.999999932944774628e-02 0.000000000000000000e+00
2.126900196075439453e+01 1.879999999999999893e+00 2.999999932944774628e-02 0.000000000000000000e+00
2.138097572326660156e+01 2.189999999999999947e+00 2.999999932944774628e-02 0.000000000000000000e+00
2.148898220062255859e+01 2.680000000000000160e+00 2.999999932944774628e-02 0.000000000000000000e+00
2.158393478393554688e+01 3.160000000000000142e+00 2.999999932944774628e-02 0.000000000000000000e+00
2.167393350601196289e+01 3.770000000000000018e+00 2.999999932944774628e-02 0.000000000000000000e+00
2.178097605705261230e+01 4.000000000000000000e+00 9.999999776482582092e-03 -1.439913085937500000e+03
2.187593770027160645e+01 2.479999999999999982e+00 9.999999776482582092e-03 -2.339968017578125000e+03
2.198898267745971680e+01 2.520000000000000018e+00 9.999999776482582092e-03 -3.060361572265625000e+03
2.207393383979797363e+01 2.509999999999999787e+00 9.999999776482582092e-03 -3.510170654296875000e+03
2.216793799400329590e+01 2.500000000000000000e+00 9.999999776482582092e-03 -3.689832031250000000e+03
2.228098559379577637e+01 2.450000000000000178e+00 9.999999776482582092e-03 -3.779881347656250000e+03
2.238898015022277832e+01 2.390000000000000124e+00 9.999999776482582092e-03 -3.690269287109375000e+03
2.248293566703796387e+01 2.350000000000000089e+00 9.999999776482582092e-03 -3.509733398437500000e+03
2.257394504547119141e+01 2.370000000000000107e+00 9.999999776482582092e-03 -3.689832031250000000e+03
2.268497514724731445e+01 2.370000000000000107e+00 9.999999776482582092e-03 -3.419684326171875000e+03
2.277193260192871094e+01 2.339999999999999858e+00 9.999999776482582092e-03 -3.240022949218750000e+03
2.288898944854736328e+01 2.270000000000000018e+00 9.999999776482582092e-03 -2.880044677734375000e+03
2.297793793678283691e+01 2.319999999999999840e+00 9.999999776482582092e-03 -2.879826171875000000e+03
2.308693552017211914e+01 2.359999999999999876e+00 9.999999776482582092e-03 -2.699946289062500000e+03
2.318193578720092773e+01 2.390000000000000124e+00 9.999999776482582092e-03 -2.969875244140625000e+03
2.327093219757080078e+01 2.370000000000000107e+00 9.999999776482582092e-03 -2.430017089843750000e+03
2.337893295288085938e+01 2.259999999999999787e+00 9.999999776482582092e-03 -2.250137451171875000e+03
2.347393822669982910e+01 2.299999999999999822e+00 9.999999776482582092e-03 -2.160088378906250000e+03
2.358594703674316406e+01 2.319999999999999840e+00 9.999999776482582092e-03 -1.889940673828125000e+03
2.367093420028686523e+01 2.229999999999999982e+00 9.999999776482582092e-03 -1.349973144531250000e+03
2.378897666931152344e+01 2.240000000000000213e+00 9.999999776482582092e-03 -1.080044189453125000e+03
2.387893295288085938e+01 2.390000000000000124e+00 9.999999776482582092e-03 -1.260033203125000000e+03
2.398593878746032715e+01 2.410000000000000142e+00 9.999999776482582092e-03 -1.440022338867187500e+03
2.408097887039184570e+01 2.310000000000000053e+00 9.999999776482582092e-03 -1.080044189453125000e+03
2.417093300819396973e+01 2.270000000000000018e+00 9.999999776482582092e-03 -9.000003051757812500e+02
2.427893209457397461e+01 2.399999999999999911e+00 9.999999776482582092e-03 -8.100057373046875000e+02
2.437296772003173828e+01 2.430000000000000160e+00 9.999999776482582092e-03 -1.079989501953125000e+03
2.448593902587890625e+01 2.430000000000000160e+00 9.999999776482582092e-03 8.999456787109375000e+01
2.457497334480285645e+01 8.800000000000000044e-01 9.999999776482582092e-03 0.000000000000000000e+00
2.468794298171997070e+01 6.500000000000000222e-01 9.999999776482582092e-03 0.000000000000000000e+00
2.477893257141113281e+01 7.600000000000000089e-01 9.999999776482582092e-03 0.000000000000000000e+00
2.488793277740478516e+01 8.199999999999999512e-01 9.999999776482582092e-03 0.000000000000000000e+00
2.497697281837463379e+01 8.399999999999999689e-01 9.999999776482582092e-03 0.000000000000000000e+00
2.507193255424499512e+01 7.700000000000000178e-01 9.999999776482582092e-03 0.000000000000000000e+00
2.518293070793151855e+01 5.300000000000000266e-01 9.999999776482582092e-03 0.000000000000000000e+00
2.526899385452270508e+01 2.999999999999999889e-01 9.999999776482582092e-03 0.000000000000000000e+00
2.538693475723266602e+01 2.500000000000000000e-01 9.999999776482582092e-03 0.000000000000000000e+00
2.547593951225280762e+01 2.399999999999999911e-01 2.999999932944774628e-02 9.000003051757812500e+02
2.558393144607543945e+01 1.459999999999999964e+00 2.999999932944774628e-02 2.340022705078125000e+03
2.567893266677856445e+01 1.669999999999999929e+00 2.999999932944774628e-02 2.789995361328125000e+03
2.578993391990661621e+01 1.719999999999999973e+00 2.999999932944774628e-02 3.420012207031250000e+03
2.587593460083007812e+01 1.780000000000000027e+00 2.999999932944774628e-02 3.420012207031250000e+03
2.597093319892883301e+01 1.780000000000000027e+00 2.999999932944774628e-02 3.330072265625000000e+03
2.608393239974975586e+01 1.820000000000000062e+00 2.999999932944774628e-02 3.600001220703125000e+03
2.617593598365783691e+01 1.770000000000000018e+00 2.999999932944774628e-02 3.779881347656250000e+03
2.628594136238098145e+01 1.699999999999999956e+00 2.999999932944774628e-02 4.410007324218750000e+03
2.637596368789672852e+01 1.729999999999999982e+00 2.999999932944774628e-02 4.679936035156250000e+03
2.648393440246582031e+01 1.750000000000000000e+00 2.999999932944774628e-02 4.769985351562500000e+03
2.657793545722961426e+01 1.820000000000000062e+00 2.999999932944774628e-02 4.589887207031250000e+03
2.667593812942504883e+01 1.929999999999999938e+00 2.999999932944774628e-02 3.959979736328125000e+03
2.677993655204772949e+01 1.939999999999999947e+00 2.999999932944774628e-02 3.420121337890625000e+03
2.686693525314331055e+01 1.969999999999999973e+00 2.999999932944774628e-02 2.699727783203125000e+03
2.698394203186035156e+01 1.899999999999999911e+00 2.999999932944774628e-02 2.520066406250000000e+03
2.707298755645751953e+01 1.850000000000000089e+00 2.999999932944774628e-02 2.430017089843750000e+03
2.718193578720092773e+01 1.850000000000000089e+00 2.999999932944774628e-02 2.520066406250000000e+03
2.727697873115539551e+01 1.870000000000000107e+00 2.999999932944774628e-02 1.889722045898437500e+03
2.738793349266052246e+01 1.899999999999999911e+00 2.999999932944774628e-02 1.979771362304687500e+03
2.747394347190856934e+01 1.810000000000000053e+00 2.999999932944774628e-02 2.249918945312500000e+03
2.756897068023681641e+01 2.459999999999999964e+00 9.999999776482582092e-03 0.000000000000000000e+00
2.768097424507141113e+01 1.840000000000000080e+00 9.999999776482582092e-03 0.000000000000000000e+00
2.778899216651916504e+01 1.469999999999999973e+00 9.999999776482582092e-03 0.000000000000000000e+00
2.788393354415893555e+01 1.580000000000000071e+00 9.999999776482582092e-03 0.000000000000000000e+00
2.797393417358398438e+01 1.879999999999999893e+00 9.999999776482582092e-03 0.000000000000000000e+00
2.808098125457763672e+01 1.840000000000000080e+00 9.999999776482582092e-03 0.000000000000000000e+00
2.817594456672668457e+01 1.810000000000000053e+00 9.999999776482582092e-03 0.000000000000000000e+00
2.828898477554321289e+01 1.780000000000000027e+00 9.999999776482582092e-03 0.000000000000000000e+00
2.837393379211425781e+01 1.770000000000000018e+00 9.999999776482582092e-03 0.000000000000000000e+00
2.846793413162231445e+01 1.750000000000000000e+00 9.999999776482582092e-03 0.000000000000000000e+00
2.858097100257873535e+01 1.729999999999999982e+00 9.999999776482582092e-03 0.000000000000000000e+00
2.868897795677185059e+01 1.719999999999999973e+00 9.999999776482582092e-03 0.000000000000000000e+00
2.878293609619140625e+01 1.709999999999999964e+00 9.999999776482582092e-03 0.000000000000000000e+00
2.887394285202026367e+01 1.699999999999999956e+00 9.999999776482582092e-03 0.000000000000000000e+00
2.898498082160949707e+01 1.689999999999999947e+00 9.999999776482582092e-03 0.000000000000000000e+00
