5.598902702331542969e-02 1.229999999999999982e+00 1.200000010430812836e-02 0.000000000000000000e+00
1.559896469116210938e-01 1.260000000000000009e+00 1.200000010430812836e-02 0.000000000000000000e+00
2.549905776977539062e-01 1.590000000000000080e+00 1.200000010430812836e-02 0.000000000000000000e+00
3.459875583648681641e-01 1.260000000000000009e+00 1.200000010430812836e-02 0.000000000000000000e+00
4.559907913208007812e-01 1.229999999999999982e+00 1.200000010430812836e-02 0.000000000000000000e+00
5.409865379333496094e-01 1.379999999999999893e+00 1.200000010430812836e-02 0.000000000000000000e+00
6.419849395751953125e-01 1.489999999999999991e+00 1.200000010430812836e-02 0.000000000000000000e+00
7.489871978759765625e-01 1.399999999999999911e+00 1.200000010430812836e-02 0.000000000000000000e+00
8.389878273010253906e-01 1.439999999999999947e+00 1.200000010430812836e-02 0.000000000000000000e+00
9.489884376525878906e-01 1.479999999999999982e+00 1.200000010430812836e-02 0.000000000000000000e+00
1.034991502761840820e+00 1.530000000000000027e+00 1.200000010430812836e-02 0.000000000000000000e+00
1.150987386703491211e+00 1.520000000000000018e+00 1.200000010430812836e-02 0.000000000000000000e+00
1.242990016937255859e+00 1.500000000000000000e+00 1.200000010430812836e-02 0.000000000000000000e+00
1.354990720748901367e+00 1.639999999999999902e+00 1.200000010430812836e-02 0.000000000000000000e+00
1.443989038467407227e+00 1.580000000000000071e+00 1.200000010430812836e-02 0.000000000000000000e+00
1.548986196517944336e+00 1.600000000000000089e+00 1.200000010430812836e-02 0.000000000000000000e+00
1.645990371704101562e+00 1.739999999999999991e+00 1.200000010430812836e-02 0.000000000000000000e+00
1.736987113952636719e+00 1.600000000000000089e+00 1.200000010430812836e-02 0.000000000000000000e+00
1.849987030029296875e+00 2.029999999999999805e+00 1.200000010430812836e-02 0.000000000000000000e+00
1.939987182617187500e+00 2.350000000000000089e+00 1.200000010430812836e-02 -9.000139617919921875e+01
2.052986383438110352e+00 2.470000000000000195e+00 1.300000026822090149e-02 -8.999797821044921875e+01
2.144992351531982422e+00 2.799999999999999822e+00 1.499999966472387314e-02 -5.400015869140625000e+02
2.250987529754638672e+00 2.850000000000000089e+00 1.499999966472387314e-02 -9.000003051757812500e+02
2.345990180969238281e+00 2.910000000000000142e+00 1.499999966472387314e-02 -1.529989624023437500e+03
2.455994129180908203e+00 2.759999999999999787e+00 1.499999966472387314e-02 -1.800000610351562500e+03
2.545990943908691406e+00 2.750000000000000000e+00 1.499999966472387314e-02 -2.160033691406250000e+03
2.636987686157226562e+00 2.790000000000000036e+00 1.499999966472387314e-02 -2.430017089843750000e+03
2.747988939285278320e+00 2.779999999999999805e+00 1.499999966472387314e-02 -2.519957031250000000e+03
2.838990211486816406e+00 2.919999999999999929e+00 1.499999966472387314e-02 -2.789995361328125000e+03
2.949989557266235352e+00 2.830000000000000071e+00 1.499999966472387314e-02 -2.789995361328125000e+03
3.038990020751953125e+00 2.899999999999999911e+00 1.499999966472387314e-02 -2.789995361328125000e+03
3.150998592376708984e+00 2.890000000000000124e+00 1.499999966472387314e-02 -2.880044677734375000e+03
3.239987850189208984e+00 2.839999999999999858e+00 1.499999966472387314e-02 -2.789995361328125000e+03
3.354996204376220703e+00 2.930000000000000160e+00 1.499999966472387314e-02 -3.059924560546875000e+03
3.445989370346069336e+00 2.850000000000000089e+00 1.499999966472387314e-02 -2.970093994140625000e+03
3.535988092422485352e+00 2.910000000000000142e+00 1.499999966472387314e-02 -3.149973632812500000e+03
3.647989273071289062e+00 2.850000000000000089e+00 1.499999966472387314e-02 -2.879826171875000000e+03
3.739986658096313477e+00 2.830000000000000071e+00 1.499999966472387314e-02 -3.059924560546875000e+03
3.851987600326538086e+00 2.870000000000000107e+00 1.499999966472387314e-02 -3.059924560546875000e+03
3.940987348556518555e+00 2.819999999999999840e+00 1.499999966472387314e-02 -2.970312500000000000e+03
4.052989721298217773e+00 2.850000000000000089e+00 1.499999966472387314e-02 -2.879826171875000000e+03
4.142988443374633789e+00 2.669999999999999929e+00 1.499999966472387314e-02 -2.249918945312500000e+03
4.254998683929443359e+00 2.629999999999999893e+00 1.499999966472387314e-02 -1.259814575195312500e+03
4.345988988876342773e+00 2.609999999999999876e+00 1.499999966472387314e-02 -5.398581542968750000e+02
4.456988334655761719e+00 2.609999999999999876e+00 4.500000178813934326e-02 4.498088989257812500e+02
4.547986984252929688e+00 2.910000000000000142e+00 4.500000178813934326e-02 9.000549316406250000e+02
4.641987085342407227e+00 3.100000000000000089e+00 4.500000178813934326e-02 9.901042480468750000e+02
4.754993438720703125e+00 3.189999999999999947e+00 4.500000178813934326e-02 1.080153442382812500e+03
4.840987682342529297e+00 3.100000000000000089e+00 4.500000178813934326e-02 1.169765380859375000e+03
4.956987619400024414e+00 3.120000000000000107e+00 4.500000178813934326e-02 1.349863891601562500e+03
5.047998189926147461e+00 3.120000000000000107e+00 4.500000178813934326e-02 1.620011474609375000e+03
5.141989231109619141e+00 3.140000000000000124e+00 4.500000178813934326e-02 1.620011474609375000e+03
5.249986886978149414e+00 3.129999999999999893e+00 4.500000178813934326e-02 1.710060668945312500e+03
5.340986967086791992e+00 3.149999999999999911e+00 4.500000178813934326e-02 1.890159179687500000e+03
5.451987743377685547e+00 3.180000000000000160e+00 4.500000178813934326e-02 1.889722045898437500e+03
5.538987636566162109e+00 3.209999999999999964e+00 4.500000178813934326e-02 1.800109863281250000e+03
5.655989170074462891e+00 3.200000000000000178e+00 4.500000178813934326e-02 1.800109863281250000e+03
5.744990348815917969e+00 3.220000000000000195e+00 4.500000178813934326e-02 1.710060668945312500e+03
5.853989601135253906e+00 3.189999999999999947e+00 4.500000178813934326e-02 1.620011474609375000e+03
5.948988914489746094e+00 3.189999999999999947e+00 4.500000178813934326e-02 1.710060668945312500e+03
6.037990331649780273e+00 3.200000000000000178e+00 4.500000178813934326e-02 1.800109863281250000e+03
6.145988225936889648e+00 3.149999999999999911e+00 4.500000178813934326e-02 1.799891357421875000e+03
6.240986824035644531e+00 3.250000000000000000e+00 4.500000178813934326e-02 1.710060668945312500e+03
6.352987051010131836e+00 3.220000000000000195e+00 4.500000178813934326e-02 1.620011474609375000e+03
6.437986373901367188e+00 3.259999999999999787e+00 4.500000178813934326e-02 1.529962280273437500e+03
6.555989742279052734e+00 3.149999999999999911e+00 4.500000178813934326e-02 1.530180786132812500e+03
6.645990371704101562e+00 3.189999999999999947e+00 4.500000178813934326e-02 1.439913085937500000e+03
6.752987623214721680e+00 3.220000000000000195e+00 4.500000178813934326e-02 1.350082397460937500e+03
6.847987413406372070e+00 3.180000000000000160e+00 4.500000178813934326e-02 1.260033203125000000e+03
6.937985897064208984e+00 3.189999999999999947e+00 4.500000178813934326e-02 1.080044189453125000e+03
7.045992374420166016e+00 3.220000000000000195e+00 4.500000178813934326e-02 1.169984008789062500e+03
7.139987707138061523e+00 3.180000000000000160e+00 4.500000178813934326e-02 1.079934814453125000e+03
7.252987384796142578e+00 3.209999999999999964e+00 4.500000178813934326e-02 8.100057373046875000e+02
7.341987609863281250e+00 3.240000000000000213e+00 4.500000178813934326e-02 4.500274658203125000e+02
7.454999685287475586e+00 3.310000000000000053e+00 1.400000043213367462e-02 -1.799891357421875000e+02
7.545990705490112305e+00 2.839999999999999858e+00 1.499999966472387314e-02 -5.399674072265625000e+02
7.641987800598144531e+00 2.970000000000000195e+00 1.499999966472387314e-02 -8.999456787109375000e+02
7.743989706039428711e+00 2.830000000000000071e+00 1.499999966472387314e-02 -1.349973144531250000e+03
7.838990926742553711e+00 2.839999999999999858e+00 1.499999966472387314e-02 -1.620011474609375000e+03
7.949987888336181641e+00 2.770000000000000018e+00 1.499999966472387314e-02 -1.710060668945312500e+03
8.035989522933959961e+00 2.729999999999999982e+00 1.499999966472387314e-02 -1.710060668945312500e+03
8.153988838195800781e+00 2.660000000000000142e+00 1.499999966472387314e-02 -1.620011474609375000e+03
8.242987155914306641e+00 2.640000000000000124e+00 1.499999966472387314e-02 -1.440131591796875000e+03
8.350987434387207031e+00 2.729999999999999982e+00 1.499999966472387314e-02 -1.620011474609375000e+03
8.445988655090332031e+00 2.759999999999999787e+00 1.499999966472387314e-02 -1.799891357421875000e+03
8.535989284515380859e+00 2.709999999999999964e+00 1.499999966472387314e-02 -1.979989868164062500e+03
8.642991304397583008e+00 2.720000000000000195e+00 1.499999966472387314e-02 -2.160088378906250000e+03
8.737987518310546875e+00 2.680000000000000160e+00 1.499999966472387314e-02 -2.160088378906250000e+03
8.850989103317260742e+00 2.700000000000000178e+00 1.499999966472387314e-02 -2.160088378906250000e+03
8.935988903045654297e+00 2.640000000000000124e+00 1.499999966472387314e-02 -2.159869628906250000e+03
9.052985429763793945e+00 2.629999999999999893e+00 1.499999966472387314e-02 -2.069820556640625000e+03
9.142987966537475586e+00 2.680000000000000160e+00 1.499999966472387314e-02 -2.070257568359375000e+03
9.250992059707641602e+00 2.649999999999999911e+00 1.499999966472387314e-02 -2.069820556640625000e+03
9.344995021820068359e+00 2.640000000000000124e+00 1.499999966472387314e-02 -2.159869628906250000e+03
9.435990095138549805e+00 2.660000000000000142e+00 1.499999966472387314e-02 -2.159869628906250000e+03
9.546987771987915039e+00 2.680000000000000160e+00 1.499999966472387314e-02 -2.069820556640625000e+03
9.633996725082397461e+00 2.580000000000000071e+00 1.499999966472387314e-02 -1.979771362304687500e+03
9.750999689102172852e+00 2.660000000000000142e+00 1.499999966472387314e-02 -1.979771362304687500e+03
9.839987516403198242e+00 2.600000000000000089e+00 1.499999966472387314e-02 -1.800109863281250000e+03
9.948987483978271484e+00 2.580000000000000071e+00 1.499999966472387314e-02 -1.439913085937500000e+03
1.004399633407592773e+01 2.620000000000000107e+00 1.499999966472387314e-02 -1.080153442382812500e+03
1.015499639511108398e+01 2.660000000000000142e+00 1.499999966472387314e-02 -8.100057373046875000e+02
1.024098682403564453e+01 2.759999999999999787e+00 1.499999966472387314e-02 -5.402952880859375000e+02
1.033599638938903809e+01 2.790000000000000036e+00 1.499999966472387314e-02 -5.398581542968750000e+02
1.044798779487609863e+01 2.709999999999999964e+00 1.300000026822090149e-02 -9.004920959472656250e+01
1.055499458312988281e+01 2.950000000000000178e+00 4.500000178813934326e-02 0.000000000000000000e+00
1.065098881721496582e+01 2.919999999999999929e+00 4.500000178813934326e-02 5.398581542968750000e+02
1.074098634719848633e+01 3.060000000000000053e+00 4.500000178813934326e-02 9.000549316406250000e+02
1.084798955917358398e+01 3.080000000000000071e+00 4.500000178813934326e-02 1.080153442382812500e+03
1.094300222396850586e+01 3.020000000000000018e+00 4.500000178813934326e-02 1.439913085937500000e+03
1.103998970985412598e+01 3.120000000000000107e+00 4.500000178813934326e-02 1.529962280273437500e+03
1.114098834991455078e+01 3.220000000000000195e+00 4.500000178813934326e-02 1.439913085937500000e+03
1.123499369621276855e+01 3.189999999999999947e+00 4.500000178813934326e-02 1.439913085937500000e+03
1.134798884391784668e+01 3.220000000000000195e+00 4.500000178813934326e-02 1.350301025390625000e+03
1.145599317550659180e+01 3.100000000000000089e+00 4.500000178813934326e-02 1.529962280273437500e+03
1.154998874664306641e+01 3.169999999999999929e+00 4.500000178813934326e-02 1.350301025390625000e+03
1.164098739624023438e+01 3.189999999999999947e+00 4.500000178813934326e-02 1.350301025390625000e+03
1.175199007987976074e+01 3.109999999999999876e+00 4.500000178813934326e-02 1.620011474609375000e+03
1.183898973464965820e+01 3.089999999999999858e+00 4.500000178813934326e-02 1.800109863281250000e+03
1.195598936080932617e+01 3.209999999999999964e+00 4.500000178813934326e-02 1.350301025390625000e+03
1.204499268531799316e+01 3.120000000000000107e+00 4.500000178813934326e-02 1.709623535156250000e+03
1.215398764610290527e+01 3.140000000000000124e+00 4.500000178813934326e-02 1.889722045898437500e+03
1.224898695945739746e+01 3.189999999999999947e+00 4.500000178813934326e-02 1.890159179687500000e+03
1.233798742294311523e+01 3.189999999999999947e+00 4.500000178813934326e-02 1.979989868164062500e+03
1.244598937034606934e+01 3.189999999999999947e+00 4.500000178813934326e-02 1.889940673828125000e+03
1.254098749160766602e+01 3.189999999999999947e+00 4.500000178813934326e-02 1.889940673828125000e+03
1.265301108360290527e+01 3.189999999999999947e+00 4.500000178813934326e-02 1.890159179687500000e+03
1.273798775672912598e+01 3.189999999999999947e+00 4.500000178813934326e-02 1.890159179687500000e+03
1.285599160194396973e+01 3.270000000000000018e+00 4.500000178813934326e-02 1.710060668945312500e+03
1.294598817825317383e+01 3.200000000000000178e+00 4.500000178813934326e-02 1.620011474609375000e+03
1.305298709869384766e+01 3.200000000000000178e+00 4.500000178813934326e-02 1.710060668945312500e+03
1.314799022674560547e+01 3.160000000000000142e+00 4.500000178813934326e-02 1.440131591796875000e+03
1.323799657821655273e+01 3.240000000000000213e+00 4.500000178813934326e-02 1.529962280273437500e+03
1.334599089622497559e+01 3.189999999999999947e+00 4.500000178813934326e-02 1.440131591796875000e+03
1.343998837471008301e+01 3.149999999999999911e+00 4.500000178813934326e-02 1.439913085937500000e+03
1.355299282073974609e+01 3.209999999999999964e+00 4.500000178813934326e-02 1.349973144531250000e+03
1.364198970794677734e+01 3.200000000000000178e+00 4.500000178813934326e-02 1.260033203125000000e+03
1.375499033927917480e+01 3.220000000000000195e+00 4.500000178813934326e-02 9.899949340820312500e+02
1.384598994255065918e+01 3.259999999999999787e+00 4.500000178813934326e-02 5.399674072265625000e+02
1.395598840713500977e+01 3.259999999999999787e+00 1.499999966472387314e-02 -2.700383605957031250e+02
1.404399442672729492e+01 3.109999999999999876e+00 1.499999966472387314e-02 -9.000549316406250000e+02
1.413898968696594238e+01 2.859999999999999876e+00 1.499999966472387314e-02 -1.169984008789062500e+03
1.424998784065246582e+01 2.750000000000000000e+00 1.499999966472387314e-02 -1.350082397460937500e+03
1.433598828315734863e+01 2.740000000000000213e+00 1.499999966472387314e-02 -1.440022338867187500e+03
1.445399546623229980e+01 2.740000000000000213e+00 1.499999966472387314e-02 -1.440022338867187500e+03
1.454298877716064453e+01 2.740000000000000213e+00 1.499999966472387314e-02 -1.440131591796875000e+03
1.465098857879638672e+01 2.740000000000000213e+00 1.499999966472387314e-02 -1.439913085937500000e+03
1.474598836898803711e+01 2.680000000000000160e+00 1.499999966472387314e-02 -1.439913085937500000e+03
1.483598923683166504e+01 2.700000000000000178e+00 1.499999966472387314e-02 -1.439913085937500000e+03
1.494298672676086426e+01 2.729999999999999982e+00 1.499999966472387314e-02 -1.620011474609375000e+03
1.503798842430114746e+01 2.759999999999999787e+00 1.499999966472387314e-02 -1.799891357421875000e+03
1.515098810195922852e+01 2.700000000000000178e+00 1.499999966472387314e-02 -1.890159179687500000e+03
1.523599290847778320e+01 2.720000000000000195e+00 1.499999966472387314e-02 -1.980208496093750000e+03
1.535298705101013184e+01 2.689999999999999947e+00 1.499999966472387314e-02 -2.070039062500000000e+03
1.544299054145812988e+01 2.680000000000000160e+00 1.499999966472387314e-02 -1.889940673828125000e+03
1.555099105834960938e+01 2.649999999999999911e+00 1.499999966472387314e-02 -1.889722045898437500e+03
1.564499211311340332e+01 2.669999999999999929e+00 1.499999966472387314e-02 -1.980208496093750000e+03
1.573599147796630859e+01 2.669999999999999929e+00 1.499999966472387314e-02 -1.889722045898437500e+03
1.584698772430419922e+01 2.680000000000000160e+00 1.499999966472387314e-02 -1.979771362304687500e+03
1.593398833274841309e+01 2.629999999999999893e+00 1.499999966472387314e-02 -2.070257568359375000e+03
1.605100011825561523e+01 2.669999999999999929e+00 1.499999966472387314e-02 -2.069820556640625000e+03
1.613998675346374512e+01 2.660000000000000142e+00 1.499999966472387314e-02 -2.069820556640625000e+03
1.624898791313171387e+01 2.609999999999999876e+00 1.499999966472387314e-02 -1.980208496093750000e+03
1.634398794174194336e+01 2.660000000000000142e+00 1.499999966472387314e-02 -1.980208496093750000e+03
1.645499038696289062e+01 2.600000000000000089e+00 1.499999966472387314e-02 -1.710060668945312500e+03
1.654098606109619141e+01 2.580000000000000071e+00 1.499999966472387314e-02 -1.439913085937500000e+03
1.663598895072937012e+01 2.649999999999999911e+00 1.499999966472387314e-02 -1.260251708984375000e+03
1.674798893928527832e+01 2.660000000000000142e+00 1.499999966472387314e-02 -9.896671142578125000e+02
1.685598945617675781e+01 2.680000000000000160e+00 1.499999966472387314e-02 -3.601968383789062500e+02
1.695098996162414551e+01 2.600000000000000089e+00 4.500000178813934326e-02 1.800984191894531250e+02
1.704098677635192871e+01 2.970000000000000195e+00 4.500000178813934326e-02 5.402952880859375000e+02
1.714798951148986816e+01 3.040000000000000036e+00 4.500000178813934326e-02 6.303444213867187500e+02
1.724299001693725586e+01 2.990000000000000213e+00 4.500000178813934326e-02 9.000549316406250000e+02
1.735298824310302734e+01 3.120000000000000107e+00 4.500000178813934326e-02 9.901042480468750000e+02
1.744098591804504395e+01 3.109999999999999876e+00 4.500000178813934326e-02 1.169765380859375000e+03
1.753499603271484375e+01 3.189999999999999947e+00 4.500000178813934326e-02 1.170202514648437500e+03
1.764798879623413086e+01 3.180000000000000160e+00 4.500000178813934326e-02 1.260251708984375000e+03
1.775598907470703125e+01 3.160000000000000142e+00 4.500000178813934326e-02 1.529962280273437500e+03
1.784999036788940430e+01 3.149999999999999911e+00 4.500000178813934326e-02 1.529962280273437500e+03
1.794098758697509766e+01 3.120000000000000107e+00 4.500000178813934326e-02 1.349863891601562500e+03
1.805198931694030762e+01 3.200000000000000178e+00 4.500000178813934326e-02 1.349863891601562500e+03
1.813898992538452148e+01 3.140000000000000124e+00 4.500000178813934326e-02 1.439913085937500000e+03
1.825598907470703125e+01 3.129999999999999893e+00 4.500000178813934326e-02 1.439913085937500000e+03
1.834500312805175781e+01 3.169999999999999929e+00 4.500000178813934326e-02 1.350301025390625000e+03
1.845398998260498047e+01 3.160000000000000142e+00 4.500000178813934326e-02 1.439913085937500000e+03
1.854898881912231445e+01 3.140000000000000124e+00 4.500000178813934326e-02 1.439913085937500000e+03
1.863798856735229492e+01 3.149999999999999911e+00 4.500000178813934326e-02 1.710060668945312500e+03
1.874598836898803711e+01 3.160000000000000142e+00 4.500000178813934326e-02 1.890159179687500000e+03
1.884099006652832031e+01 3.189999999999999947e+00 4.500000178813934326e-02 1.889940673828125000e+03
1.895298981666564941e+01 3.200000000000000178e+00 4.500000178813934326e-02 1.800109863281250000e+03
1.903798770904541016e+01 3.160000000000000142e+00 4.500000178813934326e-02 1.979989868164062500e+03
1.915598845481872559e+01 3.189999999999999947e+00 4.500000178813934326e-02 1.800109863281250000e+03
1.924598956108093262e+01 3.209999999999999964e+00 4.500000178813934326e-02 1.710060668945312500e+03
1.935298728942871094e+01 3.299999999999999822e+00 4.500000178813934326e-02 1.349863891601562500e+03
1.944799757003784180e+01 3.200000000000000178e+00 4.500000178813934326e-02 1.260033203125000000e+03
1.953798747062683105e+01 3.240000000000000213e+00 4.500000178813934326e-02 1.169984008789062500e+03
1.964598894119262695e+01 3.189999999999999947e+00 4.500000178813934326e-02 1.170202514648437500e+03
1.973998951911926270e+01 3.129999999999999893e+00 4.500000178813934326e-02 1.079934814453125000e+03
1.985298728942871094e+01 3.200000000000000178e+00 4.500000178813934326e-02 9.898856811523437500e+02
1.994198799133300781e+01 3.189999999999999947e+00 4.500000178813934326e-02 9.901042480468750000e+02
2.005499434471130371e+01 3.209999999999999964e+00 4.500000178813934326e-02 9.898856811523437500e+02
2.014598965644836426e+01 3.100000000000000089e+00 4.500000178813934326e-02 9.901042480468750000e+02
2.023500061035156250e+01 3.140000000000000124e+00 4.500000178813934326e-02 8.999456787109375000e+02
2.034398722648620605e+01 3.189999999999999947e+00 4.500000178813934326e-02 9.899949340820312500e+02
2.043898868560791016e+01 3.169999999999999929e+00 4.500000178813934326e-02 8.999456787109375000e+02
2.054998826980590820e+01 3.200000000000000178e+00 4.500000178813934326e-02 8.999456787109375000e+02
2.063598966598510742e+01 3.189999999999999947e+00 4.500000178813934326e-02 8.100057373046875000e+02
2.075399422645568848e+01 3.209999999999999964e+00 4.500000178813934326e-02 8.100057373046875000e+02
2.084298896789550781e+01 3.149999999999999911e+00 4.500000178813934326e-02 7.199565429687500000e+02
2.095098757743835449e+01 3.149999999999999911e+00 4.500000178813934326e-02 0.000000000000000000e+00
2.104598927497863770e+01 2.979999999999999982e+00 1.499999966472387314e-02 -5.399674072265625000e+02
2.113599514961242676e+01 3.020000000000000018e+00 1.499999966472387314e-02 -9.899949340820312500e+02
2.124299335479736328e+01 2.850000000000000089e+00 1.499999966472387314e-02 -1.170093261718750000e+03
2.133798766136169434e+01 2.770000000000000018e+00 1.499999966472387314e-02 -1.440022338867187500e+03
2.145098876953125000e+01 2.709999999999999964e+00 1.499999966472387314e-02 -1.440022338867187500e+03
2.153598999977111816e+01 2.750000000000000000e+00 1.499999966472387314e-02 -1.530071533203125000e+03
2.165298938751220703e+01 2.740000000000000213e+00 1.499999966472387314e-02 -1.529962280273437500e+03
2.174298977851867676e+01 2.750000000000000000e+00 1.499999966472387314e-02 -1.620011474609375000e+03
2.185099148750305176e+01 2.680000000000000160e+00 1.499999966472387314e-02 -1.620011474609375000e+03
2.194499087333679199e+01 2.669999999999999929e+00 1.499999966472387314e-02 -1.529962280273437500e+03
2.203598928451538086e+01 2.750000000000000000e+00 1.499999966472387314e-02 -1.710060668945312500e+03
2.214698743820190430e+01 2.729999999999999982e+00 1.499999966472387314e-02 -1.890159179687500000e+03
2.223399281501770020e+01 2.720000000000000195e+00 1.499999966472387314e-02 -2.070039062500000000e+03
2.235098838806152344e+01 2.700000000000000178e+00 1.499999966472387314e-02 -2.159869628906250000e+03
2.243998861312866211e+01 2.740000000000000213e+00 1.499999966472387314e-02 -2.340186523437500000e+03
2.254898929595947266e+01 2.700000000000000178e+00 1.499999966472387314e-02 -2.430017089843750000e+03
2.264398622512817383e+01 2.750000000000000000e+00 1.499999966472387314e-02 -2.249918945312500000e+03
2.275499296188354492e+01 2.819999999999999840e+00 1.499999966472387314e-02 -2.070257568359375000e+03
2.284098768234252930e+01 2.870000000000000107e+00 1.499999966472387314e-02 -1.980208496093750000e+03
2.293598890304565430e+01 2.790000000000000036e+00 1.499999966472387314e-02 -1.979771362304687500e+03
2.304798769950866699e+01 2.859999999999999876e+00 1.499999966472387314e-02 -1.800109863281250000e+03
2.315499401092529297e+01 2.879999999999999893e+00 1.499999966472387314e-02 -1.799672729492187500e+03
2.325098919868469238e+01 2.850000000000000089e+00 1.499999966472387314e-02 -1.800109863281250000e+03
2.334098744392395020e+01 2.819999999999999840e+00 1.499999966472387314e-02 -1.620011474609375000e+03
2.344798898696899414e+01 2.850000000000000089e+00 1.499999966472387314e-02 -1.529962280273437500e+03
2.354298949241638184e+01 2.810000000000000053e+00 1.499999966472387314e-02 -1.439913085937500000e+03
2.365598940849304199e+01 2.830000000000000071e+00 1.499999966472387314e-02 -1.170202514648437500e+03
2.374098658561706543e+01 2.819999999999999840e+00 1.499999966472387314e-02 -9.000549316406250000e+02
2.383499240875244141e+01 2.790000000000000036e+00 1.499999966472387314e-02 -6.299072875976562500e+02
2.394799065589904785e+01 2.830000000000000071e+00 1.400000043213367462e-02 -2.697105102539062500e+02
2.403698682785034180e+01 2.870000000000000107e+00 1.400000043213367462e-02 -1.796612854003906250e+02
2.414999818801879883e+01 2.720000000000000195e+00 4.500000178813934326e-02 1.796612854003906250e+02
2.424098730087280273e+01 2.899999999999999911e+00 4.500000178813934326e-02 9.000549316406250000e+02
2.435198712348937988e+01 2.979999999999999982e+00 4.500000178813934326e-02 1.440350219726562500e+03
2.443898797035217285e+01 3.100000000000000089e+00 4.500000178813934326e-02 1.529962280273437500e+03
2.454998707771301270e+01 3.200000000000000178e+00 4.500000178813934326e-02 1.440350219726562500e+03
2.464499020576477051e+01 3.180000000000000160e+00 4.500000178813934326e-02 1.529962280273437500e+03
2.475399017333984375e+01 3.160000000000000142e+00 4.500000178813934326e-02 1.620011474609375000e+03
2.484898805618286133e+01 3.109999999999999876e+00 4.500000178813934326e-02 1.710060668945312500e+03
2.493798756599426270e+01 3.149999999999999911e+00 4.500000178813934326e-02 1.889722045898437500e+03
2.504598903656005859e+01 3.129999999999999893e+00 4.500000178813934326e-02 1.980208496093750000e+03
2.514098739624023438e+01 3.089999999999999858e+00 4.500000178813934326e-02 2.160306884765625000e+03
2.525298857688903809e+01 3.140000000000000124e+00 4.500000178813934326e-02 2.339968017578125000e+03
2.533798885345458984e+01 3.189999999999999947e+00 4.500000178813934326e-02 2.159869628906250000e+03
2.545599293708801270e+01 3.200000000000000178e+00 4.500000178813934326e-02 2.159869628906250000e+03
2.554599165916442871e+01 3.189999999999999947e+00 4.500000178813934326e-02 2.159869628906250000e+03
2.565298748016357422e+01 3.129999999999999893e+00 4.500000178813934326e-02 2.339968017578125000e+03
2.574798750877380371e+01 3.200000000000000178e+00 4.500000178813934326e-02 2.159869628906250000e+03
2.583798551559448242e+01 3.220000000000000195e+00 4.500000178813934326e-02 2.069820556640625000e+03
2.594599127769470215e+01 3.259999999999999787e+00 4.500000178813934326e-02 1.800109863281250000e+03
2.603998851776123047e+01 3.209999999999999964e+00 4.500000178813934326e-02 1.709842163085937500e+03
2.615298676490783691e+01 3.209999999999999964e+00 4.500000178813934326e-02 1.620011474609375000e+03
2.624198698997497559e+01 3.200000000000000178e+00 4.500000178813934326e-02 1.440131591796875000e+03
2.635499548912048340e+01 3.220000000000000195e+00 4.500000178813934326e-02 1.439913085937500000e+03
2.644599127769470215e+01 3.180000000000000160e+00 4.500000178813934326e-02 1.349863891601562500e+03
2.653500533103942871e+01 3.160000000000000142e+00 4.500000178813934326e-02 1.260033203125000000e+03
2.664399170875549316e+01 3.189999999999999947e+00 4.500000178813934326e-02 1.080044189453125000e+03
2.673898768424987793e+01 3.200000000000000178e+00 4.500000178813934326e-02 1.079934814453125000e+03
2.684999060630798340e+01 3.229999999999999982e+00 4.500000178813934326e-02 9.000549316406250000e+02
2.693598890304565430e+01 3.180000000000000160e+00 4.500000178813934326e-02 8.100057373046875000e+02
2.705398774147033691e+01 3.200000000000000178e+00 4.500000178813934326e-02 7.200657958984375000e+02
2.714300632476806641e+01 3.189999999999999947e+00 4.500000178813934326e-02 2.699290771484375000e+02
2.725098967552185059e+01 3.000000000000000000e+00 1.200000010430812836e-02 -8.993992614746093750e+01
2.734599065780639648e+01 2.799999999999999822e+00 1.499999966472387314e-02 -6.300166015625000000e+02
2.743598866462707520e+01 3.000000000000000000e+00 1.499999966472387314e-02 -1.169984008789062500e+03
2.754298949241638184e+01 2.879999999999999893e+00 1.499999966472387314e-02 -1.710060668945312500e+03
2.763798737525939941e+01 2.720000000000000195e+00 1.499999966472387314e-02 -1.890049926757812500e+03
2.775099897384643555e+01 2.740000000000000213e+00 1.499999966472387314e-02 -1.979989868164062500e+03
2.783599233627319336e+01 2.709999999999999964e+00 1.499999966472387314e-02 -1.979989868164062500e+03
2.795298361778259277e+01 2.660000000000000142e+00 1.499999966472387314e-02 -1.889940673828125000e+03
2.804298830032348633e+01 2.689999999999999947e+00 1.499999966472387314e-02 -1.889940673828125000e+03
2.815098977088928223e+01 2.709999999999999964e+00 1.499999966472387314e-02 -2.070039062500000000e+03
2.824499177932739258e+01 2.700000000000000178e+00 1.499999966472387314e-02 -2.159869628906250000e+03
2.833598923683166504e+01 2.700000000000000178e+00 1.499999966472387314e-02 -2.160088378906250000e+03
2.844698834419250488e+01 2.660000000000000142e+00 1.499999966472387314e-02 -2.159869628906250000e+03
2.853399205207824707e+01 2.720000000000000195e+00 1.499999966472387314e-02 -2.249918945312500000e+03
2.865098929405212402e+01 2.629999999999999893e+00 1.499999966472387314e-02 -2.160306884765625000e+03
2.873998713493347168e+01 2.649999999999999911e+00 1.499999966472387314e-02 -2.069820556640625000e+03
2.884898853302001953e+01 2.649999999999999911e+00 1.499999966472387314e-02 -1.980208496093750000e+03
2.894399070739746094e+01 2.660000000000000142e+00 1.499999966472387314e-02 -2.069820556640625000e+03
2.905499291419982910e+01 2.660000000000000142e+00 1.499999966472387314e-02 -2.069820556640625000e+03
2.914098811149597168e+01 2.649999999999999911e+00 1.499999966472387314e-02 -2.070257568359375000e+03
2.923599028587341309e+01 2.649999999999999911e+00 1.499999966472387314e-02 -1.979771362304687500e+03
2.934799027442932129e+01 2.600000000000000089e+00 1.499999966472387314e-02 -1.800109863281250000e+03
2.945499324798583984e+01 2.600000000000000089e+00 1.499999966472387314e-02 -1.529962280273437500e+03
2.955103111267089844e+01 2.600000000000000089e+00 1.499999966472387314e-02 -1.259814575195312500e+03
2.964098644256591797e+01 2.640000000000000124e+00 1.499999966472387314e-02 -1.169765380859375000e+03
2.974798727035522461e+01 2.729999999999999982e+00 1.499999966472387314e-02 -9.901042480468750000e+02
2.984298825263977051e+01 2.709999999999999964e+00 1.499999966472387314e-02 -1.080153442382812500e+03
2.994799256324768066e+01 2.720000000000000195e+00 1.499999966472387314e-02 -9.896671142578125000e+02
3.004099535942077637e+01 2.729999999999999982e+00 1.499999966472387314e-02 -7.199565429687500000e+02
3.013499212265014648e+01 2.700000000000000178e+00 1.499999966472387314e-02 -2.701476440429687500e+02
3.024798774719238281e+01 2.700000000000000178e+00 4.500000178813934326e-02 9.004920959472656250e+01
3.035599184036254883e+01 2.990000000000000213e+00 4.500000178813934326e-02 5.398581542968750000e+02
3.044998717308044434e+01 3.029999999999999805e+00 4.500000178813934326e-02 6.299072875976562500e+02
3.054098963737487793e+01 2.990000000000000213e+00 4.500000178813934326e-02 9.901042480468750000e+02
3.065199589729309082e+01 3.080000000000000071e+00 4.500000178813934326e-02 1.080153442382812500e+03
3.073899316787719727e+01 3.120000000000000107e+00 4.500000178813934326e-02 1.260251708984375000e+03
3.085599088668823242e+01 3.169999999999999929e+00 4.500000178813934326e-02 1.349863891601562500e+03
3.094499254226684570e+01 3.129999999999999893e+00 4.500000178813934326e-02 1.620011474609375000e+03
3.105399155616760254e+01 3.169999999999999929e+00 4.500000178813934326e-02 1.620011474609375000e+03
3.114899063110351562e+01 3.129999999999999893e+00 4.500000178813934326e-02 1.620011474609375000e+03
3.123798704147338867e+01 3.160000000000000142e+00 4.500000178813934326e-02 1.529962280273437500e+03
3.134598755836486816e+01 3.149999999999999911e+00 4.500000178813934326e-02 1.799672729492187500e+03
3.144098663330078125e+01 3.109999999999999876e+00 4.500000178813934326e-02 1.800109863281250000e+03
3.155298781394958496e+01 3.120000000000000107e+00 4.500000178813934326e-02 2.069820556640625000e+03
3.163798666000366211e+01 3.160000000000000142e+00 4.500000178813934326e-02 2.070257568359375000e+03
3.175598907470703125e+01 3.189999999999999947e+00 4.500000178813934326e-02 2.069820556640625000e+03
3.184598946571350098e+01 3.189999999999999947e+00 4.500000178813934326e-02 2.069820556640625000e+03
3.195298576354980469e+01 3.240000000000000213e+00 4.500000178813934326e-02 1.979989868164062500e+03
3.204798960685729980e+01 3.189999999999999947e+00 4.500000178813934326e-02 1.889940673828125000e+03
3.213798832893371582e+01 3.220000000000000195e+00 4.500000178813934326e-02 1.889940673828125000e+03
3.224598884582519531e+01 3.169999999999999929e+00 4.500000178813934326e-02 1.800109863281250000e+03
3.233998894691467285e+01 3.250000000000000000e+00 4.500000178813934326e-02 1.710060668945312500e+03
3.245298695564270020e+01 3.200000000000000178e+00 4.500000178813934326e-02 1.620011474609375000e+03
3.254198861122131348e+01 3.240000000000000213e+00 4.500000178813934326e-02 1.529962280273437500e+03
3.265499281883239746e+01 3.189999999999999947e+00 4.500000178813934326e-02 1.529962280273437500e+03
3.274599027633666992e+01 3.189999999999999947e+00 4.500000178813934326e-02 1.350082397460937500e+03
3.283499217033386230e+01 3.200000000000000178e+00 4.500000178813934326e-02 1.260033203125000000e+03
3.294399833679199219e+01 3.169999999999999929e+00 4.500000178813934326e-02 1.529962280273437500e+03
3.303898859024047852e+01 3.169999999999999929e+00 4.500000178813934326e-02 1.349973144531250000e+03
3.314998936653137207e+01 3.200000000000000178e+00 4.500000178813934326e-02 1.260033203125000000e+03
3.323599028587341309e+01 3.189999999999999947e+00 4.500000178813934326e-02 1.169984008789062500e+03
3.335398745536804199e+01 3.229999999999999982e+00 4.500000178813934326e-02 1.080044189453125000e+03
3.344298839569091797e+01 3.209999999999999964e+00 4.500000178813934326e-02 9.899949340820312500e+02
3.355098962783813477e+01 3.129999999999999893e+00 4.500000178813934326e-02 9.899949340820312500e+02
3.364599943161010742e+01 3.100000000000000089e+00 4.500000178813934326e-02 9.000549316406250000e+02
3.373598885536193848e+01 3.120000000000000107e+00 4.500000178813934326e-02 8.100057373046875000e+02
3.384298992156982422e+01 3.129999999999999893e+00 4.500000178813934326e-02 9.000003051757812500e+02
3.393798637390136719e+01 3.120000000000000107e+00 4.500000178813934326e-02 7.200111694335937500e+02
3.405098891258239746e+01 3.169999999999999929e+00 4.500000178813934326e-02 2.699837036132812500e+02
3.413599133491516113e+01 3.109999999999999876e+00 4.500000178813934326e-02 0.000000000000000000e+00
3.425298762321472168e+01 2.649999999999999911e+00 1.300000026822090149e-02 -2.699837036132812500e+02
3.434298968315124512e+01 2.810000000000000053e+00 1.499999966472387314e-02 -4.499728393554687500e+02
3.445098710060119629e+01 2.919999999999999929e+00 1.499999966472387314e-02 -6.300166015625000000e+02
3.454499197006225586e+01 2.890000000000000124e+00 1.499999966472387314e-02 -7.200111694335937500e+02
3.463598871231079102e+01 2.799999999999999822e+00 1.499999966472387314e-02 -9.000549316406250000e+02
3.474699616432189941e+01 2.720000000000000195e+00 1.499999966472387314e-02 -7.199565429687500000e+02
3.483398938179016113e+01 2.770000000000000018e+00 1.499999966472387314e-02 -6.300166015625000000e+02
3.495098757743835449e+01 2.770000000000000018e+00 1.499999966472387314e-02 -5.399674072265625000e+02
3.503998708724975586e+01 2.830000000000000071e+00 1.499999966472387314e-02 -6.300166015625000000e+02
3.514898681640625000e+01 2.839999999999999858e+00 1.499999966472387314e-02 -6.300166015625000000e+02
3.524399304389953613e+01 2.819999999999999840e+00 1.499999966472387314e-02 -6.299072875976562500e+02
3.535499334335327148e+01 2.830000000000000071e+00 1.499999966472387314e-02 -8.098964843750000000e+02
3.544098663330078125e+01 2.720000000000000195e+00 1.499999966472387314e-02 -7.199565429687500000e+02
3.553599143028259277e+01 2.790000000000000036e+00 1.499999966472387314e-02 -6.300166015625000000e+02
3.564799118041992188e+01 2.850000000000000089e+00 1.499999966472387314e-02 -6.300166015625000000e+02
3.575598931312561035e+01 2.819999999999999840e+00 1.499999966472387314e-02 -6.300166015625000000e+02
3.585098862648010254e+01 2.830000000000000071e+00 1.499999966472387314e-02 -7.200657958984375000e+02
3.594098687171936035e+01 2.839999999999999858e+00 1.499999966472387314e-02 -7.199565429687500000e+02
3.604798793792724609e+01 2.830000000000000071e+00 1.499999966472387314e-02 -7.199565429687500000e+02
3.614298939704895020e+01 2.859999999999999876e+00 1.499999966472387314e-02 -8.100057373046875000e+02
3.623998808860778809e+01 2.819999999999999840e+00 1.499999966472387314e-02 -8.100057373046875000e+02
3.634098792076110840e+01 2.810000000000000053e+00 1.499999966472387314e-02 -8.100057373046875000e+02
3.643499326705932617e+01 2.779999999999999805e+00 1.499999966472387314e-02 -9.901042480468750000e+02
3.654798746109008789e+01 2.759999999999999787e+00 1.499999966472387314e-02 -8.998363647460937500e+02
3.664199662208557129e+01 2.750000000000000000e+00 1.499999966472387314e-02 -8.100057373046875000e+02
3.674998784065246582e+01 2.770000000000000018e+00 1.499999966472387314e-02 -8.100057373046875000e+02
3.684098696708679199e+01 2.790000000000000036e+00 1.499999966472387314e-02 -9.000549316406250000e+02
3.695198845863342285e+01 2.810000000000000053e+00 1.499999966472387314e-02 -9.901042480468750000e+02
3.703898930549621582e+01 2.770000000000000018e+00 1.499999966472387314e-02 -9.000549316406250000e+02
3.715598917007446289e+01 2.779999999999999805e+00 1.499999966472387314e-02 -8.100057373046875000e+02
3.724499034881591797e+01 2.790000000000000036e+00 1.499999966472387314e-02 -7.201751098632812500e+02
3.735398793220520020e+01 2.759999999999999787e+00 1.499999966472387314e-02 -7.199565429687500000e+02
3.744898939132690430e+01 2.799999999999999822e+00 1.499999966472387314e-02 -8.100057373046875000e+02
3.753799009323120117e+01 2.859999999999999876e+00 1.499999966472387314e-02 -9.000549316406250000e+02
3.764598894119262695e+01 2.799999999999999822e+00 1.499999966472387314e-02 -9.000549316406250000e+02
3.774099969863891602e+01 2.810000000000000053e+00 1.499999966472387314e-02 -1.079934814453125000e+03
3.785298728942871094e+01 2.799999999999999822e+00 1.499999966472387314e-02 -9.901042480468750000e+02
3.793799018859863281e+01 2.750000000000000000e+00 1.499999966472387314e-02 -9.898856811523437500e+02
3.805499100685119629e+01 2.740000000000000213e+00 1.499999966472387314e-02 -9.901042480468750000e+02
3.814599013328552246e+01 2.759999999999999787e+00 1.499999966472387314e-02 -9.901042480468750000e+02
3.825298786163330078e+01 2.759999999999999787e+00 1.499999966472387314e-02 -1.080153442382812500e+03
3.834798860549926758e+01 2.750000000000000000e+00 1.499999966472387314e-02 -9.901042480468750000e+02
3.843799161911010742e+01 2.720000000000000195e+00 1.499999966472387314e-02 -9.901042480468750000e+02
3.854599070549011230e+01 2.790000000000000036e+00 1.499999966472387314e-02 -1.079716308593750000e+03
3.863998889923095703e+01 2.729999999999999982e+00 1.499999966472387314e-02 -1.260251708984375000e+03
3.875298953056335449e+01 2.720000000000000195e+00 1.499999966472387314e-02 -1.259814575195312500e+03
3.884199976921081543e+01 2.729999999999999982e+00 1.499999966472387314e-02 -1.170202514648437500e+03
3.895499277114868164e+01 2.709999999999999964e+00 1.499999966472387314e-02 -1.259814575195312500e+03
3.904599142074584961e+01 2.740000000000000213e+00 1.499999966472387314e-02 -1.170202514648437500e+03
3.913500142097473145e+01 2.709999999999999964e+00 1.499999966472387314e-02 -1.260251708984375000e+03
3.924399304389953613e+01 2.700000000000000178e+00 1.499999966472387314e-02 -1.260251708984375000e+03
3.933898949623107910e+01 2.680000000000000160e+00 1.499999966472387314e-02 -1.169765380859375000e+03
3.944998764991760254e+01 2.700000000000000178e+00 1.499999966472387314e-02 -9.901042480468750000e+02
3.953599119186401367e+01 2.720000000000000195e+00 1.499999966472387314e-02 -1.080153442382812500e+03
3.965399003028869629e+01 2.709999999999999964e+00 1.499999966472387314e-02 -9.901042480468750000e+02
3.974298834800720215e+01 2.669999999999999929e+00 1.499999966472387314e-02 -9.000549316406250000e+02
3.985098767280578613e+01 2.779999999999999805e+00 1.499999966472387314e-02 -9.000549316406250000e+02
3.994599103927612305e+01 2.759999999999999787e+00 1.499999966472387314e-02 -9.000549316406250000e+02
4.003599071502685547e+01 2.770000000000000018e+00 1.499999966472387314e-02 -8.996177978515625000e+02
4.014298725128173828e+01 2.750000000000000000e+00 1.499999966472387314e-02 -8.100057373046875000e+02
4.023798704147338867e+01 2.799999999999999822e+00 1.499999966472387314e-02 -9.000549316406250000e+02
4.035098814964294434e+01 2.729999999999999982e+00 1.499999966472387314e-02 -9.000549316406250000e+02
4.043599414825439453e+01 2.750000000000000000e+00 1.499999966472387314e-02 -5.398581542968750000e+02
4.055298709869384766e+01 2.700000000000000178e+00 1.499999966472387314e-02 -1.796612854003906250e+02
4.064298677444458008e+01 2.660000000000000142e+00 1.400000043213367462e-02 0.000000000000000000e+00
4.075098752975463867e+01 2.790000000000000036e+00 4.500000178813934326e-02 0.000000000000000000e+00
4.084499430656433105e+01 3.040000000000000036e+00 4.500000178813934326e-02 9.004920959472656250e+01
4.093599295616149902e+01 2.959999999999999964e+00 4.500000178813934326e-02 2.701476440429687500e+02
4.104698944091796875e+01 3.080000000000000071e+00 4.500000178813934326e-02 2.697105102539062500e+02
4.113399863243103027e+01 3.069999999999999840e+00 4.500000178813934326e-02 9.004920959472656250e+01
4.125098943710327148e+01 2.990000000000000213e+00 4.500000178813934326e-02 8.961207580566406250e+01
4.133999228477478027e+01 2.959999999999999964e+00 4.500000178813934326e-02 3.597597045898437500e+02
4.144898939132690430e+01 3.060000000000000053e+00 4.500000178813934326e-02 6.299072875976562500e+02
4.154398846626281738e+01 3.140000000000000124e+00 4.500000178813934326e-02 4.498088989257812500e+02
4.165500473976135254e+01 3.060000000000000053e+00 4.500000178813934326e-02 3.597597045898437500e+02
4.174098753929138184e+01 3.000000000000000000e+00 4.500000178813934326e-02 5.402952880859375000e+02
4.183599090576171875e+01 3.000000000000000000e+00 4.500000178813934326e-02 4.502460327148437500e+02
4.194798946380615234e+01 3.080000000000000071e+00 4.500000178813934326e-02 5.402952880859375000e+02
4.205499339103698730e+01 3.060000000000000053e+00 4.500000178813934326e-02 4.498088989257812500e+02
4.215099000930786133e+01 3.089999999999999858e+00 4.500000178813934326e-02 4.498088989257812500e+02
4.224098682403564453e+01 3.089999999999999858e+00 4.500000178813934326e-02 4.498088989257812500e+02
4.234799075126647949e+01 3.180000000000000160e+00 4.500000178813934326e-02 5.398581542968750000e+02
4.244299030303955078e+01 3.089999999999999858e+00 4.500000178813934326e-02 5.398581542968750000e+02
4.253298783302307129e+01 3.060000000000000053e+00 4.500000178813934326e-02 4.498088989257812500e+02
4.264098691940307617e+01 3.040000000000000036e+00 4.500000178813934326e-02 6.299072875976562500e+02
4.273499560356140137e+01 3.140000000000000124e+00 4.500000178813934326e-02 7.199565429687500000e+02
4.284799838066101074e+01 3.129999999999999893e+00 4.500000178813934326e-02 7.199565429687500000e+02
4.295098829269409180e+01 3.189999999999999947e+00 4.500000178813934326e-02 7.199565429687500000e+02
4.304998755455017090e+01 3.149999999999999911e+00 4.500000178813934326e-02 7.199565429687500000e+02
4.314098858833312988e+01 3.040000000000000036e+00 4.500000178813934326e-02 7.199565429687500000e+02
4.325198960304260254e+01 3.120000000000000107e+00 4.500000178813934326e-02 7.199565429687500000e+02
4.333898973464965820e+01 3.100000000000000089e+00 4.500000178813934326e-02 8.100057373046875000e+02
4.345399165153503418e+01 3.140000000000000124e+00 4.500000178813934326e-02 8.100057373046875000e+02
4.354499363899230957e+01 3.120000000000000107e+00 4.500000178813934326e-02 9.000549316406250000e+02
4.365399193763732910e+01 3.129999999999999893e+00 4.500000178813934326e-02 8.100057373046875000e+02
4.374899053573608398e+01 3.069999999999999840e+00 4.500000178813934326e-02 9.901042480468750000e+02
4.383798742294311523e+01 3.089999999999999858e+00 4.500000178813934326e-02 7.199565429687500000e+02
4.394598984718322754e+01 3.109999999999999876e+00 4.500000178813934326e-02 8.100057373046875000e+02
4.404098868370056152e+01 3.120000000000000107e+00 4.500000178813934326e-02 9.000549316406250000e+02
4.415299034118652344e+01 3.120000000000000107e+00 4.500000178813934326e-02 8.100057373046875000e+02
4.423798680305480957e+01 3.129999999999999893e+00 4.500000178813934326e-02 7.199565429687500000e+02
4.435598993301391602e+01 3.149999999999999911e+00 4.500000178813934326e-02 8.100057373046875000e+02
4.444598984718322754e+01 3.160000000000000142e+00 4.500000178813934326e-02 8.100057373046875000e+02
4.455298638343811035e+01 3.189999999999999947e+00 4.500000178813934326e-02 8.100057373046875000e+02
4.464798521995544434e+01 3.109999999999999876e+00 4.500000178813934326e-02 1.080153442382812500e+03
4.473798894882202148e+01 3.189999999999999947e+00 4.500000178813934326e-02 9.000549316406250000e+02
4.484599208831787109e+01 3.160000000000000142e+00 4.500000178813934326e-02 8.998363647460937500e+02
4.493998813629150391e+01 3.200000000000000178e+00 4.500000178813934326e-02 9.000549316406250000e+02
4.505298995971679688e+01 3.120000000000000107e+00 4.500000178813934326e-02 8.998363647460937500e+02
4.514199280738830566e+01 3.109999999999999876e+00 4.500000178813934326e-02 8.998363647460937500e+02
4.525499224662780762e+01 3.120000000000000107e+00 4.500000178813934326e-02 9.898856811523437500e+02
4.534599351882934570e+01 3.209999999999999964e+00 4.500000178813934326e-02 9.898856811523437500e+02
4.545599007606506348e+01 3.140000000000000124e+00 4.500000178813934326e-02 9.000549316406250000e+02
4.554399132728576660e+01 3.100000000000000089e+00 4.500000178813934326e-02 8.998363647460937500e+02
4.563899040222167969e+01 3.140000000000000124e+00 4.500000178813934326e-02 8.998363647460937500e+02
4.574998784065246582e+01 3.220000000000000195e+00 4.500000178813934326e-02 9.000549316406250000e+02
4.583598804473876953e+01 3.189999999999999947e+00 4.500000178813934326e-02 8.100057373046875000e+02
4.595399045944213867e+01 3.140000000000000124e+00 4.500000178813934326e-02 9.000549316406250000e+02
4.604298925399780273e+01 3.149999999999999911e+00 4.500000178813934326e-02 9.901042480468750000e+02
4.615098881721496582e+01 3.209999999999999964e+00 4.500000178813934326e-02 8.100057373046875000e+02
4.624599337577819824e+01 3.200000000000000178e+00 4.500000178813934326e-02 9.000549316406250000e+02
4.633598995208740234e+01 3.109999999999999876e+00 4.500000178813934326e-02 7.199565429687500000e+02
4.644298958778381348e+01 3.080000000000000071e+00 4.500000178813934326e-02 8.998363647460937500e+02
4.653798818588256836e+01 3.169999999999999929e+00 4.500000178813934326e-02 9.898856811523437500e+02
4.665099000930786133e+01 3.169999999999999929e+00 4.500000178813934326e-02 9.000549316406250000e+02
4.673599147796630859e+01 3.189999999999999947e+00 4.500000178813934326e-02 1.079934814453125000e+03
4.685298967361450195e+01 3.080000000000000071e+00 4.500000178813934326e-02 1.080044189453125000e+03
4.694298839569091797e+01 3.140000000000000124e+00 4.500000178813934326e-02 1.080044189453125000e+03
4.705098843574523926e+01 3.180000000000000160e+00 4.500000178813934326e-02 1.079934814453125000e+03
4.714499449729919434e+01 3.180000000000000160e+00 4.500000178813934326e-02 1.079934814453125000e+03
4.723599004745483398e+01 3.189999999999999947e+00 4.500000178813934326e-02 8.999456787109375000e+02
4.734699058532714844e+01 3.180000000000000160e+00 4.500000178813934326e-02 7.200657958984375000e+02
4.743398737907409668e+01 3.209999999999999964e+00 4.500000178813934326e-02 7.199565429687500000e+02
4.755098819732666016e+01 3.189999999999999947e+00 4.500000178813934326e-02 5.399674072265625000e+02
4.763998627662658691e+01 3.040000000000000036e+00 4.500000178813934326e-02 4.500274658203125000e+02
4.774898719787597656e+01 3.069999999999999840e+00 4.500000178813934326e-02 4.499181823730468750e+02
4.784398818016052246e+01 3.029999999999999805e+00 4.500000178813934326e-02 3.600875549316406250e+02
4.795499587059020996e+01 3.049999999999999822e+00 4.500000178813934326e-02 3.599782714843750000e+02
4.804098629951477051e+01 3.069999999999999840e+00 4.500000178813934326e-02 3.599782714843750000e+02
4.813599848747253418e+01 3.060000000000000053e+00 4.500000178813934326e-02 3.599782714843750000e+02
4.824798822402954102e+01 3.069999999999999840e+00 4.500000178813934326e-02 4.499728393554687500e+02
4.835599017143249512e+01 3.089999999999999858e+00 4.500000178813934326e-02 4.500274658203125000e+02
4.845098900794982910e+01 3.069999999999999840e+00 4.500000178813934326e-02 2.699837036132812500e+02
4.854098558425903320e+01 3.069999999999999840e+00 4.500000178813934326e-02 4.499728393554687500e+02
4.864798641204833984e+01 3.100000000000000089e+00 4.500000178813934326e-02 6.300166015625000000e+02
4.874298644065856934e+01 3.000000000000000000e+00 4.500000178813934326e-02 9.000003051757812500e+02
4.883999490737915039e+01 3.189999999999999947e+00 4.500000178813934326e-02 7.199565429687500000e+02
4.894098758697509766e+01 3.189999999999999947e+00 4.500000178813934326e-02 4.500274658203125000e+02
4.903499221801757812e+01 3.140000000000000124e+00 4.500000178813934326e-02 2.699837036132812500e+02
4.914798974990844727e+01 3.029999999999999805e+00 4.500000178813934326e-02 3.599782714843750000e+02
4.925598907470703125e+01 3.080000000000000071e+00 4.500000178813934326e-02 5.399947509765625000e+02
4.934998822212219238e+01 3.100000000000000089e+00 4.500000178813934326e-02 5.399947509765625000e+02
4.944099259376525879e+01 3.129999999999999893e+00 4.500000178813934326e-02 8.999456787109375000e+01
4.955198860168457031e+01 2.700000000000000178e+00 1.200000010430812836e-02 -2.700110473632812500e+02
4.963898992538452148e+01 2.700000000000000178e+00 1.499999966472387314e-02 -2.700110473632812500e+02
4.975599026679992676e+01 2.919999999999999929e+00 1.499999966472387314e-02 -4.500001525878906250e+02
4.984499049186706543e+01 2.879999999999999893e+00 1.499999966472387314e-02 -3.600055847167968750e+02
4.995399069786071777e+01 2.979999999999999982e+00 1.499999966472387314e-02 -4.500274658203125000e+02
5.004898858070373535e+01 3.020000000000000018e+00 1.499999966472387314e-02 -5.400220947265625000e+02
5.013798856735229492e+01 2.919999999999999929e+00 1.499999966472387314e-02 -6.299619750976562500e+02
5.024599862098693848e+01 2.879999999999999893e+00 1.499999966472387314e-02 -6.300166015625000000e+02
5.034098649024963379e+01 2.910000000000000142e+00 1.499999966472387314e-02 -7.200111694335937500e+02
5.045298838615417480e+01 2.810000000000000053e+00 1.499999966472387314e-02 -8.100057373046875000e+02
5.053798818588256836e+01 2.810000000000000053e+00 1.499999966472387314e-02 -9.000003051757812500e+02
5.065498971939086914e+01 2.770000000000000018e+00 1.499999966472387314e-02 -9.899949340820312500e+02
5.074599051475524902e+01 2.709999999999999964e+00 1.499999966472387314e-02 -9.899949340820312500e+02
5.085298895835876465e+01 2.720000000000000195e+00 1.499999966472387314e-02 -8.100057373046875000e+02
5.094799780845642090e+01 2.779999999999999805e+00 1.499999966472387314e-02 -6.300166015625000000e+02
5.103798770904541016e+01 2.779999999999999805e+00 1.499999966472387314e-02 -6.299072875976562500e+02
5.114599156379699707e+01 2.830000000000000071e+00 1.499999966472387314e-02 -7.200657958984375000e+02
5.123998975753784180e+01 2.819999999999999840e+00 1.499999966472387314e-02 -8.100057373046875000e+02
5.135298800468444824e+01 2.720000000000000195e+00 1.499999966472387314e-02 -8.100057373046875000e+02
5.144198751449584961e+01 2.810000000000000053e+00 1.499999966472387314e-02 -6.300166015625000000e+02
5.155499219894409180e+01 2.839999999999999858e+00 1.499999966472387314e-02 -8.100057373046875000e+02
5.164598965644836426e+01 2.779999999999999805e+00 1.499999966472387314e-02 -7.200657958984375000e+02
5.175599098205566406e+01 2.830000000000000071e+00 1.499999966472387314e-02 -5.399674072265625000e+02
5.184398841857910156e+01 2.850000000000000089e+00 1.499999966472387314e-02 -6.299072875976562500e+02
5.193899011611938477e+01 2.819999999999999840e+00 1.499999966472387314e-02 -5.400767211914062500e+02
5.204998898506164551e+01 2.890000000000000124e+00 1.499999966472387314e-02 -5.398581542968750000e+02
5.213598990440368652e+01 2.839999999999999858e+00 1.499999966472387314e-02 -3.599782714843750000e+02
5.225398874282836914e+01 2.910000000000000142e+00 1.499999966472387314e-02 -3.599782714843750000e+02
5.234299039840698242e+01 2.899999999999999911e+00 1.499999966472387314e-02 -5.398581542968750000e+02
5.245098662376403809e+01 2.899999999999999911e+00 1.499999966472387314e-02 -7.199565429687500000e+02
5.254599189758300781e+01 2.799999999999999822e+00 1.499999966472387314e-02 -8.100057373046875000e+02
5.263598847389221191e+01 2.779999999999999805e+00 1.499999966472387314e-02 -8.100057373046875000e+02
5.274299359321594238e+01 2.779999999999999805e+00 1.499999966472387314e-02 -7.199565429687500000e+02
5.283799529075622559e+01 2.770000000000000018e+00 1.499999966472387314e-02 -6.299072875976562500e+02
5.295098900794982910e+01 2.850000000000000089e+00 1.499999966472387314e-02 -6.299072875976562500e+02
5.303598999977111816e+01 2.839999999999999858e+00 1.499999966472387314e-02 -8.100057373046875000e+02
5.315298819541931152e+01 2.830000000000000071e+00 1.499999966472387314e-02 -6.301258544921875000e+02
5.324299931526184082e+01 2.810000000000000053e+00 1.499999966472387314e-02 -5.398581542968750000e+02
5.335099005699157715e+01 2.859999999999999876e+00 1.499999966472387314e-02 -5.400767211914062500e+02
5.344499063491821289e+01 2.850000000000000089e+00 1.499999966472387314e-02 -6.299072875976562500e+02
5.353598999977111816e+01 2.879999999999999893e+00 1.499999966472387314e-02 -7.199565429687500000e+02
5.364698815345764160e+01 2.810000000000000053e+00 1.499999966472387314e-02 -7.199565429687500000e+02
5.373399186134338379e+01 2.799999999999999822e+00 1.499999966472387314e-02 -7.199565429687500000e+02
5.385099029541015625e+01 2.770000000000000018e+00 1.499999966472387314e-02 -5.400767211914062500e+02
5.393998837471008301e+01 2.839999999999999858e+00 1.499999966472387314e-02 -5.398581542968750000e+02
5.404898619651794434e+01 2.899999999999999911e+00 1.499999966472387314e-02 -5.398581542968750000e+02
5.414399123191833496e+01 2.879999999999999893e+00 1.499999966472387314e-02 -6.301258544921875000e+02
5.425499081611633301e+01 2.899999999999999911e+00 1.499999966472387314e-02 -7.199565429687500000e+02
5.434098720550537109e+01 2.870000000000000107e+00 1.499999966472387314e-02 -9.898856811523437500e+02
5.443599510192871094e+01 2.799999999999999822e+00 1.499999966472387314e-02 -9.901042480468750000e+02
5.454798841476440430e+01 2.790000000000000036e+00 1.499999966472387314e-02 -9.898856811523437500e+02
5.465499401092529297e+01 2.729999999999999982e+00 1.499999966472387314e-02 -1.079716308593750000e+03
5.475098896026611328e+01 2.750000000000000000e+00 1.499999966472387314e-02 -9.896671142578125000e+02
5.484098625183105469e+01 2.759999999999999787e+00 1.499999966472387314e-02 -8.100057373046875000e+02
5.494798731803894043e+01 2.729999999999999982e+00 1.499999966472387314e-02 -5.398581542968750000e+02
5.504298853874206543e+01 2.750000000000000000e+00 1.499999966472387314e-02 -3.597597045898437500e+02
5.513998723030090332e+01 2.810000000000000053e+00 1.499999966472387314e-02 -3.601968383789062500e+02
5.524098634719848633e+01 2.939999999999999947e+00 1.499999966472387314e-02 -7.199565429687500000e+02
5.533499360084533691e+01 2.859999999999999876e+00 1.499999966472387314e-02 -9.896671142578125000e+02
5.544799113273620605e+01 2.759999999999999787e+00 1.499999966472387314e-02 -1.080153442382812500e+03
5.554198646545410156e+01 2.759999999999999787e+00 1.499999966472387314e-02 -1.080153442382812500e+03
5.564998888969421387e+01 2.740000000000000213e+00 1.499999966472387314e-02 -9.901042480468750000e+02
5.574098825454711914e+01 2.709999999999999964e+00 1.499999966472387314e-02 -9.000549316406250000e+02
5.585198783874511719e+01 2.750000000000000000e+00 1.499999966472387314e-02 -9.000549316406250000e+02
5.593898892402648926e+01 2.729999999999999982e+00 1.499999966472387314e-02 -9.000549316406250000e+02
5.605598998069763184e+01 2.779999999999999805e+00 1.499999966472387314e-02 -1.079716308593750000e+03
5.614500021934509277e+01 2.750000000000000000e+00 1.499999966472387314e-02 -1.170202514648437500e+03
5.625398969650268555e+01 2.729999999999999982e+00 1.499999966472387314e-02 -1.259814575195312500e+03
5.634898757934570312e+01 2.729999999999999982e+00 1.499999966472387314e-02 -1.170202514648437500e+03
5.643798780441284180e+01 2.660000000000000142e+00 1.499999966472387314e-02 -9.000549316406250000e+02
5.654598903656005859e+01 2.750000000000000000e+00 1.499999966472387314e-02 -8.100057373046875000e+02
5.664098739624023438e+01 2.700000000000000178e+00 1.499999966472387314e-02 -8.100057373046875000e+02
5.675298810005187988e+01 2.790000000000000036e+00 1.499999966472387314e-02 -9.000549316406250000e+02
5.683798623085021973e+01 2.810000000000000053e+00 1.499999966472387314e-02 -9.901042480468750000e+02
5.693298673629760742e+01 2.770000000000000018e+00 1.499999966472387314e-02 -9.000549316406250000e+02
5.704599118232727051e+01 2.720000000000000195e+00 1.499999966472387314e-02 -7.199565429687500000e+02
5.715298986434936523e+01 2.790000000000000036e+00 1.499999966472387314e-02 -5.398581542968750000e+02
5.724798774719238281e+01 2.890000000000000124e+00 1.499999966472387314e-02 -6.299072875976562500e+02
5.733798766136169434e+01 2.830000000000000071e+00 1.499999966472387314e-02 -7.199565429687500000e+02
5.744599032402038574e+01 2.799999999999999822e+00 1.499999966472387314e-02 -6.299072875976562500e+02
5.753998804092407227e+01 2.750000000000000000e+00 1.499999966472387314e-02 -2.701476440429687500e+02
5.765299034118652344e+01 2.709999999999999964e+00 4.500000178813934326e-02 2.701476440429687500e+02
5.774198770523071289e+01 3.040000000000000036e+00 4.500000178813934326e-02 4.502460327148437500e+02
5.785499262809753418e+01 3.000000000000000000e+00 4.500000178813934326e-02 7.203936767578125000e+02
5.794598984718322754e+01 3.120000000000000107e+00 4.500000178813934326e-02 7.199565429687500000e+02
5.803499150276184082e+01 3.109999999999999876e+00 4.500000178813934326e-02 5.398581542968750000e+02
5.814398837089538574e+01 3.009999999999999787e+00 4.500000178813934326e-02 4.498088989257812500e+02
5.823898744583129883e+01 3.040000000000000036e+00 4.500000178813934326e-02 6.299072875976562500e+02
5.834998655319213867e+01 3.069999999999999840e+00 4.500000178813934326e-02 7.199565429687500000e+02
5.843598937988281250e+01 3.109999999999999876e+00 4.500000178813934326e-02 9.000549316406250000e+02
5.855399036407470703e+01 3.189999999999999947e+00 4.500000178813934326e-02 9.000549316406250000e+02
5.864298844337463379e+01 3.109999999999999876e+00 4.500000178813934326e-02 9.000549316406250000e+02
5.875098943710327148e+01 3.169999999999999929e+00 4.500000178813934326e-02 9.896671142578125000e+02
5.884598994255065918e+01 3.160000000000000142e+00 4.500000178813934326e-02 9.901042480468750000e+02
5.893598961830139160e+01 3.169999999999999929e+00 4.500000178813934326e-02 9.896671142578125000e+02
5.904298877716064453e+01 3.080000000000000071e+00 4.500000178813934326e-02 9.901042480468750000e+02
5.913798737525939941e+01 3.129999999999999893e+00 4.500000178813934326e-02 9.000549316406250000e+02
5.925098848342895508e+01 3.169999999999999929e+00 4.500000178813934326e-02 8.100057373046875000e+02
5.933598995208740234e+01 3.109999999999999876e+00 4.500000178813934326e-02 9.000549316406250000e+02
5.945299029350280762e+01 3.120000000000000107e+00 4.500000178813934326e-02 1.170202514648437500e+03
5.954298806190490723e+01 3.089999999999999858e+00 4.500000178813934326e-02 1.080153442382812500e+03
5.965098643302917480e+01 3.149999999999999911e+00 4.500000178813934326e-02 1.079716308593750000e+03
5.974499106407165527e+01 3.120000000000000107e+00 4.500000178813934326e-02 1.079716308593750000e+03
5.983599066734313965e+01 3.149999999999999911e+00 4.500000178813934326e-02 9.901042480468750000e+02
5.994698882102966309e+01 3.140000000000000124e+00 4.500000178813934326e-02 8.100057373046875000e+02
6.003399848937988281e+01 3.140000000000000124e+00 4.500000178813934326e-02 9.000549316406250000e+02
6.015098881721496582e+01 3.169999999999999929e+00 4.500000178813934326e-02 1.170202514648437500e+03
6.023998904228210449e+01 3.109999999999999876e+00 4.500000178813934326e-02 1.169765380859375000e+03
6.034898853302001953e+01 3.189999999999999947e+00 4.500000178813934326e-02 1.169765380859375000e+03
6.044398951530456543e+01 3.180000000000000160e+00 4.500000178813934326e-02 9.901042480468750000e+02
6.055499386787414551e+01 3.200000000000000178e+00 4.500000178813934326e-02 7.199565429687500000e+02
6.064098763465881348e+01 3.140000000000000124e+00 4.500000178813934326e-02 7.199565429687500000e+02
6.073599243164062500e+01 3.109999999999999876e+00 4.500000178813934326e-02 9.901042480468750000e+02
6.084799027442932129e+01 3.100000000000000089e+00 4.500000178813934326e-02 9.898856811523437500e+02
6.095499181747436523e+01 3.180000000000000160e+00 4.500000178813934326e-02 1.079934814453125000e+03
6.107399654388427734e+01 3.140000000000000124e+00 4.500000178813934326e-02 1.079934814453125000e+03
6.116298723220825195e+01 3.129999999999999893e+00 4.500000178813934326e-02 1.169984008789062500e+03
6.127099037170410156e+01 3.240000000000000213e+00 4.500000178813934326e-02 9.898856811523437500e+02
6.136599040031433105e+01 3.189999999999999947e+00 4.500000178813934326e-02 8.100057373046875000e+02
6.145599079132080078e+01 3.140000000000000124e+00 4.500000178813934326e-02 9.000549316406250000e+02
6.156298589706420898e+01 3.220000000000000195e+00 4.500000178813934326e-02 8.998363647460937500e+02
6.165798687934875488e+01 3.189999999999999947e+00 4.500000178813934326e-02 8.100057373046875000e+02
6.177099013328552246e+01 3.180000000000000160e+00 4.500000178813934326e-02 7.199565429687500000e+02
6.185598993301391602e+01 3.069999999999999840e+00 4.500000178813934326e-02 6.301258544921875000e+02
6.197299146652221680e+01 3.080000000000000071e+00 4.500000178813934326e-02 7.201751098632812500e+02
6.206298923492431641e+01 3.160000000000000142e+00 4.500000178813934326e-02 7.199565429687500000e+02
6.217098784446716309e+01 3.089999999999999858e+00 4.500000178813934326e-02 5.398581542968750000e+02
6.226499104499816895e+01 3.120000000000000107e+00 4.500000178813934326e-02 7.199565429687500000e+02
6.235598969459533691e+01 3.080000000000000071e+00 4.500000178813934326e-02 7.201751098632812500e+02
6.246698927879333496e+01 3.009999999999999787e+00 4.500000178813934326e-02 8.998363647460937500e+02
6.255399036407470703e+01 3.049999999999999822e+00 4.500000178813934326e-02 8.999456787109375000e+02
6.267098855972290039e+01 3.040000000000000036e+00 4.500000178813934326e-02 1.170093261718750000e+03
6.275998878479003906e+01 3.089999999999999858e+00 4.500000178813934326e-02 1.440022338867187500e+03
6.286899018287658691e+01 3.129999999999999893e+00 4.500000178813934326e-02 1.440022338867187500e+03
6.296399116516113281e+01 3.180000000000000160e+00 4.500000178813934326e-02 1.620011474609375000e+03
6.307499289512634277e+01 3.160000000000000142e+00 4.500000178813934326e-02 1.529962280273437500e+03
6.316098761558532715e+01 3.149999999999999911e+00 4.500000178813934326e-02 1.259923950195312500e+03
6.325599002838134766e+01 3.200000000000000178e+00 4.500000178813934326e-02 1.079989501953125000e+03
6.336799836158752441e+01 3.140000000000000124e+00 4.500000178813934326e-02 8.100057373046875000e+02
6.347598934173583984e+01 3.089999999999999858e+00 4.500000178813934326e-02 9.000003051757812500e+02
6.357098817825317383e+01 3.129999999999999893e+00 4.500000178813934326e-02 1.169984008789062500e+03
6.366098713874816895e+01 3.140000000000000124e+00 4.500000178813934326e-02 1.169984008789062500e+03
6.376798963546752930e+01 3.200000000000000178e+00 4.500000178813934326e-02 7.200111694335937500e+02
6.386298918724060059e+01 3.140000000000000124e+00 4.500000178813934326e-02 6.299892578125000000e+02
6.397298669815063477e+01 3.089999999999999858e+00 4.500000178813934326e-02 6.300029296875000000e+02
6.406098699569702148e+01 3.089999999999999858e+00 4.500000178813934326e-02 5.400084228515625000e+02
6.415499138832092285e+01 3.120000000000000107e+00 4.500000178813934326e-02 4.500001525878906250e+02
6.426798605918884277e+01 3.189999999999999947e+00 4.500000178813934326e-02 4.499967346191406250e+02
6.437499070167541504e+01 2.890000000000000124e+00 1.200000010430812836e-02 0.000000000000000000e+00
6.446998739242553711e+01 2.209999999999999964e+00 1.200000010430812836e-02 0.000000000000000000e+00
6.456098675727844238e+01 2.109999999999999876e+00 1.200000010430812836e-02 0.000000000000000000e+00
6.467198944091796875e+01 1.429999999999999938e+00 1.200000010430812836e-02 0.000000000000000000e+00
6.475898957252502441e+01 1.350000000000000089e+00 1.200000010430812836e-02 0.000000000000000000e+00
6.486098694801330566e+01 1.310000000000000053e+00 1.200000010430812836e-02 0.000000000000000000e+00
6.496498942375183105e+01 1.290000000000000036e+00 1.200000010430812836e-02 0.000000000000000000e+00
6.507398605346679688e+01 1.260000000000000009e+00 1.200000010430812836e-02 0.000000000000000000e+00
6.516898536682128906e+01 1.250000000000000000e+00 1.200000010430812836e-02 0.000000000000000000e+00
6.525799226760864258e+01 1.229999999999999982e+00 1.200000010430812836e-02 0.000000000000000000e+00
6.536598873138427734e+01 1.229999999999999982e+00 1.200000010430812836e-02 0.000000000000000000e+00
6.546098947525024414e+01 1.219999999999999973e+00 1.200000010430812836e-02 0.000000000000000000e+00
6.557298636436462402e+01 1.209999999999999964e+00 1.200000010430812836e-02 0.000000000000000000e+00
6.565798783302307129e+01 1.199999999999999956e+00 1.200000010430812836e-02 0.000000000000000000e+00
6.576398682594299316e+01 1.199999999999999956e+00 1.200000010430812836e-02 0.000000000000000000e+00
6.586599183082580566e+01 1.179999999999999938e+00 1.200000010430812836e-02 0.000000000000000000e+00
6.597298693656921387e+01 1.179999999999999938e+00 1.200000010430812836e-02 0.000000000000000000e+00
6.606798887252807617e+01 1.169999999999999929e+00 1.200000010430812836e-02 0.000000000000000000e+00
6.615798544883728027e+01 1.169999999999999929e+00 1.200000010430812836e-02 0.000000000000000000e+00
6.626599025726318359e+01 1.159999999999999920e+00 1.200000010430812836e-02 0.000000000000000000e+00
6.635998773574829102e+01 1.149999999999999911e+00 1.200000010430812836e-02 0.000000000000000000e+00
6.647298765182495117e+01 1.149999999999999911e+00 1.200000010430812836e-02 0.000000000000000000e+00
6.656198930740356445e+01 1.149999999999999911e+00 1.200000010430812836e-02 0.000000000000000000e+00
6.667499160766601562e+01 1.139999999999999902e+00 1.200000010430812836e-02 0.000000000000000000e+00
6.676599049568176270e+01 1.139999999999999902e+00 1.200000010430812836e-02 0.000000000000000000e+00
6.685499143600463867e+01 1.129999999999999893e+00 1.200000010430812836e-02 0.000000000000000000e+00
6.696399021148681641e+01 1.129999999999999893e+00 1.200000010430812836e-02 0.000000000000000000e+00
6.705898833274841309e+01 1.120000000000000107e+00 1.200000010430812836e-02 0.000000000000000000e+00
6.716998672485351562e+01 1.120000000000000107e+00 1.200000010430812836e-02 0.000000000000000000e+00
6.725598788261413574e+01 1.120000000000000107e+00 1.200000010430812836e-02 0.000000000000000000e+00
6.737398886680603027e+01 1.110000000000000098e+00 1.200000010430812836e-02 0.000000000000000000e+00
6.746299195289611816e+01 1.110000000000000098e+00 1.200000010430812836e-02 0.000000000000000000e+00
6.757098817825317383e+01 1.110000000000000098e+00 1.200000010430812836e-02 0.000000000000000000e+00
6.766598773002624512e+01 1.110000000000000098e+00 1.200000010430812836e-02 0.000000000000000000e+00
6.775598835945129395e+01 1.100000000000000089e+00 1.200000010430812836e-02 0.000000000000000000e+00
