6.195688247680664062e-02 2.439999999999999947e+00 4.899999871850013733e-02 0.000000000000000000e+00
1.619567871093750000e-01 2.439999999999999947e+00 4.899999871850013733e-02 0.000000000000000000e+00
2.489590644836425781e-01 2.439999999999999947e+00 4.899999871850013733e-02 0.000000000000000000e+00
3.609571456909179688e-01 2.439999999999999947e+00 4.899999871850013733e-02 0.000000000000000000e+00
4.520201683044433594e-01 2.439999999999999947e+00 4.899999871850013733e-02 0.000000000000000000e+00
5.459592342376708984e-01 2.439999999999999947e+00 4.899999871850013733e-02 0.000000000000000000e+00
6.529574394226074219e-01 2.439999999999999947e+00 4.899999871850013733e-02 0.000000000000000000e+00
7.429575920104980469e-01 2.439999999999999947e+00 4.899999871850013733e-02 0.000000000000000000e+00
8.609583377838134766e-01 2.439999999999999947e+00 4.899999871850013733e-02 0.000000000000000000e+00
9.459638595581054688e-01 2.450000000000000178e+00 4.899999871850013733e-02 0.000000000000000000e+00
1.057955265045166016e+00 2.490000000000000213e+00 4.899999871850013733e-02 0.000000000000000000e+00
1.152958631515502930e+00 2.509999999999999787e+00 4.899999871850013733e-02 0.000000000000000000e+00
1.260957002639770508e+00 2.620000000000000107e+00 4.899999871850013733e-02 0.000000000000000000e+00
1.349959373474121094e+00 2.790000000000000036e+00 4.899999871850013733e-02 0.000000000000000000e+00
1.444958448410034180e+00 2.930000000000000160e+00 4.899999871850013733e-02 0.000000000000000000e+00
1.553965568542480469e+00 3.220000000000000195e+00 4.899999871850013733e-02 0.000000000000000000e+00
1.642955541610717773e+00 3.870000000000000107e+00 4.899999871850013733e-02 0.000000000000000000e+00
1.760009050369262695e+00 5.070000000000000284e+00 4.899999871850013733e-02 0.000000000000000000e+00
1.846961736679077148e+00 5.940000000000000391e+00 4.899999871850013733e-02 -9.004920959472656250e+01
1.957966566085815430e+00 5.240000000000000213e+00 1.999999955296516418e-02 -9.901042480468750000e+02
2.048954963684082031e+00 3.229999999999999982e+00 1.999999955296516418e-02 -5.398581542968750000e+02
2.161958932876586914e+00 3.310000000000000053e+00 1.999999955296516418e-02 -3.601968383789062500e+02
2.249955415725708008e+00 3.620000000000000107e+00 1.999999955296516418e-02 -8.996177978515625000e+02
2.340957164764404297e+00 3.399999999999999911e+00 1.999999955296516418e-02 -8.100057373046875000e+02
2.457960605621337891e+00 3.319999999999999840e+00 1.999999955296516418e-02 -6.299072875976562500e+02
2.542954921722412109e+00 3.470000000000000195e+00 1.999999955296516418e-02 -8.100057373046875000e+02
2.656000852584838867e+00 3.439999999999999947e+00 1.999999955296516418e-02 -7.203936767578125000e+02
2.750955581665039062e+00 3.350000000000000089e+00 1.999999955296516418e-02 -5.398581542968750000e+02
2.857962608337402344e+00 3.350000000000000089e+00 1.999999955296516418e-02 -3.601968383789062500e+02
2.948000669479370117e+00 3.399999999999999911e+00 1.999999955296516418e-02 -3.601968383789062500e+02
3.042957067489624023e+00 3.509999999999999787e+00 1.999999955296516418e-02 -4.498088989257812500e+02
3.150957822799682617e+00 3.479999999999999982e+00 1.999999955296516418e-02 -5.398581542968750000e+02
3.240001201629638672e+00 3.450000000000000178e+00 1.999999955296516418e-02 -5.398581542968750000e+02
3.357960700988769531e+00 3.450000000000000178e+00 1.999999955296516418e-02 -4.498088989257812500e+02
3.443998813629150391e+00 3.410000000000000142e+00 1.999999955296516418e-02 -4.498088989257812500e+02
3.554955959320068359e+00 3.430000000000000160e+00 1.999999955296516418e-02 -5.402952880859375000e+02
3.649957656860351562e+00 3.430000000000000160e+00 1.999999955296516418e-02 -5.402952880859375000e+02
3.758966207504272461e+00 3.459999999999999964e+00 1.999999955296516418e-02 -5.402952880859375000e+02
3.848007917404174805e+00 3.350000000000000089e+00 1.999999955296516418e-02 -4.498088989257812500e+02
3.938955783843994141e+00 3.410000000000000142e+00 1.999999955296516418e-02 -4.498088989257812500e+02
4.052008390426635742e+00 3.509999999999999787e+00 1.999999955296516418e-02 -4.502460327148437500e+02
4.140004158020019531e+00 3.470000000000000195e+00 1.999999955296516418e-02 -3.597597045898437500e+02
4.253957748413085938e+00 3.430000000000000160e+00 1.999999955296516418e-02 -4.498088989257812500e+02
4.347994327545166016e+00 3.390000000000000124e+00 1.999999955296516418e-02 -4.502460327148437500e+02
4.454955816268920898e+00 3.450000000000000178e+00 1.999999955296516418e-02 -6.303444213867187500e+02
4.545962333679199219e+00 3.419999999999999929e+00 1.999999955296516418e-02 -6.299072875976562500e+02
4.640959262847900391e+00 3.359999999999999876e+00 1.999999955296516418e-02 -5.402952880859375000e+02
4.748007059097290039e+00 3.379999999999999893e+00 1.999999955296516418e-02 -3.597597045898437500e+02
4.860958337783813477e+00 3.490000000000000213e+00 1.999999955296516418e-02 -4.498088989257812500e+02
4.955997943878173828e+00 3.430000000000000160e+00 1.999999955296516418e-02 -6.299072875976562500e+02
5.056959629058837891e+00 3.490000000000000213e+00 1.999999955296516418e-02 -8.100057373046875000e+02
5.152957439422607422e+00 3.459999999999999964e+00 1.999999955296516418e-02 -9.000549316406250000e+02
5.248000860214233398e+00 3.350000000000000089e+00 1.999999955296516418e-02 -8.100057373046875000e+02
5.356001853942871094e+00 3.419999999999999929e+00 1.999999955296516418e-02 -7.199565429687500000e+02
5.444957733154296875e+00 3.439999999999999947e+00 1.999999955296516418e-02 -8.100057373046875000e+02
5.561956644058227539e+00 3.350000000000000089e+00 1.999999955296516418e-02 -6.299072875976562500e+02
5.648957490921020508e+00 3.439999999999999947e+00 1.999999955296516418e-02 -7.199565429687500000e+02
5.759995460510253906e+00 3.359999999999999876e+00 1.999999955296516418e-02 -5.398581542968750000e+02
5.854956388473510742e+00 3.490000000000000213e+00 1.999999955296516418e-02 -5.402952880859375000e+02
5.941956758499145508e+00 3.540000000000000036e+00 1.999999955296516418e-02 -5.402952880859375000e+02
6.052973985671997070e+00 3.459999999999999964e+00 1.999999955296516418e-02 -4.502460327148437500e+02
6.144002914428710938e+00 3.439999999999999947e+00 1.999999955296516418e-02 -4.502460327148437500e+02
6.256963253021240234e+00 3.430000000000000160e+00 1.999999955296516418e-02 -5.398581542968750000e+02
6.344957828521728516e+00 3.410000000000000142e+00 1.999999955296516418e-02 -5.398581542968750000e+02
6.458957433700561523e+00 3.439999999999999947e+00 1.999999955296516418e-02 -4.498088989257812500e+02
6.552958488464355469e+00 3.470000000000000195e+00 1.999999955296516418e-02 -4.502460327148437500e+02
6.660000801086425781e+00 3.520000000000000018e+00 1.999999955296516418e-02 -5.398581542968750000e+02
6.750956296920776367e+00 3.419999999999999929e+00 1.999999955296516418e-02 -6.299072875976562500e+02
6.846028804779052734e+00 3.359999999999999876e+00 1.999999955296516418e-02 -6.299072875976562500e+02
6.952960729598999023e+00 3.399999999999999911e+00 1.999999955296516418e-02 -4.498088989257812500e+02
7.042959213256835938e+00 3.359999999999999876e+00 1.999999955296516418e-02 -3.601968383789062500e+02
7.160959243774414062e+00 3.459999999999999964e+00 1.999999955296516418e-02 -5.402952880859375000e+02
7.245970726013183594e+00 3.459999999999999964e+00 1.999999955296516418e-02 -6.299072875976562500e+02
7.357957839965820312e+00 3.459999999999999964e+00 1.999999955296516418e-02 -8.100057373046875000e+02
7.452956676483154297e+00 3.379999999999999893e+00 1.999999955296516418e-02 -9.000549316406250000e+02
7.560958862304687500e+00 3.370000000000000107e+00 1.999999955296516418e-02 -9.901042480468750000e+02
7.649956226348876953e+00 3.370000000000000107e+00 1.999999955296516418e-02 -6.303444213867187500e+02
7.744960308074951172e+00 3.379999999999999893e+00 1.999999955296516418e-02 -6.301258544921875000e+02
7.853957414627075195e+00 3.379999999999999893e+00 1.999999955296516418e-02 -6.299072875976562500e+02
7.942957162857055664e+00 3.410000000000000142e+00 1.999999955296516418e-02 -6.299072875976562500e+02
8.060004472732543945e+00 3.430000000000000160e+00 1.999999955296516418e-02 -7.201751098632812500e+02
8.146965980529785156e+00 3.430000000000000160e+00 1.999999955296516418e-02 -7.199565429687500000e+02
8.257959842681884766e+00 3.399999999999999911e+00 1.999999955296516418e-02 -6.301258544921875000e+02
8.348959922790527344e+00 3.450000000000000178e+00 1.999999955296516418e-02 -7.199565429687500000e+02
8.461956977844238281e+00 3.430000000000000160e+00 1.999999955296516418e-02 -6.299072875976562500e+02
8.549956560134887695e+00 3.399999999999999911e+00 1.999999955296516418e-02 -7.199565429687500000e+02
8.640957593917846680e+00 3.379999999999999893e+00 1.999999955296516418e-02 -7.201751098632812500e+02
8.757958173751831055e+00 3.330000000000000071e+00 1.999999955296516418e-02 -4.500274658203125000e+02
8.842956304550170898e+00 3.439999999999999947e+00 1.999999955296516418e-02 -4.500274658203125000e+02
8.955994606018066406e+00 3.439999999999999947e+00 1.999999955296516418e-02 -6.301258544921875000e+02
9.050969362258911133e+00 3.370000000000000107e+00 1.999999955296516418e-02 -6.299072875976562500e+02
9.157958269119262695e+00 3.379999999999999893e+00 1.999999955296516418e-02 -6.299072875976562500e+02
9.248007774353027344e+00 3.390000000000000124e+00 1.999999955296516418e-02 -5.400767211914062500e+02
9.342956542968750000e+00 3.370000000000000107e+00 1.999999955296516418e-02 -6.299072875976562500e+02
9.450965642929077148e+00 3.470000000000000195e+00 1.999999955296516418e-02 -6.301258544921875000e+02
9.540007352828979492e+00 3.430000000000000160e+00 1.999999955296516418e-02 -6.301258544921875000e+02
9.657959699630737305e+00 3.370000000000000107e+00 1.999999955296516418e-02 -5.398581542968750000e+02
9.744009733200073242e+00 3.419999999999999929e+00 1.999999955296516418e-02 -6.301258544921875000e+02
9.854956388473510742e+00 3.430000000000000160e+00 1.999999955296516418e-02 -7.199565429687500000e+02
9.949959039688110352e+00 3.439999999999999947e+00 1.999999955296516418e-02 -6.299072875976562500e+02
1.005895566940307617e+01 3.430000000000000160e+00 1.999999955296516418e-02 -7.199565429687500000e+02
1.014800643920898438e+01 3.399999999999999911e+00 1.999999955296516418e-02 -7.199565429687500000e+02
1.023896694183349609e+01 3.359999999999999876e+00 1.999999955296516418e-02 -5.398581542968750000e+02
1.035199928283691406e+01 3.430000000000000160e+00 1.999999955296516418e-02 -4.500274658203125000e+02
1.044000172615051270e+01 3.439999999999999947e+00 1.999999955296516418e-02 -3.599782714843750000e+02
1.055395817756652832e+01 3.399999999999999911e+00 1.999999955296516418e-02 -3.599782714843750000e+02
1.064799785614013672e+01 3.490000000000000213e+00 1.999999955296516418e-02 -4.500274658203125000e+02
1.075495982170104980e+01 3.580000000000000071e+00 1.999999955296516418e-02 -5.400767211914062500e+02
1.084595942497253418e+01 3.390000000000000124e+00 1.999999955296516418e-02 -6.300166015625000000e+02
1.094096064567565918e+01 3.319999999999999840e+00 1.999999955296516418e-02 -6.299072875976562500e+02
1.104800033569335938e+01 3.450000000000000178e+00 1.999999955296516418e-02 -7.200657958984375000e+02
1.116095757484436035e+01 3.350000000000000089e+00 1.999999955296516418e-02 -6.300166015625000000e+02
1.125603866577148438e+01 3.350000000000000089e+00 1.999999955296516418e-02 -5.399674072265625000e+02
1.134800171852111816e+01 3.379999999999999893e+00 1.999999955296516418e-02 -4.500274658203125000e+02
1.145301580429077148e+01 3.370000000000000107e+00 1.999999955296516418e-02 -5.399674072265625000e+02
1.154800558090209961e+01 3.390000000000000124e+00 1.999999955296516418e-02 -5.399674072265625000e+02
1.165602135658264160e+01 3.459999999999999964e+00 1.999999955296516418e-02 -7.199565429687500000e+02
1.174495840072631836e+01 3.410000000000000142e+00 1.999999955296516418e-02 -6.300166015625000000e+02
1.186195468902587891e+01 3.299999999999999822e+00 1.999999955296516418e-02 -3.599782714843750000e+02
1.194895577430725098e+01 3.490000000000000213e+00 1.999999955296516418e-02 -4.500274658203125000e+02
1.206001329421997070e+01 3.470000000000000195e+00 1.999999955296516418e-02 -5.399674072265625000e+02
1.215495872497558594e+01 3.410000000000000142e+00 1.999999955296516418e-02 -2.699290771484375000e+02
1.224195575714111328e+01 3.370000000000000107e+00 1.999999955296516418e-02 -1.799891357421875000e+02
1.235295987129211426e+01 3.450000000000000178e+00 1.999999955296516418e-02 -2.700383605957031250e+02
1.244399666786193848e+01 3.490000000000000213e+00 1.999999955296516418e-02 -1.799891357421875000e+02
1.255696272850036621e+01 3.500000000000000000e+00 1.999999955296516418e-02 -1.799891357421875000e+02
1.264495658874511719e+01 3.560000000000000053e+00 1.999999955296516418e-02 -2.700383605957031250e+02
1.275895738601684570e+01 3.430000000000000160e+00 1.999999955296516418e-02 -3.599782714843750000e+02
1.285295605659484863e+01 3.500000000000000000e+00 1.999999955296516418e-02 -5.399674072265625000e+02
1.295999836921691895e+01 3.379999999999999893e+00 1.999999955296516418e-02 -3.599782714843750000e+02
1.305095314979553223e+01 3.479999999999999982e+00 1.999999955296516418e-02 -2.700383605957031250e+02
1.314606499671936035e+01 3.560000000000000053e+00 1.999999955296516418e-02 -2.699837036132812500e+02
1.325295758247375488e+01 3.509999999999999787e+00 1.999999955296516418e-02 -2.699837036132812500e+02
1.334295415878295898e+01 3.509999999999999787e+00 1.999999955296516418e-02 -8.999456787109375000e+01
1.346096539497375488e+01 3.589999999999999858e+00 1.999999955296516418e-02 -9.004920959472656250e+01
1.354597234725952148e+01 3.589999999999999858e+00 1.999999955296516418e-02 -1.799891357421875000e+02
1.365795707702636719e+01 3.520000000000000018e+00 1.999999955296516418e-02 -1.799891357421875000e+02
1.375295758247375488e+01 3.560000000000000053e+00 1.999999955296516418e-02 -2.699837036132812500e+02
1.386095738410949707e+01 3.529999999999999805e+00 1.999999955296516418e-02 -4.499728393554687500e+02
1.394995903968811035e+01 3.490000000000000213e+00 1.999999955296516418e-02 -5.399674072265625000e+02
1.404496073722839355e+01 3.060000000000000053e+00 1.999999955296516418e-02 0.000000000000000000e+00
1.415395426750183105e+01 3.160000000000000142e+00 1.999999955296516418e-02 0.000000000000000000e+00
1.424295639991760254e+01 3.180000000000000160e+00 1.999999955296516418e-02 0.000000000000000000e+00
1.436000227928161621e+01 3.069999999999999840e+00 1.999999955296516418e-02 0.000000000000000000e+00
1.444695591926574707e+01 2.990000000000000213e+00 1.999999955296516418e-02 0.000000000000000000e+00
1.455795764923095703e+01 2.709999999999999964e+00 1.999999955296516418e-02 0.000000000000000000e+00
1.464896392822265625e+01 2.109999999999999876e+00 1.999999955296516418e-02 0.000000000000000000e+00
1.476095700263977051e+01 1.520000000000000018e+00 5.000000074505805969e-02 6.300166015625000000e+02
1.484995913505554199e+01 3.529999999999999805e+00 5.000000074505805969e-02 2.699837036132812500e+02
1.494095563888549805e+01 3.600000000000000089e+00 5.000000074505805969e-02 3.600328979492187500e+02
1.505795693397521973e+01 3.490000000000000213e+00 5.000000074505805969e-02 4.499728393554687500e+02
1.514295506477355957e+01 3.490000000000000213e+00 5.000000074505805969e-02 5.400220947265625000e+02
1.525599908828735352e+01 3.529999999999999805e+00 5.000000074505805969e-02 5.400220947265625000e+02
1.535095691680908203e+01 3.520000000000000018e+00 5.000000074505805969e-02 7.200111694335937500e+02
1.545796084403991699e+01 3.560000000000000053e+00 5.000000074505805969e-02 6.300166015625000000e+02
1.554800009727478027e+01 3.520000000000000018e+00 5.000000074505805969e-02 7.199565429687500000e+02
1.564295458793640137e+01 3.549999999999999822e+00 5.000000074505805969e-02 8.100057373046875000e+02
1.575095582008361816e+01 3.569999999999999840e+00 5.000000074505805969e-02 8.100057373046875000e+02
1.584000515937805176e+01 3.609999999999999876e+00 5.000000074505805969e-02 6.300166015625000000e+02
1.595796084403991699e+01 3.580000000000000071e+00 5.000000074505805969e-02 7.200657958984375000e+02
1.604400277137756348e+01 3.520000000000000018e+00 5.000000074505805969e-02 8.999456787109375000e+02
1.615495634078979492e+01 3.609999999999999876e+00 5.000000074505805969e-02 9.000549316406250000e+02
1.624995899200439453e+01 3.569999999999999840e+00 5.000000074505805969e-02 8.100057373046875000e+02
1.635895752906799316e+01 3.600000000000000089e+00 5.000000074505805969e-02 6.300166015625000000e+02
1.644800376892089844e+01 3.589999999999999858e+00 5.000000074505805969e-02 7.199565429687500000e+02
1.653895640373229980e+01 3.569999999999999840e+00 5.000000074505805969e-02 6.300166015625000000e+02
1.665199708938598633e+01 3.529999999999999805e+00 5.000000074505805969e-02 5.398581542968750000e+02
1.673999905586242676e+01 3.569999999999999840e+00 5.000000074505805969e-02 3.599782714843750000e+02
1.685395479202270508e+01 3.540000000000000036e+00 5.000000074505805969e-02 5.398581542968750000e+02
1.694801402091979980e+01 3.589999999999999858e+00 5.000000074505805969e-02 5.398581542968750000e+02
1.705495572090148926e+01 3.569999999999999840e+00 5.000000074505805969e-02 4.500274658203125000e+02
1.714596033096313477e+01 3.529999999999999805e+00 5.000000074505805969e-02 3.599782714843750000e+02
1.724801158905029297e+01 3.580000000000000071e+00 5.000000074505805969e-02 5.400767211914062500e+02
1.734799742698669434e+01 3.540000000000000036e+00 5.000000074505805969e-02 5.398581542968750000e+02
1.746095681190490723e+01 3.549999999999999822e+00 5.000000074505805969e-02 5.398581542968750000e+02
1.755600237846374512e+01 3.529999999999999805e+00 5.000000074505805969e-02 7.201751098632812500e+02
1.764096117019653320e+01 3.589999999999999858e+00 5.000000074505805969e-02 7.199565429687500000e+02
1.775295782089233398e+01 3.609999999999999876e+00 5.000000074505805969e-02 6.299072875976562500e+02
1.784801387786865234e+01 3.540000000000000036e+00 5.000000074505805969e-02 6.301258544921875000e+02
1.795599675178527832e+01 3.540000000000000036e+00 5.000000074505805969e-02 8.100057373046875000e+02
1.804495644569396973e+01 3.560000000000000053e+00 5.000000074505805969e-02 7.199565429687500000e+02
1.814696478843688965e+01 3.600000000000000089e+00 5.000000074505805969e-02 5.400767211914062500e+02
1.824895763397216797e+01 3.660000000000000142e+00 5.000000074505805969e-02 4.500274658203125000e+02
1.836000347137451172e+01 3.490000000000000213e+00 5.000000074505805969e-02 4.500274658203125000e+02
1.845495963096618652e+01 3.419999999999999929e+00 5.000000074505805969e-02 5.400767211914062500e+02
1.854195690155029297e+01 3.529999999999999805e+00 5.000000074505805969e-02 4.500274658203125000e+02
1.865295767784118652e+01 3.529999999999999805e+00 5.000000074505805969e-02 4.498088989257812500e+02
1.874399995803833008e+01 3.520000000000000018e+00 5.000000074505805969e-02 3.599782714843750000e+02
1.885696601867675781e+01 3.509999999999999787e+00 5.000000074505805969e-02 5.398581542968750000e+02
1.894495654106140137e+01 3.540000000000000036e+00 5.000000074505805969e-02 5.400767211914062500e+02
1.905895876884460449e+01 3.600000000000000089e+00 5.000000074505805969e-02 6.299072875976562500e+02
1.915295696258544922e+01 3.589999999999999858e+00 5.000000074505805969e-02 5.400767211914062500e+02
1.926000237464904785e+01 3.540000000000000036e+00 5.000000074505805969e-02 3.599782714843750000e+02
1.935095548629760742e+01 3.549999999999999822e+00 5.000000074505805969e-02 3.599782714843750000e+02
1.944596028327941895e+01 3.520000000000000018e+00 5.000000074505805969e-02 4.500274658203125000e+02
1.955297040939331055e+01 3.509999999999999787e+00 5.000000074505805969e-02 5.400767211914062500e+02
1.964295625686645508e+01 3.540000000000000036e+00 5.000000074505805969e-02 5.398581542968750000e+02
1.976095867156982422e+01 3.569999999999999840e+00 5.000000074505805969e-02 5.400767211914062500e+02
1.984596085548400879e+01 3.620000000000000107e+00 5.000000074505805969e-02 4.500274658203125000e+02
1.995795845985412598e+01 3.560000000000000053e+00 5.000000074505805969e-02 5.398581542968750000e+02
2.005295968055725098e+01 3.600000000000000089e+00 5.000000074505805969e-02 3.599782714843750000e+02
2.016095566749572754e+01 3.520000000000000018e+00 5.000000074505805969e-02 5.398581542968750000e+02
2.024995827674865723e+01 3.509999999999999787e+00 5.000000074505805969e-02 5.398581542968750000e+02
2.034495806694030762e+01 3.529999999999999805e+00 5.000000074505805969e-02 5.398581542968750000e+02
2.045395803451538086e+01 3.589999999999999858e+00 5.000000074505805969e-02 4.502460327148437500e+02
2.054295706748962402e+01 3.540000000000000036e+00 5.000000074505805969e-02 6.303444213867187500e+02
2.066000342369079590e+01 3.540000000000000036e+00 5.000000074505805969e-02 6.299072875976562500e+02
2.074696660041809082e+01 3.620000000000000107e+00 5.000000074505805969e-02 4.498088989257812500e+02
2.085796260833740234e+01 3.500000000000000000e+00 5.000000074505805969e-02 4.498088989257812500e+02
2.094895935058593750e+01 3.520000000000000018e+00 5.000000074505805969e-02 6.299072875976562500e+02
2.106095743179321289e+01 3.549999999999999822e+00 5.000000074505805969e-02 7.199565429687500000e+02
2.114995813369750977e+01 3.580000000000000071e+00 5.000000074505805969e-02 7.199565429687500000e+02
2.124095630645751953e+01 3.560000000000000053e+00 5.000000074505805969e-02 7.199565429687500000e+02
2.135795950889587402e+01 3.589999999999999858e+00 5.000000074505805969e-02 3.601968383789062500e+02
2.144295644760131836e+01 3.500000000000000000e+00 5.000000074505805969e-02 5.398581542968750000e+02
2.155599880218505859e+01 3.509999999999999787e+00 5.000000074505805969e-02 5.402952880859375000e+02
2.165095663070678711e+01 3.600000000000000089e+00 5.000000074505805969e-02 7.199565429687500000e+02
2.175795888900756836e+01 3.609999999999999876e+00 5.000000074505805969e-02 4.498088989257812500e+02
2.184800171852111816e+01 3.479999999999999982e+00 5.000000074505805969e-02 5.398581542968750000e+02
2.194296479225158691e+01 3.509999999999999787e+00 5.000000074505805969e-02 7.199565429687500000e+02
2.205095672607421875e+01 3.609999999999999876e+00 5.000000074505805969e-02 5.398581542968750000e+02
2.214002108573913574e+01 3.609999999999999876e+00 5.000000074505805969e-02 4.498088989257812500e+02
2.225795841217041016e+01 3.589999999999999858e+00 5.000000074505805969e-02 4.502460327148437500e+02
2.234400153160095215e+01 3.589999999999999858e+00 5.000000074505805969e-02 5.398581542968750000e+02
2.245496153831481934e+01 3.560000000000000053e+00 5.000000074505805969e-02 3.597597045898437500e+02
2.254996013641357422e+01 3.450000000000000178e+00 5.000000074505805969e-02 3.597597045898437500e+02
2.265895676612854004e+01 3.459999999999999964e+00 5.000000074505805969e-02 4.502460327148437500e+02
2.274800300598144531e+01 3.490000000000000213e+00 5.000000074505805969e-02 6.299072875976562500e+02
2.283895993232727051e+01 3.540000000000000036e+00 5.000000074505805969e-02 5.402952880859375000e+02
2.295200061798095703e+01 3.560000000000000053e+00 5.000000074505805969e-02 5.398581542968750000e+02
2.306195950508117676e+01 3.620000000000000107e+00 5.000000074505805969e-02 4.502460327148437500e+02
2.315395712852478027e+01 3.600000000000000089e+00 5.000000074505805969e-02 3.601968383789062500e+02
2.324800348281860352e+01 3.560000000000000053e+00 5.000000074505805969e-02 3.597597045898437500e+02
2.335495638847351074e+01 3.479999999999999982e+00 5.000000074505805969e-02 5.398581542968750000e+02
2.344596219062805176e+01 3.509999999999999787e+00 5.000000074505805969e-02 4.498088989257812500e+02
2.354095840454101562e+01 3.620000000000000107e+00 5.000000074505805969e-02 4.498088989257812500e+02
2.364799571037292480e+01 3.600000000000000089e+00 5.000000074505805969e-02 4.498088989257812500e+02
2.376096153259277344e+01 3.520000000000000018e+00 5.000000074505805969e-02 3.597597045898437500e+02
2.385600399971008301e+01 3.549999999999999822e+00 5.000000074505805969e-02 3.601968383789062500e+02
2.395695900917053223e+01 3.459999999999999964e+00 5.000000074505805969e-02 4.502460327148437500e+02
2.405295872688293457e+01 3.509999999999999787e+00 5.000000074505805969e-02 4.498088989257812500e+02
2.414799642562866211e+01 3.490000000000000213e+00 5.000000074505805969e-02 3.601968383789062500e+02
2.425601005554199219e+01 3.569999999999999840e+00 5.000000074505805969e-02 4.498088989257812500e+02
2.434495615959167480e+01 3.569999999999999840e+00 5.000000074505805969e-02 3.601968383789062500e+02
2.445600342750549316e+01 3.490000000000000213e+00 5.000000074505805969e-02 2.697105102539062500e+02
2.454895758628845215e+01 3.509999999999999787e+00 5.000000074505805969e-02 3.597597045898437500e+02
2.466000294685363770e+01 3.529999999999999805e+00 5.000000074505805969e-02 5.398581542968750000e+02
2.475495553016662598e+01 3.580000000000000071e+00 5.000000074505805969e-02 3.601968383789062500e+02
2.484195590019226074e+01 3.589999999999999858e+00 5.000000074505805969e-02 1.800984191894531250e+02
2.495296049118041992e+01 3.490000000000000213e+00 5.000000074505805969e-02 3.597597045898437500e+02
2.504400706291198730e+01 3.479999999999999982e+00 5.000000074505805969e-02 3.601968383789062500e+02
2.515696215629577637e+01 3.439999999999999947e+00 5.000000074505805969e-02 4.498088989257812500e+02
2.524496912956237793e+01 3.540000000000000036e+00 5.000000074505805969e-02 4.502460327148437500e+02
2.535895776748657227e+01 3.529999999999999805e+00 5.000000074505805969e-02 3.597597045898437500e+02
2.545295619964599609e+01 3.479999999999999982e+00 5.000000074505805969e-02 5.398581542968750000e+02
2.556000781059265137e+01 3.470000000000000195e+00 5.000000074505805969e-02 5.398581542968750000e+02
2.565095615386962891e+01 3.540000000000000036e+00 5.000000074505805969e-02 3.601968383789062500e+02
2.574606442451477051e+01 3.600000000000000089e+00 5.000000074505805969e-02 3.597597045898437500e+02
2.585296392440795898e+01 3.549999999999999822e+00 5.000000074505805969e-02 6.303444213867187500e+02
2.594295501708984375e+01 3.549999999999999822e+00 5.000000074505805969e-02 6.299072875976562500e+02
2.606096148490905762e+01 3.529999999999999805e+00 5.000000074505805969e-02 4.498088989257812500e+02
2.614595556259155273e+01 3.540000000000000036e+00 5.000000074505805969e-02 3.601968383789062500e+02
2.625796008110046387e+01 3.529999999999999805e+00 5.000000074505805969e-02 3.597597045898437500e+02
2.635295891761779785e+01 3.399999999999999911e+00 5.000000074505805969e-02 4.502460327148437500e+02
2.646095728874206543e+01 3.459999999999999964e+00 5.000000074505805969e-02 3.597597045898437500e+02
2.654995608329772949e+01 3.600000000000000089e+00 5.000000074505805969e-02 1.800984191894531250e+02
2.664495730400085449e+01 3.549999999999999822e+00 5.000000074505805969e-02 4.498088989257812500e+02
2.675395417213439941e+01 3.549999999999999822e+00 5.000000074505805969e-02 2.697105102539062500e+02
2.684295582771301270e+01 3.459999999999999964e+00 5.000000074505805969e-02 2.701476440429687500e+02
2.695999765396118164e+01 3.450000000000000178e+00 5.000000074505805969e-02 4.502460327148437500e+02
2.704705619812011719e+01 3.490000000000000213e+00 5.000000074505805969e-02 4.502460327148437500e+02
2.715795755386352539e+01 3.540000000000000036e+00 5.000000074505805969e-02 3.601968383789062500e+02
2.724895882606506348e+01 3.549999999999999822e+00 5.000000074505805969e-02 2.697105102539062500e+02
2.736095690727233887e+01 3.490000000000000213e+00 5.000000074505805969e-02 1.796612854003906250e+02
2.744995951652526855e+01 3.410000000000000142e+00 5.000000074505805969e-02 2.701476440429687500e+02
2.754095602035522461e+01 3.439999999999999947e+00 5.000000074505805969e-02 4.498088989257812500e+02
2.765795826911926270e+01 3.589999999999999858e+00 5.000000074505805969e-02 1.800984191894531250e+02
2.774296379089355469e+01 3.419999999999999929e+00 5.000000074505805969e-02 9.004920959472656250e+01
2.785600900650024414e+01 3.229999999999999982e+00 5.000000074505805969e-02 9.004920959472656250e+01
2.795095515251159668e+01 3.109999999999999876e+00 5.000000074505805969e-02 0.000000000000000000e+00
2.805795955657958984e+01 3.049999999999999822e+00 5.000000074505805969e-02 9.004920959472656250e+01
2.814800286293029785e+01 2.939999999999999947e+00 5.000000074505805969e-02 0.000000000000000000e+00
2.824296617507934570e+01 2.850000000000000089e+00 5.000000074505805969e-02 9.004920959472656250e+01
2.835095715522766113e+01 2.819999999999999840e+00 5.000000074505805969e-02 0.000000000000000000e+00
2.844000029563903809e+01 3.040000000000000036e+00 5.000000074505805969e-02 0.000000000000000000e+00
2.855795717239379883e+01 4.400000000000000355e+00 5.000000074505805969e-02 0.000000000000000000e+00
2.864401030540466309e+01 5.639999999999999680e+00 1.999999955296516418e-02 -6.299072875976562500e+02
2.875495624542236328e+01 3.759999999999999787e+00 1.999999955296516418e-02 -9.901042480468750000e+02
2.884995770454406738e+01 3.319999999999999840e+00 1.999999955296516418e-02 -4.498088989257812500e+02
2.895896077156066895e+01 3.459999999999999964e+00 1.999999955296516418e-02 -6.299072875976562500e+02
2.904800128936767578e+01 3.490000000000000213e+00 1.999999955296516418e-02 -6.299072875976562500e+02
2.913895773887634277e+01 3.399999999999999911e+00 1.999999955296516418e-02 -5.398581542968750000e+02
2.925201368331909180e+01 3.419999999999999929e+00 1.999999955296516418e-02 -5.398581542968750000e+02
2.935495853424072266e+01 3.500000000000000000e+00 1.999999955296516418e-02 -5.402952880859375000e+02
2.945395541191101074e+01 3.509999999999999787e+00 1.999999955296516418e-02 -6.299072875976562500e+02
2.954800200462341309e+01 3.479999999999999982e+00 1.999999955296516418e-02 -7.199565429687500000e+02
2.965495586395263672e+01 3.419999999999999929e+00 1.999999955296516418e-02 -9.000549316406250000e+02
2.974596023559570312e+01 3.450000000000000178e+00 1.999999955296516418e-02 -8.100057373046875000e+02
2.984799981117248535e+01 3.399999999999999911e+00 1.999999955296516418e-02 -6.299072875976562500e+02
2.994799709320068359e+01 3.450000000000000178e+00 1.999999955296516418e-02 -7.199565429687500000e+02
3.006095957756042480e+01 3.430000000000000160e+00 1.999999955296516418e-02 -8.100057373046875000e+02
3.015600204467773438e+01 3.399999999999999911e+00 1.999999955296516418e-02 -8.100057373046875000e+02
3.024095845222473145e+01 3.379999999999999893e+00 1.999999955296516418e-02 -7.199565429687500000e+02
3.035295963287353516e+01 3.430000000000000160e+00 1.999999955296516418e-02 -8.100057373046875000e+02
3.044800257682800293e+01 3.459999999999999964e+00 1.999999955296516418e-02 -7.199565429687500000e+02
3.055599975585937500e+01 3.390000000000000124e+00 1.999999955296516418e-02 -8.100057373046875000e+02
3.064495563507080078e+01 3.439999999999999947e+00 1.999999955296516418e-02 -9.000549316406250000e+02
3.076195454597473145e+01 3.399999999999999911e+00 1.999999955296516418e-02 -9.901042480468750000e+02
3.084895801544189453e+01 3.379999999999999893e+00 1.999999955296516418e-02 -9.896671142578125000e+02
3.096000123023986816e+01 3.350000000000000089e+00 1.999999955296516418e-02 -9.000549316406250000e+02
3.105495715141296387e+01 3.459999999999999964e+00 1.999999955296516418e-02 -1.080153442382812500e+03
3.114195895195007324e+01 3.350000000000000089e+00 1.999999955296516418e-02 -9.000549316406250000e+02
3.125295925140380859e+01 3.439999999999999947e+00 1.999999955296516418e-02 -9.901042480468750000e+02
3.134399914741516113e+01 3.439999999999999947e+00 1.999999955296516418e-02 -9.901042480468750000e+02
3.145696234703063965e+01 3.379999999999999893e+00 1.999999955296516418e-02 -8.100057373046875000e+02
3.154495716094970703e+01 3.359999999999999876e+00 1.999999955296516418e-02 -8.100057373046875000e+02
3.165895628929138184e+01 3.490000000000000213e+00 1.999999955296516418e-02 -1.080153442382812500e+03
3.175295996665954590e+01 3.410000000000000142e+00 1.999999955296516418e-02 -1.080153442382812500e+03
3.186001348495483398e+01 3.290000000000000036e+00 1.999999955296516418e-02 -8.100057373046875000e+02
3.195095658302307129e+01 3.450000000000000178e+00 1.999999955296516418e-02 -7.199565429687500000e+02
3.204595637321472168e+01 3.390000000000000124e+00 1.999999955296516418e-02 -6.299072875976562500e+02
3.215295910835266113e+01 3.330000000000000071e+00 1.999999955296516418e-02 -6.303444213867187500e+02
3.224295759201049805e+01 3.450000000000000178e+00 1.999999955296516418e-02 -7.199565429687500000e+02
3.236095809936523438e+01 3.430000000000000160e+00 1.999999955296516418e-02 -1.079716308593750000e+03
3.244595623016357422e+01 3.430000000000000160e+00 1.999999955296516418e-02 -9.896671142578125000e+02
3.255805492401123047e+01 3.279999999999999805e+00 1.999999955296516418e-02 -8.100057373046875000e+02
3.265296649932861328e+01 3.379999999999999893e+00 1.999999955296516418e-02 -9.000549316406250000e+02
3.276095890998840332e+01 3.390000000000000124e+00 1.999999955296516418e-02 -9.000549316406250000e+02
3.284996032714843750e+01 3.439999999999999947e+00 1.999999955296516418e-02 -9.901042480468750000e+02
3.294496059417724609e+01 3.419999999999999929e+00 1.999999955296516418e-02 -1.259814575195312500e+03
3.305395865440368652e+01 3.350000000000000089e+00 1.999999955296516418e-02 -1.169984008789062500e+03
3.314295840263366699e+01 3.319999999999999840e+00 1.999999955296516418e-02 -1.169984008789062500e+03
3.326001071929931641e+01 3.350000000000000089e+00 1.999999955296516418e-02 -1.079934814453125000e+03
3.334696221351623535e+01 3.310000000000000053e+00 1.999999955296516418e-02 -8.100057373046875000e+02
3.345796203613281250e+01 3.310000000000000053e+00 1.999999955296516418e-02 -7.199565429687500000e+02
3.354895997047424316e+01 3.470000000000000195e+00 1.999999955296516418e-02 -1.080153442382812500e+03
3.366095614433288574e+01 3.359999999999999876e+00 1.999999955296516418e-02 -1.169984008789062500e+03
3.374995732307434082e+01 3.250000000000000000e+00 1.999999955296516418e-02 -8.100057373046875000e+02
3.384096121788024902e+01 3.359999999999999876e+00 1.999999955296516418e-02 -7.201751098632812500e+02
3.395795798301696777e+01 3.450000000000000178e+00 1.999999955296516418e-02 -7.199565429687500000e+02
3.404295730590820312e+01 3.430000000000000160e+00 1.999999955296516418e-02 -8.100057373046875000e+02
3.415600156784057617e+01 3.459999999999999964e+00 1.999999955296516418e-02 -1.080153442382812500e+03
3.425095748901367188e+01 3.470000000000000195e+00 1.999999955296516418e-02 -1.440131591796875000e+03
3.435795855522155762e+01 3.330000000000000071e+00 1.999999955296516418e-02 -1.260033203125000000e+03
3.444800400733947754e+01 3.209999999999999964e+00 1.999999955296516418e-02 -8.998363647460937500e+02
3.454295539855957031e+01 3.299999999999999822e+00 1.999999955296516418e-02 -8.100057373046875000e+02
3.465095543861389160e+01 3.450000000000000178e+00 1.999999955296516418e-02 -7.199565429687500000e+02
3.474000620841979980e+01 3.299999999999999822e+00 1.999999955296516418e-02 -6.300166015625000000e+02
3.485795807838439941e+01 3.379999999999999893e+00 1.999999955296516418e-02 -7.199565429687500000e+02
3.494400405883789062e+01 3.390000000000000124e+00 1.999999955296516418e-02 -8.100057373046875000e+02
3.505495738983154297e+01 3.379999999999999893e+00 1.999999955296516418e-02 -8.100057373046875000e+02
3.514999198913574219e+01 3.330000000000000071e+00 1.999999955296516418e-02 -6.300166015625000000e+02
3.525895643234252930e+01 3.379999999999999893e+00 1.999999955296516418e-02 -5.399674072265625000e+02
3.534800267219543457e+01 3.399999999999999911e+00 1.999999955296516418e-02 -6.300166015625000000e+02
3.543895387649536133e+01 3.399999999999999911e+00 1.999999955296516418e-02 -7.200657958984375000e+02
3.555200839042663574e+01 3.399999999999999911e+00 1.999999955296516418e-02 -7.199565429687500000e+02
3.563999652862548828e+01 3.479999999999999982e+00 1.999999955296516418e-02 -6.299072875976562500e+02
3.575395679473876953e+01 3.419999999999999929e+00 1.999999955296516418e-02 -5.399674072265625000e+02
3.584800386428833008e+01 3.330000000000000071e+00 1.999999955296516418e-02 -5.400767211914062500e+02
3.595496511459350586e+01 3.439999999999999947e+00 1.999999955296516418e-02 -5.399674072265625000e+02
3.604601836204528809e+01 3.439999999999999947e+00 1.999999955296516418e-02 -8.100057373046875000e+02
3.616195631027221680e+01 3.370000000000000107e+00 1.999999955296516418e-02 -4.500274658203125000e+02
3.624800324440002441e+01 3.490000000000000213e+00 1.999999955296516418e-02 -5.400220947265625000e+02
3.636095905303955078e+01 3.439999999999999947e+00 1.999999955296516418e-02 -6.300166015625000000e+02
3.645608735084533691e+01 3.430000000000000160e+00 1.999999955296516418e-02 -6.300166015625000000e+02
3.655695700645446777e+01 3.439999999999999947e+00 1.999999955296516418e-02 -6.300166015625000000e+02
3.665295696258544922e+01 3.029999999999999805e+00 1.999999955296516418e-02 0.000000000000000000e+00
3.674799728393554688e+01 2.890000000000000124e+00 1.999999955296516418e-02 0.000000000000000000e+00
3.685599660873413086e+01 2.850000000000000089e+00 1.999999955296516418e-02 0.000000000000000000e+00
3.694495725631713867e+01 2.509999999999999787e+00 5.000000074505805969e-02 4.499728393554687500e+02
3.704000234603881836e+01 3.310000000000000053e+00 5.000000074505805969e-02 9.000003051757812500e+02
3.714896488189697266e+01 3.620000000000000107e+00 5.000000074505805969e-02 6.300166015625000000e+02
3.726001191139221191e+01 3.549999999999999822e+00 5.000000074505805969e-02 8.100057373046875000e+02
3.735496020317077637e+01 3.540000000000000036e+00 5.000000074505805969e-02 8.100057373046875000e+02
3.744195485115051270e+01 3.620000000000000107e+00 5.000000074505805969e-02 7.199565429687500000e+02
3.755295896530151367e+01 3.509999999999999787e+00 5.000000074505805969e-02 9.000549316406250000e+02
3.764400458335876465e+01 3.560000000000000053e+00 5.000000074505805969e-02 9.000549316406250000e+02
3.775696563720703125e+01 3.560000000000000053e+00 5.000000074505805969e-02 9.899949340820312500e+02
3.784496402740478516e+01 3.609999999999999876e+00 5.000000074505805969e-02 1.080044189453125000e+03
3.795895886421203613e+01 3.500000000000000000e+00 5.000000074505805969e-02 1.260033203125000000e+03
3.805296063423156738e+01 3.609999999999999876e+00 5.000000074505805969e-02 1.349973144531250000e+03
3.816000294685363770e+01 3.649999999999999911e+00 5.000000074505805969e-02 9.000549316406250000e+02
3.825095534324645996e+01 3.680000000000000160e+00 5.000000074505805969e-02 7.200657958984375000e+02
3.834596014022827148e+01 3.569999999999999840e+00 5.000000074505805969e-02 7.199565429687500000e+02
3.845295763015747070e+01 3.580000000000000071e+00 5.000000074505805969e-02 6.299072875976562500e+02
3.854295563697814941e+01 3.549999999999999822e+00 5.000000074505805969e-02 8.097871704101562500e+02
3.866095972061157227e+01 3.540000000000000036e+00 5.000000074505805969e-02 9.898856811523437500e+02
3.874595856666564941e+01 3.620000000000000107e+00 5.000000074505805969e-02 9.898856811523437500e+02
3.885795998573303223e+01 3.520000000000000018e+00 5.000000074505805969e-02 9.898856811523437500e+02
3.895295834541320801e+01 3.529999999999999805e+00 5.000000074505805969e-02 1.169984008789062500e+03
3.906095957756042480e+01 3.549999999999999822e+00 5.000000074505805969e-02 8.998363647460937500e+02
3.914995622634887695e+01 3.549999999999999822e+00 5.000000074505805969e-02 9.000549316406250000e+02
3.924496364593505859e+01 3.540000000000000036e+00 5.000000074505805969e-02 1.260033203125000000e+03
3.935395145416259766e+01 3.600000000000000089e+00 5.000000074505805969e-02 1.169984008789062500e+03
3.944295811653137207e+01 3.479999999999999982e+00 5.000000074505805969e-02 1.260033203125000000e+03
3.956000828742980957e+01 3.569999999999999840e+00 5.000000074505805969e-02 1.260033203125000000e+03
3.964696073532104492e+01 3.689999999999999947e+00 5.000000074505805969e-02 9.901042480468750000e+02
3.975796008110046387e+01 3.629999999999999893e+00 5.000000074505805969e-02 9.000549316406250000e+02
3.984895944595336914e+01 3.580000000000000071e+00 5.000000074505805969e-02 9.898856811523437500e+02
3.994295454025268555e+01 3.569999999999999840e+00 5.000000074505805969e-02 9.000549316406250000e+02
4.004995989799499512e+01 3.649999999999999911e+00 5.000000074505805969e-02 7.199565429687500000e+02
4.014095520973205566e+01 3.640000000000000124e+00 5.000000074505805969e-02 7.199565429687500000e+02
4.025796008110046387e+01 3.549999999999999822e+00 5.000000074505805969e-02 8.100057373046875000e+02
4.034295463562011719e+01 3.500000000000000000e+00 5.000000074505805969e-02 9.901042480468750000e+02
4.045600581169128418e+01 3.580000000000000071e+00 5.000000074505805969e-02 1.170202514648437500e+03
4.055095863342285156e+01 3.629999999999999893e+00 5.000000074505805969e-02 9.901042480468750000e+02
4.065795755386352539e+01 3.600000000000000089e+00 5.000000074505805969e-02 9.000549316406250000e+02
4.074799776077270508e+01 3.589999999999999858e+00 5.000000074505805969e-02 9.896671142578125000e+02
4.084295654296875000e+01 3.549999999999999822e+00 5.000000074505805969e-02 1.170202514648437500e+03
4.095095586776733398e+01 3.589999999999999858e+00 5.000000074505805969e-02 9.896671142578125000e+02
4.104001450538635254e+01 3.620000000000000107e+00 5.000000074505805969e-02 1.080153442382812500e+03
4.115796065330505371e+01 3.560000000000000053e+00 5.000000074505805969e-02 1.170202514648437500e+03
4.124400901794433594e+01 3.609999999999999876e+00 5.000000074505805969e-02 1.080153442382812500e+03
4.135495615005493164e+01 3.649999999999999911e+00 5.000000074505805969e-02 9.000549316406250000e+02
4.144996142387390137e+01 3.649999999999999911e+00 5.000000074505805969e-02 8.100057373046875000e+02
4.155896425247192383e+01 3.529999999999999805e+00 5.000000074505805969e-02 9.896671142578125000e+02
4.164799904823303223e+01 3.620000000000000107e+00 5.000000074505805969e-02 9.000549316406250000e+02
4.173895549774169922e+01 3.640000000000000124e+00 5.000000074505805969e-02 7.199565429687500000e+02
4.185200381278991699e+01 3.640000000000000124e+00 5.000000074505805969e-02 6.299072875976562500e+02
4.194000148773193359e+01 3.540000000000000036e+00 5.000000074505805969e-02 7.199565429687500000e+02
4.205395936965942383e+01 3.560000000000000053e+00 5.000000074505805969e-02 9.000549316406250000e+02
4.214800262451171875e+01 3.620000000000000107e+00 5.000000074505805969e-02 9.000549316406250000e+02
4.225495481491088867e+01 3.569999999999999840e+00 5.000000074505805969e-02 9.901042480468750000e+02
4.234599471092224121e+01 3.560000000000000053e+00 5.000000074505805969e-02 9.896671142578125000e+02
4.244095802307128906e+01 3.629999999999999893e+00 5.000000074505805969e-02 1.079716308593750000e+03
4.254800176620483398e+01 3.580000000000000071e+00 5.000000074505805969e-02 9.901042480468750000e+02
4.266096234321594238e+01 3.629999999999999893e+00 5.000000074505805969e-02 9.901042480468750000e+02
4.275600337982177734e+01 3.540000000000000036e+00 5.000000074505805969e-02 1.079716308593750000e+03
4.286195778846740723e+01 3.569999999999999840e+00 5.000000074505805969e-02 1.079716308593750000e+03
4.295295715332031250e+01 3.589999999999999858e+00 5.000000074505805969e-02 9.901042480468750000e+02
4.304809141159057617e+01 3.649999999999999911e+00 5.000000074505805969e-02 9.000549316406250000e+02
4.315605401992797852e+01 3.580000000000000071e+00 5.000000074505805969e-02 8.100057373046875000e+02
4.324495697021484375e+01 3.520000000000000018e+00 5.000000074505805969e-02 9.901042480468750000e+02
4.336095619201660156e+01 3.589999999999999858e+00 5.000000074505805969e-02 8.100057373046875000e+02
4.344896078109741211e+01 3.720000000000000195e+00 5.000000074505805969e-02 5.398581542968750000e+02
4.356000328063964844e+01 3.490000000000000213e+00 5.000000074505805969e-02 6.299072875976562500e+02
4.365495657920837402e+01 3.520000000000000018e+00 5.000000074505805969e-02 5.402952880859375000e+02
4.374195933341979980e+01 3.600000000000000089e+00 5.000000074505805969e-02 4.502460327148437500e+02
4.385296726226806641e+01 3.529999999999999805e+00 5.000000074505805969e-02 5.402952880859375000e+02
4.394400882720947266e+01 3.540000000000000036e+00 5.000000074505805969e-02 4.498088989257812500e+02
4.405695819854736328e+01 3.470000000000000195e+00 5.000000074505805969e-02 1.796612854003906250e+02
4.414496183395385742e+01 3.169999999999999929e+00 5.000000074505805969e-02 0.000000000000000000e+00
4.425895595550537109e+01 2.819999999999999840e+00 5.000000074505805969e-02 0.000000000000000000e+00
4.435295653343200684e+01 3.040000000000000036e+00 5.000000074505805969e-02 0.000000000000000000e+00
4.446000361442565918e+01 5.320000000000000284e+00 1.999999955296516418e-02 -1.079716308593750000e+03
4.455095863342285156e+01 3.470000000000000195e+00 1.999999955296516418e-02 -1.529962280273437500e+03
4.464595580101013184e+01 3.419999999999999929e+00 1.999999955296516418e-02 -1.620011474609375000e+03
4.475295853614807129e+01 3.370000000000000107e+00 1.999999955296516418e-02 -1.980208496093750000e+03
4.484295654296875000e+01 3.350000000000000089e+00 1.999999955296516418e-02 -1.979771362304687500e+03
4.496095728874206543e+01 3.250000000000000000e+00 1.999999955296516418e-02 -1.799672729492187500e+03
4.504598331451416016e+01 3.240000000000000213e+00 1.999999955296516418e-02 -1.620011474609375000e+03
4.515795922279357910e+01 3.209999999999999964e+00 1.999999955296516418e-02 -1.439913085937500000e+03
4.525295758247375488e+01 3.319999999999999840e+00 1.999999955296516418e-02 -1.710060668945312500e+03
4.536095881462097168e+01 3.250000000000000000e+00 1.999999955296516418e-02 -1.710060668945312500e+03
4.544995641708374023e+01 3.279999999999999805e+00 1.999999955296516418e-02 -1.529962280273437500e+03
4.554495954513549805e+01 3.299999999999999822e+00 1.999999955296516418e-02 -1.620011474609375000e+03
4.565395784378051758e+01 3.310000000000000053e+00 1.999999955296516418e-02 -1.439913085937500000e+03
4.574295687675476074e+01 3.279999999999999805e+00 1.999999955296516418e-02 -1.439913085937500000e+03
4.586000061035156250e+01 3.270000000000000018e+00 1.999999955296516418e-02 -1.259814575195312500e+03
4.594696617126464844e+01 3.359999999999999876e+00 1.999999955296516418e-02 -1.259814575195312500e+03
4.605796074867248535e+01 3.359999999999999876e+00 1.999999955296516418e-02 -1.349863891601562500e+03
4.614895868301391602e+01 3.379999999999999893e+00 1.999999955296516418e-02 -1.620011474609375000e+03
4.625696229934692383e+01 3.319999999999999840e+00 1.999999955296516418e-02 -1.529962280273437500e+03
4.634995579719543457e+01 3.220000000000000195e+00 1.999999955296516418e-02 -1.439913085937500000e+03
4.644095873832702637e+01 3.350000000000000089e+00 1.999999955296516418e-02 -1.620011474609375000e+03
4.655795955657958984e+01 3.310000000000000053e+00 1.999999955296516418e-02 -1.620011474609375000e+03
4.664295601844787598e+01 3.319999999999999840e+00 1.999999955296516418e-02 -1.799891357421875000e+03
4.675608301162719727e+01 3.279999999999999805e+00 1.999999955296516418e-02 -1.799891357421875000e+03
4.685105752944946289e+01 3.270000000000000018e+00 1.999999955296516418e-02 -1.620011474609375000e+03
4.695795941352844238e+01 3.240000000000000213e+00 1.999999955296516418e-02 -1.620011474609375000e+03
4.704800534248352051e+01 3.359999999999999876e+00 1.999999955296516418e-02 -2.070039062500000000e+03
4.714295959472656250e+01 3.310000000000000053e+00 1.999999955296516418e-02 -2.249918945312500000e+03
4.725095939636230469e+01 3.209999999999999964e+00 1.999999955296516418e-02 -1.979989868164062500e+03
4.733999609947204590e+01 3.200000000000000178e+00 1.999999955296516418e-02 -1.889940673828125000e+03
4.745795941352844238e+01 3.240000000000000213e+00 1.999999955296516418e-02 -1.710060668945312500e+03
4.754401040077209473e+01 3.200000000000000178e+00 1.999999955296516418e-02 -1.530180786132812500e+03
4.765496206283569336e+01 3.220000000000000195e+00 1.999999955296516418e-02 -1.170093261718750000e+03
4.774995803833007812e+01 3.310000000000000053e+00 1.999999955296516418e-02 -1.350082397460937500e+03
4.785895895957946777e+01 3.350000000000000089e+00 1.999999955296516418e-02 -1.710060668945312500e+03
4.794801664352416992e+01 3.270000000000000018e+00 1.999999955296516418e-02 -1.710060668945312500e+03
4.803896045684814453e+01 3.209999999999999964e+00 1.999999955296516418e-02 -1.440022338867187500e+03
4.815200448036193848e+01 3.250000000000000000e+00 1.999999955296516418e-02 -1.349973144531250000e+03
4.824695944786071777e+01 3.290000000000000036e+00 1.999999955296516418e-02 -1.259978515625000000e+03
4.835395693778991699e+01 3.299999999999999822e+00 1.999999955296516418e-02 -1.169984008789062500e+03
4.844799733161926270e+01 3.359999999999999876e+00 1.999999955296516418e-02 -1.170038574218750000e+03
4.855498147010803223e+01 3.299999999999999822e+00 1.999999955296516418e-02 8.999456787109375000e+01
4.864595556259155273e+01 1.879999999999999893e+00 1.999999955296516418e-02 0.000000000000000000e+00
4.875695800781250000e+01 1.790000000000000036e+00 1.999999955296516418e-02 0.000000000000000000e+00
4.884800481796264648e+01 1.600000000000000089e+00 1.999999955296516418e-02 0.000000000000000000e+00
4.896096992492675781e+01 1.060000000000000053e+00 5.000000074505805969e-02 1.260033203125000000e+03
4.905599999427795410e+01 2.930000000000000160e+00 5.000000074505805969e-02 1.620011474609375000e+03
4.914095783233642578e+01 3.580000000000000071e+00 5.000000074505805969e-02 1.709951416015625000e+03
4.925295639038085938e+01 3.669999999999999929e+00 5.000000074505805969e-02 1.620011474609375000e+03
4.934800887107849121e+01 3.600000000000000089e+00 5.000000074505805969e-02 1.620011474609375000e+03
4.945599579811096191e+01 3.540000000000000036e+00 5.000000074505805969e-02 2.159979003906250000e+03
4.954495787620544434e+01 3.589999999999999858e+00 5.000000074505805969e-02 2.430017089843750000e+03
4.966096115112304688e+01 3.689999999999999947e+00 5.000000074505805969e-02 1.980208496093750000e+03
4.974896264076232910e+01 3.680000000000000160e+00 5.000000074505805969e-02 1.979989868164062500e+03
4.986000514030456543e+01 3.669999999999999929e+00 5.000000074505805969e-02 1.799891357421875000e+03
4.995495629310607910e+01 3.580000000000000071e+00 5.000000074505805969e-02 2.070039062500000000e+03
5.004195857048034668e+01 3.600000000000000089e+00 5.000000074505805969e-02 2.069820556640625000e+03
5.015296125411987305e+01 3.689999999999999947e+00 5.000000074505805969e-02 2.069820556640625000e+03
5.024400115013122559e+01 3.620000000000000107e+00 5.000000074505805969e-02 1.979989868164062500e+03
5.035696005821228027e+01 3.620000000000000107e+00 5.000000074505805969e-02 2.249918945312500000e+03
5.044495844841003418e+01 3.660000000000000142e+00 5.000000074505805969e-02 1.979989868164062500e+03
5.055896568298339844e+01 3.720000000000000195e+00 5.000000074505805969e-02 1.620011474609375000e+03
5.065296006202697754e+01 3.629999999999999893e+00 5.000000074505805969e-02 1.799672729492187500e+03
5.075999975204467773e+01 3.589999999999999858e+00 5.000000074505805969e-02 1.710060668945312500e+03
5.085095882415771484e+01 3.640000000000000124e+00 5.000000074505805969e-02 1.799672729492187500e+03
5.094596099853515625e+01 3.600000000000000089e+00 5.000000074505805969e-02 1.800109863281250000e+03
5.105295801162719727e+01 3.620000000000000107e+00 5.000000074505805969e-02 2.069820556640625000e+03
5.114295601844787598e+01 3.569999999999999840e+00 5.000000074505805969e-02 2.249918945312500000e+03
5.126096892356872559e+01 3.669999999999999929e+00 5.000000074505805969e-02 2.249918945312500000e+03
5.136800622940063477e+01 3.700000000000000178e+00 5.000000074505805969e-02 1.710060668945312500e+03
5.147295713424682617e+01 3.700000000000000178e+00 5.000000074505805969e-02 1.529962280273437500e+03
5.157599711418151855e+01 3.649999999999999911e+00 5.000000074505805969e-02 1.620011474609375000e+03
5.166095900535583496e+01 3.589999999999999858e+00 5.000000074505805969e-02 1.889722045898437500e+03
5.177295875549316406e+01 3.680000000000000160e+00 5.000000074505805969e-02 1.620011474609375000e+03
5.186800074577331543e+01 3.609999999999999876e+00 5.000000074505805969e-02 1.620011474609375000e+03
5.197600364685058594e+01 3.609999999999999876e+00 5.000000074505805969e-02 1.620011474609375000e+03
5.206495904922485352e+01 3.620000000000000107e+00 5.000000074505805969e-02 1.439913085937500000e+03
5.216696238517761230e+01 3.660000000000000142e+00 5.000000074505805969e-02 1.349863891601562500e+03
5.226895952224731445e+01 3.569999999999999840e+00 5.000000074505805969e-02 1.440350219726562500e+03
5.238000321388244629e+01 3.600000000000000089e+00 5.000000074505805969e-02 1.170202514648437500e+03
5.247495675086975098e+01 3.689999999999999947e+00 5.000000074505805969e-02 9.901042480468750000e+02
5.256195545196533203e+01 3.580000000000000071e+00 5.000000074505805969e-02 1.169765380859375000e+03
5.267295694351196289e+01 3.549999999999999822e+00 5.000000074505805969e-02 1.080153442382812500e+03
5.276399970054626465e+01 3.470000000000000195e+00 5.000000074505805969e-02 0.000000000000000000e+00
5.287695956230163574e+01 2.859999999999999876e+00 5.000000074505805969e-02 0.000000000000000000e+00
5.296495604515075684e+01 2.830000000000000071e+00 5.000000074505805969e-02 0.000000000000000000e+00
5.307895588874816895e+01 2.750000000000000000e+00 5.000000074505805969e-02 0.000000000000000000e+00
5.317295837402343750e+01 2.859999999999999876e+00 5.000000074505805969e-02 0.000000000000000000e+00
5.328000521659851074e+01 2.790000000000000036e+00 5.000000074505805969e-02 0.000000000000000000e+00
5.337095832824707031e+01 2.850000000000000089e+00 5.000000074505805969e-02 0.000000000000000000e+00
5.346595978736877441e+01 2.779999999999999805e+00 5.000000074505805969e-02 0.000000000000000000e+00
5.357295966148376465e+01 2.740000000000000213e+00 5.000000074505805969e-02 0.000000000000000000e+00
5.366295576095581055e+01 2.709999999999999964e+00 5.000000074505805969e-02 0.000000000000000000e+00
5.378095817565917969e+01 2.700000000000000178e+00 5.000000074505805969e-02 0.000000000000000000e+00
5.386605191230773926e+01 2.680000000000000160e+00 5.000000074505805969e-02 0.000000000000000000e+00
5.397795724868774414e+01 2.669999999999999929e+00 5.000000074505805969e-02 0.000000000000000000e+00
5.407300400733947754e+01 2.660000000000000142e+00 5.000000074505805969e-02 0.000000000000000000e+00
5.418106746673583984e+01 2.649999999999999911e+00 5.000000074505805969e-02 0.000000000000000000e+00
5.426995682716369629e+01 2.640000000000000124e+00 5.000000074505805969e-02 0.000000000000000000e+00
5.436495804786682129e+01 2.629999999999999893e+00 5.000000074505805969e-02 0.000000000000000000e+00
5.447395539283752441e+01 2.629999999999999893e+00 5.000000074505805969e-02 0.000000000000000000e+00
5.456295633316040039e+01 2.620000000000000107e+00 5.000000074505805969e-02 0.000000000000000000e+00
5.468000435829162598e+01 2.620000000000000107e+00 5.000000074505805969e-02 0.000000000000000000e+00
5.476695871353149414e+01 2.609999999999999876e+00 5.000000074505805969e-02 0.000000000000000000e+00
5.487795615196228027e+01 2.609999999999999876e+00 5.000000074505805969e-02 0.000000000000000000e+00
5.496895885467529297e+01 2.609999999999999876e+00 5.000000074505805969e-02 0.000000000000000000e+00
5.508095693588256836e+01 2.600000000000000089e+00 5.000000074505805969e-02 0.000000000000000000e+00
5.516995596885681152e+01 2.600000000000000089e+00 5.000000074505805969e-02 0.000000000000000000e+00
5.526095962524414062e+01 2.589999999999999858e+00 5.000000074505805969e-02 0.000000000000000000e+00
5.537795686721801758e+01 2.589999999999999858e+00 5.000000074505805969e-02 0.000000000000000000e+00
5.546295738220214844e+01 2.589999999999999858e+00 5.000000074505805969e-02 0.000000000000000000e+00
5.557600736618041992e+01 2.580000000000000071e+00 5.000000074505805969e-02 0.000000000000000000e+00
5.567096972465515137e+01 2.580000000000000071e+00 5.000000074505805969e-02 0.000000000000000000e+00
5.577795791625976562e+01 2.580000000000000071e+00 5.000000074505805969e-02 0.000000000000000000e+00
5.586799740791320801e+01 2.580000000000000071e+00 5.000000074505805969e-02 0.000000000000000000e+00
5.596295619010925293e+01 2.569999999999999840e+00 5.000000074505805969e-02 0.000000000000000000e+00
5.607095670700073242e+01 2.569999999999999840e+00 5.000000074505805969e-02 0.000000000000000000e+00
5.616695928573608398e+01 2.569999999999999840e+00 5.000000074505805969e-02 0.000000000000000000e+00
5.627795624732971191e+01 2.569999999999999840e+00 5.000000074505805969e-02 0.000000000000000000e+00
5.636400270462036133e+01 2.569999999999999840e+00 5.000000074505805969e-02 0.000000000000000000e+00
5.647495651245117188e+01 2.560000000000000053e+00 5.000000074505805969e-02 0.000000000000000000e+00
5.656995844841003418e+01 2.560000000000000053e+00 5.000000074505805969e-02 0.000000000000000000e+00
