8.092498779296875000e-02 2.500000000000000000e+00 4.199999943375587463e-02 0.000000000000000000e+00
1.639637947082519531e-01 2.839999999999999858e+00 4.199999943375587463e-02 0.000000000000000000e+00
2.749135494232177734e-01 3.189999999999999947e+00 4.199999943375587463e-02 0.000000000000000000e+00
3.639559745788574219e-01 3.589999999999999858e+00 4.199999943375587463e-02 0.000000000000000000e+00
4.759616851806640625e-01 3.890000000000000124e+00 4.199999943375587463e-02 0.000000000000000000e+00
5.669171810150146484e-01 4.230000000000000426e+00 4.199999943375587463e-02 0.000000000000000000e+00
6.789147853851318359e-01 4.669999999999999929e+00 4.199999943375587463e-02 0.000000000000000000e+00
7.679603099822998047e-01 5.030000000000000249e+00 4.199999943375587463e-02 0.000000000000000000e+00
8.599572181701660156e-01 5.259999999999999787e+00 1.799999922513961792e-02 -3.597597045898437500e+02
9.769220352172851562e-01 3.609999999999999876e+00 1.799999922513961792e-02 -1.529962280273437500e+03
1.062912940979003906e+00 2.859999999999999876e+00 1.799999922513961792e-02 -3.601968383789062500e+02
1.172913789749145508e+00 2.910000000000000142e+00 1.799999922513961792e-02 0.000000000000000000e+00
1.261912584304809570e+00 3.299999999999999822e+00 1.799999922513961792e-02 -3.597597045898437500e+02
1.375958919525146484e+00 3.229999999999999982e+00 1.799999922513961792e-02 -1.800984191894531250e+02
1.465919733047485352e+00 3.140000000000000124e+00 1.799999922513961792e-02 0.000000000000000000e+00
1.576940536499023438e+00 3.350000000000000089e+00 1.799999922513961792e-02 0.000000000000000000e+00
1.665918350219726562e+00 3.390000000000000124e+00 1.799999922513961792e-02 -2.697105102539062500e+02
1.776921033859252930e+00 3.390000000000000124e+00 1.799999922513961792e-02 -6.299072875976562500e+02
1.868916034698486328e+00 3.189999999999999947e+00 1.799999922513961792e-02 -5.398581542968750000e+02
1.979997873306274414e+00 3.279999999999999805e+00 1.799999922513961792e-02 -7.199565429687500000e+02
2.069916248321533203e+00 3.250000000000000000e+00 1.799999922513961792e-02 -7.199565429687500000e+02
2.161915540695190430e+00 3.149999999999999911e+00 1.799999922513961792e-02 -7.203936767578125000e+02
2.278915643692016602e+00 3.140000000000000124e+00 1.799999922513961792e-02 -5.398581542968750000e+02
2.363960504531860352e+00 3.209999999999999964e+00 1.799999922513961792e-02 -5.402952880859375000e+02
2.480915784835815430e+00 3.259999999999999787e+00 1.799999922513961792e-02 -6.299072875976562500e+02
2.571966171264648438e+00 3.189999999999999947e+00 1.799999922513961792e-02 -4.498088989257812500e+02
2.678914070129394531e+00 3.240000000000000213e+00 1.799999922513961792e-02 -5.398581542968750000e+02
2.769917249679565430e+00 3.200000000000000178e+00 1.799999922513961792e-02 -4.498088989257812500e+02
2.863956212997436523e+00 3.160000000000000142e+00 1.799999922513961792e-02 -4.498088989257812500e+02
2.971963644027709961e+00 3.220000000000000195e+00 1.799999922513961792e-02 -4.498088989257812500e+02
3.061915397644042969e+00 3.259999999999999787e+00 1.799999922513961792e-02 -4.498088989257812500e+02
3.178913354873657227e+00 3.200000000000000178e+00 1.799999922513961792e-02 -4.498088989257812500e+02
3.264913797378540039e+00 3.229999999999999982e+00 1.799999922513961792e-02 -6.299072875976562500e+02
3.376917362213134766e+00 3.279999999999999805e+00 1.799999922513961792e-02 -6.299072875976562500e+02
3.471959829330444336e+00 3.189999999999999947e+00 1.799999922513961792e-02 -5.402952880859375000e+02
3.579957485198974609e+00 3.149999999999999911e+00 1.799999922513961792e-02 -6.299072875976562500e+02
3.668915748596191406e+00 3.189999999999999947e+00 1.799999922513961792e-02 -5.402952880859375000e+02
3.763968229293823242e+00 3.200000000000000178e+00 1.799999922513961792e-02 -5.402952880859375000e+02
3.875965356826782227e+00 3.229999999999999982e+00 1.799999922513961792e-02 -6.299072875976562500e+02
3.961917877197265625e+00 3.180000000000000160e+00 1.799999922513961792e-02 -5.402952880859375000e+02
4.078912496566772461e+00 3.169999999999999929e+00 1.799999922513961792e-02 -5.402952880859375000e+02
4.168914318084716797e+00 3.169999999999999929e+00 1.799999922513961792e-02 -4.498088989257812500e+02
4.276920080184936523e+00 3.140000000000000124e+00 1.799999922513961792e-02 -2.701476440429687500e+02
4.370916128158569336e+00 3.209999999999999964e+00 1.799999922513961792e-02 -2.701476440429687500e+02
4.461913585662841797e+00 3.209999999999999964e+00 1.799999922513961792e-02 -5.402952880859375000e+02
4.568914890289306641e+00 3.160000000000000142e+00 1.799999922513961792e-02 -6.299072875976562500e+02
4.659956693649291992e+00 3.189999999999999947e+00 1.799999922513961792e-02 -4.498088989257812500e+02
4.776921987533569336e+00 3.290000000000000036e+00 1.799999922513961792e-02 -3.601968383789062500e+02
4.861921310424804688e+00 3.250000000000000000e+00 1.799999922513961792e-02 -2.701476440429687500e+02
4.974915981292724609e+00 3.250000000000000000e+00 1.799999922513961792e-02 -3.601968383789062500e+02
5.068917274475097656e+00 3.250000000000000000e+00 1.799999922513961792e-02 -4.502460327148437500e+02
5.176920890808105469e+00 3.189999999999999947e+00 1.799999922513961792e-02 -5.398581542968750000e+02
5.266915798187255859e+00 3.229999999999999982e+00 1.799999922513961792e-02 -4.498088989257812500e+02
5.361914157867431641e+00 3.180000000000000160e+00 1.799999922513961792e-02 -4.498088989257812500e+02
5.469914436340332031e+00 3.209999999999999964e+00 1.799999922513961792e-02 -6.299072875976562500e+02
5.580914020538330078e+00 3.279999999999999805e+00 1.799999922513961792e-02 -7.199565429687500000e+02
5.676918268203735352e+00 3.220000000000000195e+00 1.799999922513961792e-02 -6.299072875976562500e+02
5.765972137451171875e+00 3.200000000000000178e+00 1.799999922513961792e-02 -6.299072875976562500e+02
5.873913764953613281e+00 3.200000000000000178e+00 1.799999922513961792e-02 -8.100057373046875000e+02
5.968916416168212891e+00 3.149999999999999911e+00 1.799999922513961792e-02 -8.100057373046875000e+02
6.080914735794067383e+00 3.169999999999999929e+00 1.799999922513961792e-02 -4.502460327148437500e+02
6.166914463043212891e+00 3.169999999999999929e+00 1.799999922513961792e-02 -4.498088989257812500e+02
6.260926008224487305e+00 3.209999999999999964e+00 1.799999922513961792e-02 -5.402952880859375000e+02
6.373913764953613281e+00 3.149999999999999911e+00 0.000000000000000000e+00 -9.901042480468750000e+02
6.480913162231445312e+00 2.839999999999999858e+00 1.799999922513961792e-02 -7.199565429687500000e+02
6.576057672500610352e+00 3.109999999999999876e+00 1.799999922513961792e-02 -4.498088989257812500e+02
6.666921854019165039e+00 3.149999999999999911e+00 1.799999922513961792e-02 -3.601968383789062500e+02
6.773914813995361328e+00 3.259999999999999787e+00 1.799999922513961792e-02 -4.502460327148437500e+02
6.864914178848266602e+00 3.250000000000000000e+00 1.799999922513961792e-02 -6.299072875976562500e+02
6.980915307998657227e+00 3.160000000000000142e+00 1.799999922513961792e-02 -5.402952880859375000e+02
7.066915750503540039e+00 3.189999999999999947e+00 1.799999922513961792e-02 -6.299072875976562500e+02
7.179961919784545898e+00 3.220000000000000195e+00 1.799999922513961792e-02 -6.299072875976562500e+02
7.273916006088256836e+00 3.200000000000000178e+00 1.799999922513961792e-02 -6.299072875976562500e+02
7.380913972854614258e+00 3.189999999999999947e+00 1.799999922513961792e-02 -6.301258544921875000e+02
7.471957445144653320e+00 3.129999999999999893e+00 1.799999922513961792e-02 -5.400767211914062500e+02
7.566922187805175781e+00 3.169999999999999929e+00 1.799999922513961792e-02 -6.299072875976562500e+02
7.674915790557861328e+00 3.240000000000000213e+00 1.799999922513961792e-02 -6.301258544921875000e+02
7.763964653015136719e+00 3.189999999999999947e+00 1.799999922513961792e-02 -5.400767211914062500e+02
7.880914688110351562e+00 3.160000000000000142e+00 1.799999922513961792e-02 -6.301258544921875000e+02
7.970913648605346680e+00 3.270000000000000018e+00 1.799999922513961792e-02 -7.199565429687500000e+02
8.078912973403930664e+00 3.189999999999999947e+00 1.799999922513961792e-02 -6.299072875976562500e+02
8.173919439315795898e+00 3.180000000000000160e+00 1.799999922513961792e-02 -4.500274658203125000e+02
8.263983249664306641e+00 3.200000000000000178e+00 1.799999922513961792e-02 -6.299072875976562500e+02
8.371972560882568359e+00 3.189999999999999947e+00 1.799999922513961792e-02 -4.500274658203125000e+02
8.466016530990600586e+00 3.209999999999999964e+00 1.799999922513961792e-02 -4.500274658203125000e+02
8.578913211822509766e+00 3.189999999999999947e+00 1.799999922513961792e-02 -5.400767211914062500e+02
8.663958072662353516e+00 3.209999999999999964e+00 1.799999922513961792e-02 -5.398581542968750000e+02
8.780915737152099609e+00 3.209999999999999964e+00 1.799999922513961792e-02 -8.100057373046875000e+02
8.871963977813720703e+00 3.149999999999999911e+00 1.799999922513961792e-02 -8.100057373046875000e+02
8.978913307189941406e+00 3.089999999999999858e+00 1.799999922513961792e-02 -7.199565429687500000e+02
9.069912195205688477e+00 3.189999999999999947e+00 1.799999922513961792e-02 -6.299072875976562500e+02
9.163962602615356445e+00 3.169999999999999929e+00 1.799999922513961792e-02 -5.400767211914062500e+02
9.271959304809570312e+00 3.160000000000000142e+00 1.799999922513961792e-02 -3.599782714843750000e+02
9.361913442611694336e+00 3.169999999999999929e+00 1.799999922513961792e-02 -4.500274658203125000e+02
9.478914260864257812e+00 3.250000000000000000e+00 1.799999922513961792e-02 -6.299072875976562500e+02
9.564914464950561523e+00 3.220000000000000195e+00 1.799999922513961792e-02 -7.199565429687500000e+02
9.676921844482421875e+00 3.209999999999999964e+00 1.799999922513961792e-02 -7.199565429687500000e+02
9.771960973739624023e+00 3.189999999999999947e+00 1.799999922513961792e-02 -7.199565429687500000e+02
9.879965066909790039e+00 3.189999999999999947e+00 1.799999922513961792e-02 -8.100057373046875000e+02
9.968913793563842773e+00 3.149999999999999911e+00 1.799999922513961792e-02 -7.199565429687500000e+02
1.006396389007568359e+01 3.220000000000000195e+00 1.799999922513961792e-02 -7.199565429687500000e+02
1.017597603797912598e+01 3.169999999999999929e+00 1.799999922513961792e-02 -7.199565429687500000e+02
1.026191282272338867e+01 3.240000000000000213e+00 1.799999922513961792e-02 -7.199565429687500000e+02
1.037892127037048340e+01 3.120000000000000107e+00 1.799999922513961792e-02 -5.399674072265625000e+02
1.046891784667968750e+01 3.089999999999999858e+00 1.799999922513961792e-02 -4.499181823730468750e+02
1.057692098617553711e+01 3.180000000000000160e+00 1.799999922513961792e-02 -4.500274658203125000e+02
1.067092466354370117e+01 3.229999999999999982e+00 1.799999922513961792e-02 -4.500274658203125000e+02
1.076191306114196777e+01 3.200000000000000178e+00 1.799999922513961792e-02 -4.499181823730468750e+02
1.086891579627990723e+01 3.180000000000000160e+00 1.799999922513961792e-02 -5.399674072265625000e+02
1.095996236801147461e+01 3.209999999999999964e+00 1.799999922513961792e-02 -5.399674072265625000e+02
1.107692289352416992e+01 3.189999999999999947e+00 1.799999922513961792e-02 -6.300166015625000000e+02
1.116191315650939941e+01 3.140000000000000124e+00 1.799999922513961792e-02 -5.399674072265625000e+02
1.127493834495544434e+01 3.149999999999999911e+00 1.799999922513961792e-02 -2.700383605957031250e+02
1.136891841888427734e+01 3.250000000000000000e+00 1.799999922513961792e-02 -4.500274658203125000e+02
1.147691655158996582e+01 3.200000000000000178e+00 1.799999922513961792e-02 -3.599782714843750000e+02
1.156691718101501465e+01 3.250000000000000000e+00 1.799999922513961792e-02 -4.500274658203125000e+02
1.166191339492797852e+01 3.189999999999999947e+00 1.799999922513961792e-02 -3.599782714843750000e+02
1.176992511749267578e+01 3.270000000000000018e+00 1.799999922513961792e-02 -1.799891357421875000e+02
1.188191795349121094e+01 3.339999999999999858e+00 1.799999922513961792e-02 0.000000000000000000e+00
1.197691798210144043e+01 3.640000000000000124e+00 1.799999922513961792e-02 -2.700383605957031250e+02
1.206593799591064453e+01 3.479999999999999982e+00 1.799999922513961792e-02 -8.100057373046875000e+02
1.217391443252563477e+01 3.209999999999999964e+00 1.799999922513961792e-02 -6.300166015625000000e+02
1.226891732215881348e+01 3.049999999999999822e+00 1.799999922513961792e-02 -3.599782714843750000e+02
1.238092517852783203e+01 3.189999999999999947e+00 1.799999922513961792e-02 -4.500274658203125000e+02
1.246691584587097168e+01 3.229999999999999982e+00 1.799999922513961792e-02 -5.400220947265625000e+02
1.256091737747192383e+01 3.180000000000000160e+00 1.799999922513961792e-02 -5.400220947265625000e+02
1.267391371726989746e+01 3.259999999999999787e+00 1.799999922513961792e-02 -3.600328979492187500e+02
1.278091287612915039e+01 3.270000000000000018e+00 1.799999922513961792e-02 -4.499728393554687500e+02
1.287595343589782715e+01 3.229999999999999982e+00 1.799999922513961792e-02 -4.500274658203125000e+02
1.296691370010375977e+01 3.220000000000000195e+00 1.799999922513961792e-02 -6.300166015625000000e+02
1.307391357421875000e+01 3.200000000000000178e+00 1.799999922513961792e-02 -6.300166015625000000e+02
1.316491508483886719e+01 2.859999999999999876e+00 1.799999922513961792e-02 0.000000000000000000e+00
1.327891230583190918e+01 2.740000000000000213e+00 1.799999922513961792e-02 0.000000000000000000e+00
1.336691331863403320e+01 2.799999999999999822e+00 1.799999922513961792e-02 0.000000000000000000e+00
1.347996211051940918e+01 2.359999999999999876e+00 1.799999922513961792e-02 0.000000000000000000e+00
1.357391500473022461e+01 1.350000000000000089e+00 1.799999922513961792e-02 8.999456787109375000e+01
1.366691398620605469e+01 1.459999999999999964e+00 4.199999943375587463e-02 9.000003051757812500e+02
1.377196192741394043e+01 2.799999999999999822e+00 4.199999943375587463e-02 1.080044189453125000e+03
1.386691856384277344e+01 2.950000000000000178e+00 4.199999943375587463e-02 9.000003051757812500e+02
1.397492361068725586e+01 2.930000000000000160e+00 4.199999943375587463e-02 7.200111694335937500e+02
1.406396412849426270e+01 2.879999999999999893e+00 4.199999943375587463e-02 6.300166015625000000e+02
1.418091249465942383e+01 2.810000000000000053e+00 4.199999943375587463e-02 7.199565429687500000e+02
1.427091193199157715e+01 2.870000000000000107e+00 4.199999943375587463e-02 5.399674072265625000e+02
1.437891340255737305e+01 2.870000000000000107e+00 4.199999943375587463e-02 5.400767211914062500e+02
1.447391486167907715e+01 2.830000000000000071e+00 4.199999943375587463e-02 4.500274658203125000e+02
1.456396079063415527e+01 2.890000000000000124e+00 4.199999943375587463e-02 4.499181823730468750e+02
1.467194962501525879e+01 2.850000000000000089e+00 4.199999943375587463e-02 5.399674072265625000e+02
1.476592206954956055e+01 2.799999999999999822e+00 4.199999943375587463e-02 6.300166015625000000e+02
1.487891602516174316e+01 2.870000000000000107e+00 4.199999943375587463e-02 6.300166015625000000e+02
1.496396255493164062e+01 2.919999999999999929e+00 4.199999943375587463e-02 5.399674072265625000e+02
1.508091855049133301e+01 2.850000000000000089e+00 4.199999943375587463e-02 6.300166015625000000e+02
1.517195796966552734e+01 2.810000000000000053e+00 4.199999943375587463e-02 7.200657958984375000e+02
1.527891373634338379e+01 2.819999999999999840e+00 4.199999943375587463e-02 7.199565429687500000e+02
1.536991333961486816e+01 2.850000000000000089e+00 4.199999943375587463e-02 7.199565429687500000e+02
1.546395730972290039e+01 2.879999999999999893e+00 4.199999943375587463e-02 7.199565429687500000e+02
1.557195448875427246e+01 2.879999999999999893e+00 4.199999943375587463e-02 5.400767211914062500e+02
1.566191673278808594e+01 2.850000000000000089e+00 4.199999943375587463e-02 4.500274658203125000e+02
1.577891349792480469e+01 2.890000000000000124e+00 4.199999943375587463e-02 5.398581542968750000e+02
1.586491560935974121e+01 2.839999999999999858e+00 4.199999943375587463e-02 7.199565429687500000e+02
1.597692394256591797e+01 2.859999999999999876e+00 4.199999943375587463e-02 7.199565429687500000e+02
1.607195401191711426e+01 2.890000000000000124e+00 4.199999943375587463e-02 6.299072875976562500e+02
1.617996978759765625e+01 2.870000000000000107e+00 4.199999943375587463e-02 6.301258544921875000e+02
1.626891374588012695e+01 2.649999999999999911e+00 4.199999943375587463e-02 5.398581542968750000e+02
1.636396503448486328e+01 2.839999999999999858e+00 4.199999943375587463e-02 7.201751098632812500e+02
1.647595787048339844e+01 2.879999999999999893e+00 4.199999943375587463e-02 6.299072875976562500e+02
1.656191277503967285e+01 2.859999999999999876e+00 4.199999943375587463e-02 6.301258544921875000e+02
1.667891287803649902e+01 2.830000000000000071e+00 4.199999943375587463e-02 8.100057373046875000e+02
1.676891422271728516e+01 2.850000000000000089e+00 4.199999943375587463e-02 7.201751098632812500e+02
1.687691617012023926e+01 2.899999999999999911e+00 4.199999943375587463e-02 8.097871704101562500e+02
1.697091674804687500e+01 2.879999999999999893e+00 4.199999943375587463e-02 5.398581542968750000e+02
1.706191682815551758e+01 2.859999999999999876e+00 4.199999943375587463e-02 6.299072875976562500e+02
1.716891670227050781e+01 2.859999999999999876e+00 4.199999943375587463e-02 5.400767211914062500e+02
1.725995707511901855e+01 2.859999999999999876e+00 4.199999943375587463e-02 5.400767211914062500e+02
1.737692141532897949e+01 2.819999999999999840e+00 4.199999943375587463e-02 5.398581542968750000e+02
1.746191978454589844e+01 2.870000000000000107e+00 4.199999943375587463e-02 5.398581542968750000e+02
1.757491326332092285e+01 2.879999999999999893e+00 4.199999943375587463e-02 8.100057373046875000e+02
1.766891956329345703e+01 2.850000000000000089e+00 4.199999943375587463e-02 6.301258544921875000e+02
1.777691864967346191e+01 2.910000000000000142e+00 4.199999943375587463e-02 7.201751098632812500e+02
1.786691689491271973e+01 2.879999999999999893e+00 4.199999943375587463e-02 6.301258544921875000e+02
1.798396539688110352e+01 2.850000000000000089e+00 4.199999943375587463e-02 4.498088989257812500e+02
1.809195947647094727e+01 2.850000000000000089e+00 4.199999943375587463e-02 5.398581542968750000e+02
1.818191552162170410e+01 2.890000000000000124e+00 4.199999943375587463e-02 7.199565429687500000e+02
1.829891610145568848e+01 2.850000000000000089e+00 4.199999943375587463e-02 9.000549316406250000e+02
1.838491678237915039e+01 2.879999999999999893e+00 4.199999943375587463e-02 8.100057373046875000e+02
1.849691939353942871e+01 2.859999999999999876e+00 4.199999943375587463e-02 9.000549316406250000e+02
1.859196305274963379e+01 2.859999999999999876e+00 4.199999943375587463e-02 9.901042480468750000e+02
1.869995856285095215e+01 2.899999999999999911e+00 4.199999943375587463e-02 8.100057373046875000e+02
1.878891396522521973e+01 2.930000000000000160e+00 4.199999943375587463e-02 7.199565429687500000e+02
1.888396549224853516e+01 2.879999999999999893e+00 4.199999943375587463e-02 4.502460327148437500e+02
1.899602913856506348e+01 2.890000000000000124e+00 4.199999943375587463e-02 2.701476440429687500e+02
1.908191514015197754e+01 2.890000000000000124e+00 4.199999943375587463e-02 3.601968383789062500e+02
1.919891738891601562e+01 2.850000000000000089e+00 4.199999943375587463e-02 3.597597045898437500e+02
1.928891468048095703e+01 2.839999999999999858e+00 4.199999943375587463e-02 4.502460327148437500e+02
1.939691996574401855e+01 2.790000000000000036e+00 4.199999943375587463e-02 4.498088989257812500e+02
1.949091887474060059e+01 2.830000000000000071e+00 4.199999943375587463e-02 5.398581542968750000e+02
1.958191657066345215e+01 2.819999999999999840e+00 4.199999943375587463e-02 5.398581542968750000e+02
1.968891549110412598e+01 2.870000000000000107e+00 4.199999943375587463e-02 7.199565429687500000e+02
1.977996087074279785e+01 2.850000000000000089e+00 4.199999943375587463e-02 8.100057373046875000e+02
1.989691853523254395e+01 2.890000000000000124e+00 4.199999943375587463e-02 9.000549316406250000e+02
1.998191499710083008e+01 2.870000000000000107e+00 4.199999943375587463e-02 6.299072875976562500e+02
2.009491443634033203e+01 2.890000000000000124e+00 4.199999943375587463e-02 7.199565429687500000e+02
2.018891668319702148e+01 2.870000000000000107e+00 4.199999943375587463e-02 8.100057373046875000e+02
2.029692053794860840e+01 2.910000000000000142e+00 4.199999943375587463e-02 8.100057373046875000e+02
2.038692593574523926e+01 2.890000000000000124e+00 4.199999943375587463e-02 6.299072875976562500e+02
2.048191571235656738e+01 2.830000000000000071e+00 4.199999943375587463e-02 6.299072875976562500e+02
2.058991503715515137e+01 2.870000000000000107e+00 4.199999943375587463e-02 7.199565429687500000e+02
2.068597340583801270e+01 2.839999999999999858e+00 4.199999943375587463e-02 9.000549316406250000e+02
2.079691886901855469e+01 2.859999999999999876e+00 4.199999943375587463e-02 1.079716308593750000e+03
2.088593816757202148e+01 2.879999999999999893e+00 4.199999943375587463e-02 9.000549316406250000e+02
2.099391627311706543e+01 2.930000000000000160e+00 4.199999943375587463e-02 7.199565429687500000e+02
2.108892035484313965e+01 2.680000000000000160e+00 4.199999943375587463e-02 7.199565429687500000e+02
2.120092868804931641e+01 2.830000000000000071e+00 4.199999943375587463e-02 7.199565429687500000e+02
2.128694891929626465e+01 2.879999999999999893e+00 4.199999943375587463e-02 5.402952880859375000e+02
2.138091993331909180e+01 2.870000000000000107e+00 4.199999943375587463e-02 5.398581542968750000e+02
2.149391722679138184e+01 2.890000000000000124e+00 4.199999943375587463e-02 4.502460327148437500e+02
2.160191774368286133e+01 2.890000000000000124e+00 4.199999943375587463e-02 4.498088989257812500e+02
2.169596934318542480e+01 2.799999999999999822e+00 4.199999943375587463e-02 5.402952880859375000e+02
2.178691697120666504e+01 2.790000000000000036e+00 4.199999943375587463e-02 6.299072875976562500e+02
2.189391803741455078e+01 2.879999999999999893e+00 4.199999943375587463e-02 7.199565429687500000e+02
2.198491716384887695e+01 2.870000000000000107e+00 4.199999943375587463e-02 8.100057373046875000e+02
2.210090804100036621e+01 2.870000000000000107e+00 4.199999943375587463e-02 6.303444213867187500e+02
2.218701601028442383e+01 2.910000000000000142e+00 4.199999943375587463e-02 3.597597045898437500e+02
2.229996180534362793e+01 2.830000000000000071e+00 4.199999943375587463e-02 5.398581542968750000e+02
2.239391589164733887e+01 2.790000000000000036e+00 4.199999943375587463e-02 6.299072875976562500e+02
2.250191593170166016e+01 2.870000000000000107e+00 4.199999943375587463e-02 8.100057373046875000e+02
2.259195756912231445e+01 2.850000000000000089e+00 4.199999943375587463e-02 1.080153442382812500e+03
2.268691849708557129e+01 2.859999999999999876e+00 4.199999943375587463e-02 1.169765380859375000e+03
2.279492425918579102e+01 2.890000000000000124e+00 4.199999943375587463e-02 8.100057373046875000e+02
2.288395833969116211e+01 2.970000000000000195e+00 4.199999943375587463e-02 6.299072875976562500e+02
2.300191545486450195e+01 2.910000000000000142e+00 4.199999943375587463e-02 5.398581542968750000e+02
2.309091734886169434e+01 2.839999999999999858e+00 4.199999943375587463e-02 5.398581542968750000e+02
2.319891524314880371e+01 2.899999999999999911e+00 4.199999943375587463e-02 4.498088989257812500e+02
2.329391551017761230e+01 2.859999999999999876e+00 4.199999943375587463e-02 3.601968383789062500e+02
2.338395547866821289e+01 2.779999999999999805e+00 4.199999943375587463e-02 6.299072875976562500e+02
2.349196743965148926e+01 2.839999999999999858e+00 4.199999943375587463e-02 5.402952880859375000e+02
2.358592081069946289e+01 2.759999999999999787e+00 4.199999943375587463e-02 0.000000000000000000e+00
2.369891929626464844e+01 2.620000000000000107e+00 4.199999943375587463e-02 0.000000000000000000e+00
2.378396368026733398e+01 2.390000000000000124e+00 4.199999943375587463e-02 9.004920959472656250e+01
2.390092015266418457e+01 2.439999999999999947e+00 4.199999943375587463e-02 0.000000000000000000e+00
2.399196004867553711e+01 2.359999999999999876e+00 4.199999943375587463e-02 0.000000000000000000e+00
2.409891462326049805e+01 2.299999999999999822e+00 4.199999943375587463e-02 0.000000000000000000e+00
2.418991494178771973e+01 2.209999999999999964e+00 4.199999943375587463e-02 0.000000000000000000e+00
2.428396081924438477e+01 2.160000000000000142e+00 4.199999943375587463e-02 0.000000000000000000e+00
2.439196753501892090e+01 2.370000000000000107e+00 4.199999943375587463e-02 0.000000000000000000e+00
2.448191475868225098e+01 3.529999999999999805e+00 4.199999943375587463e-02 0.000000000000000000e+00
2.459891438484191895e+01 4.959999999999999964e+00 1.799999922513961792e-02 -7.199565429687500000e+02
2.468491697311401367e+01 3.930000000000000160e+00 1.799999922513961792e-02 -2.070257568359375000e+03
2.479691839218139648e+01 3.200000000000000178e+00 1.799999922513961792e-02 -2.159869628906250000e+03
2.489195919036865234e+01 3.029999999999999805e+00 1.799999922513961792e-02 -1.979771362304687500e+03
2.499995470046997070e+01 3.089999999999999858e+00 1.799999922513961792e-02 -2.070257568359375000e+03
2.508891797065734863e+01 3.069999999999999840e+00 1.799999922513961792e-02 -2.249918945312500000e+03
2.518396496772766113e+01 2.930000000000000160e+00 1.799999922513961792e-02 -2.249918945312500000e+03
2.529596495628356934e+01 3.120000000000000107e+00 1.799999922513961792e-02 -1.800109863281250000e+03
2.538191509246826172e+01 3.149999999999999911e+00 1.799999922513961792e-02 -1.529962280273437500e+03
2.549891757965087891e+01 3.180000000000000160e+00 1.799999922513961792e-02 -1.260251708984375000e+03
2.558891797065734863e+01 3.169999999999999929e+00 1.799999922513961792e-02 -1.080153442382812500e+03
2.569692063331604004e+01 3.240000000000000213e+00 1.799999922513961792e-02 -1.079716308593750000e+03
2.579091644287109375e+01 3.319999999999999840e+00 1.799999922513961792e-02 -1.079716308593750000e+03
2.588191795349121094e+01 3.270000000000000018e+00 1.799999922513961792e-02 -1.079716308593750000e+03
2.598891711235046387e+01 3.259999999999999787e+00 1.799999922513961792e-02 -1.259814575195312500e+03
2.607995915412902832e+01 3.250000000000000000e+00 1.799999922513961792e-02 -9.896671142578125000e+02
2.619692277908325195e+01 3.290000000000000036e+00 1.799999922513961792e-02 -1.080153442382812500e+03
2.628191590309143066e+01 3.279999999999999805e+00 1.799999922513961792e-02 -9.896671142578125000e+02
2.639491367340087891e+01 3.259999999999999787e+00 1.799999922513961792e-02 -1.080153442382812500e+03
2.648892021179199219e+01 3.310000000000000053e+00 1.799999922513961792e-02 -1.169765380859375000e+03
2.659692049026489258e+01 3.220000000000000195e+00 1.799999922513961792e-02 -1.170202514648437500e+03
2.668691873550415039e+01 3.250000000000000000e+00 1.799999922513961792e-02 -1.079716308593750000e+03
2.678191566467285156e+01 3.240000000000000213e+00 1.799999922513961792e-02 -9.000549316406250000e+02
2.688991475105285645e+01 3.200000000000000178e+00 1.799999922513961792e-02 -9.000549316406250000e+02
2.700191545486450195e+01 3.299999999999999822e+00 1.799999922513961792e-02 -9.901042480468750000e+02
2.709691905975341797e+01 3.279999999999999805e+00 1.799999922513961792e-02 -1.079716308593750000e+03
2.718596363067626953e+01 3.250000000000000000e+00 1.799999922513961792e-02 -8.998363647460937500e+02
2.729391431808471680e+01 3.250000000000000000e+00 1.799999922513961792e-02 -9.000549316406250000e+02
2.738891744613647461e+01 3.279999999999999805e+00 1.799999922513961792e-02 -9.901042480468750000e+02
2.750091743469238281e+01 3.319999999999999840e+00 1.799999922513961792e-02 -1.079934814453125000e+03
2.758692002296447754e+01 3.359999999999999876e+00 1.799999922513961792e-02 -1.169984008789062500e+03
2.768091964721679688e+01 3.270000000000000018e+00 1.799999922513961792e-02 -1.350082397460937500e+03
2.779391598701477051e+01 3.240000000000000213e+00 1.799999922513961792e-02 -1.349863891601562500e+03
2.790191459655761719e+01 3.220000000000000195e+00 1.799999922513961792e-02 -1.349863891601562500e+03
2.799594926834106445e+01 3.209999999999999964e+00 1.799999922513961792e-02 -1.440131591796875000e+03
2.808691930770874023e+01 3.220000000000000195e+00 1.799999922513961792e-02 -1.350082397460937500e+03
2.819391703605651855e+01 3.229999999999999982e+00 1.799999922513961792e-02 -1.170202514648437500e+03
2.828491759300231934e+01 3.240000000000000213e+00 1.799999922513961792e-02 -1.260033203125000000e+03
2.840091466903686523e+01 3.209999999999999964e+00 1.799999922513961792e-02 -1.080153442382812500e+03
2.848691964149475098e+01 3.200000000000000178e+00 1.799999922513961792e-02 -9.898856811523437500e+02
2.859996318817138672e+01 3.229999999999999982e+00 1.799999922513961792e-02 -8.100057373046875000e+02
2.869391512870788574e+01 3.279999999999999805e+00 1.799999922513961792e-02 -8.100057373046875000e+02
2.880091595649719238e+01 3.259999999999999787e+00 1.799999922513961792e-02 -8.100057373046875000e+02
2.889195728302001953e+01 3.140000000000000124e+00 1.799999922513961792e-02 -6.300166015625000000e+02
2.898691844940185547e+01 3.290000000000000036e+00 1.799999922513961792e-02 -7.200657958984375000e+02
2.909491539001464844e+01 3.299999999999999822e+00 1.799999922513961792e-02 -8.100057373046875000e+02
2.918396496772766113e+01 3.299999999999999822e+00 1.799999922513961792e-02 -9.000549316406250000e+02
2.930091643333435059e+01 3.229999999999999982e+00 1.799999922513961792e-02 -9.899949340820312500e+02
2.939091777801513672e+01 3.220000000000000195e+00 1.799999922513961792e-02 -8.100057373046875000e+02
2.949891757965087891e+01 3.240000000000000213e+00 1.799999922513961792e-02 -6.300166015625000000e+02
2.959391307830810547e+01 3.299999999999999822e+00 1.799999922513961792e-02 -8.100057373046875000e+02
2.968395781517028809e+01 3.359999999999999876e+00 1.799999922513961792e-02 -9.899949340820312500e+02
2.979195570945739746e+01 3.209999999999999964e+00 1.799999922513961792e-02 -7.199565429687500000e+02
2.988592195510864258e+01 3.209999999999999964e+00 1.799999922513961792e-02 -6.300166015625000000e+02
2.999891376495361328e+01 3.299999999999999822e+00 1.799999922513961792e-02 -9.899949340820312500e+02
3.008396053314208984e+01 3.390000000000000124e+00 1.799999922513961792e-02 -1.080044189453125000e+03
3.020091748237609863e+01 3.270000000000000018e+00 1.799999922513961792e-02 -9.900495605468750000e+02
3.029196500778198242e+01 2.939999999999999947e+00 1.799999922513961792e-02 0.000000000000000000e+00
3.039891719818115234e+01 2.299999999999999822e+00 1.799999922513961792e-02 0.000000000000000000e+00
3.048991489410400391e+01 2.520000000000000018e+00 1.799999922513961792e-02 0.000000000000000000e+00
3.058396792411804199e+01 2.430000000000000160e+00 1.799999922513961792e-02 0.000000000000000000e+00
3.069195485115051270e+01 1.550000000000000044e+00 1.799999922513961792e-02 0.000000000000000000e+00
3.078191232681274414e+01 1.229999999999999982e+00 4.199999943375587463e-02 9.000003051757812500e+02
3.089891314506530762e+01 2.740000000000000213e+00 4.199999943375587463e-02 1.440022338867187500e+03
3.098491883277893066e+01 2.910000000000000142e+00 4.199999943375587463e-02 1.529962280273437500e+03
3.109691882133483887e+01 2.870000000000000107e+00 4.199999943375587463e-02 1.800000610351562500e+03
3.119195294380187988e+01 2.870000000000000107e+00 4.199999943375587463e-02 1.800000610351562500e+03
3.129997467994689941e+01 2.910000000000000142e+00 4.199999943375587463e-02 1.800000610351562500e+03
3.138891458511352539e+01 2.959999999999999964e+00 4.199999943375587463e-02 1.710060668945312500e+03
3.148396015167236328e+01 2.930000000000000160e+00 4.199999943375587463e-02 1.619902221679687500e+03
3.159599471092224121e+01 2.919999999999999929e+00 4.199999943375587463e-02 1.620011474609375000e+03
3.168191337585449219e+01 2.910000000000000142e+00 4.199999943375587463e-02 1.529962280273437500e+03
3.179891490936279297e+01 2.899999999999999911e+00 4.199999943375587463e-02 1.799891357421875000e+03
3.188891696929931641e+01 2.879999999999999893e+00 4.199999943375587463e-02 1.979989868164062500e+03
3.199692106246948242e+01 2.899999999999999911e+00 4.199999943375587463e-02 2.070039062500000000e+03
3.209091615676879883e+01 2.950000000000000178e+00 4.199999943375587463e-02 1.889940673828125000e+03
3.218191671371459961e+01 2.899999999999999911e+00 4.199999943375587463e-02 1.800109863281250000e+03
3.228891801834106445e+01 2.910000000000000142e+00 4.199999943375587463e-02 2.160088378906250000e+03
3.237996244430541992e+01 2.930000000000000160e+00 4.199999943375587463e-02 1.979989868164062500e+03
3.249691963195800781e+01 2.970000000000000195e+00 4.199999943375587463e-02 1.979989868164062500e+03
3.258191490173339844e+01 2.919999999999999929e+00 4.199999943375587463e-02 1.800109863281250000e+03
3.269491481781005859e+01 2.899999999999999911e+00 4.199999943375587463e-02 1.980208496093750000e+03
3.278891444206237793e+01 2.919999999999999929e+00 4.199999943375587463e-02 1.980208496093750000e+03
3.289692115783691406e+01 2.979999999999999982e+00 4.199999943375587463e-02 1.710060668945312500e+03
3.298692274093627930e+01 2.910000000000000142e+00 4.199999943375587463e-02 1.620011474609375000e+03
3.308891630172729492e+01 2.910000000000000142e+00 4.199999943375587463e-02 1.710060668945312500e+03
3.318991947174072266e+01 2.950000000000000178e+00 4.199999943375587463e-02 1.529962280273437500e+03
3.330191755294799805e+01 2.930000000000000160e+00 4.199999943375587463e-02 1.710060668945312500e+03
3.339691972732543945e+01 2.919999999999999929e+00 4.199999943375587463e-02 1.799672729492187500e+03
3.348592162132263184e+01 2.970000000000000195e+00 4.199999943375587463e-02 1.439913085937500000e+03
3.359391450881958008e+01 2.990000000000000213e+00 4.199999943375587463e-02 1.169765380859375000e+03
3.368891739845275879e+01 2.959999999999999964e+00 4.199999943375587463e-02 1.169765380859375000e+03
3.380092501640319824e+01 2.910000000000000142e+00 4.199999943375587463e-02 1.080153442382812500e+03
3.388691997528076172e+01 2.950000000000000178e+00 4.199999943375587463e-02 9.896671142578125000e+02
3.398796224594116211e+01 2.859999999999999876e+00 4.199999943375587463e-02 9.901042480468750000e+02
3.409391760826110840e+01 2.930000000000000160e+00 4.199999943375587463e-02 8.100057373046875000e+02
3.420191383361816406e+01 2.910000000000000142e+00 4.199999943375587463e-02 6.299072875976562500e+02
3.429598116874694824e+01 2.870000000000000107e+00 4.199999943375587463e-02 7.199565429687500000e+02
3.438691616058349609e+01 2.850000000000000089e+00 4.199999943375587463e-02 6.303444213867187500e+02
3.449391770362854004e+01 2.859999999999999876e+00 4.199999943375587463e-02 5.402952880859375000e+02
3.458492064476013184e+01 2.879999999999999893e+00 4.199999943375587463e-02 8.100057373046875000e+02
3.470191478729248047e+01 2.850000000000000089e+00 4.199999943375587463e-02 8.100057373046875000e+02
3.478692460060119629e+01 2.899999999999999911e+00 4.199999943375587463e-02 7.199565429687500000e+02
3.489996218681335449e+01 2.910000000000000142e+00 4.199999943375587463e-02 7.199565429687500000e+02
3.499391627311706543e+01 2.729999999999999982e+00 4.199999943375587463e-02 9.896671142578125000e+02
3.510191392898559570e+01 2.959999999999999964e+00 4.199999943375587463e-02 8.100057373046875000e+02
3.519196057319641113e+01 2.919999999999999929e+00 4.199999943375587463e-02 6.299072875976562500e+02
3.528691983222961426e+01 2.859999999999999876e+00 4.199999943375587463e-02 8.100057373046875000e+02
3.539492392539978027e+01 2.890000000000000124e+00 4.199999943375587463e-02 5.398581542968750000e+02
3.548396396636962891e+01 2.910000000000000142e+00 4.199999943375587463e-02 4.498088989257812500e+02
3.560191655158996582e+01 2.890000000000000124e+00 4.199999943375587463e-02 2.701476440429687500e+02
3.569091391563415527e+01 2.649999999999999911e+00 4.199999943375587463e-02 9.004920959472656250e+01
3.579891562461853027e+01 2.470000000000000195e+00 4.199999943375587463e-02 9.004920959472656250e+01
3.589391589164733887e+01 2.450000000000000178e+00 4.199999943375587463e-02 0.000000000000000000e+00
3.598396921157836914e+01 2.259999999999999787e+00 4.199999943375587463e-02 0.000000000000000000e+00
3.609196949005126953e+01 2.279999999999999805e+00 4.199999943375587463e-02 0.000000000000000000e+00
3.618592548370361328e+01 2.290000000000000036e+00 4.199999943375587463e-02 0.000000000000000000e+00
3.629890751838684082e+01 3.080000000000000071e+00 4.199999943375587463e-02 0.000000000000000000e+00
3.638396525382995605e+01 4.719999999999999751e+00 1.799999922513961792e-02 -1.620011474609375000e+03
3.650091624259948730e+01 3.600000000000000089e+00 1.799999922513961792e-02 -3.149973632812500000e+03
3.659195613861083984e+01 3.339999999999999858e+00 1.799999922513961792e-02 -3.149973632812500000e+03
3.669891476631164551e+01 3.299999999999999822e+00 1.799999922513961792e-02 -3.510170654296875000e+03
3.678991484642028809e+01 3.310000000000000053e+00 1.799999922513961792e-02 -3.599782714843750000e+03
3.688396072387695312e+01 3.229999999999999982e+00 1.799999922513961792e-02 -3.690269287109375000e+03
3.699195694923400879e+01 3.229999999999999982e+00 1.799999922513961792e-02 -3.959979736328125000e+03
3.708191561698913574e+01 3.290000000000000036e+00 1.799999922513961792e-02 -3.959979736328125000e+03
3.719892477989196777e+01 3.310000000000000053e+00 1.799999922513961792e-02 -4.319739257812500000e+03
3.728491473197937012e+01 3.189999999999999947e+00 1.799999922513961792e-02 -4.319739257812500000e+03
3.739692306518554688e+01 3.089999999999999858e+00 1.799999922513961792e-02 -3.690050781250000000e+03
3.749196004867553711e+01 3.080000000000000071e+00 1.799999922513961792e-02 -3.330072265625000000e+03
3.759996986389160156e+01 3.140000000000000124e+00 1.799999922513961792e-02 -3.059924560546875000e+03
3.768892526626586914e+01 3.160000000000000142e+00 1.799999922513961792e-02 -2.880044677734375000e+03
3.778395676612854004e+01 3.129999999999999893e+00 1.799999922513961792e-02 -2.519847900390625000e+03
3.789596414566040039e+01 3.120000000000000107e+00 1.799999922513961792e-02 -2.160088378906250000e+03
3.798191428184509277e+01 3.120000000000000107e+00 1.799999922513961792e-02 -1.800000610351562500e+03
3.809891438484191895e+01 3.189999999999999947e+00 1.799999922513961792e-02 -1.800000610351562500e+03
3.818891596794128418e+01 3.180000000000000160e+00 1.799999922513961792e-02 -1.710060668945312500e+03
3.829691910743713379e+01 3.109999999999999876e+00 1.799999922513961792e-02 -1.080044189453125000e+03
3.839091324806213379e+01 3.149999999999999911e+00 1.799999922513961792e-02 -7.200657958984375000e+02
3.848191666603088379e+01 3.250000000000000000e+00 1.799999922513961792e-02 -8.100057373046875000e+02
3.858891606330871582e+01 3.270000000000000018e+00 1.799999922513961792e-02 -8.100057373046875000e+02
3.867996144294738770e+01 3.189999999999999947e+00 1.799999922513961792e-02 -6.299619750976562500e+02
3.879692149162292480e+01 3.290000000000000036e+00 1.799999922513961792e-02 -6.299619750976562500e+02
3.888191628456115723e+01 3.370000000000000107e+00 1.799999922513961792e-02 -6.300166015625000000e+02
3.899491405487060547e+01 3.319999999999999840e+00 1.799999922513961792e-02 -7.199565429687500000e+02
3.908891606330871582e+01 3.259999999999999787e+00 1.799999922513961792e-02 -7.200111694335937500e+02
3.919691610336303711e+01 3.250000000000000000e+00 1.799999922513961792e-02 0.000000000000000000e+00
3.928691601753234863e+01 2.279999999999999805e+00 1.799999922513961792e-02 0.000000000000000000e+00
3.938191461563110352e+01 2.279999999999999805e+00 1.799999922513961792e-02 0.000000000000000000e+00
3.948991656303405762e+01 1.919999999999999929e+00 1.799999922513961792e-02 0.000000000000000000e+00
3.957891464233398438e+01 1.189999999999999947e+00 4.199999943375587463e-02 9.000003051757812500e+02
3.969692373275756836e+01 2.290000000000000036e+00 4.199999943375587463e-02 1.889995361328125000e+03
3.978593993186950684e+01 2.799999999999999822e+00 4.199999943375587463e-02 1.979989868164062500e+03
3.989391422271728516e+01 2.850000000000000089e+00 4.199999943375587463e-02 2.339968017578125000e+03
3.998891544342041016e+01 2.830000000000000071e+00 4.199999943375587463e-02 2.970093994140625000e+03
4.010091662406921387e+01 2.899999999999999911e+00 4.199999943375587463e-02 3.149973632812500000e+03
4.018691873550415039e+01 2.890000000000000124e+00 4.199999943375587463e-02 3.059924560546875000e+03
4.028091764450073242e+01 2.910000000000000142e+00 4.199999943375587463e-02 3.239804443359375000e+03
4.039391684532165527e+01 2.910000000000000142e+00 4.199999943375587463e-02 2.969875244140625000e+03
4.050091791152954102e+01 3.000000000000000000e+00 4.199999943375587463e-02 3.060143066406250000e+03
4.059597086906433105e+01 2.939999999999999947e+00 4.199999943375587463e-02 2.880044677734375000e+03
4.068692016601562500e+01 2.950000000000000178e+00 4.199999943375587463e-02 2.789995361328125000e+03
4.079391431808471680e+01 2.930000000000000160e+00 4.199999943375587463e-02 2.700164794921875000e+03
4.088491654396057129e+01 2.879999999999999893e+00 4.199999943375587463e-02 3.149973632812500000e+03
4.100091767311096191e+01 2.879999999999999893e+00 4.199999943375587463e-02 3.330072265625000000e+03
4.108691930770874023e+01 2.950000000000000178e+00 4.199999943375587463e-02 2.880263183593750000e+03
4.119996571540832520e+01 2.970000000000000195e+00 4.199999943375587463e-02 2.879826171875000000e+03
4.129391932487487793e+01 2.930000000000000160e+00 4.199999943375587463e-02 2.700164794921875000e+03
4.140091657638549805e+01 3.000000000000000000e+00 4.199999943375587463e-02 2.700164794921875000e+03
4.149196004867553711e+01 2.990000000000000213e+00 4.199999943375587463e-02 2.339968017578125000e+03
4.158691740036010742e+01 2.979999999999999982e+00 4.199999943375587463e-02 2.159869628906250000e+03
4.169491648674011230e+01 2.959999999999999964e+00 4.199999943375587463e-02 1.979771362304687500e+03
4.178396439552307129e+01 2.870000000000000107e+00 4.199999943375587463e-02 2.159869628906250000e+03
4.190091919898986816e+01 2.930000000000000160e+00 4.199999943375587463e-02 2.069820556640625000e+03
4.199092173576354980e+01 3.020000000000000018e+00 4.199999943375587463e-02 1.710060668945312500e+03
4.209891533851623535e+01 2.910000000000000142e+00 4.199999943375587463e-02 1.620011474609375000e+03
4.219391441345214844e+01 2.939999999999999947e+00 4.199999943375587463e-02 0.000000000000000000e+00
4.228396797180175781e+01 3.750000000000000000e+00 4.199999943375587463e-02 0.000000000000000000e+00
4.239196562767028809e+01 3.770000000000000018e+00 4.199999943375587463e-02 0.000000000000000000e+00
4.248591613769531250e+01 3.379999999999999893e+00 4.199999943375587463e-02 0.000000000000000000e+00
4.259893560409545898e+01 2.870000000000000107e+00 4.199999943375587463e-02 0.000000000000000000e+00
4.268396902084350586e+01 2.439999999999999947e+00 4.199999943375587463e-02 0.000000000000000000e+00
4.280092597007751465e+01 2.620000000000000107e+00 4.199999943375587463e-02 0.000000000000000000e+00
4.289197516441345215e+01 2.609999999999999876e+00 4.199999943375587463e-02 0.000000000000000000e+00
4.299891543388366699e+01 2.580000000000000071e+00 4.199999943375587463e-02 0.000000000000000000e+00
4.308991575241088867e+01 2.549999999999999822e+00 4.199999943375587463e-02 0.000000000000000000e+00
4.318395805358886719e+01 2.529999999999999805e+00 4.199999943375587463e-02 0.000000000000000000e+00
4.329195904731750488e+01 2.500000000000000000e+00 4.199999943375587463e-02 0.000000000000000000e+00
4.338191509246826172e+01 2.479999999999999982e+00 4.199999943375587463e-02 0.000000000000000000e+00
4.349891853332519531e+01 2.459999999999999964e+00 4.199999943375587463e-02 0.000000000000000000e+00
4.358491802215576172e+01 2.439999999999999947e+00 4.199999943375587463e-02 0.000000000000000000e+00
4.369691658020019531e+01 2.419999999999999929e+00 4.199999943375587463e-02 0.000000000000000000e+00
4.379195594787597656e+01 2.410000000000000142e+00 4.199999943375587463e-02 0.000000000000000000e+00
4.389997220039367676e+01 2.390000000000000124e+00 4.199999943375587463e-02 0.000000000000000000e+00
4.398891782760620117e+01 2.379999999999999893e+00 4.199999943375587463e-02 0.000000000000000000e+00
4.408394789695739746e+01 2.359999999999999876e+00 4.199999943375587463e-02 0.000000000000000000e+00
4.419597029685974121e+01 2.350000000000000089e+00 4.199999943375587463e-02 0.000000000000000000e+00
4.428191494941711426e+01 2.339999999999999858e+00 4.199999943375587463e-02 0.000000000000000000e+00
4.439891886711120605e+01 2.330000000000000071e+00 4.199999943375587463e-02 0.000000000000000000e+00
4.448893976211547852e+01 2.319999999999999840e+00 4.199999943375587463e-02 0.000000000000000000e+00
4.459691691398620605e+01 2.310000000000000053e+00 4.199999943375587463e-02 0.000000000000000000e+00
4.469091439247131348e+01 2.299999999999999822e+00 4.199999943375587463e-02 0.000000000000000000e+00
4.478191471099853516e+01 2.299999999999999822e+00 4.199999943375587463e-02 0.000000000000000000e+00
4.488891506195068359e+01 2.290000000000000036e+00 4.199999943375587463e-02 0.000000000000000000e+00
4.497996497154235840e+01 2.290000000000000036e+00 4.199999943375587463e-02 0.000000000000000000e+00
4.509691810607910156e+01 2.279999999999999805e+00 4.199999943375587463e-02 0.000000000000000000e+00
4.518191766738891602e+01 2.279999999999999805e+00 4.199999943375587463e-02 0.000000000000000000e+00
4.529491591453552246e+01 2.270000000000000018e+00 4.199999943375587463e-02 0.000000000000000000e+00
4.538891315460205078e+01 2.259999999999999787e+00 4.199999943375587463e-02 0.000000000000000000e+00
4.549691653251647949e+01 2.259999999999999787e+00 4.199999943375587463e-02 0.000000000000000000e+00
4.558691668510437012e+01 2.259999999999999787e+00 4.199999943375587463e-02 0.000000000000000000e+00
