4.295229911804199219e-02 1.649999999999999911e+00 2.500000037252902985e-02 0.000000000000000000e+00
1.429421901702880859e-01 1.649999999999999911e+00 2.500000037252902985e-02 0.000000000000000000e+00
2.329421043395996094e-01 1.649999999999999911e+00 2.500000037252902985e-02 0.000000000000000000e+00
3.229429721832275391e-01 1.659999999999999920e+00 2.500000037252902985e-02 0.000000000000000000e+00
4.299447536468505859e-01 1.679999999999999938e+00 2.500000037252902985e-02 0.000000000000000000e+00
5.419416427612304688e-01 1.639999999999999902e+00 2.500000037252902985e-02 0.000000000000000000e+00
6.359870433807373047e-01 1.629999999999999893e+00 2.500000037252902985e-02 0.000000000000000000e+00
7.269458770751953125e-01 1.560000000000000053e+00 2.500000037252902985e-02 0.000000000000000000e+00
8.379456996917724609e-01 1.639999999999999902e+00 2.500000037252902985e-02 0.000000000000000000e+00
9.229350090026855469e-01 1.800000000000000044e+00 2.500000037252902985e-02 0.000000000000000000e+00
1.040948867797851562e+00 2.029999999999999805e+00 2.500000037252902985e-02 0.000000000000000000e+00
1.130934715270996094e+00 2.439999999999999947e+00 2.500000037252902985e-02 0.000000000000000000e+00
1.237942457199096680e+00 2.970000000000000195e+00 2.500000037252902985e-02 0.000000000000000000e+00
1.332950353622436523e+00 3.549999999999999822e+00 2.500000037252902985e-02 0.000000000000000000e+00
1.422940731048583984e+00 4.000000000000000000e+00 2.500000037252902985e-02 -8.999456787109375000e+01
1.530935287475585938e+00 4.070000000000000284e+00 2.500000037252902985e-02 -3.599782714843750000e+02
1.624940872192382812e+00 4.040000000000000036e+00 2.500000037252902985e-02 -3.600328979492187500e+02
1.737943172454833984e+00 4.009999999999999787e+00 2.500000037252902985e-02 0.000000000000000000e+00
1.826941728591918945e+00 4.339999999999999858e+00 2.500000037252902985e-02 -8.999456787109375000e+01
1.940006971359252930e+00 4.179999999999999716e+00 2.500000037252902985e-02 -4.500274658203125000e+02
2.030936956405639648e+00 4.070000000000000284e+00 2.500000037252902985e-02 -5.400220947265625000e+02
2.141945123672485352e+00 4.089999999999999858e+00 2.500000037252902985e-02 -7.200111694335937500e+02
2.228944063186645508e+00 4.150000000000000355e+00 2.500000037252902985e-02 -9.899949340820312500e+02
2.324005603790283203e+00 3.990000000000000213e+00 2.500000037252902985e-02 -8.100057373046875000e+02
2.434948921203613281e+00 4.070000000000000284e+00 2.500000037252902985e-02 -8.099920654296875000e+02
2.544010400772094727e+00 4.089999999999999858e+00 2.500000037252902985e-02 -8.099989013671875000e+02
2.638935804367065430e+00 4.089999999999999858e+00 2.500000037252902985e-02 -7.200000610351562500e+02
2.728021383285522461e+00 4.009999999999999787e+00 2.500000037252902985e-02 -7.199974975585937500e+02
2.835994482040405273e+00 4.000000000000000000e+00 2.500000037252902985e-02 -5.399947509765625000e+02
2.930963039398193359e+00 3.970000000000000195e+00 2.500000037252902985e-02 -5.399947509765625000e+02
3.042942523956298828e+00 3.919999999999999929e+00 2.500000037252902985e-02 -3.599782714843750000e+02
3.127986192703247070e+00 3.979999999999999982e+00 2.500000037252902985e-02 -8.999456787109375000e+01
3.222935199737548828e+00 4.129999999999999893e+00 2.500000037252902985e-02 -8.999456787109375000e+01
3.335994720458984375e+00 4.080000000000000071e+00 2.500000037252902985e-02 -1.800164489746093750e+02
3.462943077087402344e+00 4.139999999999999680e+00 2.500000037252902985e-02 -3.600055847167968750e+02
3.560953378677368164e+00 4.120000000000000107e+00 2.500000037252902985e-02 -4.500001525878906250e+02
3.650935411453247070e+00 4.030000000000000249e+00 2.500000037252902985e-02 -4.500001525878906250e+02
3.757935285568237305e+00 3.950000000000000178e+00 2.500000037252902985e-02 -4.500001525878906250e+02
3.854946374893188477e+00 3.979999999999999982e+00 2.500000037252902985e-02 -5.400220947265625000e+02
3.939989089965820312e+00 4.059999999999999609e+00 2.500000037252902985e-02 -6.300166015625000000e+02
4.058943510055541992e+00 4.009999999999999787e+00 2.500000037252902985e-02 -6.300166015625000000e+02
4.138943910598754883e+00 4.019999999999999574e+00 2.500000037252902985e-02 -4.500274658203125000e+02
4.249943494796752930e+00 4.049999999999999822e+00 2.500000037252902985e-02 -4.500274658203125000e+02
4.360942363739013672e+00 4.030000000000000249e+00 2.500000037252902985e-02 -3.600328979492187500e+02
4.450940847396850586e+00 4.019999999999999574e+00 2.500000037252902985e-02 -3.600328979492187500e+02
4.563999652862548828e+00 4.099999999999999645e+00 2.500000037252902985e-02 -4.499728393554687500e+02
4.653952360153198242e+00 4.089999999999999858e+00 2.500000037252902985e-02 -5.399674072265625000e+02
4.763998270034790039e+00 4.040000000000000036e+00 2.500000037252902985e-02 -6.299072875976562500e+02
4.853939771652221680e+00 3.990000000000000213e+00 2.500000037252902985e-02 -6.299072875976562500e+02
4.944002866744995117e+00 4.080000000000000071e+00 2.500000037252902985e-02 -8.100057373046875000e+02
5.056015014648437500e+00 4.009999999999999787e+00 2.500000037252902985e-02 -8.100057373046875000e+02
5.146944522857666016e+00 4.070000000000000284e+00 2.500000037252902985e-02 -6.300166015625000000e+02
5.258951425552368164e+00 4.099999999999999645e+00 2.500000037252902985e-02 -7.200657958984375000e+02
5.348945379257202148e+00 4.049999999999999822e+00 2.500000037252902985e-02 -7.199565429687500000e+02
5.461944818496704102e+00 4.040000000000000036e+00 2.500000037252902985e-02 -5.399674072265625000e+02
5.550945281982421875e+00 4.009999999999999787e+00 2.500000037252902985e-02 -3.599782714843750000e+02
5.662945270538330078e+00 3.990000000000000213e+00 2.500000037252902985e-02 -4.500274658203125000e+02
5.752942800521850586e+00 4.059999999999999609e+00 2.500000037252902985e-02 -5.400767211914062500e+02
5.841943025588989258e+00 4.070000000000000284e+00 2.500000037252902985e-02 -5.400767211914062500e+02
5.955039739608764648e+00 3.950000000000000178e+00 2.500000037252902985e-02 -5.399674072265625000e+02
6.044945955276489258e+00 3.939999999999999947e+00 2.500000037252902985e-02 -5.399674072265625000e+02
6.157944917678833008e+00 4.049999999999999822e+00 2.500000037252902985e-02 -6.299072875976562500e+02
6.247988700866699219e+00 4.019999999999999574e+00 2.500000037252902985e-02 -8.100057373046875000e+02
6.358944892883300781e+00 3.939999999999999947e+00 2.500000037252902985e-02 -8.100057373046875000e+02
6.448013782501220703e+00 3.919999999999999929e+00 2.500000037252902985e-02 -8.100057373046875000e+02
6.559987306594848633e+00 3.950000000000000178e+00 2.500000037252902985e-02 -7.199565429687500000e+02
6.649947404861450195e+00 4.049999999999999822e+00 2.500000037252902985e-02 -7.199565429687500000e+02
6.760944128036499023e+00 3.990000000000000213e+00 2.500000037252902985e-02 -9.000549316406250000e+02
6.850942373275756836e+00 3.979999999999999982e+00 2.500000037252902985e-02 -9.000549316406250000e+02
6.963991641998291016e+00 3.939999999999999947e+00 2.500000037252902985e-02 -7.201751098632812500e+02
7.053943872451782227e+00 4.000000000000000000e+00 2.500000037252902985e-02 -4.500274658203125000e+02
7.142941951751708984e+00 4.120000000000000107e+00 2.500000037252902985e-02 -4.500274658203125000e+02
7.253952741622924805e+00 4.120000000000000107e+00 2.500000037252902985e-02 -4.500274658203125000e+02
7.344946146011352539e+00 4.110000000000000320e+00 2.500000037252902985e-02 -3.599782714843750000e+02
7.457941055297851562e+00 4.120000000000000107e+00 2.500000037252902985e-02 -3.599782714843750000e+02
7.547989845275878906e+00 4.139999999999999680e+00 2.500000037252902985e-02 -3.599782714843750000e+02
7.654948949813842773e+00 4.080000000000000071e+00 2.500000037252902985e-02 -4.500274658203125000e+02
7.743996143341064453e+00 3.979999999999999982e+00 2.500000037252902985e-02 -3.599782714843750000e+02
7.861943483352661133e+00 3.990000000000000213e+00 2.500000037252902985e-02 -1.798798522949218750e+02
7.947989463806152344e+00 4.089999999999999858e+00 2.500000037252902985e-02 -2.699290771484375000e+02
8.058951377868652344e+00 4.099999999999999645e+00 2.500000037252902985e-02 -3.599782714843750000e+02
8.153952360153198242e+00 4.080000000000000071e+00 2.500000037252902985e-02 -3.601968383789062500e+02
8.262943029403686523e+00 4.049999999999999822e+00 2.500000037252902985e-02 -4.500274658203125000e+02
8.351993322372436523e+00 4.000000000000000000e+00 2.500000037252902985e-02 -4.500274658203125000e+02
8.442942619323730469e+00 4.009999999999999787e+00 2.500000037252902985e-02 -5.398581542968750000e+02
8.556002616882324219e+00 4.009999999999999787e+00 2.500000037252902985e-02 -4.500274658203125000e+02
8.644004106521606445e+00 3.970000000000000195e+00 2.500000037252902985e-02 -3.599782714843750000e+02
8.757943391799926758e+00 3.890000000000000124e+00 2.500000037252902985e-02 -1.800984191894531250e+02
8.851989507675170898e+00 4.040000000000000036e+00 2.500000037252902985e-02 -3.601968383789062500e+02
8.958940505981445312e+00 3.990000000000000213e+00 2.500000037252902985e-02 -2.701476440429687500e+02
9.049975633621215820e+00 4.030000000000000249e+00 2.500000037252902985e-02 -2.699290771484375000e+02
9.144953012466430664e+00 4.030000000000000249e+00 2.500000037252902985e-02 -2.701476440429687500e+02
9.252001285552978516e+00 4.000000000000000000e+00 2.500000037252902985e-02 -2.701476440429687500e+02
9.341942787170410156e+00 4.009999999999999787e+00 2.500000037252902985e-02 -3.599782714843750000e+02
9.459995508193969727e+00 4.040000000000000036e+00 2.500000037252902985e-02 -4.500274658203125000e+02
9.544947624206542969e+00 4.059999999999999609e+00 2.500000037252902985e-02 -5.400767211914062500e+02
9.656947374343872070e+00 4.009999999999999787e+00 2.500000037252902985e-02 -6.301258544921875000e+02
9.751985549926757812e+00 3.970000000000000195e+00 2.500000037252902985e-02 -5.400767211914062500e+02
9.859995126724243164e+00 4.019999999999999574e+00 2.500000037252902985e-02 -3.601968383789062500e+02
9.948945045471191406e+00 4.059999999999999609e+00 2.500000037252902985e-02 -3.599782714843750000e+02
1.004400348663330078e+01 4.080000000000000071e+00 2.500000037252902985e-02 -5.398581542968750000e+02
1.015294432640075684e+01 4.059999999999999609e+00 2.500000037252902985e-02 -5.398581542968750000e+02
1.026400017738342285e+01 4.040000000000000036e+00 2.500000037252902985e-02 -3.601968383789062500e+02
1.035894465446472168e+01 4.030000000000000249e+00 2.500000037252902985e-02 -2.697105102539062500e+02
1.044595384597778320e+01 4.150000000000000355e+00 2.500000037252902985e-02 -4.498088989257812500e+02
1.055694580078125000e+01 4.150000000000000355e+00 2.500000037252902985e-02 -6.299072875976562500e+02
1.064799451828002930e+01 4.120000000000000107e+00 2.500000037252902985e-02 -5.398581542968750000e+02
1.076094341278076172e+01 4.129999999999999893e+00 2.500000037252902985e-02 -6.299072875976562500e+02
1.084894609451293945e+01 4.099999999999999645e+00 2.500000037252902985e-02 -5.398581542968750000e+02
1.096294236183166504e+01 4.110000000000000320e+00 2.500000037252902985e-02 -6.299072875976562500e+02
1.105694270133972168e+01 4.080000000000000071e+00 2.500000037252902985e-02 -6.299072875976562500e+02
1.116294360160827637e+01 3.990000000000000213e+00 2.500000037252902985e-02 -6.299072875976562500e+02
1.125494623184204102e+01 3.959999999999999964e+00 2.500000037252902985e-02 -6.299072875976562500e+02
1.134994387626647949e+01 4.030000000000000249e+00 2.500000037252902985e-02 -5.398581542968750000e+02
1.145694589614868164e+01 4.009999999999999787e+00 2.500000037252902985e-02 -6.303444213867187500e+02
1.154694342613220215e+01 3.970000000000000195e+00 2.500000037252902985e-02 -6.299072875976562500e+02
1.164894390106201172e+01 3.939999999999999947e+00 2.500000037252902985e-02 -6.299072875976562500e+02
1.174994397163391113e+01 3.990000000000000213e+00 2.500000037252902985e-02 -4.498088989257812500e+02
1.186194539070129395e+01 3.939999999999999947e+00 2.500000037252902985e-02 -4.498088989257812500e+02
1.195693874359130859e+01 3.979999999999999982e+00 2.500000037252902985e-02 -4.502460327148437500e+02
1.204294443130493164e+01 4.009999999999999787e+00 2.500000037252902985e-02 -3.597597045898437500e+02
1.215394949913024902e+01 4.019999999999999574e+00 2.500000037252902985e-02 -4.498088989257812500e+02
1.224894523620605469e+01 4.000000000000000000e+00 2.500000037252902985e-02 -6.299072875976562500e+02
1.235795140266418457e+01 4.049999999999999822e+00 2.500000037252902985e-02 -6.299072875976562500e+02
1.244694447517395020e+01 4.009999999999999787e+00 2.500000037252902985e-02 -5.398581542968750000e+02
1.256294274330139160e+01 3.979999999999999982e+00 2.500000037252902985e-02 -5.398581542968750000e+02
1.265095353126525879e+01 3.950000000000000178e+00 2.500000037252902985e-02 -3.601968383789062500e+02
1.276194643974304199e+01 4.099999999999999645e+00 2.500000037252902985e-02 -3.597597045898437500e+02
1.285294604301452637e+01 4.129999999999999893e+00 2.500000037252902985e-02 -7.199565429687500000e+02
1.294694375991821289e+01 4.049999999999999822e+00 2.500000037252902985e-02 -6.299072875976562500e+02
1.305395197868347168e+01 4.089999999999999858e+00 2.500000037252902985e-02 -3.597597045898437500e+02
1.314494872093200684e+01 4.099999999999999645e+00 2.500000037252902985e-02 -3.601968383789062500e+02
1.326194643974304199e+01 4.200000000000000178e+00 2.500000037252902985e-02 -3.601968383789062500e+02
1.334694576263427734e+01 4.139999999999999680e+00 2.500000037252902985e-02 -3.597597045898437500e+02
1.345999407768249512e+01 4.110000000000000320e+00 2.500000037252902985e-02 -3.601968383789062500e+02
1.355494761466979980e+01 4.200000000000000178e+00 2.500000037252902985e-02 -3.597597045898437500e+02
1.366194391250610352e+01 4.179999999999999716e+00 2.500000037252902985e-02 -3.601968383789062500e+02
1.375200033187866211e+01 4.089999999999999858e+00 2.500000037252902985e-02 -3.597597045898437500e+02
1.384694170951843262e+01 3.970000000000000195e+00 2.500000037252902985e-02 -3.597597045898437500e+02
1.395494508743286133e+01 4.070000000000000284e+00 2.500000037252902985e-02 -3.597597045898437500e+02
1.404400515556335449e+01 4.019999999999999574e+00 2.500000037252902985e-02 -2.701476440429687500e+02
1.416194391250610352e+01 4.099999999999999645e+00 2.500000037252902985e-02 -2.697105102539062500e+02
1.424799370765686035e+01 4.070000000000000284e+00 2.500000037252902985e-02 -4.502460327148437500e+02
1.435894179344177246e+01 4.030000000000000249e+00 2.500000037252902985e-02 -5.398581542968750000e+02
1.445396018028259277e+01 3.970000000000000195e+00 2.500000037252902985e-02 -4.498088989257812500e+02
1.456294274330139160e+01 4.030000000000000249e+00 2.500000037252902985e-02 -4.498088989257812500e+02
1.465199494361877441e+01 4.019999999999999574e+00 2.500000037252902985e-02 -4.502460327148437500e+02
1.474293518066406250e+01 3.970000000000000195e+00 2.500000037252902985e-02 -5.398581542968750000e+02
1.485600018501281738e+01 3.919999999999999929e+00 2.500000037252902985e-02 0.000000000000000000e+00
1.494401216506958008e+01 3.700000000000000178e+00 2.500000037252902985e-02 0.000000000000000000e+00
1.505794620513916016e+01 3.790000000000000036e+00 2.500000037252902985e-02 0.000000000000000000e+00
1.515199708938598633e+01 3.770000000000000018e+00 2.500000037252902985e-02 0.000000000000000000e+00
1.525894498825073242e+01 3.500000000000000000e+00 2.500000037252902985e-02 0.000000000000000000e+00
1.534994339942932129e+01 2.810000000000000053e+00 2.500000037252902985e-02 0.000000000000000000e+00
1.544494533538818359e+01 2.069999999999999840e+00 2.500000037252902985e-02 0.000000000000000000e+00
1.555199098587036133e+01 1.429999999999999938e+00 2.500000037252902985e-02 9.004920959472656250e+01
1.564894366264343262e+01 1.350000000000000089e+00 2.500000037252902985e-02 2.697105102539062500e+02
1.575999069213867188e+01 1.389999999999999902e+00 2.500000037252902985e-02 0.000000000000000000e+00
1.584495162963867188e+01 1.350000000000000089e+00 2.500000037252902985e-02 0.000000000000000000e+00
1.595694351196289062e+01 1.290000000000000036e+00 2.500000037252902985e-02 1.800984191894531250e+02
1.605199909210205078e+01 1.270000000000000018e+00 2.500000037252902985e-02 9.004920959472656250e+01
1.615999388694763184e+01 1.300000000000000044e+00 2.500000037252902985e-02 0.000000000000000000e+00
1.624894618988037109e+01 1.320000000000000062e+00 2.500000037252902985e-02 9.004920959472656250e+01
1.634401035308837891e+01 1.290000000000000036e+00 2.500000037252902985e-02 9.004920959472656250e+01
1.645294308662414551e+01 1.370000000000000107e+00 2.500000037252902985e-02 8.961207580566406250e+01
1.656400585174560547e+01 1.350000000000000089e+00 2.500000037252902985e-02 9.004920959472656250e+01
1.665894722938537598e+01 1.280000000000000027e+00 2.500000037252902985e-02 2.697105102539062500e+02
1.674594569206237793e+01 1.300000000000000044e+00 2.500000037252902985e-02 2.701476440429687500e+02
1.685695791244506836e+01 1.429999999999999938e+00 2.500000037252902985e-02 0.000000000000000000e+00
1.694799947738647461e+01 1.389999999999999902e+00 2.500000037252902985e-02 0.000000000000000000e+00
1.706094479560852051e+01 1.310000000000000053e+00 2.500000037252902985e-02 0.000000000000000000e+00
1.714894890785217285e+01 1.310000000000000053e+00 2.500000037252902985e-02 1.800984191894531250e+02
1.726294326782226562e+01 1.320000000000000062e+00 2.500000037252902985e-02 3.601968383789062500e+02
1.735694384574890137e+01 1.360000000000000098e+00 2.500000037252902985e-02 4.502460327148437500e+02
1.746399974822998047e+01 1.399999999999999911e+00 2.500000037252902985e-02 3.601968383789062500e+02
1.755494928359985352e+01 1.389999999999999902e+00 2.500000037252902985e-02 4.502460327148437500e+02
1.764994668960571289e+01 1.330000000000000071e+00 2.500000037252902985e-02 4.498088989257812500e+02
1.775694394111633301e+01 1.429999999999999938e+00 2.500000037252902985e-02 2.697105102539062500e+02
1.784694671630859375e+01 1.449999999999999956e+00 2.500000037252902985e-02 9.004920959472656250e+01
1.796400189399719238e+01 1.379999999999999893e+00 2.500000037252902985e-02 0.000000000000000000e+00
1.804993557929992676e+01 1.310000000000000053e+00 2.500000037252902985e-02 0.000000000000000000e+00
1.816194462776184082e+01 1.290000000000000036e+00 2.500000037252902985e-02 9.004920959472656250e+01
1.825694656372070312e+01 1.280000000000000027e+00 2.500000037252902985e-02 3.597597045898437500e+02
1.834293484687805176e+01 1.310000000000000053e+00 2.500000037252902985e-02 6.299072875976562500e+02
1.845395183563232422e+01 1.320000000000000062e+00 2.500000037252902985e-02 7.199565429687500000e+02
1.854894733428955078e+01 1.399999999999999911e+00 2.500000037252902985e-02 8.100057373046875000e+02
1.865793609619140625e+01 1.419999999999999929e+00 2.500000037252902985e-02 6.299072875976562500e+02
1.874694371223449707e+01 1.449999999999999956e+00 2.500000037252902985e-02 8.100057373046875000e+02
1.886400532722473145e+01 1.439999999999999947e+00 2.500000037252902985e-02 6.299072875976562500e+02
1.895094370841979980e+01 1.449999999999999956e+00 2.500000037252902985e-02 3.601968383789062500e+02
1.906193780899047852e+01 1.419999999999999929e+00 2.500000037252902985e-02 2.697105102539062500e+02
1.915295124053955078e+01 1.409999999999999920e+00 2.500000037252902985e-02 1.796612854003906250e+02
1.926595330238342285e+01 1.399999999999999911e+00 2.500000037252902985e-02 2.701476440429687500e+02
1.935394597053527832e+01 1.389999999999999902e+00 2.500000037252902985e-02 1.796612854003906250e+02
1.944494533538818359e+01 1.350000000000000089e+00 2.500000037252902985e-02 2.701476440429687500e+02
1.956194376945495605e+01 1.360000000000000098e+00 2.500000037252902985e-02 3.601968383789062500e+02
1.964694690704345703e+01 1.360000000000000098e+00 2.500000037252902985e-02 4.498088989257812500e+02
1.975999116897583008e+01 1.399999999999999911e+00 2.500000037252902985e-02 3.601968383789062500e+02
1.985494518280029297e+01 1.370000000000000107e+00 2.500000037252902985e-02 2.697105102539062500e+02
1.996194386482238770e+01 1.389999999999999902e+00 2.500000037252902985e-02 2.701476440429687500e+02
2.005200886726379395e+01 1.379999999999999893e+00 2.500000037252902985e-02 2.697105102539062500e+02
2.014694309234619141e+01 1.360000000000000098e+00 2.500000037252902985e-02 3.597597045898437500e+02
2.025494599342346191e+01 1.379999999999999893e+00 2.500000037252902985e-02 3.601968383789062500e+02
2.034400582313537598e+01 1.350000000000000089e+00 2.500000037252902985e-02 3.597597045898437500e+02
2.046194314956665039e+01 1.379999999999999893e+00 2.500000037252902985e-02 3.601968383789062500e+02
2.054799365997314453e+01 1.399999999999999911e+00 2.500000037252902985e-02 2.701476440429687500e+02
2.065894412994384766e+01 1.399999999999999911e+00 2.500000037252902985e-02 2.697105102539062500e+02
2.075395298004150391e+01 1.419999999999999929e+00 2.500000037252902985e-02 2.701476440429687500e+02
2.086294269561767578e+01 1.330000000000000071e+00 2.500000037252902985e-02 3.601968383789062500e+02
2.095199203491210938e+01 1.379999999999999893e+00 2.500000037252902985e-02 3.601968383789062500e+02
2.104294371604919434e+01 1.379999999999999893e+00 2.500000037252902985e-02 3.597597045898437500e+02
2.115599489212036133e+01 1.399999999999999911e+00 2.500000037252902985e-02 2.697105102539062500e+02
2.125094318389892578e+01 1.389999999999999902e+00 2.500000037252902985e-02 2.701476440429687500e+02
2.135793662071228027e+01 1.389999999999999902e+00 2.500000037252902985e-02 4.498088989257812500e+02
2.145199942588806152e+01 1.360000000000000098e+00 2.500000037252902985e-02 4.498088989257812500e+02
2.155894351005554199e+01 1.370000000000000107e+00 2.500000037252902985e-02 3.601968383789062500e+02
2.164994549751281738e+01 1.409999999999999920e+00 2.500000037252902985e-02 3.597597045898437500e+02
2.174495768547058105e+01 1.429999999999999938e+00 2.500000037252902985e-02 2.701476440429687500e+02
2.185199975967407227e+01 1.389999999999999902e+00 2.500000037252902985e-02 1.800984191894531250e+02
2.196494817733764648e+01 1.409999999999999920e+00 2.500000037252902985e-02 3.597597045898437500e+02
2.205999016761779785e+01 1.429999999999999938e+00 2.500000037252902985e-02 2.701476440429687500e+02
2.214494895935058594e+01 1.429999999999999938e+00 2.500000037252902985e-02 1.800984191894531250e+02
2.225694561004638672e+01 1.409999999999999920e+00 2.500000037252902985e-02 9.004920959472656250e+01
2.235198211669921875e+01 1.429999999999999938e+00 2.500000037252902985e-02 1.800984191894531250e+02
2.245998954772949219e+01 1.439999999999999947e+00 2.500000037252902985e-02 1.800984191894531250e+02
2.254894495010375977e+01 1.379999999999999893e+00 2.500000037252902985e-02 1.796612854003906250e+02
2.264399862289428711e+01 1.399999999999999911e+00 2.500000037252902985e-02 2.701476440429687500e+02
2.275294470787048340e+01 1.389999999999999902e+00 2.500000037252902985e-02 4.502460327148437500e+02
2.286294341087341309e+01 1.379999999999999893e+00 2.500000037252902985e-02 2.701476440429687500e+02
2.295894527435302734e+01 1.409999999999999920e+00 2.500000037252902985e-02 9.004920959472656250e+01
2.304594612121582031e+01 1.409999999999999920e+00 2.500000037252902985e-02 1.800984191894531250e+02
2.315694522857666016e+01 1.350000000000000089e+00 2.500000037252902985e-02 3.601968383789062500e+02
2.324799370765686035e+01 1.310000000000000053e+00 2.500000037252902985e-02 5.398581542968750000e+02
2.336095571517944336e+01 1.379999999999999893e+00 2.500000037252902985e-02 5.398581542968750000e+02
2.344895005226135254e+01 1.419999999999999929e+00 2.500000037252902985e-02 4.500274658203125000e+02
2.356294631958007812e+01 1.449999999999999956e+00 2.500000037252902985e-02 2.699290771484375000e+02
2.365694689750671387e+01 1.419999999999999929e+00 2.500000037252902985e-02 1.798798522949218750e+02
2.376294517517089844e+01 1.389999999999999902e+00 2.500000037252902985e-02 1.798798522949218750e+02
2.385494542121887207e+01 1.409999999999999920e+00 2.500000037252902985e-02 2.701476440429687500e+02
2.394994211196899414e+01 1.370000000000000107e+00 2.500000037252902985e-02 3.599782714843750000e+02
2.405694508552551270e+01 1.389999999999999902e+00 2.500000037252902985e-02 3.599782714843750000e+02
2.414694285392761230e+01 1.399999999999999911e+00 2.500000037252902985e-02 2.701476440429687500e+02
2.424194860458374023e+01 1.389999999999999902e+00 2.500000037252902985e-02 2.699290771484375000e+02
2.434993672370910645e+01 1.419999999999999929e+00 2.500000037252902985e-02 1.798798522949218750e+02
2.446194267272949219e+01 1.389999999999999902e+00 2.500000037252902985e-02 0.000000000000000000e+00
2.455693626403808594e+01 1.330000000000000071e+00 2.500000037252902985e-02 0.000000000000000000e+00
2.464294338226318359e+01 1.290000000000000036e+00 2.500000037252902985e-02 0.000000000000000000e+00
2.475395464897155762e+01 1.270000000000000018e+00 2.500000037252902985e-02 0.000000000000000000e+00
2.484895324707031250e+01 1.260000000000000009e+00 2.500000037252902985e-02 2.701476440429687500e+02
2.495793581008911133e+01 1.310000000000000053e+00 2.500000037252902985e-02 4.500274658203125000e+02
2.504693865776062012e+01 1.370000000000000107e+00 2.500000037252902985e-02 6.301258544921875000e+02
2.516294288635253906e+01 1.439999999999999947e+00 2.500000037252902985e-02 4.500274658203125000e+02
2.525094342231750488e+01 1.439999999999999947e+00 2.500000037252902985e-02 3.599782714843750000e+02
2.536194562911987305e+01 1.389999999999999902e+00 2.500000037252902985e-02 2.701476440429687500e+02
2.545294523239135742e+01 1.429999999999999938e+00 2.500000037252902985e-02 2.701476440429687500e+02
2.554694366455078125e+01 1.399999999999999911e+00 2.500000037252902985e-02 2.699290771484375000e+02
2.565394473075866699e+01 1.399999999999999911e+00 2.500000037252902985e-02 1.800984191894531250e+02
2.574494743347167969e+01 1.360000000000000098e+00 2.500000037252902985e-02 2.701476440429687500e+02
2.586194396018981934e+01 1.370000000000000107e+00 2.500000037252902985e-02 2.701476440429687500e+02
2.594694328308105469e+01 1.379999999999999893e+00 2.500000037252902985e-02 3.599782714843750000e+02
2.605998849868774414e+01 1.350000000000000089e+00 2.500000037252902985e-02 4.500274658203125000e+02
2.615494537353515625e+01 1.399999999999999911e+00 2.500000037252902985e-02 3.599782714843750000e+02
2.626194357872009277e+01 1.360000000000000098e+00 2.500000037252902985e-02 3.599782714843750000e+02
2.635199785232543945e+01 1.389999999999999902e+00 2.500000037252902985e-02 3.599782714843750000e+02
2.644694375991821289e+01 1.379999999999999893e+00 2.500000037252902985e-02 3.599782714843750000e+02
2.655494546890258789e+01 1.379999999999999893e+00 2.500000037252902985e-02 4.500274658203125000e+02
2.664400792121887207e+01 1.389999999999999902e+00 2.500000037252902985e-02 4.500274658203125000e+02
2.676194357872009277e+01 1.370000000000000107e+00 2.500000037252902985e-02 4.500274658203125000e+02
2.684800148010253906e+01 1.409999999999999920e+00 2.500000037252902985e-02 2.701476440429687500e+02
2.695894289016723633e+01 1.399999999999999911e+00 2.500000037252902985e-02 9.004920959472656250e+01
2.705395030975341797e+01 1.360000000000000098e+00 2.500000037252902985e-02 2.701476440429687500e+02
2.716294336318969727e+01 1.389999999999999902e+00 2.500000037252902985e-02 1.798798522949218750e+02
2.725200080871582031e+01 1.399999999999999911e+00 2.500000037252902985e-02 1.798798522949218750e+02
2.734294199943542480e+01 1.350000000000000089e+00 2.500000037252902985e-02 2.699290771484375000e+02
2.745600700378417969e+01 1.310000000000000053e+00 2.500000037252902985e-02 6.299072875976562500e+02
2.754399561882019043e+01 1.360000000000000098e+00 2.500000037252902985e-02 7.201751098632812500e+02
2.765794277191162109e+01 1.419999999999999929e+00 2.500000037252902985e-02 7.199565429687500000e+02
2.775198912620544434e+01 1.389999999999999902e+00 2.500000037252902985e-02 8.998363647460937500e+02
2.785894560813903809e+01 1.389999999999999902e+00 2.500000037252902985e-02 7.201751098632812500e+02
2.794994616508483887e+01 1.429999999999999938e+00 2.500000037252902985e-02 5.400767211914062500e+02
2.804494905471801758e+01 1.429999999999999938e+00 2.500000037252902985e-02 5.398581542968750000e+02
2.815199279785156250e+01 1.360000000000000098e+00 2.500000037252902985e-02 7.199565429687500000e+02
2.824894547462463379e+01 1.389999999999999902e+00 2.500000037252902985e-02 8.100057373046875000e+02
2.835998988151550293e+01 1.399999999999999911e+00 2.500000037252902985e-02 5.400767211914062500e+02
2.844494628906250000e+01 1.419999999999999929e+00 2.500000037252902985e-02 5.400767211914062500e+02
2.855694842338562012e+01 1.419999999999999929e+00 2.500000037252902985e-02 4.500274658203125000e+02
2.865199327468872070e+01 1.429999999999999938e+00 2.500000037252902985e-02 4.499181823730468750e+02
2.875999450683593750e+01 1.399999999999999911e+00 2.500000037252902985e-02 5.400767211914062500e+02
2.884894466400146484e+01 1.409999999999999920e+00 2.500000037252902985e-02 5.399674072265625000e+02
2.894400310516357422e+01 1.399999999999999911e+00 2.500000037252902985e-02 4.500274658203125000e+02
2.905294585227966309e+01 1.409999999999999920e+00 2.500000037252902985e-02 5.399674072265625000e+02
2.916400456428527832e+01 1.379999999999999893e+00 2.500000037252902985e-02 6.300166015625000000e+02
2.925894355773925781e+01 1.370000000000000107e+00 2.500000037252902985e-02 6.300166015625000000e+02
2.934594273567199707e+01 1.399999999999999911e+00 2.500000037252902985e-02 5.399674072265625000e+02
2.945695638656616211e+01 1.419999999999999929e+00 2.500000037252902985e-02 5.399674072265625000e+02
2.954799079895019531e+01 1.429999999999999938e+00 2.500000037252902985e-02 6.300166015625000000e+02
2.966096138954162598e+01 1.419999999999999929e+00 2.500000037252902985e-02 6.300166015625000000e+02
2.974894976615905762e+01 1.409999999999999920e+00 2.500000037252902985e-02 6.300166015625000000e+02
2.986293435096740723e+01 1.379999999999999893e+00 2.500000037252902985e-02 6.300166015625000000e+02
2.995694470405578613e+01 1.399999999999999911e+00 2.500000037252902985e-02 6.300166015625000000e+02
3.006294322013854980e+01 1.419999999999999929e+00 2.500000037252902985e-02 5.400220947265625000e+02
3.015494346618652344e+01 1.399999999999999911e+00 2.500000037252902985e-02 5.399674072265625000e+02
3.024994516372680664e+01 1.419999999999999929e+00 2.500000037252902985e-02 5.399674072265625000e+02
3.035694956779479980e+01 1.399999999999999911e+00 2.500000037252902985e-02 7.200111694335937500e+02
3.044694280624389648e+01 1.389999999999999902e+00 2.500000037252902985e-02 6.299619750976562500e+02
3.054194283485412598e+01 1.389999999999999902e+00 2.500000037252902985e-02 6.300166015625000000e+02
3.064994382858276367e+01 1.399999999999999911e+00 2.500000037252902985e-02 7.199565429687500000e+02
3.076194715499877930e+01 1.379999999999999893e+00 2.500000037252902985e-02 6.300166015625000000e+02
3.085694289207458496e+01 1.459999999999999964e+00 2.500000037252902985e-02 5.399947509765625000e+02
3.094294500350952148e+01 1.389999999999999902e+00 2.500000037252902985e-02 2.700110473632812500e+02
3.105395269393920898e+01 1.360000000000000098e+00 2.500000037252902985e-02 2.699837036132812500e+02
3.114895272254943848e+01 1.370000000000000107e+00 2.500000037252902985e-02 5.399947509765625000e+02
3.125794219970703125e+01 1.370000000000000107e+00 2.500000037252902985e-02 6.299892578125000000e+02
3.134694337844848633e+01 1.419999999999999929e+00 2.500000037252902985e-02 5.399947509765625000e+02
3.144694352149963379e+01 1.449999999999999956e+00 2.500000037252902985e-02 4.500001525878906250e+02
3.155093598365783691e+01 1.419999999999999929e+00 2.500000037252902985e-02 4.500001525878906250e+02
3.166194462776184082e+01 1.409999999999999920e+00 2.500000037252902985e-02 4.500001525878906250e+02
3.175294566154479980e+01 1.360000000000000098e+00 2.500000037252902985e-02 6.300000000000000000e+02
3.184694409370422363e+01 1.379999999999999893e+00 2.500000037252902985e-02 6.299960937500000000e+02
3.195394968986511230e+01 1.459999999999999964e+00 2.500000037252902985e-02 6.300029296875000000e+02
3.204495048522949219e+01 1.399999999999999911e+00 2.500000037252902985e-02 5.400084228515625000e+02
3.216194295883178711e+01 1.370000000000000107e+00 2.500000037252902985e-02 5.400220947265625000e+02
3.224694204330444336e+01 1.409999999999999920e+00 2.500000037252902985e-02 3.599782714843750000e+02
3.235999011993408203e+01 1.389999999999999902e+00 2.500000037252902985e-02 3.600055847167968750e+02
3.245495557785034180e+01 1.389999999999999902e+00 2.500000037252902985e-02 3.600055847167968750e+02
3.256194162368774414e+01 1.360000000000000098e+00 2.500000037252902985e-02 4.500001525878906250e+02
3.265199089050292969e+01 1.379999999999999893e+00 2.500000037252902985e-02 6.299892578125000000e+02
3.274694204330444336e+01 1.370000000000000107e+00 2.500000037252902985e-02 6.300166015625000000e+02
3.285493683815002441e+01 1.389999999999999902e+00 2.500000037252902985e-02 4.499728393554687500e+02
3.294398522377014160e+01 1.489999999999999991e+00 2.500000037252902985e-02 0.000000000000000000e+00
3.306194186210632324e+01 1.409999999999999920e+00 2.500000037252902985e-02 8.999456787109375000e+01
3.314799165725708008e+01 1.310000000000000053e+00 2.500000037252902985e-02 0.000000000000000000e+00
3.325894522666931152e+01 1.399999999999999911e+00 2.500000037252902985e-02 0.000000000000000000e+00
3.335394716262817383e+01 2.649999999999999911e+00 2.500000037252902985e-02 -8.999456787109375000e+01
3.346294164657592773e+01 4.059999999999999609e+00 2.500000037252902985e-02 -3.600328979492187500e+02
3.355199766159057617e+01 4.030000000000000249e+00 2.500000037252902985e-02 -2.699837036132812500e+02
3.364294099807739258e+01 4.080000000000000071e+00 2.500000037252902985e-02 -3.599782714843750000e+02
3.375600028038024902e+01 4.059999999999999609e+00 2.500000037252902985e-02 -3.599782714843750000e+02
3.384400296211242676e+01 4.089999999999999858e+00 2.500000037252902985e-02 -2.699837036132812500e+02
3.395795416831970215e+01 4.150000000000000355e+00 2.500000037252902985e-02 0.000000000000000000e+00
3.405207133293151855e+01 4.389999999999999680e+00 2.500000037252902985e-02 -1.799891357421875000e+02
3.415894460678100586e+01 4.339999999999999858e+00 2.500000037252902985e-02 -4.500001525878906250e+02
3.424994301795959473e+01 4.169999999999999929e+00 2.500000037252902985e-02 -3.600055847167968750e+02
3.434494757652282715e+01 4.120000000000000107e+00 2.500000037252902985e-02 -8.999456787109375000e+01
3.445198893547058105e+01 4.309999999999999609e+00 2.500000037252902985e-02 -5.399947509765625000e+02
3.455294275283813477e+01 4.250000000000000000e+00 2.500000037252902985e-02 -8.100057373046875000e+02
3.466000175476074219e+01 4.110000000000000320e+00 2.500000037252902985e-02 -8.100057373046875000e+02
3.474494814872741699e+01 4.099999999999999645e+00 2.500000037252902985e-02 -8.099989013671875000e+02
3.485694503784179688e+01 4.139999999999999680e+00 2.500000037252902985e-02 -9.000003051757812500e+02
3.495199155807495117e+01 4.059999999999999609e+00 2.500000037252902985e-02 -8.099989013671875000e+02
3.505999445915222168e+01 4.080000000000000071e+00 2.500000037252902985e-02 -8.100057373046875000e+02
3.514894580841064453e+01 3.930000000000000160e+00 2.500000037252902985e-02 -7.200111694335937500e+02
3.524399852752685547e+01 3.979999999999999982e+00 2.500000037252902985e-02 -4.500001525878906250e+02
3.535294342041015625e+01 4.089999999999999858e+00 2.500000037252902985e-02 -5.399947509765625000e+02
3.546294331550598145e+01 4.089999999999999858e+00 2.500000037252902985e-02 -7.200111694335937500e+02
3.555895090103149414e+01 3.979999999999999982e+00 2.500000037252902985e-02 -8.100057373046875000e+02
3.564594507217407227e+01 4.030000000000000249e+00 2.500000037252902985e-02 -7.199565429687500000e+02
3.575695157051086426e+01 4.030000000000000249e+00 2.500000037252902985e-02 -9.000003051757812500e+02
3.584799838066101074e+01 4.099999999999999645e+00 2.500000037252902985e-02 -9.900495605468750000e+02
3.596093893051147461e+01 4.009999999999999787e+00 2.500000037252902985e-02 -9.899949340820312500e+02
3.604893660545349121e+01 4.040000000000000036e+00 2.500000037252902985e-02 -9.899949340820312500e+02
3.616294598579406738e+01 3.979999999999999982e+00 2.500000037252902985e-02 -9.899949340820312500e+02
3.625694465637207031e+01 4.049999999999999822e+00 2.500000037252902985e-02 -9.899949340820312500e+02
3.636296033859252930e+01 4.070000000000000284e+00 2.500000037252902985e-02 -8.999456787109375000e+02
3.645494890213012695e+01 4.139999999999999680e+00 2.500000037252902985e-02 -1.080044189453125000e+03
3.654994463920593262e+01 4.070000000000000284e+00 2.500000037252902985e-02 -8.999456787109375000e+02
3.665694427490234375e+01 4.009999999999999787e+00 2.500000037252902985e-02 -9.899949340820312500e+02
3.674694347381591797e+01 4.040000000000000036e+00 2.500000037252902985e-02 -1.079934814453125000e+03
3.684194469451904297e+01 4.000000000000000000e+00 2.500000037252902985e-02 -9.899949340820312500e+02
3.694993472099304199e+01 4.000000000000000000e+00 2.500000037252902985e-02 -9.899949340820312500e+02
3.706194639205932617e+01 3.899999999999999911e+00 2.500000037252902985e-02 -8.100057373046875000e+02
3.715694451332092285e+01 3.890000000000000124e+00 2.500000037252902985e-02 -8.100057373046875000e+02
3.724294519424438477e+01 3.970000000000000195e+00 2.500000037252902985e-02 -8.100057373046875000e+02
3.735394620895385742e+01 4.059999999999999609e+00 2.500000037252902985e-02 -7.201751098632812500e+02
3.744895577430725098e+01 3.990000000000000213e+00 2.500000037252902985e-02 -7.199565429687500000e+02
3.755794215202331543e+01 4.000000000000000000e+00 2.500000037252902985e-02 -7.199565429687500000e+02
3.764694166183471680e+01 4.019999999999999574e+00 2.500000037252902985e-02 -8.100057373046875000e+02
3.776400399208068848e+01 4.059999999999999609e+00 2.500000037252902985e-02 -6.301258544921875000e+02
3.785094285011291504e+01 4.110000000000000320e+00 2.500000037252902985e-02 -6.299072875976562500e+02
3.796205854415893555e+01 4.110000000000000320e+00 2.500000037252902985e-02 -7.199565429687500000e+02
3.805294704437255859e+01 4.120000000000000107e+00 2.500000037252902985e-02 -7.199565429687500000e+02
3.814694190025329590e+01 4.019999999999999574e+00 2.500000037252902985e-02 -7.199565429687500000e+02
3.825394511222839355e+01 3.979999999999999982e+00 2.500000037252902985e-02 -6.301258544921875000e+02
3.834494757652282715e+01 4.040000000000000036e+00 2.500000037252902985e-02 -7.199565429687500000e+02
3.846194338798522949e+01 4.030000000000000249e+00 2.500000037252902985e-02 -7.199565429687500000e+02
3.854694509506225586e+01 3.979999999999999982e+00 2.500000037252902985e-02 -9.000549316406250000e+02
3.865999698638916016e+01 4.030000000000000249e+00 2.500000037252902985e-02 -8.998363647460937500e+02
3.875494384765625000e+01 3.959999999999999964e+00 2.500000037252902985e-02 -7.199565429687500000e+02
3.886193799972534180e+01 4.000000000000000000e+00 2.500000037252902985e-02 -6.299072875976562500e+02
3.895198678970336914e+01 4.000000000000000000e+00 2.500000037252902985e-02 -9.000549316406250000e+02
3.904693531990051270e+01 4.059999999999999609e+00 2.500000037252902985e-02 -1.079934814453125000e+03
3.915494871139526367e+01 4.019999999999999574e+00 2.500000037252902985e-02 -9.898856811523437500e+02
3.924400568008422852e+01 4.009999999999999787e+00 2.500000037252902985e-02 -8.100057373046875000e+02
3.936193609237670898e+01 3.990000000000000213e+00 2.500000037252902985e-02 -8.100057373046875000e+02
3.944799017906188965e+01 4.080000000000000071e+00 2.500000037252902985e-02 -8.996177978515625000e+02
3.955894184112548828e+01 4.110000000000000320e+00 2.500000037252902985e-02 -9.000549316406250000e+02
3.965394997596740723e+01 4.129999999999999893e+00 2.500000037252902985e-02 -8.095686035156250000e+02
3.976294279098510742e+01 4.040000000000000036e+00 2.500000037252902985e-02 -7.199565429687500000e+02
3.985199260711669922e+01 4.030000000000000249e+00 2.500000037252902985e-02 -7.199565429687500000e+02
3.994294571876525879e+01 3.959999999999999964e+00 2.500000037252902985e-02 -8.100057373046875000e+02
4.005600070953369141e+01 4.049999999999999822e+00 2.500000037252902985e-02 -7.199565429687500000e+02
4.014400076866149902e+01 4.009999999999999787e+00 2.500000037252902985e-02 -8.100057373046875000e+02
4.025794267654418945e+01 3.959999999999999964e+00 2.500000037252902985e-02 -8.100057373046875000e+02
4.035201883316040039e+01 3.990000000000000213e+00 2.500000037252902985e-02 -6.299072875976562500e+02
4.045893788337707520e+01 3.950000000000000178e+00 2.500000037252902985e-02 -6.299072875976562500e+02
4.054994416236877441e+01 4.000000000000000000e+00 2.500000037252902985e-02 -5.398581542968750000e+02
4.064494681358337402e+01 3.959999999999999964e+00 2.500000037252902985e-02 -6.299072875976562500e+02
4.075201177597045898e+01 3.990000000000000213e+00 2.500000037252902985e-02 -6.299072875976562500e+02
4.084193563461303711e+01 4.019999999999999574e+00 2.500000037252902985e-02 -3.601968383789062500e+02
4.095999884605407715e+01 4.019999999999999574e+00 2.500000037252902985e-02 -2.701476440429687500e+02
4.104494571685791016e+01 4.040000000000000036e+00 2.500000037252902985e-02 -4.502460327148437500e+02
4.115694594383239746e+01 4.040000000000000036e+00 2.500000037252902985e-02 -5.398581542968750000e+02
4.125199294090270996e+01 4.099999999999999645e+00 2.500000037252902985e-02 -5.398581542968750000e+02
4.136001133918762207e+01 4.049999999999999822e+00 2.500000037252902985e-02 -6.299072875976562500e+02
4.144894099235534668e+01 4.030000000000000249e+00 2.500000037252902985e-02 -5.398581542968750000e+02
4.154399561882019043e+01 4.139999999999999680e+00 2.500000037252902985e-02 -5.398581542968750000e+02
4.165294718742370605e+01 4.120000000000000107e+00 2.500000037252902985e-02 -4.502460327148437500e+02
4.176294422149658203e+01 4.139999999999999680e+00 2.500000037252902985e-02 -4.498088989257812500e+02
4.185894536972045898e+01 4.150000000000000355e+00 2.500000037252902985e-02 -3.601968383789062500e+02
4.194594526290893555e+01 4.200000000000000178e+00 2.500000037252902985e-02 -2.701476440429687500e+02
4.205695033073425293e+01 4.169999999999999929e+00 2.500000037252902985e-02 -3.601968383789062500e+02
4.214800357818603516e+01 4.129999999999999893e+00 2.500000037252902985e-02 -5.398581542968750000e+02
4.226094460487365723e+01 4.000000000000000000e+00 2.500000037252902985e-02 -6.299072875976562500e+02
4.234894347190856934e+01 4.019999999999999574e+00 2.500000037252902985e-02 -3.597597045898437500e+02
4.246295356750488281e+01 3.970000000000000195e+00 2.500000037252902985e-02 -2.697105102539062500e+02
4.255694556236267090e+01 4.059999999999999609e+00 2.500000037252902985e-02 -5.398581542968750000e+02
4.266294264793395996e+01 4.030000000000000249e+00 2.500000037252902985e-02 -5.402952880859375000e+02
4.275494647026062012e+01 4.049999999999999822e+00 2.500000037252902985e-02 -4.502460327148437500e+02
4.284994339942932129e+01 4.019999999999999574e+00 2.500000037252902985e-02 -4.502460327148437500e+02
4.295694684982299805e+01 4.030000000000000249e+00 2.500000037252902985e-02 -4.498088989257812500e+02
4.304694247245788574e+01 3.970000000000000195e+00 2.500000037252902985e-02 -4.502460327148437500e+02
4.314194321632385254e+01 3.879999999999999893e+00 2.500000037252902985e-02 0.000000000000000000e+00
4.324993491172790527e+01 3.979999999999999982e+00 2.500000037252902985e-02 0.000000000000000000e+00
4.336194252967834473e+01 3.979999999999999982e+00 2.500000037252902985e-02 0.000000000000000000e+00
4.345694470405578613e+01 3.859999999999999876e+00 2.500000037252902985e-02 0.000000000000000000e+00
4.354294562339782715e+01 3.479999999999999982e+00 2.500000037252902985e-02 0.000000000000000000e+00
4.365395140647888184e+01 3.140000000000000124e+00 2.500000037252902985e-02 0.000000000000000000e+00
4.374895477294921875e+01 3.149999999999999911e+00 2.500000037252902985e-02 0.000000000000000000e+00
4.385794305801391602e+01 3.109999999999999876e+00 2.500000037252902985e-02 0.000000000000000000e+00
4.394694375991821289e+01 3.069999999999999840e+00 2.500000037252902985e-02 0.000000000000000000e+00
4.403794336318969727e+01 3.000000000000000000e+00 2.500000037252902985e-02 0.000000000000000000e+00
4.415093445777893066e+01 2.790000000000000036e+00 2.500000037252902985e-02 0.000000000000000000e+00
4.426193547248840332e+01 2.540000000000000036e+00 2.500000037252902985e-02 0.000000000000000000e+00
4.435294532775878906e+01 2.140000000000000124e+00 2.500000037252902985e-02 0.000000000000000000e+00
4.444694280624389648e+01 1.850000000000000089e+00 2.500000037252902985e-02 0.000000000000000000e+00
4.455395030975341797e+01 1.500000000000000000e+00 2.500000037252902985e-02 0.000000000000000000e+00
4.464494132995605469e+01 1.340000000000000080e+00 2.500000037252902985e-02 1.800984191894531250e+02
4.476194429397583008e+01 1.340000000000000080e+00 2.500000037252902985e-02 8.961207580566406250e+01
4.484693527221679688e+01 1.330000000000000071e+00 2.500000037252902985e-02 0.000000000000000000e+00
4.495999550819396973e+01 1.330000000000000071e+00 2.500000037252902985e-02 0.000000000000000000e+00
4.505494761466979980e+01 1.270000000000000018e+00 2.500000037252902985e-02 1.796612854003906250e+02
4.516193532943725586e+01 1.270000000000000018e+00 2.500000037252902985e-02 3.601968383789062500e+02
4.525200223922729492e+01 1.320000000000000062e+00 2.500000037252902985e-02 6.299072875976562500e+02
4.534694480895996094e+01 1.350000000000000089e+00 2.500000037252902985e-02 6.299072875976562500e+02
4.545494890213012695e+01 1.409999999999999920e+00 2.500000037252902985e-02 4.502460327148437500e+02
4.554401302337646484e+01 1.350000000000000089e+00 2.500000037252902985e-02 5.398581542968750000e+02
4.566194415092468262e+01 1.300000000000000044e+00 2.500000037252902985e-02 9.000549316406250000e+02
4.574799108505249023e+01 1.330000000000000071e+00 2.500000037252902985e-02 1.169765380859375000e+03
4.585894370079040527e+01 1.360000000000000098e+00 2.500000037252902985e-02 1.170202514648437500e+03
4.595395612716674805e+01 1.419999999999999929e+00 2.500000037252902985e-02 1.079716308593750000e+03
4.606294345855712891e+01 1.389999999999999902e+00 2.500000037252902985e-02 1.439913085937500000e+03
4.615202164649963379e+01 1.350000000000000089e+00 2.500000037252902985e-02 1.529962280273437500e+03
4.624294400215148926e+01 1.459999999999999964e+00 2.500000037252902985e-02 1.169765380859375000e+03
4.635599136352539062e+01 1.489999999999999991e+00 2.500000037252902985e-02 8.100057373046875000e+02
4.644400072097778320e+01 1.379999999999999893e+00 2.500000037252902985e-02 8.100057373046875000e+02
4.655794596672058105e+01 1.350000000000000089e+00 2.500000037252902985e-02 9.000549316406250000e+02
4.665199446678161621e+01 1.399999999999999911e+00 2.500000037252902985e-02 8.100057373046875000e+02
4.675894689559936523e+01 1.449999999999999956e+00 2.500000037252902985e-02 5.398581542968750000e+02
4.684994339942932129e+01 1.379999999999999893e+00 2.500000037252902985e-02 5.398581542968750000e+02
4.694494700431823730e+01 1.340000000000000080e+00 2.500000037252902985e-02 8.100057373046875000e+02
4.705200862884521484e+01 1.320000000000000062e+00 2.500000037252902985e-02 1.080153442382812500e+03
4.714194273948669434e+01 1.340000000000000080e+00 2.500000037252902985e-02 1.260251708984375000e+03
4.726000261306762695e+01 1.419999999999999929e+00 2.500000037252902985e-02 1.349863891601562500e+03
4.734494900703430176e+01 1.449999999999999956e+00 2.500000037252902985e-02 1.169765380859375000e+03
4.745694708824157715e+01 1.449999999999999956e+00 2.500000037252902985e-02 9.000549316406250000e+02
4.755199766159057617e+01 1.449999999999999956e+00 2.500000037252902985e-02 8.100057373046875000e+02
4.765999412536621094e+01 1.459999999999999964e+00 2.500000037252902985e-02 4.500274658203125000e+02
4.774894523620605469e+01 1.429999999999999938e+00 2.500000037252902985e-02 3.599782714843750000e+02
4.784400916099548340e+01 1.370000000000000107e+00 2.500000037252902985e-02 6.299072875976562500e+02
4.795295190811157227e+01 1.280000000000000027e+00 2.500000037252902985e-02 1.169984008789062500e+03
4.806294631958007812e+01 1.340000000000000080e+00 2.500000037252902985e-02 1.260033203125000000e+03
4.815894961357116699e+01 1.409999999999999920e+00 2.500000037252902985e-02 1.169984008789062500e+03
4.824594497680664062e+01 1.469999999999999973e+00 2.500000037252902985e-02 8.100057373046875000e+02
4.835695290565490723e+01 1.429999999999999938e+00 2.500000037252902985e-02 9.000549316406250000e+02
4.844799542427062988e+01 1.340000000000000080e+00 2.500000037252902985e-02 9.898856811523437500e+02
4.856094431877136230e+01 1.370000000000000107e+00 2.500000037252902985e-02 1.080153442382812500e+03
4.864894342422485352e+01 1.409999999999999920e+00 2.500000037252902985e-02 1.079934814453125000e+03
4.876295232772827148e+01 1.350000000000000089e+00 2.500000037252902985e-02 1.260033203125000000e+03
4.885694622993469238e+01 1.350000000000000089e+00 2.500000037252902985e-02 1.439913085937500000e+03
4.896294355392456055e+01 1.399999999999999911e+00 2.500000037252902985e-02 1.529962280273437500e+03
4.905494785308837891e+01 1.389999999999999902e+00 2.500000037252902985e-02 1.260033203125000000e+03
4.914994525909423828e+01 1.489999999999999991e+00 2.500000037252902985e-02 8.100057373046875000e+02
4.925694489479064941e+01 1.459999999999999964e+00 2.500000037252902985e-02 7.199565429687500000e+02
4.934694719314575195e+01 1.370000000000000107e+00 2.500000037252902985e-02 6.301258544921875000e+02
4.944194579124450684e+01 1.370000000000000107e+00 2.500000037252902985e-02 6.299072875976562500e+02
4.954994630813598633e+01 1.350000000000000089e+00 2.500000037252902985e-02 9.000549316406250000e+02
4.966194272041320801e+01 1.429999999999999938e+00 2.500000037252902985e-02 8.100057373046875000e+02
4.975694537162780762e+01 1.429999999999999938e+00 2.500000037252902985e-02 8.100057373046875000e+02
4.986401319503784180e+01 1.439999999999999947e+00 2.500000037252902985e-02 7.200657958984375000e+02
4.995395255088806152e+01 1.330000000000000071e+00 2.500000037252902985e-02 9.000549316406250000e+02
5.004894733428955078e+01 1.320000000000000062e+00 2.500000037252902985e-02 1.259923950195312500e+03
5.015794491767883301e+01 1.409999999999999920e+00 2.500000037252902985e-02 1.080044189453125000e+03
5.024694609642028809e+01 1.439999999999999947e+00 2.500000037252902985e-02 9.899949340820312500e+02
5.034694314002990723e+01 1.439999999999999947e+00 2.500000037252902985e-02 8.100057373046875000e+02
5.045093512535095215e+01 1.409999999999999920e+00 2.500000037252902985e-02 8.100057373046875000e+02
5.056194472312927246e+01 1.360000000000000098e+00 2.500000037252902985e-02 9.000003051757812500e+02
5.065294671058654785e+01 1.419999999999999929e+00 2.500000037252902985e-02 9.899949340820312500e+02
5.074694299697875977e+01 1.429999999999999938e+00 2.500000037252902985e-02 7.200111694335937500e+02
5.085394501686096191e+01 1.409999999999999920e+00 2.500000037252902985e-02 7.200111694335937500e+02
5.094494891166687012e+01 1.350000000000000089e+00 2.500000037252902985e-02 9.000003051757812500e+02
5.106194210052490234e+01 1.379999999999999893e+00 2.500000037252902985e-02 9.000003051757812500e+02
5.114694237709045410e+01 1.379999999999999893e+00 2.500000037252902985e-02 8.100057373046875000e+02
5.125999999046325684e+01 1.429999999999999938e+00 2.500000037252902985e-02 7.200111694335937500e+02
5.135494422912597656e+01 1.399999999999999911e+00 2.500000037252902985e-02 8.099920654296875000e+02
5.146194243431091309e+01 1.300000000000000044e+00 2.500000037252902985e-02 1.170000244140625000e+03
5.155199217796325684e+01 1.370000000000000107e+00 2.500000037252902985e-02 1.350000488281250000e+03
5.164694237709045410e+01 1.439999999999999947e+00 2.500000037252902985e-02 1.080003173828125000e+03
5.175494670867919922e+01 1.479999999999999982e+00 2.500000037252902985e-02 5.399947509765625000e+02
5.184400439262390137e+01 1.439999999999999947e+00 2.500000037252902985e-02 4.500001525878906250e+02
5.196194124221801758e+01 1.350000000000000089e+00 2.500000037252902985e-02 5.400220947265625000e+02
5.204798769950866699e+01 1.379999999999999893e+00 2.500000037252902985e-02 6.300166015625000000e+02
5.215894317626953125e+01 1.350000000000000089e+00 2.500000037252902985e-02 7.200111694335937500e+02
5.225394701957702637e+01 1.439999999999999947e+00 2.500000037252902985e-02 1.799891357421875000e+02
5.236294341087341309e+01 1.439999999999999947e+00 2.500000037252902985e-02 0.000000000000000000e+00
5.245198225975036621e+01 1.310000000000000053e+00 2.500000037252902985e-02 8.999456787109375000e+01
5.254294204711914062e+01 1.310000000000000053e+00 2.500000037252902985e-02 0.000000000000000000e+00
5.265598535537719727e+01 1.780000000000000027e+00 2.500000037252902985e-02 0.000000000000000000e+00
5.274399757385253906e+01 3.680000000000000160e+00 2.500000037252902985e-02 -5.400220947265625000e+02
5.285795164108276367e+01 4.230000000000000426e+00 2.500000037252902985e-02 -1.259978515625000000e+03
5.295199465751647949e+01 4.049999999999999822e+00 2.500000037252902985e-02 -9.899949340820312500e+02
5.305894160270690918e+01 4.070000000000000284e+00 2.500000037252902985e-02 -1.080016845703125000e+03
5.314994430541992188e+01 4.150000000000000355e+00 2.500000037252902985e-02 -1.260005859375000000e+03
5.324494743347167969e+01 4.169999999999999929e+00 2.500000037252902985e-02 -1.530000732421875000e+03
5.335199165344238281e+01 3.970000000000000195e+00 2.500000037252902985e-02 -1.260005859375000000e+03
5.344194316864013672e+01 3.919999999999999929e+00 2.500000037252902985e-02 -1.080016845703125000e+03
5.355999088287353516e+01 3.990000000000000213e+00 2.500000037252902985e-02 -9.899949340820312500e+02
5.364503049850463867e+01 4.030000000000000249e+00 2.500000037252902985e-02 -1.079989501953125000e+03
5.375694656372070312e+01 4.019999999999999574e+00 2.500000037252902985e-02 -1.170038574218750000e+03
5.385198974609375000e+01 4.030000000000000249e+00 2.500000037252902985e-02 -1.169984008789062500e+03
5.396001172065734863e+01 4.030000000000000249e+00 2.500000037252902985e-02 -1.169984008789062500e+03
5.404895234107971191e+01 3.990000000000000213e+00 2.500000037252902985e-02 -9.899949340820312500e+02
5.414399719238281250e+01 4.030000000000000249e+00 2.500000037252902985e-02 -9.899949340820312500e+02
5.425293660163879395e+01 4.099999999999999645e+00 2.500000037252902985e-02 -1.529962280273437500e+03
5.436293601989746094e+01 4.099999999999999645e+00 2.500000037252902985e-02 -1.529962280273437500e+03
5.445894408226013184e+01 4.040000000000000036e+00 2.500000037252902985e-02 -1.620011474609375000e+03
5.454594373703002930e+01 3.990000000000000213e+00 2.500000037252902985e-02 -1.620011474609375000e+03
5.465694761276245117e+01 3.930000000000000160e+00 2.500000037252902985e-02 -1.800000610351562500e+03
5.474799990653991699e+01 3.890000000000000124e+00 2.500000037252902985e-02 -1.620011474609375000e+03
5.486094713211059570e+01 3.890000000000000124e+00 2.500000037252902985e-02 -1.799891357421875000e+03
5.494894742965698242e+01 4.019999999999999574e+00 2.500000037252902985e-02 -1.979989868164062500e+03
5.506294369697570801e+01 3.930000000000000160e+00 2.500000037252902985e-02 -1.800109863281250000e+03
5.515694308280944824e+01 4.009999999999999787e+00 2.500000037252902985e-02 -1.800109863281250000e+03
5.526399898529052734e+01 3.919999999999999929e+00 2.500000037252902985e-02 -1.709842163085937500e+03
5.535494542121887207e+01 3.950000000000000178e+00 2.500000037252902985e-02 -1.709842163085937500e+03
5.544994425773620605e+01 3.899999999999999911e+00 2.500000037252902985e-02 -1.710060668945312500e+03
5.555693888664245605e+01 3.890000000000000124e+00 2.500000037252902985e-02 -1.800109863281250000e+03
5.564693570137023926e+01 3.919999999999999929e+00 2.500000037252902985e-02 -1.530180786132812500e+03
5.574194550514221191e+01 3.950000000000000178e+00 2.500000037252902985e-02 -1.260033203125000000e+03
5.584995031356811523e+01 3.979999999999999982e+00 2.500000037252902985e-02 -1.169765380859375000e+03
5.596194410324096680e+01 4.030000000000000249e+00 2.500000037252902985e-02 -1.170202514648437500e+03
5.605694413185119629e+01 4.129999999999999893e+00 2.500000037252902985e-02 -1.439913085937500000e+03
5.614294481277465820e+01 4.059999999999999609e+00 2.500000037252902985e-02 -1.260251708984375000e+03
5.625394654273986816e+01 3.939999999999999947e+00 2.500000037252902985e-02 -1.260251708984375000e+03
5.634895706176757812e+01 3.959999999999999964e+00 2.500000037252902985e-02 -1.260251708984375000e+03
5.645793581008911133e+01 3.930000000000000160e+00 2.500000037252902985e-02 -1.170202514648437500e+03
5.654694581031799316e+01 4.009999999999999787e+00 2.500000037252902985e-02 -1.260251708984375000e+03
5.666400408744812012e+01 4.009999999999999787e+00 2.500000037252902985e-02 -1.349863891601562500e+03
5.675096225738525391e+01 3.979999999999999982e+00 2.500000037252902985e-02 -1.259814575195312500e+03
5.686193633079528809e+01 3.890000000000000124e+00 2.500000037252902985e-02 -8.100057373046875000e+02
5.695294570922851562e+01 4.019999999999999574e+00 2.500000037252902985e-02 -9.896671142578125000e+02
5.704693984985351562e+01 4.080000000000000071e+00 2.500000037252902985e-02 -9.901042480468750000e+02
5.715395188331604004e+01 4.099999999999999645e+00 2.500000037252902985e-02 -7.199565429687500000e+02
5.724495196342468262e+01 4.110000000000000320e+00 2.500000037252902985e-02 -8.100057373046875000e+02
5.736194324493408203e+01 4.070000000000000284e+00 2.500000037252902985e-02 -7.203936767578125000e+02
5.744694304466247559e+01 3.970000000000000195e+00 2.500000037252902985e-02 -7.199565429687500000e+02
5.755999302864074707e+01 4.070000000000000284e+00 2.500000037252902985e-02 -9.000549316406250000e+02
5.765493750572204590e+01 4.019999999999999574e+00 2.500000037252902985e-02 -1.080153442382812500e+03
5.776194334030151367e+01 4.040000000000000036e+00 2.500000037252902985e-02 -9.901042480468750000e+02
5.785199356079101562e+01 3.669999999999999929e+00 2.500000037252902985e-02 0.000000000000000000e+00
5.794694280624389648e+01 2.729999999999999982e+00 2.500000037252902985e-02 0.000000000000000000e+00
5.805494499206542969e+01 2.799999999999999822e+00 2.500000037252902985e-02 0.000000000000000000e+00
5.814399862289428711e+01 2.790000000000000036e+00 2.500000037252902985e-02 0.000000000000000000e+00
5.826194310188293457e+01 2.129999999999999893e+00 2.500000037252902985e-02 3.601968383789062500e+02
5.834798669815063477e+01 1.219999999999999973e+00 2.500000037252902985e-02 1.170202514648437500e+03
5.845894312858581543e+01 1.229999999999999982e+00 2.500000037252902985e-02 1.350301025390625000e+03
5.855395126342773438e+01 1.399999999999999911e+00 2.500000037252902985e-02 1.259814575195312500e+03
5.866294503211975098e+01 1.429999999999999938e+00 2.500000037252902985e-02 1.170202514648437500e+03
5.875199651718139648e+01 1.409999999999999920e+00 2.500000037252902985e-02 9.901042480468750000e+02
5.884294390678405762e+01 1.429999999999999938e+00 2.500000037252902985e-02 9.896671142578125000e+02
5.895599365234375000e+01 1.360000000000000098e+00 2.500000037252902985e-02 1.349863891601562500e+03
5.904400086402893066e+01 1.290000000000000036e+00 2.500000037252902985e-02 1.709623535156250000e+03
5.915794539451599121e+01 1.310000000000000053e+00 2.500000037252902985e-02 1.890159179687500000e+03
5.925199508666992188e+01 1.350000000000000089e+00 2.500000037252902985e-02 1.980208496093750000e+03
5.935894298553466797e+01 1.389999999999999902e+00 2.500000037252902985e-02 2.070257568359375000e+03
5.944994688034057617e+01 1.370000000000000107e+00 2.500000037252902985e-02 1.980208496093750000e+03
5.954495215415954590e+01 1.370000000000000107e+00 2.500000037252902985e-02 2.339968017578125000e+03
5.965199732780456543e+01 1.429999999999999938e+00 2.500000037252902985e-02 2.069820556640625000e+03
5.974194359779357910e+01 1.429999999999999938e+00 2.500000037252902985e-02 1.799891357421875000e+03
5.985999464988708496e+01 1.399999999999999911e+00 2.500000037252902985e-02 1.799891357421875000e+03
5.994496321678161621e+01 1.389999999999999902e+00 2.500000037252902985e-02 1.800109863281250000e+03
6.005694794654846191e+01 1.439999999999999947e+00 2.500000037252902985e-02 1.710060668945312500e+03
6.015199351310729980e+01 1.429999999999999938e+00 2.500000037252902985e-02 1.350082397460937500e+03
6.026000070571899414e+01 1.429999999999999938e+00 2.500000037252902985e-02 1.350082397460937500e+03
6.034894776344299316e+01 1.379999999999999893e+00 2.500000037252902985e-02 1.529962280273437500e+03
6.044400358200073242e+01 1.409999999999999920e+00 2.500000037252902985e-02 1.260033203125000000e+03
6.055294585227966309e+01 1.379999999999999893e+00 2.500000037252902985e-02 1.529962280273437500e+03
6.066294384002685547e+01 1.300000000000000044e+00 2.500000037252902985e-02 1.979989868164062500e+03
6.075894451141357422e+01 1.290000000000000036e+00 2.500000037252902985e-02 2.070039062500000000e+03
6.084594392776489258e+01 1.370000000000000107e+00 2.500000037252902985e-02 1.889940673828125000e+03
6.095694684982299805e+01 1.459999999999999964e+00 2.500000037252902985e-02 1.979989868164062500e+03
6.104800152778625488e+01 1.429999999999999938e+00 2.500000037252902985e-02 1.800000610351562500e+03
6.116094398498535156e+01 1.409999999999999920e+00 2.500000037252902985e-02 1.620011474609375000e+03
6.124894380569458008e+01 1.469999999999999973e+00 2.500000037252902985e-02 1.350082397460937500e+03
6.136294269561767578e+01 1.429999999999999938e+00 2.500000037252902985e-02 1.259978515625000000e+03
6.145694684982299805e+01 1.439999999999999947e+00 2.500000037252902985e-02 1.169984008789062500e+03
6.155394697189331055e+01 1.399999999999999911e+00 2.500000037252902985e-02 9.899949340820312500e+02
6.165494441986083984e+01 1.370000000000000107e+00 2.500000037252902985e-02 1.079989501953125000e+03
6.174994206428527832e+01 1.379999999999999893e+00 2.500000037252902985e-02 1.079989501953125000e+03
6.185694265365600586e+01 1.409999999999999920e+00 2.500000037252902985e-02 1.350000488281250000e+03
6.194694256782531738e+01 1.320000000000000062e+00 2.500000037252902985e-02 1.350000488281250000e+03
6.204194211959838867e+01 1.370000000000000107e+00 2.500000037252902985e-02 1.530003295898437500e+03
6.214994549751281738e+01 1.439999999999999947e+00 2.500000037252902985e-02 1.350000488281250000e+03
6.226194334030151367e+01 1.419999999999999929e+00 2.500000037252902985e-02 1.259978515625000000e+03
6.235694289207458496e+01 1.409999999999999920e+00 2.500000037252902985e-02 1.439994995117187500e+03
6.244294166564941406e+01 1.389999999999999902e+00 2.500000037252902985e-02 1.260033203125000000e+03
6.255394387245178223e+01 1.360000000000000098e+00 2.500000037252902985e-02 0.000000000000000000e+00
6.264894533157348633e+01 2.580000000000000071e+00 2.500000037252902985e-02 0.000000000000000000e+00
6.275794649124145508e+01 2.870000000000000107e+00 2.500000037252902985e-02 0.000000000000000000e+00
6.284694218635559082e+01 2.560000000000000053e+00 2.500000037252902985e-02 0.000000000000000000e+00
6.296294116973876953e+01 2.819999999999999840e+00 2.500000037252902985e-02 0.000000000000000000e+00
6.305094337463378906e+01 3.189999999999999947e+00 2.500000037252902985e-02 0.000000000000000000e+00
6.316194319725036621e+01 3.189999999999999947e+00 2.500000037252902985e-02 0.000000000000000000e+00
6.325294399261474609e+01 2.600000000000000089e+00 2.500000037252902985e-02 0.000000000000000000e+00
6.334694838523864746e+01 2.680000000000000160e+00 2.500000037252902985e-02 0.000000000000000000e+00
6.345394420623779297e+01 2.669999999999999929e+00 2.500000037252902985e-02 0.000000000000000000e+00
6.354495120048522949e+01 2.660000000000000142e+00 2.500000037252902985e-02 0.000000000000000000e+00
6.366194844245910645e+01 2.640000000000000124e+00 2.500000037252902985e-02 0.000000000000000000e+00
6.374694180488586426e+01 2.629999999999999893e+00 2.500000037252902985e-02 0.000000000000000000e+00
6.385999011993408203e+01 2.620000000000000107e+00 2.500000037252902985e-02 0.000000000000000000e+00
