2.199149131774902344e-02 1.919999999999999929e+00 8.999999612569808960e-03 -1.170202514648437500e+03
1.220052242279052734e-01 2.000000000000000000e+00 8.999999612569808960e-03 -9.000549316406250000e+02
2.099869251251220703e-01 2.109999999999999876e+00 8.999999612569808960e-03 -9.901042480468750000e+02
3.169896602630615234e-01 2.100000000000000089e+00 8.999999612569808960e-03 -9.901042480468750000e+02
4.070327281951904297e-01 2.009999999999999787e+00 8.999999612569808960e-03 -9.896671142578125000e+02
5.020003318786621094e-01 2.169999999999999929e+00 8.999999612569808960e-03 -1.260251708984375000e+03
6.099860668182373047e-01 2.129999999999999893e+00 8.999999612569808960e-03 -1.349863891601562500e+03
7.219884395599365234e-01 2.000000000000000000e+00 8.999999612569808960e-03 -1.260251708984375000e+03
8.169882297515869141e-01 1.989999999999999991e+00 8.999999612569808960e-03 -1.079716308593750000e+03
9.030358791351318359e-01 2.129999999999999893e+00 8.999999612569808960e-03 -1.259814575195312500e+03
1.013988733291625977e+00 2.060000000000000053e+00 8.999999612569808960e-03 -1.440350219726562500e+03
1.108987331390380859e+00 2.040000000000000036e+00 8.999999612569808960e-03 -1.350301025390625000e+03
1.217985391616821289e+00 2.020000000000000018e+00 8.999999612569808960e-03 -1.170202514648437500e+03
1.307029008865356445e+00 1.979999999999999982e+00 8.999999612569808960e-03 -1.080153442382812500e+03
1.423992872238159180e+00 2.049999999999999822e+00 8.999999612569808960e-03 -1.079716308593750000e+03
1.511032819747924805e+00 2.160000000000000142e+00 8.999999612569808960e-03 -1.260251708984375000e+03
1.622044086456298828e+00 2.040000000000000036e+00 8.999999612569808960e-03 -1.350301025390625000e+03
1.712991237640380859e+00 2.069999999999999840e+00 8.999999612569808960e-03 -1.259814575195312500e+03
1.807020425796508789e+00 2.040000000000000036e+00 8.999999612569808960e-03 -1.440350219726562500e+03
1.913993358612060547e+00 2.069999999999999840e+00 8.999999612569808960e-03 -1.439913085937500000e+03
2.004987478256225586e+00 2.109999999999999876e+00 8.999999612569808960e-03 -1.710060668945312500e+03
2.121984720230102539e+00 1.929999999999999938e+00 8.999999612569808960e-03 -1.620011474609375000e+03
2.207030773162841797e+00 1.969999999999999973e+00 8.999999612569808960e-03 -1.439913085937500000e+03
2.319991111755371094e+00 1.949999999999999956e+00 8.999999612569808960e-03 -1.440350219726562500e+03
2.415026426315307617e+00 1.969999999999999973e+00 8.999999612569808960e-03 -1.169765380859375000e+03
2.522004842758178711e+00 1.979999999999999982e+00 8.999999612569808960e-03 -9.000549316406250000e+02
2.611986875534057617e+00 1.989999999999999991e+00 8.999999612569808960e-03 -9.000549316406250000e+02
2.707036018371582031e+00 2.100000000000000089e+00 8.999999612569808960e-03 -8.100057373046875000e+02
2.815034866333007812e+00 2.129999999999999893e+00 8.999999612569808960e-03 -9.901042480468750000e+02
2.903993129730224609e+00 2.089999999999999858e+00 8.999999612569808960e-03 -9.000549316406250000e+02
3.021986007690429688e+00 2.049999999999999822e+00 8.999999612569808960e-03 -8.100057373046875000e+02
3.107989549636840820e+00 2.089999999999999858e+00 8.999999612569808960e-03 -9.000549316406250000e+02
3.219031333923339844e+00 2.089999999999999858e+00 8.999999612569808960e-03 -8.100057373046875000e+02
3.313990831375122070e+00 2.040000000000000036e+00 8.999999612569808960e-03 -7.199565429687500000e+02
3.423114299774169922e+00 2.040000000000000036e+00 8.999999612569808960e-03 -4.500274658203125000e+02
3.512012720108032227e+00 2.089999999999999858e+00 8.999999612569808960e-03 -6.299072875976562500e+02
3.603047132492065430e+00 2.149999999999999911e+00 8.999999612569808960e-03 -8.100057373046875000e+02
3.715986967086791992e+00 2.100000000000000089e+00 8.999999612569808960e-03 -8.998363647460937500e+02
3.803989648818969727e+00 2.149999999999999911e+00 8.999999612569808960e-03 -9.000549316406250000e+02
3.917984485626220703e+00 2.120000000000000107e+00 8.999999612569808960e-03 -9.901042480468750000e+02
4.011989831924438477e+00 2.029999999999999805e+00 8.999999612569808960e-03 -9.898856811523437500e+02
4.119034290313720703e+00 2.089999999999999858e+00 8.999999612569808960e-03 -8.100057373046875000e+02
4.209987163543701172e+00 2.080000000000000071e+00 8.999999612569808960e-03 -7.199565429687500000e+02
4.304987192153930664e+00 2.080000000000000071e+00 8.999999612569808960e-03 -6.301258544921875000e+02
4.412092447280883789e+00 2.040000000000000036e+00 8.999999612569808960e-03 -5.398581542968750000e+02
4.501987934112548828e+00 2.089999999999999858e+00 8.999999612569808960e-03 -4.500274658203125000e+02
4.619988918304443359e+00 2.220000000000000195e+00 8.999999612569808960e-03 -7.199565429687500000e+02
4.704988241195678711e+00 2.189999999999999947e+00 8.999999612569808960e-03 -8.100057373046875000e+02
4.816990137100219727e+00 2.120000000000000107e+00 8.999999612569808960e-03 -8.998363647460937500e+02
4.912045955657958984e+00 2.100000000000000089e+00 8.999999612569808960e-03 -1.080044189453125000e+03
5.019990205764770508e+00 2.029999999999999805e+00 8.999999612569808960e-03 -9.899949340820312500e+02
5.108988523483276367e+00 2.020000000000000018e+00 8.999999612569808960e-03 -6.300166015625000000e+02
5.203992128372192383e+00 2.060000000000000053e+00 8.999999612569808960e-03 -5.399674072265625000e+02
5.312989234924316406e+00 2.129999999999999893e+00 8.999999612569808960e-03 -5.399674072265625000e+02
5.401990652084350586e+00 2.180000000000000160e+00 8.999999612569808960e-03 -7.199565429687500000e+02
5.519030332565307617e+00 2.120000000000000107e+00 8.999999612569808960e-03 -9.000549316406250000e+02
5.605987071990966797e+00 2.109999999999999876e+00 8.999999612569808960e-03 -9.000549316406250000e+02
5.716989517211914062e+00 2.049999999999999822e+00 8.999999612569808960e-03 -7.199565429687500000e+02
5.808072090148925781e+00 2.049999999999999822e+00 8.999999612569808960e-03 -6.299072875976562500e+02
5.920985221862792969e+00 2.080000000000000071e+00 8.999999612569808960e-03 -6.300166015625000000e+02
6.008987903594970703e+00 2.120000000000000107e+00 8.999999612569808960e-03 -7.199565429687500000e+02
6.123034954071044922e+00 2.089999999999999858e+00 8.999999612569808960e-03 -6.300166015625000000e+02
6.216985225677490234e+00 2.080000000000000071e+00 8.999999612569808960e-03 -5.400220947265625000e+02
6.317986011505126953e+00 2.209999999999999964e+00 8.999999612569808960e-03 -7.200111694335937500e+02
6.415036916732788086e+00 2.169999999999999929e+00 8.999999612569808960e-03 -8.099511108398437500e+02
6.509985446929931641e+00 2.109999999999999876e+00 8.999999612569808960e-03 -8.100057373046875000e+02
6.616990566253662109e+00 2.069999999999999840e+00 8.999999612569808960e-03 -3.599782714843750000e+02
6.707027673721313477e+00 1.479999999999999982e+00 8.999999612569808960e-03 0.000000000000000000e+00
6.801986455917358398e+00 1.510000000000000009e+00 8.999999612569808960e-03 0.000000000000000000e+00
6.909984588623046875e+00 1.530000000000000027e+00 8.999999612569808960e-03 0.000000000000000000e+00
7.021990537643432617e+00 1.229999999999999982e+00 8.999999612569808960e-03 0.000000000000000000e+00
7.116984844207763672e+00 9.499999999999999556e-01 8.999999612569808960e-03 0.000000000000000000e+00
7.223990201950073242e+00 8.599999999999999867e-01 8.999999612569808960e-03 0.000000000000000000e+00
7.313985824584960938e+00 7.399999999999999911e-01 8.999999612569808960e-03 0.000000000000000000e+00
7.408987045288085938e+00 5.100000000000000089e-01 8.999999612569808960e-03 0.000000000000000000e+00
7.517984628677368164e+00 1.400000000000000133e-01 3.500000014901161194e-02 2.430017089843750000e+03
7.607033252716064453e+00 2.229999999999999982e+00 3.500000014901161194e-02 1.979989868164062500e+03
7.723038434982299805e+00 2.459999999999999964e+00 3.500000014901161194e-02 1.529962280273437500e+03
7.811033964157104492e+00 2.270000000000000018e+00 3.500000014901161194e-02 1.710060668945312500e+03
7.921990156173706055e+00 2.259999999999999787e+00 3.500000014901161194e-02 1.529962280273437500e+03
8.012990236282348633e+00 2.379999999999999893e+00 3.500000014901161194e-02 1.169984008789062500e+03
8.107039451599121094e+00 2.310000000000000053e+00 3.500000014901161194e-02 1.169984008789062500e+03
8.213989496231079102e+00 2.240000000000000213e+00 3.500000014901161194e-02 1.259923950195312500e+03
8.304988861083984375e+00 2.279999999999999805e+00 3.500000014901161194e-02 1.260033203125000000e+03
8.421987771987915039e+00 2.299999999999999822e+00 3.500000014901161194e-02 1.169984008789062500e+03
8.507027387619018555e+00 2.279999999999999805e+00 3.500000014901161194e-02 1.169984008789062500e+03
8.619988679885864258e+00 2.299999999999999822e+00 3.500000014901161194e-02 1.260033203125000000e+03
8.715034246444702148e+00 2.279999999999999805e+00 3.500000014901161194e-02 1.169984008789062500e+03
8.821987390518188477e+00 2.310000000000000053e+00 3.500000014901161194e-02 1.079934814453125000e+03
8.912050485610961914e+00 2.259999999999999787e+00 3.500000014901161194e-02 1.169984008789062500e+03
9.007033348083496094e+00 2.279999999999999805e+00 3.500000014901161194e-02 1.260033203125000000e+03
9.115033864974975586e+00 2.319999999999999840e+00 3.500000014901161194e-02 1.169984008789062500e+03
9.203989505767822266e+00 2.290000000000000036e+00 3.500000014901161194e-02 1.169984008789062500e+03
9.321987867355346680e+00 2.279999999999999805e+00 3.500000014901161194e-02 9.898856811523437500e+02
9.407989740371704102e+00 2.299999999999999822e+00 3.500000014901161194e-02 1.080153442382812500e+03
9.519034385681152344e+00 2.290000000000000036e+00 3.500000014901161194e-02 1.080153442382812500e+03
9.613990783691406250e+00 2.290000000000000036e+00 3.500000014901161194e-02 9.898856811523437500e+02
9.723043441772460938e+00 2.240000000000000213e+00 3.500000014901161194e-02 1.529962280273437500e+03
9.811990976333618164e+00 2.290000000000000036e+00 3.500000014901161194e-02 1.529962280273437500e+03
9.903039693832397461e+00 2.310000000000000053e+00 3.500000014901161194e-02 1.350301025390625000e+03
1.001598834991455078e+01 2.319999999999999840e+00 3.500000014901161194e-02 1.349863891601562500e+03
1.010409593582153320e+01 2.290000000000000036e+00 3.500000014901161194e-02 1.260251708984375000e+03
1.021799516677856445e+01 2.270000000000000018e+00 3.500000014901161194e-02 1.260251708984375000e+03
1.031208896636962891e+01 2.310000000000000053e+00 3.500000014901161194e-02 1.259814575195312500e+03
1.041903138160705566e+01 2.299999999999999822e+00 3.500000014901161194e-02 1.080153442382812500e+03
1.050999927520751953e+01 2.350000000000000089e+00 3.500000014901161194e-02 9.901042480468750000e+02
1.060499835014343262e+01 2.319999999999999840e+00 3.500000014901161194e-02 9.000549316406250000e+02
1.071199917793273926e+01 2.259999999999999787e+00 3.500000014901161194e-02 9.000549316406250000e+02
1.080199646949768066e+01 2.290000000000000036e+00 3.500000014901161194e-02 9.896671142578125000e+02
1.092000055313110352e+01 2.319999999999999840e+00 3.500000014901161194e-02 9.000549316406250000e+02
1.100499773025512695e+01 2.339999999999999858e+00 3.500000014901161194e-02 5.398581542968750000e+02
1.111699819564819336e+01 2.270000000000000018e+00 3.500000014901161194e-02 4.502460327148437500e+02
1.121199560165405273e+01 2.250000000000000000e+00 3.500000014901161194e-02 7.199565429687500000e+02
1.131999444961547852e+01 2.270000000000000018e+00 3.500000014901161194e-02 7.199565429687500000e+02
1.140898966789245605e+01 2.229999999999999982e+00 3.500000014901161194e-02 9.000549316406250000e+02
1.150399804115295410e+01 2.290000000000000036e+00 3.500000014901161194e-02 9.901042480468750000e+02
1.161299967765808105e+01 2.319999999999999840e+00 3.500000014901161194e-02 8.100057373046875000e+02
1.170200157165527344e+01 2.319999999999999840e+00 3.500000014901161194e-02 7.199565429687500000e+02
1.181907653808593750e+01 2.240000000000000213e+00 3.500000014901161194e-02 8.100057373046875000e+02
1.190598964691162109e+01 2.259999999999999787e+00 3.500000014901161194e-02 8.996177978515625000e+02
1.201698899269104004e+01 2.259999999999999787e+00 3.500000014901161194e-02 8.100057373046875000e+02
1.210798740386962891e+01 2.259999999999999787e+00 3.500000014901161194e-02 9.000549316406250000e+02
1.222098755836486816e+01 2.270000000000000018e+00 3.500000014901161194e-02 8.100057373046875000e+02
1.230898666381835938e+01 2.330000000000000071e+00 3.500000014901161194e-02 6.303444213867187500e+02
1.242198681831359863e+01 2.270000000000000018e+00 3.500000014901161194e-02 6.299072875976562500e+02
1.251698827743530273e+01 2.240000000000000213e+00 3.500000014901161194e-02 7.199565429687500000e+02
1.262303495407104492e+01 2.240000000000000213e+00 3.500000014901161194e-02 9.000549316406250000e+02
1.271502280235290527e+01 2.220000000000000195e+00 3.500000014901161194e-02 9.901042480468750000e+02
1.280998921394348145e+01 2.259999999999999787e+00 3.500000014901161194e-02 1.079716308593750000e+03
1.291698694229125977e+01 2.299999999999999822e+00 3.500000014901161194e-02 7.199565429687500000e+02
1.300703382492065430e+01 2.299999999999999822e+00 3.500000014901161194e-02 7.199565429687500000e+02
1.310199141502380371e+01 2.259999999999999787e+00 3.500000014901161194e-02 6.299072875976562500e+02
1.320998525619506836e+01 2.250000000000000000e+00 3.500000014901161194e-02 6.299072875976562500e+02
1.332198691368103027e+01 2.330000000000000071e+00 3.500000014901161194e-02 6.303444213867187500e+02
1.341698956489562988e+01 2.220000000000000195e+00 3.500000014901161194e-02 7.199565429687500000e+02
1.350302743911743164e+01 2.240000000000000213e+00 3.500000014901161194e-02 8.100057373046875000e+02
1.361398839950561523e+01 2.319999999999999840e+00 3.500000014901161194e-02 4.498088989257812500e+02
1.370898771286010742e+01 2.310000000000000053e+00 3.500000014901161194e-02 3.601968383789062500e+02
1.381798672676086426e+01 2.229999999999999982e+00 3.500000014901161194e-02 4.498088989257812500e+02
1.390702629089355469e+01 2.200000000000000178e+00 3.500000014901161194e-02 0.000000000000000000e+00
1.400702238082885742e+01 1.969999999999999973e+00 3.500000014901161194e-02 9.004920959472656250e+01
1.411103796958923340e+01 1.959999999999999964e+00 3.500000014901161194e-02 0.000000000000000000e+00
1.422199487686157227e+01 2.209999999999999964e+00 3.500000014901161194e-02 0.000000000000000000e+00
1.431298708915710449e+01 3.250000000000000000e+00 3.500000014901161194e-02 0.000000000000000000e+00
1.440703463554382324e+01 4.040000000000000036e+00 3.500000014901161194e-02 0.000000000000000000e+00
1.451398682594299316e+01 4.580000000000000071e+00 3.500000014901161194e-02 0.000000000000000000e+00
1.460498738288879395e+01 3.919999999999999929e+00 8.999999612569808960e-03 -2.069820556640625000e+03
1.472209382057189941e+01 2.209999999999999964e+00 8.999999612569808960e-03 -1.980208496093750000e+03
1.480703568458557129e+01 2.120000000000000107e+00 8.999999612569808960e-03 -1.620011474609375000e+03
1.491998696327209473e+01 2.180000000000000160e+00 8.999999612569808960e-03 -1.620011474609375000e+03
1.501502943038940430e+01 2.259999999999999787e+00 8.999999612569808960e-03 -1.349863891601562500e+03
1.512198901176452637e+01 2.209999999999999964e+00 8.999999612569808960e-03 -1.439913085937500000e+03
1.521198940277099609e+01 2.339999999999999858e+00 8.999999612569808960e-03 -1.889722045898437500e+03
1.530702257156372070e+01 2.319999999999999840e+00 8.999999612569808960e-03 -1.979771362304687500e+03
1.541502881050109863e+01 2.250000000000000000e+00 8.999999612569808960e-03 -1.980208496093750000e+03
1.550398969650268555e+01 2.209999999999999964e+00 8.999999612569808960e-03 -1.889722045898437500e+03
1.562209463119506836e+01 2.189999999999999947e+00 8.999999612569808960e-03 -1.529962280273437500e+03
1.570798826217651367e+01 2.209999999999999964e+00 8.999999612569808960e-03 -1.529962280273437500e+03
1.581904006004333496e+01 2.220000000000000195e+00 8.999999612569808960e-03 -1.440350219726562500e+03
1.591399121284484863e+01 2.270000000000000018e+00 8.999999612569808960e-03 -1.529962280273437500e+03
1.602304315567016602e+01 2.259999999999999787e+00 8.999999612569808960e-03 -1.620011474609375000e+03
1.611199069023132324e+01 2.240000000000000213e+00 8.999999612569808960e-03 -1.529962280273437500e+03
1.620302987098693848e+01 2.240000000000000213e+00 8.999999612569808960e-03 -1.439913085937500000e+03
1.633798885345458984e+01 2.259999999999999787e+00 8.999999612569808960e-03 -1.620011474609375000e+03
1.642702746391296387e+01 2.259999999999999787e+00 8.999999612569808960e-03 -1.620011474609375000e+03
1.651798796653747559e+01 2.180000000000000160e+00 8.999999612569808960e-03 -1.620011474609375000e+03
1.663103604316711426e+01 2.250000000000000000e+00 8.999999612569808960e-03 -1.529962280273437500e+03
1.674199056625366211e+01 2.209999999999999964e+00 8.999999612569808960e-03 -1.439913085937500000e+03
1.683299160003662109e+01 2.209999999999999964e+00 8.999999612569808960e-03 -1.349863891601562500e+03
1.692703771591186523e+01 2.279999999999999805e+00 8.999999612569808960e-03 -1.620011474609375000e+03
1.703398942947387695e+01 2.290000000000000036e+00 8.999999612569808960e-03 -1.620011474609375000e+03
1.712498831748962402e+01 2.160000000000000142e+00 8.999999612569808960e-03 -1.260033203125000000e+03
1.724199962615966797e+01 2.180000000000000160e+00 8.999999612569808960e-03 -1.350082397460937500e+03
1.732703423500061035e+01 2.220000000000000195e+00 8.999999612569808960e-03 -1.260033203125000000e+03
1.743999004364013672e+01 2.250000000000000000e+00 8.999999612569808960e-03 -1.439913085937500000e+03
1.753503251075744629e+01 2.290000000000000036e+00 8.999999612569808960e-03 -1.529962280273437500e+03
1.764199829101562500e+01 2.310000000000000053e+00 8.999999612569808960e-03 -1.800109863281250000e+03
1.773199796676635742e+01 2.310000000000000053e+00 8.999999612569808960e-03 -2.070039062500000000e+03
1.782703113555908203e+01 2.229999999999999982e+00 8.999999612569808960e-03 -1.979989868164062500e+03
1.793503355979919434e+01 2.120000000000000107e+00 8.999999612569808960e-03 -1.529962280273437500e+03
1.802398991584777832e+01 2.129999999999999893e+00 8.999999612569808960e-03 -1.079934814453125000e+03
1.814199614524841309e+01 2.189999999999999947e+00 8.999999612569808960e-03 -9.899949340820312500e+02
1.822798752784729004e+01 2.229999999999999982e+00 8.999999612569808960e-03 -1.169984008789062500e+03
1.833904075622558594e+01 2.220000000000000195e+00 8.999999612569808960e-03 -9.899949340820312500e+02
1.843398976325988770e+01 2.259999999999999787e+00 8.999999612569808960e-03 -9.899949340820312500e+02
1.854303264617919922e+01 2.209999999999999964e+00 8.999999612569808960e-03 -9.000549316406250000e+02
1.863200116157531738e+01 2.229999999999999982e+00 8.999999612569808960e-03 -8.100057373046875000e+02
1.872304892539978027e+01 2.259999999999999787e+00 8.999999612569808960e-03 -1.080044189453125000e+03
1.883598613739013672e+01 2.319999999999999840e+00 8.999999612569808960e-03 -1.079989501953125000e+03
1.892398977279663086e+01 2.229999999999999982e+00 8.999999612569808960e-03 -9.899949340820312500e+02
1.903798747062683105e+01 2.009999999999999787e+00 8.999999612569808960e-03 0.000000000000000000e+00
1.913198637962341309e+01 1.159999999999999920e+00 8.999999612569808960e-03 0.000000000000000000e+00
1.923903775215148926e+01 1.270000000000000018e+00 8.999999612569808960e-03 0.000000000000000000e+00
1.932998490333557129e+01 1.199999999999999956e+00 8.999999612569808960e-03 0.000000000000000000e+00
1.942498493194580078e+01 6.999999999999999556e-01 8.999999612569808960e-03 0.000000000000000000e+00
1.953198647499084473e+01 4.699999999999999734e-01 8.999999612569808960e-03 0.000000000000000000e+00
1.962198853492736816e+01 2.500000000000000000e-01 8.999999612569808960e-03 0.000000000000000000e+00
1.974001049995422363e+01 2.999999999999999889e-02 8.999999612569808960e-03 0.000000000000000000e+00
1.982498526573181152e+01 2.000000000000000042e-02 8.999999612569808960e-03 0.000000000000000000e+00
1.993698668479919434e+01 0.000000000000000000e+00 8.999999612569808960e-03 0.000000000000000000e+00
2.003198552131652832e+01 0.000000000000000000e+00 8.999999612569808960e-03 0.000000000000000000e+00
2.013998818397521973e+01 0.000000000000000000e+00 8.999999612569808960e-03 0.000000000000000000e+00
2.022898793220520020e+01 4.000000000000000083e-02 8.999999612569808960e-03 0.000000000000000000e+00
2.032398581504821777e+01 4.000000000000000083e-02 8.999999612569808960e-03 0.000000000000000000e+00
2.043298554420471191e+01 0.000000000000000000e+00 8.999999612569808960e-03 0.000000000000000000e+00
2.054303455352783203e+01 0.000000000000000000e+00 8.999999612569808960e-03 0.000000000000000000e+00
2.063903331756591797e+01 4.799999999999999822e-01 8.999999612569808960e-03 0.000000000000000000e+00
2.072598719596862793e+01 1.250000000000000000e+00 8.999999612569808960e-03 0.000000000000000000e+00
2.083698439598083496e+01 9.499999999999999556e-01 8.999999612569808960e-03 0.000000000000000000e+00
2.092798709869384766e+01 1.060000000000000053e+00 8.999999612569808960e-03 0.000000000000000000e+00
2.104098820686340332e+01 9.599999999999999645e-01 8.999999612569808960e-03 0.000000000000000000e+00
2.112898540496826172e+01 7.800000000000000266e-01 8.999999612569808960e-03 0.000000000000000000e+00
2.124303245544433594e+01 1.499999999999999944e-01 3.500000014901161194e-02 9.899949340820312500e+02
2.133698844909667969e+01 5.400000000000000355e-01 3.500000014901161194e-02 3.869985107421875000e+03
2.144303464889526367e+01 2.609999999999999876e+00 3.500000014901161194e-02 1.979989868164062500e+03
2.153502845764160156e+01 2.660000000000000142e+00 3.500000014901161194e-02 8.999456787109375000e+02
2.162998795509338379e+01 2.379999999999999893e+00 3.500000014901161194e-02 4.500274658203125000e+02
2.173698616027832031e+01 2.290000000000000036e+00 3.500000014901161194e-02 6.300166015625000000e+02
2.182703614234924316e+01 2.209999999999999964e+00 3.500000014901161194e-02 9.899949340820312500e+02
2.192198920249938965e+01 2.129999999999999893e+00 3.500000014901161194e-02 1.620011474609375000e+03
2.202999854087829590e+01 2.200000000000000178e+00 3.500000014901161194e-02 1.889940673828125000e+03
2.214198660850524902e+01 2.220000000000000195e+00 3.500000014901161194e-02 1.979989868164062500e+03
2.223698592185974121e+01 2.330000000000000071e+00 3.500000014901161194e-02 1.710060668945312500e+03
2.232303810119628906e+01 2.319999999999999840e+00 3.500000014901161194e-02 1.709842163085937500e+03
2.243398618698120117e+01 2.310000000000000053e+00 3.500000014901161194e-02 1.620011474609375000e+03
2.252898740768432617e+01 2.319999999999999840e+00 3.500000014901161194e-02 1.529962280273437500e+03
2.263798546791076660e+01 2.350000000000000089e+00 3.500000014901161194e-02 1.169984008789062500e+03
2.272703790664672852e+01 2.319999999999999840e+00 3.500000014901161194e-02 1.260033203125000000e+03
2.281798720359802246e+01 2.299999999999999822e+00 3.500000014901161194e-02 1.260033203125000000e+03
2.293103075027465820e+01 2.270000000000000018e+00 3.500000014901161194e-02 1.260033203125000000e+03
2.304198741912841797e+01 2.290000000000000036e+00 3.500000014901161194e-02 1.350082397460937500e+03
2.313299894332885742e+01 2.270000000000000018e+00 3.500000014901161194e-02 1.349863891601562500e+03
2.322703146934509277e+01 2.339999999999999858e+00 3.500000014901161194e-02 1.259814575195312500e+03
2.333398890495300293e+01 2.250000000000000000e+00 3.500000014901161194e-02 1.349863891601562500e+03
2.342498850822448730e+01 2.279999999999999805e+00 3.500000014901161194e-02 1.260251708984375000e+03
2.354198789596557617e+01 2.330000000000000071e+00 3.500000014901161194e-02 1.259814575195312500e+03
2.362703585624694824e+01 2.259999999999999787e+00 3.500000014901161194e-02 1.349863891601562500e+03
2.373998689651489258e+01 2.270000000000000018e+00 3.500000014901161194e-02 1.439913085937500000e+03
2.383502936363220215e+01 2.270000000000000018e+00 3.500000014901161194e-02 1.439913085937500000e+03
2.394205045700073242e+01 2.319999999999999840e+00 3.500000014901161194e-02 1.169765380859375000e+03
2.403199362754821777e+01 2.330000000000000071e+00 3.500000014901161194e-02 1.080153442382812500e+03
2.412703824043273926e+01 2.339999999999999858e+00 3.500000014901161194e-02 8.100057373046875000e+02
2.423504090309143066e+01 2.350000000000000089e+00 3.500000014901161194e-02 7.199565429687500000e+02
2.432398748397827148e+01 2.209999999999999964e+00 3.500000014901161194e-02 1.079716308593750000e+03
2.444209480285644531e+01 2.209999999999999964e+00 3.500000014901161194e-02 1.350301025390625000e+03
2.452799153327941895e+01 2.220000000000000195e+00 3.500000014901161194e-02 1.799672729492187500e+03
2.463903403282165527e+01 2.290000000000000036e+00 3.500000014901161194e-02 1.529962280273437500e+03
2.473399186134338379e+01 2.359999999999999876e+00 3.500000014901161194e-02 1.260251708984375000e+03
2.482798624038696289e+01 2.330000000000000071e+00 3.500000014901161194e-02 1.170202514648437500e+03
2.493199014663696289e+01 2.279999999999999805e+00 3.500000014901161194e-02 1.170202514648437500e+03
2.502303743362426758e+01 2.259999999999999787e+00 3.500000014901161194e-02 1.080153442382812500e+03
2.513598799705505371e+01 2.399999999999999911e+00 3.500000014901161194e-02 7.199565429687500000e+02
2.522399282455444336e+01 2.149999999999999911e+00 3.500000014901161194e-02 1.349863891601562500e+03
2.533799743652343750e+01 2.180000000000000160e+00 3.500000014901161194e-02 1.620011474609375000e+03
2.543204522132873535e+01 2.330000000000000071e+00 3.500000014901161194e-02 1.439913085937500000e+03
2.553904318809509277e+01 2.299999999999999822e+00 3.500000014901161194e-02 1.080153442382812500e+03
2.562998652458190918e+01 2.299999999999999822e+00 3.500000014901161194e-02 1.260251708984375000e+03
2.572498583793640137e+01 2.310000000000000053e+00 3.500000014901161194e-02 1.080153442382812500e+03
2.583199238777160645e+01 2.290000000000000036e+00 3.500000014901161194e-02 1.170202514648437500e+03
2.592203831672668457e+01 2.370000000000000107e+00 3.500000014901161194e-02 6.299072875976562500e+02
2.603998565673828125e+01 2.290000000000000036e+00 3.500000014901161194e-02 2.701476440429687500e+02
2.612498855590820312e+01 2.060000000000000053e+00 3.500000014901161194e-02 8.961207580566406250e+01
2.623698639869689941e+01 1.929999999999999938e+00 3.500000014901161194e-02 9.004920959472656250e+01
2.633199286460876465e+01 1.860000000000000098e+00 3.500000014901161194e-02 0.000000000000000000e+00
2.643998599052429199e+01 1.879999999999999893e+00 3.500000014901161194e-02 0.000000000000000000e+00
2.652898669242858887e+01 2.470000000000000195e+00 3.500000014901161194e-02 0.000000000000000000e+00
2.662399029731750488e+01 2.870000000000000107e+00 8.999999612569808960e-03 -1.259814575195312500e+03
2.673299050331115723e+01 2.250000000000000000e+00 8.999999612569808960e-03 -1.439913085937500000e+03
2.682898664474487305e+01 2.080000000000000071e+00 8.999999612569808960e-03 -1.620011474609375000e+03
2.693903660774230957e+01 2.149999999999999911e+00 8.999999612569808960e-03 -2.249918945312500000e+03
2.702598595619201660e+01 2.259999999999999787e+00 8.999999612569808960e-03 -2.519629150390625000e+03
2.713698816299438477e+01 2.310000000000000053e+00 8.999999612569808960e-03 -2.520066406250000000e+03
2.722798991203308105e+01 2.279999999999999805e+00 8.999999612569808960e-03 -2.879826171875000000e+03
2.734098744392395020e+01 2.259999999999999787e+00 8.999999612569808960e-03 -2.610115478515625000e+03
2.742898559570312500e+01 2.240000000000000213e+00 8.999999612569808960e-03 -2.520066406250000000e+03
2.754303312301635742e+01 2.200000000000000178e+00 8.999999612569808960e-03 -2.520066406250000000e+03
2.763698768615722656e+01 2.220000000000000195e+00 8.999999612569808960e-03 -2.339968017578125000e+03
2.774303364753723145e+01 2.250000000000000000e+00 8.999999612569808960e-03 -2.430017089843750000e+03
2.783503389358520508e+01 2.279999999999999805e+00 8.999999612569808960e-03 -2.610115478515625000e+03
2.792998671531677246e+01 2.259999999999999787e+00 8.999999612569808960e-03 -2.609678466796875000e+03
2.803698325157165527e+01 2.180000000000000160e+00 8.999999612569808960e-03 -2.339968017578125000e+03
2.812704467773437500e+01 2.220000000000000195e+00 8.999999612569808960e-03 -2.430017089843750000e+03
2.822198843955993652e+01 2.299999999999999822e+00 8.999999612569808960e-03 -2.609896972656250000e+03
2.832998561859130859e+01 2.250000000000000000e+00 8.999999612569808960e-03 -2.609896972656250000e+03
2.844199228286743164e+01 2.209999999999999964e+00 8.999999612569808960e-03 -2.430017089843750000e+03
2.853698635101318359e+01 2.160000000000000142e+00 8.999999612569808960e-03 -2.160088378906250000e+03
2.862304425239562988e+01 2.200000000000000178e+00 8.999999612569808960e-03 -2.070039062500000000e+03
2.873398780822753906e+01 2.240000000000000213e+00 8.999999612569808960e-03 -2.069820556640625000e+03
2.882898807525634766e+01 2.189999999999999947e+00 8.999999612569808960e-03 -1.710060668945312500e+03
2.893798995018005371e+01 2.140000000000000124e+00 8.999999612569808960e-03 -1.620011474609375000e+03
2.902703189849853516e+01 2.240000000000000213e+00 8.999999612569808960e-03 -1.620011474609375000e+03
2.911798834800720215e+01 2.259999999999999787e+00 8.999999612569808960e-03 -1.620011474609375000e+03
2.923103332519531250e+01 2.160000000000000142e+00 8.999999612569808960e-03 -1.440022338867187500e+03
2.934210824966430664e+01 2.200000000000000178e+00 8.999999612569808960e-03 -9.899949340820312500e+02
2.943299674987792969e+01 2.149999999999999911e+00 8.999999612569808960e-03 -8.100057373046875000e+02
2.952703332901000977e+01 2.220000000000000195e+00 8.999999612569808960e-03 -8.100057373046875000e+02
2.963398671150207520e+01 2.279999999999999805e+00 8.999999612569808960e-03 -9.000003051757812500e+02
2.972498679161071777e+01 2.240000000000000213e+00 8.999999612569808960e-03 -6.300166015625000000e+02
2.984202647209167480e+01 2.259999999999999787e+00 8.999999612569808960e-03 -9.000003051757812500e+02
2.992703056335449219e+01 2.299999999999999822e+00 8.999999612569808960e-03 -7.200111694335937500e+02
3.003998780250549316e+01 1.090000000000000080e+00 8.999999612569808960e-03 0.000000000000000000e+00
3.013503313064575195e+01 8.599999999999999867e-01 8.999999612569808960e-03 0.000000000000000000e+00
3.024199008941650391e+01 8.000000000000000444e-01 8.999999612569808960e-03 0.000000000000000000e+00
3.033198785781860352e+01 4.899999999999999911e-01 8.999999612569808960e-03 0.000000000000000000e+00
3.042703390121459961e+01 2.500000000000000000e-01 8.999999612569808960e-03 0.000000000000000000e+00
3.053503060340881348e+01 1.300000000000000044e-01 3.500000014901161194e-02 1.079989501953125000e+03
3.062398767471313477e+01 1.090000000000000080e+00 3.500000014901161194e-02 3.240022949218750000e+03
3.074198603630065918e+01 2.279999999999999805e+00 3.500000014901161194e-02 2.700055419921875000e+03
3.082798838615417480e+01 2.209999999999999964e+00 3.500000014901161194e-02 2.969984619140625000e+03
3.093902921676635742e+01 2.299999999999999822e+00 3.500000014901161194e-02 2.880044677734375000e+03
3.103399157524108887e+01 2.259999999999999787e+00 3.500000014901161194e-02 2.609896972656250000e+03
3.114303493499755859e+01 2.330000000000000071e+00 3.500000014901161194e-02 2.430017089843750000e+03
3.123199248313903809e+01 2.330000000000000071e+00 3.500000014901161194e-02 2.430017089843750000e+03
3.132303643226623535e+01 2.229999999999999982e+00 3.500000014901161194e-02 2.699946289062500000e+03
3.143598604202270508e+01 2.250000000000000000e+00 3.500000014901161194e-02 2.969875244140625000e+03
3.152399706840515137e+01 2.229999999999999982e+00 3.500000014901161194e-02 3.240022949218750000e+03
3.163798522949218750e+01 2.319999999999999840e+00 3.500000014901161194e-02 2.880044677734375000e+03
3.173199224472045898e+01 2.350000000000000089e+00 3.500000014901161194e-02 2.790214111328125000e+03
3.183902525901794434e+01 2.250000000000000000e+00 3.500000014901161194e-02 2.880263183593750000e+03
3.192998576164245605e+01 2.240000000000000213e+00 3.500000014901161194e-02 3.059924560546875000e+03
3.202498888969421387e+01 2.270000000000000018e+00 3.500000014901161194e-02 2.969875244140625000e+03
3.213198924064636230e+01 2.279999999999999805e+00 3.500000014901161194e-02 3.149973632812500000e+03
3.222203516960144043e+01 2.290000000000000036e+00 3.500000014901161194e-02 2.969875244140625000e+03
3.233998727798461914e+01 2.370000000000000107e+00 3.500000014901161194e-02 2.520066406250000000e+03
3.242498564720153809e+01 2.379999999999999893e+00 3.500000014901161194e-02 2.070257568359375000e+03
3.253698587417602539e+01 2.270000000000000018e+00 3.500000014901161194e-02 2.069820556640625000e+03
3.263200449943542480e+01 2.220000000000000195e+00 3.500000014901161194e-02 2.609678466796875000e+03
3.273998594284057617e+01 2.259999999999999787e+00 3.500000014901161194e-02 2.430017089843750000e+03
3.282898497581481934e+01 2.390000000000000124e+00 3.500000014901161194e-02 1.709623535156250000e+03
3.292399001121520996e+01 2.439999999999999947e+00 3.500000014901161194e-02 1.349863891601562500e+03
3.303299355506896973e+01 2.240000000000000213e+00 3.500000014901161194e-02 1.620011474609375000e+03
3.314199447631835938e+01 2.640000000000000124e+00 3.500000014901161194e-02 0.000000000000000000e+00
3.323903584480285645e+01 3.770000000000000018e+00 3.500000014901161194e-02 0.000000000000000000e+00
3.332598972320556641e+01 3.509999999999999787e+00 3.500000014901161194e-02 0.000000000000000000e+00
3.343698573112487793e+01 3.120000000000000107e+00 3.500000014901161194e-02 0.000000000000000000e+00
3.352798914909362793e+01 2.950000000000000178e+00 3.500000014901161194e-02 0.000000000000000000e+00
3.364098572731018066e+01 2.859999999999999876e+00 3.500000014901161194e-02 0.000000000000000000e+00
3.372898578643798828e+01 2.799999999999999822e+00 3.500000014901161194e-02 0.000000000000000000e+00
3.384303927421569824e+01 2.740000000000000213e+00 3.500000014901161194e-02 0.000000000000000000e+00
3.393698477745056152e+01 2.700000000000000178e+00 3.500000014901161194e-02 0.000000000000000000e+00
3.404398632049560547e+01 2.660000000000000142e+00 3.500000014901161194e-02 0.000000000000000000e+00
3.413504362106323242e+01 2.629999999999999893e+00 3.500000014901161194e-02 0.000000000000000000e+00
3.422998714447021484e+01 2.600000000000000089e+00 3.500000014901161194e-02 0.000000000000000000e+00
3.433698630332946777e+01 2.569999999999999840e+00 3.500000014901161194e-02 0.000000000000000000e+00
3.442703604698181152e+01 2.549999999999999822e+00 3.500000014901161194e-02 0.000000000000000000e+00
