6.299328804016113281e-02 1.000000000000000000e+00 1.499999966472387314e-02 0.000000000000000000e+00
1.629934310913085938e-01 1.010000000000000009e+00 1.499999966472387314e-02 0.000000000000000000e+00
2.519965171813964844e-01 1.020000000000000018e+00 1.499999966472387314e-02 0.000000000000000000e+00
3.629927635192871094e-01 1.179999999999999938e+00 1.499999966472387314e-02 0.000000000000000000e+00
4.509930610656738281e-01 1.719999999999999973e+00 1.499999966472387314e-02 0.000000000000000000e+00
5.630011558532714844e-01 2.370000000000000107e+00 1.400000043213367462e-02 -1.800984191894531250e+02
6.539933681488037109e-01 2.669999999999999929e+00 1.400000043213367462e-02 -3.597597045898437500e+02
7.429947853088378906e-01 2.830000000000000071e+00 1.400000043213367462e-02 -6.299072875976562500e+02
8.559930324554443359e-01 2.859999999999999876e+00 1.400000043213367462e-02 -1.170202514648437500e+03
9.439949989318847656e-01 2.709999999999999964e+00 1.400000043213367462e-02 -1.439913085937500000e+03
1.055993556976318359e+00 2.660000000000000142e+00 1.400000043213367462e-02 -1.529962280273437500e+03
1.145994424819946289e+00 2.609999999999999876e+00 1.400000043213367462e-02 -1.529962280273437500e+03
1.257036447525024414e+00 2.620000000000000107e+00 1.400000043213367462e-02 -1.440350219726562500e+03
1.349036455154418945e+00 2.620000000000000107e+00 1.400000043213367462e-02 -1.259814575195312500e+03
1.462993860244750977e+00 2.569999999999999840e+00 1.400000043213367462e-02 -9.000549316406250000e+02
1.553038597106933594e+00 2.609999999999999876e+00 1.400000043213367462e-02 -8.100057373046875000e+02
1.657032489776611328e+00 2.729999999999999982e+00 1.400000043213367462e-02 -1.079716308593750000e+03
1.757037639617919922e+00 2.740000000000000213e+00 1.400000043213367462e-02 -1.259814575195312500e+03
1.846996545791625977e+00 2.660000000000000142e+00 1.400000043213367462e-02 -1.169765380859375000e+03
1.957997560501098633e+00 2.640000000000000124e+00 1.400000043213367462e-02 -1.349863891601562500e+03
2.046994924545288086e+00 2.660000000000000142e+00 1.400000043213367462e-02 -1.260251708984375000e+03
2.159994602203369141e+00 2.580000000000000071e+00 1.400000043213367462e-02 -1.259814575195312500e+03
2.250994205474853516e+00 2.629999999999999893e+00 1.400000043213367462e-02 -1.170202514648437500e+03
2.362993001937866211e+00 2.609999999999999876e+00 1.400000043213367462e-02 -1.169765380859375000e+03
2.451999187469482422e+00 2.580000000000000071e+00 1.400000043213367462e-02 -1.079716308593750000e+03
2.563992500305175781e+00 2.660000000000000142e+00 1.400000043213367462e-02 -1.080153442382812500e+03
2.658994674682617188e+00 2.660000000000000142e+00 1.400000043213367462e-02 -1.080153442382812500e+03
2.749037981033325195e+00 2.640000000000000124e+00 1.400000043213367462e-02 -1.080153442382812500e+03
2.857999086380004883e+00 2.640000000000000124e+00 1.400000043213367462e-02 -9.896671142578125000e+02
2.952002525329589844e+00 2.700000000000000178e+00 1.400000043213367462e-02 -1.079716308593750000e+03
3.058991670608520508e+00 2.620000000000000107e+00 1.400000043213367462e-02 -1.169765380859375000e+03
3.153993129730224609e+00 2.689999999999999947e+00 1.400000043213367462e-02 -1.349863891601562500e+03
3.241035223007202148e+00 2.669999999999999929e+00 1.400000043213367462e-02 -1.260251708984375000e+03
3.357992410659790039e+00 2.589999999999999858e+00 1.400000043213367462e-02 -1.349863891601562500e+03
3.446995973587036133e+00 2.680000000000000160e+00 1.400000043213367462e-02 -1.439913085937500000e+03
3.555992126464843750e+00 2.669999999999999929e+00 1.400000043213367462e-02 -1.710060668945312500e+03
3.650991916656494141e+00 2.560000000000000053e+00 1.400000043213367462e-02 -1.350082397460937500e+03
3.762000322341918945e+00 2.540000000000000036e+00 1.400000043213367462e-02 -1.349863891601562500e+03
3.847992658615112305e+00 2.589999999999999858e+00 1.400000043213367462e-02 -1.169984008789062500e+03
3.942995071411132812e+00 2.620000000000000107e+00 1.400000043213367462e-02 -1.079934814453125000e+03
4.054992437362670898e+00 2.649999999999999911e+00 1.400000043213367462e-02 -1.169984008789062500e+03
4.162994384765625000e+00 2.629999999999999893e+00 1.400000043213367462e-02 -1.170202514648437500e+03
4.257992982864379883e+00 2.620000000000000107e+00 1.400000043213367462e-02 -1.350082397460937500e+03
4.347995281219482422e+00 2.669999999999999929e+00 1.400000043213367462e-02 -1.350082397460937500e+03
4.454992055892944336e+00 2.600000000000000089e+00 1.400000043213367462e-02 -1.349863891601562500e+03
4.549993038177490234e+00 2.640000000000000124e+00 1.400000043213367462e-02 -1.529962280273437500e+03
4.662993431091308594e+00 2.620000000000000107e+00 1.400000043213367462e-02 -1.350082397460937500e+03
4.747995615005493164e+00 2.609999999999999876e+00 1.400000043213367462e-02 -1.439913085937500000e+03
4.841999053955078125e+00 2.649999999999999911e+00 1.400000043213367462e-02 -1.620011474609375000e+03
4.954992532730102539e+00 2.600000000000000089e+00 1.400000043213367462e-02 -1.710060668945312500e+03
5.062995195388793945e+00 2.620000000000000107e+00 1.400000043213367462e-02 -1.620011474609375000e+03
5.157036781311035156e+00 2.520000000000000018e+00 1.400000043213367462e-02 -1.620011474609375000e+03
5.247994422912597656e+00 2.540000000000000036e+00 1.400000043213367462e-02 -1.529962280273437500e+03
5.358991384506225586e+00 2.589999999999999858e+00 1.400000043213367462e-02 -1.440022338867187500e+03
5.471998453140258789e+00 2.580000000000000071e+00 1.400000043213367462e-02 -1.349973144531250000e+03
5.562993049621582031e+00 2.580000000000000071e+00 1.400000043213367462e-02 -9.899949340820312500e+02
5.673991680145263672e+00 2.600000000000000089e+00 1.400000043213367462e-02 -9.899949340820312500e+02
5.761031866073608398e+00 1.750000000000000000e+00 1.499999966472387314e-02 0.000000000000000000e+00
5.877992391586303711e+00 1.370000000000000107e+00 1.499999966472387314e-02 0.000000000000000000e+00
5.966995477676391602e+00 1.620000000000000107e+00 1.499999966472387314e-02 0.000000000000000000e+00
6.076014757156372070e+00 1.810000000000000053e+00 1.499999966472387314e-02 0.000000000000000000e+00
6.170992612838745117e+00 1.780000000000000027e+00 1.499999966472387314e-02 0.000000000000000000e+00
6.282002687454223633e+00 1.820000000000000062e+00 1.499999966472387314e-02 0.000000000000000000e+00
6.367993116378784180e+00 1.860000000000000098e+00 1.499999966472387314e-02 0.000000000000000000e+00
6.463020324707031250e+00 1.889999999999999902e+00 1.499999966472387314e-02 0.000000000000000000e+00
6.574991226196289062e+00 1.899999999999999911e+00 1.499999966472387314e-02 0.000000000000000000e+00
6.682991027832031250e+00 1.929999999999999938e+00 1.499999966472387314e-02 0.000000000000000000e+00
6.777993917465209961e+00 1.919999999999999929e+00 1.499999966472387314e-02 0.000000000000000000e+00
6.867991209030151367e+00 1.969999999999999973e+00 1.499999966472387314e-02 0.000000000000000000e+00
6.974991083145141602e+00 2.000000000000000000e+00 1.499999966472387314e-02 0.000000000000000000e+00
7.069996356964111328e+00 2.029999999999999805e+00 1.499999966472387314e-02 0.000000000000000000e+00
7.182994127273559570e+00 2.000000000000000000e+00 1.499999966472387314e-02 0.000000000000000000e+00
7.267992258071899414e+00 1.929999999999999938e+00 1.499999966472387314e-02 0.000000000000000000e+00
7.361996173858642578e+00 1.899999999999999911e+00 1.499999966472387314e-02 0.000000000000000000e+00
7.474990367889404297e+00 1.810000000000000053e+00 1.499999966472387314e-02 0.000000000000000000e+00
7.582993030548095703e+00 1.780000000000000027e+00 1.499999966472387314e-02 0.000000000000000000e+00
7.677037954330444336e+00 1.709999999999999964e+00 1.499999966472387314e-02 0.000000000000000000e+00
7.767990827560424805e+00 1.550000000000000044e+00 1.499999966472387314e-02 0.000000000000000000e+00
7.878991127014160156e+00 1.159999999999999920e+00 1.499999966472387314e-02 0.000000000000000000e+00
7.965992450714111328e+00 6.899999999999999467e-01 1.499999966472387314e-02 8.999456787109375000e+01
8.082998037338256836e+00 5.699999999999999512e-01 1.499999966472387314e-02 4.500274658203125000e+02
8.171999692916870117e+00 4.899999999999999911e-01 1.499999966472387314e-02 8.100057373046875000e+02
8.281028509140014648e+00 4.799999999999999822e-01 1.499999966472387314e-02 1.440022338867187500e+03
8.375991344451904297e+00 4.400000000000000022e-01 1.499999966472387314e-02 1.529962280273437500e+03
8.465038537979125977e+00 5.300000000000000266e-01 1.499999966472387314e-02 1.530071533203125000e+03
8.573026418685913086e+00 5.699999999999999512e-01 1.499999966472387314e-02 1.530071533203125000e+03
8.667991638183593750e+00 5.400000000000000355e-01 1.499999966472387314e-02 1.529962280273437500e+03
8.779992103576660156e+00 5.799999999999999600e-01 1.499999966472387314e-02 1.440022338867187500e+03
8.865032672882080078e+00 5.799999999999999600e-01 1.499999966472387314e-02 1.439913085937500000e+03
8.982993364334106445e+00 5.699999999999999512e-01 1.499999966472387314e-02 1.260033203125000000e+03
9.073038578033447266e+00 5.999999999999999778e-01 1.499999966472387314e-02 1.169984008789062500e+03
9.179993152618408203e+00 5.600000000000000533e-01 1.499999966472387314e-02 1.169984008789062500e+03
9.274991750717163086e+00 5.500000000000000444e-01 1.499999966472387314e-02 1.169984008789062500e+03
9.365038633346557617e+00 5.699999999999999512e-01 1.499999966472387314e-02 1.079934814453125000e+03
9.473042488098144531e+00 6.199999999999999956e-01 1.499999966472387314e-02 7.199565429687500000e+02
9.566993713378906250e+00 6.600000000000000311e-01 1.499999966472387314e-02 3.601968383789062500e+02
9.679999113082885742e+00 6.099999999999999867e-01 1.499999966472387314e-02 0.000000000000000000e+00
9.769046306610107422e+00 5.500000000000000444e-01 1.499999966472387314e-02 0.000000000000000000e+00
9.881997346878051758e+00 4.799999999999999822e-01 1.499999966472387314e-02 3.599782714843750000e+02
9.973034381866455078e+00 4.199999999999999845e-01 1.499999966472387314e-02 9.000549316406250000e+02
1.008299374580383301e+01 4.600000000000000200e-01 1.499999966472387314e-02 1.260033203125000000e+03
1.017101097106933594e+01 5.600000000000000533e-01 1.499999966472387314e-02 1.169984008789062500e+03
1.026599311828613281e+01 5.200000000000000178e-01 1.499999966472387314e-02 1.260033203125000000e+03
1.037704300880432129e+01 5.799999999999999600e-01 1.499999966472387314e-02 1.079934814453125000e+03
1.046299338340759277e+01 5.799999999999999600e-01 1.499999966472387314e-02 9.898856811523437500e+02
1.058103990554809570e+01 5.600000000000000533e-01 1.499999966472387314e-02 9.901042480468750000e+02
1.066999483108520508e+01 5.699999999999999512e-01 1.499999966472387314e-02 9.901042480468750000e+02
1.077799296379089355e+01 5.699999999999999512e-01 1.499999966472387314e-02 9.898856811523437500e+02
1.087304091453552246e+01 5.600000000000000533e-01 1.499999966472387314e-02 1.079934814453125000e+03
1.096299552917480469e+01 5.600000000000000533e-01 1.499999966472387314e-02 9.898856811523437500e+02
1.106999206542968750e+01 5.999999999999999778e-01 1.499999966472387314e-02 9.901042480468750000e+02
1.116503453254699707e+01 5.799999999999999600e-01 1.499999966472387314e-02 8.100057373046875000e+02
1.127799129486083984e+01 5.999999999999999778e-01 1.499999966472387314e-02 9.000549316406250000e+02
1.136299490928649902e+01 5.200000000000000178e-01 1.499999966472387314e-02 1.080153442382812500e+03
1.147999095916748047e+01 5.200000000000000178e-01 1.499999966472387314e-02 1.260251708984375000e+03
1.156999802589416504e+01 5.500000000000000444e-01 1.499999966472387314e-02 1.349863891601562500e+03
1.167799186706542969e+01 5.799999999999999600e-01 1.499999966472387314e-02 1.169765380859375000e+03
1.177199959754943848e+01 5.999999999999999778e-01 1.499999966472387314e-02 9.896671142578125000e+02
1.186299562454223633e+01 5.899999999999999689e-01 1.499999966472387314e-02 8.100057373046875000e+02
1.197399449348449707e+01 6.500000000000000222e-01 1.499999966472387314e-02 8.100057373046875000e+02
1.206103634834289551e+01 5.300000000000000266e-01 1.499999966472387314e-02 8.100057373046875000e+02
1.217799353599548340e+01 5.500000000000000444e-01 1.499999966472387314e-02 9.901042480468750000e+02
1.226699328422546387e+01 5.300000000000000266e-01 1.499999966472387314e-02 9.901042480468750000e+02
1.237599325180053711e+01 5.699999999999999512e-01 1.499999966472387314e-02 1.080153442382812500e+03
1.247108650207519531e+01 5.600000000000000533e-01 1.499999966472387314e-02 9.000549316406250000e+02
1.258200883865356445e+01 6.099999999999999867e-01 1.499999966472387314e-02 8.996177978515625000e+02
1.266799306869506836e+01 5.500000000000000444e-01 1.499999966472387314e-02 8.100057373046875000e+02
1.276299357414245605e+01 5.699999999999999512e-01 1.499999966472387314e-02 9.000549316406250000e+02
1.287499451637268066e+01 5.100000000000000089e-01 1.499999966472387314e-02 1.080153442382812500e+03
1.298299312591552734e+01 5.600000000000000533e-01 1.499999966472387314e-02 1.259814575195312500e+03
1.307799220085144043e+01 5.899999999999999689e-01 1.499999966472387314e-02 1.080153442382812500e+03
1.316799139976501465e+01 5.999999999999999778e-01 1.499999966472387314e-02 8.100057373046875000e+02
1.327499485015869141e+01 5.899999999999999689e-01 1.499999966472387314e-02 8.100057373046875000e+02
1.336999440193176270e+01 5.500000000000000444e-01 1.499999966472387314e-02 9.896671142578125000e+02
1.348300004005432129e+01 5.300000000000000266e-01 1.499999966472387314e-02 1.169765380859375000e+03
1.356799530982971191e+01 5.300000000000000266e-01 1.499999966472387314e-02 1.349863891601562500e+03
1.366199803352355957e+01 5.699999999999999512e-01 1.499999966472387314e-02 1.260251708984375000e+03
1.377499198913574219e+01 6.500000000000000222e-01 1.499999966472387314e-02 5.398581542968750000e+02
1.388299632072448730e+01 6.500000000000000222e-01 1.499999966472387314e-02 4.502460327148437500e+02
1.397704076766967773e+01 5.000000000000000000e-01 1.499999966472387314e-02 9.000549316406250000e+02
1.406799101829528809e+01 4.600000000000000200e-01 1.499999966472387314e-02 1.169765380859375000e+03
1.417899537086486816e+01 5.300000000000000266e-01 1.499999966472387314e-02 1.259814575195312500e+03
1.426599431037902832e+01 5.699999999999999512e-01 1.499999966472387314e-02 1.170202514648437500e+03
1.438299274444580078e+01 5.899999999999999689e-01 1.499999966472387314e-02 9.000549316406250000e+02
1.447199225425720215e+01 8.000000000000000444e-01 1.499999966472387314e-02 0.000000000000000000e+00
1.458103013038635254e+01 8.100000000000000533e-01 1.499999966472387314e-02 0.000000000000000000e+00
1.467599391937255859e+01 5.899999999999999689e-01 1.499999966472387314e-02 0.000000000000000000e+00
1.476507735252380371e+01 5.899999999999999689e-01 1.499999966472387314e-02 0.000000000000000000e+00
1.487303757667541504e+01 6.700000000000000400e-01 1.499999966472387314e-02 0.000000000000000000e+00
1.496800160408020020e+01 6.600000000000000311e-01 1.499999966472387314e-02 0.000000000000000000e+00
1.507999229431152344e+01 6.500000000000000222e-01 1.499999966472387314e-02 0.000000000000000000e+00
1.516503524780273438e+01 6.500000000000000222e-01 1.499999966472387314e-02 0.000000000000000000e+00
1.528299236297607422e+01 6.400000000000000133e-01 1.499999966472387314e-02 0.000000000000000000e+00
1.537304425239562988e+01 6.800000000000000488e-01 1.499999966472387314e-02 0.000000000000000000e+00
1.547999143600463867e+01 7.900000000000000355e-01 1.499999966472387314e-02 0.000000000000000000e+00
1.557499289512634277e+01 9.200000000000000400e-01 1.499999966472387314e-02 0.000000000000000000e+00
1.566503715515136719e+01 9.499999999999999556e-01 1.499999966472387314e-02 0.000000000000000000e+00
1.577303647994995117e+01 1.030000000000000027e+00 1.499999966472387314e-02 0.000000000000000000e+00
1.586699271202087402e+01 1.090000000000000080e+00 1.499999966472387314e-02 0.000000000000000000e+00
1.597999215126037598e+01 1.110000000000000098e+00 1.499999966472387314e-02 0.000000000000000000e+00
1.606905007362365723e+01 1.060000000000000053e+00 1.499999966472387314e-02 0.000000000000000000e+00
1.618199491500854492e+01 1.000000000000000000e+00 1.499999966472387314e-02 0.000000000000000000e+00
1.627303624153137207e+01 9.499999999999999556e-01 1.499999966472387314e-02 0.000000000000000000e+00
1.638299655914306641e+01 9.499999999999999556e-01 1.499999966472387314e-02 0.000000000000000000e+00
1.647099351882934570e+01 9.399999999999999467e-01 1.499999966472387314e-02 0.000000000000000000e+00
1.656599330902099609e+01 9.699999999999999734e-01 1.499999966472387314e-02 0.000000000000000000e+00
1.667703723907470703e+01 1.139999999999999902e+00 1.499999966472387314e-02 0.000000000000000000e+00
1.676299428939819336e+01 1.439999999999999947e+00 1.499999966472387314e-02 0.000000000000000000e+00
1.688103508949279785e+01 1.500000000000000000e+00 1.499999966472387314e-02 0.000000000000000000e+00
1.696999287605285645e+01 1.679999999999999938e+00 1.499999966472387314e-02 0.000000000000000000e+00
1.707799315452575684e+01 1.689999999999999947e+00 1.499999966472387314e-02 -9.004920959472656250e+01
1.717304587364196777e+01 1.989999999999999991e+00 1.499999966472387314e-02 0.000000000000000000e+00
1.726299405097961426e+01 2.319999999999999840e+00 1.499999966472387314e-02 0.000000000000000000e+00
1.736999392509460449e+01 2.569999999999999840e+00 1.400000043213367462e-02 -1.800984191894531250e+02
1.746503353118896484e+01 2.689999999999999947e+00 1.400000043213367462e-02 -3.601968383789062500e+02
1.757799601554870605e+01 2.899999999999999911e+00 1.400000043213367462e-02 -8.100057373046875000e+02
1.767899155616760254e+01 2.859999999999999876e+00 1.400000043213367462e-02 -1.169765380859375000e+03
1.778000450134277344e+01 2.720000000000000195e+00 1.400000043213367462e-02 -1.529962280273437500e+03
1.786999726295471191e+01 2.660000000000000142e+00 1.400000043213367462e-02 -1.710060668945312500e+03
1.797801303863525391e+01 2.680000000000000160e+00 1.400000043213367462e-02 -1.980208496093750000e+03
1.807199716567993164e+01 2.640000000000000124e+00 1.400000043213367462e-02 -1.800109863281250000e+03
1.817900681495666504e+01 2.569999999999999840e+00 1.400000043213367462e-02 -1.800109863281250000e+03
1.827399301528930664e+01 2.600000000000000089e+00 1.400000043213367462e-02 -1.979771362304687500e+03
1.836104345321655273e+01 2.560000000000000053e+00 1.400000043213367462e-02 -1.709623535156250000e+03
1.847799682617187500e+01 2.580000000000000071e+00 1.400000043213367462e-02 -1.620011474609375000e+03
1.856699013710021973e+01 2.640000000000000124e+00 1.400000043213367462e-02 -1.710060668945312500e+03
1.867599463462829590e+01 2.600000000000000089e+00 1.400000043213367462e-02 -1.890159179687500000e+03
1.877099275588989258e+01 2.649999999999999911e+00 1.400000043213367462e-02 -1.800109863281250000e+03
1.888200020790100098e+01 2.569999999999999840e+00 1.400000043213367462e-02 -1.980208496093750000e+03
1.896799206733703613e+01 2.609999999999999876e+00 1.400000043213367462e-02 -1.890159179687500000e+03
1.906299757957458496e+01 2.629999999999999893e+00 1.400000043213367462e-02 -1.979771362304687500e+03
1.917499256134033203e+01 2.540000000000000036e+00 1.400000043213367462e-02 -1.799672729492187500e+03
1.928299593925476074e+01 2.500000000000000000e+00 1.400000043213367462e-02 -1.620011474609375000e+03
1.937799692153930664e+01 2.569999999999999840e+00 1.400000043213367462e-02 -1.799672729492187500e+03
1.946799516677856445e+01 2.660000000000000142e+00 1.400000043213367462e-02 -1.799891357421875000e+03
1.957499623298645020e+01 2.560000000000000053e+00 1.400000043213367462e-02 -1.620011474609375000e+03
1.966999673843383789e+01 2.620000000000000107e+00 1.400000043213367462e-02 -1.889940673828125000e+03
1.978299617767333984e+01 2.609999999999999876e+00 1.400000043213367462e-02 -1.889940673828125000e+03
1.986799526214599609e+01 2.549999999999999822e+00 1.400000043213367462e-02 -1.980208496093750000e+03
1.998199987411499023e+01 2.600000000000000089e+00 1.400000043213367462e-02 -2.250137451171875000e+03
2.007499504089355469e+01 2.609999999999999876e+00 1.400000043213367462e-02 -2.159869628906250000e+03
2.018299746513366699e+01 2.560000000000000053e+00 1.400000043213367462e-02 -2.160088378906250000e+03
2.027704644203186035e+01 2.560000000000000053e+00 1.400000043213367462e-02 -2.069820556640625000e+03
2.036799287796020508e+01 2.560000000000000053e+00 1.400000043213367462e-02 -2.160088378906250000e+03
2.047899222373962402e+01 2.520000000000000018e+00 1.400000043213367462e-02 -1.889940673828125000e+03
2.056599545478820801e+01 2.580000000000000071e+00 1.400000043213367462e-02 -2.159979003906250000e+03
2.068300604820251465e+01 2.560000000000000053e+00 1.400000043213367462e-02 -2.070039062500000000e+03
2.077199387550354004e+01 2.569999999999999840e+00 1.400000043213367462e-02 -2.070039062500000000e+03
2.088104057312011719e+01 2.490000000000000213e+00 1.400000043213367462e-02 -1.710006103515625000e+03
2.097599029541015625e+01 2.549999999999999822e+00 1.400000043213367462e-02 -1.800000610351562500e+03
2.106504464149475098e+01 1.540000000000000036e+00 1.499999966472387314e-02 0.000000000000000000e+00
2.117303681373596191e+01 8.199999999999999512e-01 1.499999966472387314e-02 0.000000000000000000e+00
2.126799249649047852e+01 7.900000000000000355e-01 1.499999966472387314e-02 0.000000000000000000e+00
2.137999343872070312e+01 9.399999999999999467e-01 1.499999966472387314e-02 0.000000000000000000e+00
2.146504068374633789e+01 1.010000000000000009e+00 1.499999966472387314e-02 0.000000000000000000e+00
2.158298993110656738e+01 1.070000000000000062e+00 1.499999966472387314e-02 0.000000000000000000e+00
2.167304039001464844e+01 1.040000000000000036e+00 1.499999966472387314e-02 0.000000000000000000e+00
2.177999162673950195e+01 1.030000000000000027e+00 1.499999966472387314e-02 0.000000000000000000e+00
2.187499475479125977e+01 1.070000000000000062e+00 1.499999966472387314e-02 0.000000000000000000e+00
2.196503973007202148e+01 1.080000000000000071e+00 1.499999966472387314e-02 0.000000000000000000e+00
2.207304000854492188e+01 1.070000000000000062e+00 1.499999966472387314e-02 0.000000000000000000e+00
2.216699624061584473e+01 1.070000000000000062e+00 1.499999966472387314e-02 0.000000000000000000e+00
2.227999234199523926e+01 1.060000000000000053e+00 1.499999966472387314e-02 0.000000000000000000e+00
2.236903524398803711e+01 1.129999999999999893e+00 1.499999966472387314e-02 0.000000000000000000e+00
2.248199343681335449e+01 1.169999999999999929e+00 1.499999966472387314e-02 0.000000000000000000e+00
2.257303786277770996e+01 1.209999999999999964e+00 1.499999966472387314e-02 0.000000000000000000e+00
2.268399405479431152e+01 1.239999999999999991e+00 1.499999966472387314e-02 0.000000000000000000e+00
2.277099204063415527e+01 1.310000000000000053e+00 1.499999966472387314e-02 0.000000000000000000e+00
2.286603355407714844e+01 1.330000000000000071e+00 1.499999966472387314e-02 0.000000000000000000e+00
2.297712564468383789e+01 1.330000000000000071e+00 1.499999966472387314e-02 0.000000000000000000e+00
2.307801795005798340e+01 1.340000000000000080e+00 1.499999966472387314e-02 0.000000000000000000e+00
2.318103742599487305e+01 1.360000000000000098e+00 1.499999966472387314e-02 0.000000000000000000e+00
2.326999664306640625e+01 1.379999999999999893e+00 1.499999966472387314e-02 0.000000000000000000e+00
2.337808918952941895e+01 1.270000000000000018e+00 1.499999966472387314e-02 0.000000000000000000e+00
2.347303414344787598e+01 1.169999999999999929e+00 1.499999966472387314e-02 0.000000000000000000e+00
2.358503794670104980e+01 1.010000000000000009e+00 1.499999966472387314e-02 0.000000000000000000e+00
2.366999220848083496e+01 7.600000000000000089e-01 1.499999966472387314e-02 0.000000000000000000e+00
2.376504015922546387e+01 5.699999999999999512e-01 1.499999966472387314e-02 0.000000000000000000e+00
2.387799310684204102e+01 5.200000000000000178e-01 1.499999966472387314e-02 2.700383605957031250e+02
2.396299457550048828e+01 5.000000000000000000e-01 1.499999966472387314e-02 6.299619750976562500e+02
2.407999277114868164e+01 4.400000000000000022e-01 1.499999966472387314e-02 1.169984008789062500e+03
2.416999292373657227e+01 4.799999999999999822e-01 1.499999966472387314e-02 1.530016845703125000e+03
2.427799344062805176e+01 4.699999999999999734e-01 1.499999966472387314e-02 1.800000610351562500e+03
2.437199902534484863e+01 5.899999999999999689e-01 1.499999966472387314e-02 1.530071533203125000e+03
2.446299648284912109e+01 5.400000000000000355e-01 1.499999966472387314e-02 1.620011474609375000e+03
2.457399344444274902e+01 5.000000000000000000e-01 1.499999966472387314e-02 1.889940673828125000e+03
2.466104054450988770e+01 5.699999999999999512e-01 1.499999966472387314e-02 1.709951416015625000e+03
2.477799272537231445e+01 6.199999999999999956e-01 1.499999966472387314e-02 1.350082397460937500e+03
2.486699724197387695e+01 5.799999999999999600e-01 1.499999966472387314e-02 1.260033203125000000e+03
2.497599530220031738e+01 5.500000000000000444e-01 1.499999966472387314e-02 1.439913085937500000e+03
2.507099533081054688e+01 5.200000000000000178e-01 1.499999966472387314e-02 1.529962280273437500e+03
2.518199825286865234e+01 5.500000000000000444e-01 1.499999966472387314e-02 1.439913085937500000e+03
2.526799154281616211e+01 6.099999999999999867e-01 1.499999966472387314e-02 1.349863891601562500e+03
2.536299681663513184e+01 5.699999999999999512e-01 1.499999966472387314e-02 1.169984008789062500e+03
2.547499418258666992e+01 5.699999999999999512e-01 1.499999966472387314e-02 1.260033203125000000e+03
2.558299660682678223e+01 5.400000000000000355e-01 1.499999966472387314e-02 1.349863891601562500e+03
2.567800378799438477e+01 5.400000000000000355e-01 1.499999966472387314e-02 1.710060668945312500e+03
2.576799488067626953e+01 5.699999999999999512e-01 1.499999966472387314e-02 1.529962280273437500e+03
2.587499547004699707e+01 5.300000000000000266e-01 1.499999966472387314e-02 1.620011474609375000e+03
2.596999478340148926e+01 5.100000000000000089e-01 1.499999966472387314e-02 2.070039062500000000e+03
2.608299493789672852e+01 5.400000000000000355e-01 1.499999966472387314e-02 1.800109863281250000e+03
2.616799187660217285e+01 5.899999999999999689e-01 1.499999966472387314e-02 1.800109863281250000e+03
2.626200222969055176e+01 6.099999999999999867e-01 1.499999966472387314e-02 1.710060668945312500e+03
2.637499499320983887e+01 5.899999999999999689e-01 1.499999966472387314e-02 1.439913085937500000e+03
2.648299694061279297e+01 5.300000000000000266e-01 1.499999966472387314e-02 1.440350219726562500e+03
2.657703924179077148e+01 5.899999999999999689e-01 1.499999966472387314e-02 1.529962280273437500e+03
2.666799163818359375e+01 5.699999999999999512e-01 1.499999966472387314e-02 1.529962280273437500e+03
2.677900266647338867e+01 5.699999999999999512e-01 1.499999966472387314e-02 1.439913085937500000e+03
2.686599540710449219e+01 5.600000000000000533e-01 1.499999966472387314e-02 1.620011474609375000e+03
2.698299455642700195e+01 5.600000000000000533e-01 1.499999966472387314e-02 1.529962280273437500e+03
2.707199692726135254e+01 5.799999999999999600e-01 1.499999966472387314e-02 1.620011474609375000e+03
2.718103265762329102e+01 5.699999999999999512e-01 1.499999966472387314e-02 1.529962280273437500e+03
2.727599191665649414e+01 5.699999999999999512e-01 1.499999966472387314e-02 1.440350219726562500e+03
2.736503744125366211e+01 6.099999999999999867e-01 1.499999966472387314e-02 1.349863891601562500e+03
2.747303247451782227e+01 5.600000000000000533e-01 1.499999966472387314e-02 1.529962280273437500e+03
2.756799387931823730e+01 5.000000000000000000e-01 1.499999966472387314e-02 1.710060668945312500e+03
2.767999243736267090e+01 5.600000000000000533e-01 1.499999966472387314e-02 1.529962280273437500e+03
2.776503348350524902e+01 6.199999999999999956e-01 1.499999966472387314e-02 1.260251708984375000e+03
2.788299512863159180e+01 6.199999999999999956e-01 1.499999966472387314e-02 1.080153442382812500e+03
2.797304105758666992e+01 5.300000000000000266e-01 1.499999966472387314e-02 1.260251708984375000e+03
2.807999277114868164e+01 5.100000000000000089e-01 1.499999966472387314e-02 1.440350219726562500e+03
2.817499399185180664e+01 5.799999999999999600e-01 1.499999966472387314e-02 8.100057373046875000e+02
2.826503515243530273e+01 1.010000000000000009e+00 1.499999966472387314e-02 0.000000000000000000e+00
2.837306094169616699e+01 9.599999999999999645e-01 1.499999966472387314e-02 0.000000000000000000e+00
2.846699619293212891e+01 5.899999999999999689e-01 1.499999966472387314e-02 0.000000000000000000e+00
2.857999205589294434e+01 5.300000000000000266e-01 1.499999966472387314e-02 0.000000000000000000e+00
2.866904497146606445e+01 5.699999999999999512e-01 1.499999966472387314e-02 0.000000000000000000e+00
2.878199553489685059e+01 6.099999999999999867e-01 1.499999966472387314e-02 0.000000000000000000e+00
2.887304258346557617e+01 6.700000000000000400e-01 1.499999966472387314e-02 0.000000000000000000e+00
2.898299169540405273e+01 7.299999999999999822e-01 1.499999966472387314e-02 0.000000000000000000e+00
2.907099223136901855e+01 9.200000000000000400e-01 1.499999966472387314e-02 0.000000000000000000e+00
2.916599345207214355e+01 8.900000000000000133e-01 1.499999966472387314e-02 0.000000000000000000e+00
2.927704071998596191e+01 9.599999999999999645e-01 1.499999966472387314e-02 0.000000000000000000e+00
2.936299276351928711e+01 8.299999999999999600e-01 1.499999966472387314e-02 0.000000000000000000e+00
2.948103642463684082e+01 8.000000000000000444e-01 1.499999966472387314e-02 0.000000000000000000e+00
2.956999278068542480e+01 8.599999999999999867e-01 1.499999966472387314e-02 0.000000000000000000e+00
2.967799544334411621e+01 8.599999999999999867e-01 1.499999966472387314e-02 0.000000000000000000e+00
2.977303814888000488e+01 8.299999999999999600e-01 1.499999966472387314e-02 0.000000000000000000e+00
2.986299371719360352e+01 8.499999999999999778e-01 1.499999966472387314e-02 0.000000000000000000e+00
2.996999287605285645e+01 7.900000000000000355e-01 1.499999966472387314e-02 0.000000000000000000e+00
3.006503868103027344e+01 7.900000000000000355e-01 1.499999966472387314e-02 0.000000000000000000e+00
3.017800736427307129e+01 8.299999999999999600e-01 1.499999966472387314e-02 0.000000000000000000e+00
3.026299214363098145e+01 8.399999999999999689e-01 1.499999966472387314e-02 0.000000000000000000e+00
3.037999391555786133e+01 8.699999999999999956e-01 1.499999966472387314e-02 0.000000000000000000e+00
3.046999263763427734e+01 9.300000000000000488e-01 1.499999966472387314e-02 0.000000000000000000e+00
3.057799267768859863e+01 1.260000000000000009e+00 1.499999966472387314e-02 0.000000000000000000e+00
3.067199349403381348e+01 1.459999999999999964e+00 1.499999966472387314e-02 0.000000000000000000e+00
3.076299262046813965e+01 1.800000000000000044e+00 1.499999966472387314e-02 0.000000000000000000e+00
3.087399530410766602e+01 2.390000000000000124e+00 1.499999966472387314e-02 0.000000000000000000e+00
3.096103930473327637e+01 2.830000000000000071e+00 1.499999966472387314e-02 0.000000000000000000e+00
3.107799363136291504e+01 2.830000000000000071e+00 1.400000043213367462e-02 -4.498088989257812500e+02
3.116700077056884766e+01 2.830000000000000071e+00 1.400000043213367462e-02 -6.299072875976562500e+02
3.127599382400512695e+01 2.830000000000000071e+00 1.400000043213367462e-02 -1.080153442382812500e+03
3.137099313735961914e+01 2.790000000000000036e+00 1.400000043213367462e-02 -1.620011474609375000e+03
3.148209476470947266e+01 2.790000000000000036e+00 1.400000043213367462e-02 -2.250356201171875000e+03
3.156799268722534180e+01 2.649999999999999911e+00 1.400000043213367462e-02 -2.250356201171875000e+03
3.166299843788146973e+01 2.589999999999999858e+00 1.400000043213367462e-02 -2.339968017578125000e+03
3.177499222755432129e+01 2.680000000000000160e+00 1.300000026822090149e-02 -2.430017089843750000e+03
3.188299465179443359e+01 2.779999999999999805e+00 1.300000026822090149e-02 -2.609678466796875000e+03
3.197799301147460938e+01 2.720000000000000195e+00 1.300000026822090149e-02 -3.059924560546875000e+03
3.206799745559692383e+01 2.720000000000000195e+00 1.300000026822090149e-02 -2.970312500000000000e+03
3.217499256134033203e+01 2.729999999999999982e+00 1.300000026822090149e-02 -2.969875244140625000e+03
3.226999402046203613e+01 2.700000000000000178e+00 1.300000026822090149e-02 -3.149973632812500000e+03
3.238299298286437988e+01 2.640000000000000124e+00 1.300000026822090149e-02 -2.880263183593750000e+03
3.246799349784851074e+01 2.680000000000000160e+00 1.300000026822090149e-02 -2.970312500000000000e+03
3.256199908256530762e+01 2.740000000000000213e+00 1.300000026822090149e-02 -3.059924560546875000e+03
3.267499685287475586e+01 2.580000000000000071e+00 1.300000026822090149e-02 -2.250137451171875000e+03
3.278300476074218750e+01 2.600000000000000089e+00 1.400000043213367462e-02 -2.160088378906250000e+03
3.287704539299011230e+01 2.810000000000000053e+00 1.400000043213367462e-02 -2.520066406250000000e+03
3.296799445152282715e+01 2.729999999999999982e+00 1.300000026822090149e-02 -2.520066406250000000e+03
3.307899332046508789e+01 2.680000000000000160e+00 1.400000043213367462e-02 -1.979989868164062500e+03
3.316599297523498535e+01 2.770000000000000018e+00 1.400000043213367462e-02 -2.249918945312500000e+03
3.328299832344055176e+01 2.770000000000000018e+00 1.400000043213367462e-02 -2.160088378906250000e+03
3.337199878692626953e+01 2.790000000000000036e+00 1.400000043213367462e-02 -2.070039062500000000e+03
3.348103904724121094e+01 2.799999999999999822e+00 1.400000043213367462e-02 -1.980099121093750000e+03
3.357599163055419922e+01 2.729999999999999982e+00 1.400000043213367462e-02 -2.069929687500000000e+03
3.366502737998962402e+01 2.819999999999999840e+00 1.400000043213367462e-02 -1.800000610351562500e+03
3.377304053306579590e+01 2.729999999999999982e+00 1.400000043213367462e-02 -1.710006103515625000e+03
3.386799216270446777e+01 2.700000000000000178e+00 1.400000043213367462e-02 -1.350027709960937500e+03
3.397999072074890137e+01 2.770000000000000018e+00 1.400000043213367462e-02 0.000000000000000000e+00
3.406503343582153320e+01 1.199999999999999956e+00 1.400000043213367462e-02 0.000000000000000000e+00
3.418299841880798340e+01 1.409999999999999920e+00 1.400000043213367462e-02 0.000000000000000000e+00
3.427304506301879883e+01 1.669999999999999929e+00 1.400000043213367462e-02 0.000000000000000000e+00
3.437999129295349121e+01 1.639999999999999902e+00 1.400000043213367462e-02 0.000000000000000000e+00
3.447499203681945801e+01 1.620000000000000107e+00 1.400000043213367462e-02 0.000000000000000000e+00
3.456504249572753906e+01 1.620000000000000107e+00 1.400000043213367462e-02 0.000000000000000000e+00
3.467304706573486328e+01 1.550000000000000044e+00 1.400000043213367462e-02 0.000000000000000000e+00
3.476699161529541016e+01 1.510000000000000009e+00 1.400000043213367462e-02 0.000000000000000000e+00
3.487999153137207031e+01 1.469999999999999973e+00 1.400000043213367462e-02 0.000000000000000000e+00
3.496903610229492188e+01 1.520000000000000018e+00 1.400000043213367462e-02 0.000000000000000000e+00
3.508199524879455566e+01 1.500000000000000000e+00 1.400000043213367462e-02 0.000000000000000000e+00
3.517303609848022461e+01 1.540000000000000036e+00 1.400000043213367462e-02 0.000000000000000000e+00
3.526903820037841797e+01 1.570000000000000062e+00 1.400000043213367462e-02 0.000000000000000000e+00
3.537099385261535645e+01 1.560000000000000053e+00 1.400000043213367462e-02 0.000000000000000000e+00
3.546607851982116699e+01 1.600000000000000089e+00 1.400000043213367462e-02 0.000000000000000000e+00
3.557703375816345215e+01 1.649999999999999911e+00 1.400000043213367462e-02 0.000000000000000000e+00
3.566299390792846680e+01 1.629999999999999893e+00 1.400000043213367462e-02 0.000000000000000000e+00
3.578103423118591309e+01 1.610000000000000098e+00 1.400000043213367462e-02 0.000000000000000000e+00
3.586999201774597168e+01 1.540000000000000036e+00 1.400000043213367462e-02 0.000000000000000000e+00
3.597798657417297363e+01 1.510000000000000009e+00 1.400000043213367462e-02 0.000000000000000000e+00
3.607304048538208008e+01 1.340000000000000080e+00 1.400000043213367462e-02 0.000000000000000000e+00
3.616299653053283691e+01 1.229999999999999982e+00 1.400000043213367462e-02 0.000000000000000000e+00
3.626999139785766602e+01 1.120000000000000107e+00 1.400000043213367462e-02 0.000000000000000000e+00
3.636504149436950684e+01 8.399999999999999689e-01 1.400000043213367462e-02 0.000000000000000000e+00
3.647799277305603027e+01 6.199999999999999956e-01 1.400000043213367462e-02 0.000000000000000000e+00
3.656299257278442383e+01 5.000000000000000000e-01 1.400000043213367462e-02 9.004920959472656250e+01
3.667999291419982910e+01 4.899999999999999911e-01 1.499999966472387314e-02 2.699837036132812500e+02
3.676999258995056152e+01 5.400000000000000355e-01 1.499999966472387314e-02 5.400220947265625000e+02
3.687799191474914551e+01 5.100000000000000089e-01 1.499999966472387314e-02 8.100057373046875000e+02
3.697199797630310059e+01 5.000000000000000000e-01 1.499999966472387314e-02 1.080044189453125000e+03
3.706299543380737305e+01 4.500000000000000111e-01 1.499999966472387314e-02 1.529962280273437500e+03
3.717399477958679199e+01 4.199999999999999845e-01 1.499999966472387314e-02 1.980099121093750000e+03
3.726103067398071289e+01 4.500000000000000111e-01 1.499999966472387314e-02 2.250028320312500000e+03
3.737799549102783203e+01 5.000000000000000000e-01 1.600000075995922089e-02 2.699946289062500000e+03
3.746699690818786621e+01 5.799999999999999600e-01 1.600000075995922089e-02 2.339968017578125000e+03
3.757599186897277832e+01 5.899999999999999689e-01 1.600000075995922089e-02 2.700164794921875000e+03
3.767099142074584961e+01 5.500000000000000444e-01 1.600000075995922089e-02 2.789995361328125000e+03
3.778199911117553711e+01 6.300000000000000044e-01 1.600000075995922089e-02 2.880044677734375000e+03
3.786799383163452148e+01 6.199999999999999956e-01 1.600000075995922089e-02 2.880044677734375000e+03
3.796299600601196289e+01 5.899999999999999689e-01 1.600000075995922089e-02 2.789995361328125000e+03
3.807499265670776367e+01 6.400000000000000133e-01 1.600000075995922089e-02 2.880044677734375000e+03
3.818299293518066406e+01 6.099999999999999867e-01 1.600000075995922089e-02 2.969875244140625000e+03
3.827799534797668457e+01 6.099999999999999867e-01 1.600000075995922089e-02 3.240022949218750000e+03
3.836800026893615723e+01 6.500000000000000222e-01 1.600000075995922089e-02 2.969875244140625000e+03
3.847499179840087891e+01 7.299999999999999822e-01 1.600000075995922089e-02 2.339968017578125000e+03
3.856999635696411133e+01 6.099999999999999867e-01 1.600000075995922089e-02 2.520066406250000000e+03
3.868299579620361328e+01 5.899999999999999689e-01 1.499999966472387314e-02 2.249918945312500000e+03
3.876799154281616211e+01 5.500000000000000444e-01 1.600000075995922089e-02 2.430017089843750000e+03
3.886903691291809082e+01 5.899999999999999689e-01 1.499999966472387314e-02 2.520066406250000000e+03
3.897499108314514160e+01 5.500000000000000444e-01 1.600000075995922089e-02 2.430017089843750000e+03
3.908199930191040039e+01 6.400000000000000133e-01 1.499999966472387314e-02 2.430017089843750000e+03
3.917703557014465332e+01 5.600000000000000533e-01 1.499999966472387314e-02 2.339968017578125000e+03
3.926799273490905762e+01 5.600000000000000533e-01 1.499999966472387314e-02 2.160306884765625000e+03
3.937899208068847656e+01 5.999999999999999778e-01 1.499999966472387314e-02 1.800109863281250000e+03
3.946599364280700684e+01 6.199999999999999956e-01 1.499999966472387314e-02 1.710060668945312500e+03
3.958299374580383301e+01 8.800000000000000044e-01 1.499999966472387314e-02 0.000000000000000000e+00
3.967199492454528809e+01 1.149999999999999911e+00 1.499999966472387314e-02 0.000000000000000000e+00
3.978106474876403809e+01 8.000000000000000444e-01 1.499999966472387314e-02 0.000000000000000000e+00
3.987599468231201172e+01 7.099999999999999645e-01 1.499999966472387314e-02 0.000000000000000000e+00
3.996504116058349609e+01 6.300000000000000044e-01 1.499999966472387314e-02 0.000000000000000000e+00
4.007304191589355469e+01 7.500000000000000000e-01 1.499999966472387314e-02 0.000000000000000000e+00
4.016799545288085938e+01 1.040000000000000036e+00 1.499999966472387314e-02 0.000000000000000000e+00
4.028000187873840332e+01 1.399999999999999911e+00 1.499999966472387314e-02 0.000000000000000000e+00
4.036503958702087402e+01 1.610000000000000098e+00 1.499999966472387314e-02 0.000000000000000000e+00
4.048299479484558105e+01 1.540000000000000036e+00 1.499999966472387314e-02 0.000000000000000000e+00
4.057303476333618164e+01 1.530000000000000027e+00 1.499999966472387314e-02 0.000000000000000000e+00
4.067999291419982910e+01 1.510000000000000009e+00 1.499999966472387314e-02 0.000000000000000000e+00
4.077499222755432129e+01 1.500000000000000000e+00 1.499999966472387314e-02 0.000000000000000000e+00
4.086504125595092773e+01 1.489999999999999991e+00 1.499999966472387314e-02 0.000000000000000000e+00
4.097304582595825195e+01 1.479999999999999982e+00 1.499999966472387314e-02 0.000000000000000000e+00
4.106699228286743164e+01 1.479999999999999982e+00 1.499999966472387314e-02 0.000000000000000000e+00
4.117999672889709473e+01 1.469999999999999973e+00 1.499999966472387314e-02 0.000000000000000000e+00
4.126909232139587402e+01 1.459999999999999964e+00 1.499999966472387314e-02 0.000000000000000000e+00
4.138200497627258301e+01 1.449999999999999956e+00 1.499999966472387314e-02 0.000000000000000000e+00
4.147303605079650879e+01 1.449999999999999956e+00 1.499999966472387314e-02 0.000000000000000000e+00
4.156906962394714355e+01 1.439999999999999947e+00 1.499999966472387314e-02 0.000000000000000000e+00
4.167099952697753906e+01 1.439999999999999947e+00 1.499999966472387314e-02 0.000000000000000000e+00
4.176599359512329102e+01 1.429999999999999938e+00 1.499999966472387314e-02 0.000000000000000000e+00
4.187703895568847656e+01 1.429999999999999938e+00 1.499999966472387314e-02 0.000000000000000000e+00
4.196300196647644043e+01 1.419999999999999929e+00 1.499999966472387314e-02 0.000000000000000000e+00
4.208103919029235840e+01 1.419999999999999929e+00 1.499999966472387314e-02 0.000000000000000000e+00
4.216999363899230957e+01 1.419999999999999929e+00 1.499999966472387314e-02 0.000000000000000000e+00
4.227799391746520996e+01 1.409999999999999920e+00 1.499999966472387314e-02 0.000000000000000000e+00
