2.989530563354492188e-03 7.399999999999999911e-01 1.200000010430812836e-02 0.000000000000000000e+00
1.029913425445556641e-01 7.399999999999999911e-01 1.200000010430812836e-02 0.000000000000000000e+00
2.039880752563476562e-01 7.399999999999999911e-01 1.200000010430812836e-02 0.000000000000000000e+00
2.939884662628173828e-01 7.399999999999999911e-01 1.200000010430812836e-02 0.000000000000000000e+00
3.879885673522949219e-01 7.399999999999999911e-01 1.200000010430812836e-02 0.000000000000000000e+00
5.019893646240234375e-01 7.399999999999999911e-01 1.200000010430812836e-02 0.000000000000000000e+00
5.909900665283203125e-01 7.399999999999999911e-01 1.200000010430812836e-02 0.000000000000000000e+00
6.979911327362060547e-01 7.399999999999999911e-01 1.200000010430812836e-02 0.000000000000000000e+00
7.929883003234863281e-01 7.399999999999999911e-01 1.200000010430812836e-02 0.000000000000000000e+00
8.830006122589111328e-01 7.399999999999999911e-01 1.200000010430812836e-02 0.000000000000000000e+00
9.909877777099609375e-01 7.399999999999999911e-01 1.200000010430812836e-02 0.000000000000000000e+00
1.084989070892333984e+00 7.399999999999999911e-01 1.200000010430812836e-02 0.000000000000000000e+00
1.197987079620361328e+00 7.399999999999999911e-01 1.200000010430812836e-02 0.000000000000000000e+00
1.286989450454711914e+00 7.399999999999999911e-01 1.200000010430812836e-02 0.000000000000000000e+00
1.399991512298583984e+00 7.399999999999999911e-01 1.200000010430812836e-02 0.000000000000000000e+00
1.490991353988647461e+00 7.399999999999999911e-01 1.200000010430812836e-02 0.000000000000000000e+00
1.601985692977905273e+00 7.399999999999999911e-01 1.200000010430812836e-02 0.000000000000000000e+00
1.689002990722656250e+00 7.399999999999999911e-01 1.200000010430812836e-02 0.000000000000000000e+00
1.783989429473876953e+00 7.399999999999999911e-01 1.200000010430812836e-02 0.000000000000000000e+00
1.894991397857666016e+00 7.399999999999999911e-01 1.200000010430812836e-02 0.000000000000000000e+00
2.003993511199951172e+00 7.399999999999999911e-01 1.200000010430812836e-02 0.000000000000000000e+00
2.098996162414550781e+00 7.299999999999999822e-01 1.200000010430812836e-02 0.000000000000000000e+00
2.187989711761474609e+00 7.299999999999999822e-01 1.200000010430812836e-02 0.000000000000000000e+00
2.295988798141479492e+00 8.499999999999999778e-01 1.200000010430812836e-02 0.000000000000000000e+00
2.390991449356079102e+00 1.120000000000000107e+00 1.200000010430812836e-02 0.000000000000000000e+00
2.502990484237670898e+00 1.820000000000000062e+00 1.300000026822090149e-02 -8.999797821044921875e+01
2.587988615036010742e+00 2.490000000000000213e+00 1.200000010430812836e-02 0.000000000000000000e+00
2.682990074157714844e+00 2.649999999999999911e+00 1.200000010430812836e-02 -8.999797821044921875e+01
2.795988082885742188e+00 2.640000000000000124e+00 1.499999966472387314e-02 -3.599987487792968750e+02
2.902990579605102539e+00 2.790000000000000036e+00 1.499999966472387314e-02 -1.799959564208984375e+02
2.997988700866699219e+00 2.819999999999999840e+00 1.400000043213367462e-02 -1.800027923583984375e+02
3.087988138198852539e+00 2.689999999999999947e+00 1.400000043213367462e-02 -1.800027923583984375e+02
3.195990800857543945e+00 2.770000000000000018e+00 1.499999966472387314e-02 -9.000822448730468750e+01
3.289994478225708008e+00 2.830000000000000071e+00 1.400000043213367462e-02 -1.800027923583984375e+02
3.402990818023681641e+00 2.770000000000000018e+00 1.499999966472387314e-02 -2.700110473632812500e+02
3.491987705230712891e+00 2.819999999999999840e+00 1.499999966472387314e-02 -2.700110473632812500e+02
3.603987693786621094e+00 2.779999999999999805e+00 1.499999966472387314e-02 -3.600055847167968750e+02
3.695989370346069336e+00 2.850000000000000089e+00 1.499999966472387314e-02 -4.500001525878906250e+02
3.784993171691894531e+00 2.879999999999999893e+00 1.499999966472387314e-02 -5.399947509765625000e+02
3.893987655639648438e+00 2.819999999999999840e+00 1.499999966472387314e-02 -6.299892578125000000e+02
3.988993644714355469e+00 2.799999999999999822e+00 1.499999966472387314e-02 -6.300166015625000000e+02
4.099991083145141602e+00 2.870000000000000107e+00 1.499999966472387314e-02 -6.299619750976562500e+02
4.185988903045654297e+00 2.810000000000000053e+00 1.499999966472387314e-02 -6.299619750976562500e+02
4.303987741470336914e+00 2.770000000000000018e+00 1.499999966472387314e-02 -7.200111694335937500e+02
4.392988204956054688e+00 2.799999999999999822e+00 1.499999966472387314e-02 -6.300166015625000000e+02
4.500989675521850586e+00 2.729999999999999982e+00 1.499999966472387314e-02 -4.500274658203125000e+02
4.595988512039184570e+00 2.759999999999999787e+00 1.499999966472387314e-02 -3.599782714843750000e+02
4.685987949371337891e+00 2.870000000000000107e+00 1.499999966472387314e-02 -3.599782714843750000e+02
4.792989492416381836e+00 2.859999999999999876e+00 1.499999966472387314e-02 -4.500274658203125000e+02
4.887988090515136719e+00 2.870000000000000107e+00 1.499999966472387314e-02 -4.500274658203125000e+02
5.000988245010375977e+00 2.770000000000000018e+00 1.499999966472387314e-02 -5.399674072265625000e+02
5.085988283157348633e+00 2.839999999999999858e+00 1.499999966472387314e-02 -6.300166015625000000e+02
5.202988862991333008e+00 2.839999999999999858e+00 1.499999966472387314e-02 -9.000549316406250000e+02
5.292989492416381836e+00 2.779999999999999805e+00 1.499999966472387314e-02 -1.080044189453125000e+03
5.400989294052124023e+00 2.720000000000000195e+00 1.499999966472387314e-02 -8.999456787109375000e+02
5.494990348815917969e+00 2.720000000000000195e+00 1.499999966472387314e-02 -8.999456787109375000e+02
5.585989236831665039e+00 2.689999999999999947e+00 1.499999966472387314e-02 -8.100057373046875000e+02
5.696991682052612305e+00 2.770000000000000018e+00 1.499999966472387314e-02 -8.999456787109375000e+02
5.783989191055297852e+00 2.799999999999999822e+00 1.499999966472387314e-02 -8.999456787109375000e+02
5.900988578796386719e+00 2.819999999999999840e+00 1.499999966472387314e-02 -8.100057373046875000e+02
5.989990472793579102e+00 2.779999999999999805e+00 1.499999966472387314e-02 -9.898856811523437500e+02
6.099014759063720703e+00 2.779999999999999805e+00 1.499999966472387314e-02 -9.000549316406250000e+02
6.193988323211669922e+00 2.790000000000000036e+00 1.499999966472387314e-02 -9.898856811523437500e+02
6.303989410400390625e+00 2.759999999999999787e+00 1.499999966472387314e-02 -1.079934814453125000e+03
6.390989780426025391e+00 2.720000000000000195e+00 1.499999966472387314e-02 -9.898856811523437500e+02
6.485990285873413086e+00 2.750000000000000000e+00 1.499999966472387314e-02 -1.080153442382812500e+03
6.597987651824951172e+00 2.779999999999999805e+00 1.499999966472387314e-02 -1.169984008789062500e+03
6.703989267349243164e+00 2.700000000000000178e+00 1.499999966472387314e-02 -1.260033203125000000e+03
6.800989627838134766e+00 2.720000000000000195e+00 1.499999966472387314e-02 -1.350082397460937500e+03
6.890990734100341797e+00 2.680000000000000160e+00 1.499999966472387314e-02 -1.350082397460937500e+03
6.997992515563964844e+00 2.700000000000000178e+00 1.499999966472387314e-02 -1.349863891601562500e+03
7.092990159988403320e+00 2.669999999999999929e+00 1.499999966472387314e-02 -1.350082397460937500e+03
7.182990312576293945e+00 2.759999999999999787e+00 1.499999966472387314e-02 -1.529962280273437500e+03
7.290990114212036133e+00 2.740000000000000213e+00 1.499999966472387314e-02 -1.620011474609375000e+03
7.384989500045776367e+00 2.640000000000000124e+00 1.499999966472387314e-02 -1.620011474609375000e+03
7.497989892959594727e+00 2.640000000000000124e+00 1.499999966472387314e-02 -1.439913085937500000e+03
7.586988687515258789e+00 2.680000000000000160e+00 1.499999966472387314e-02 -1.349863891601562500e+03
7.699991226196289062e+00 2.660000000000000142e+00 1.499999966472387314e-02 -1.350301025390625000e+03
7.790999174118041992e+00 2.689999999999999947e+00 1.499999966472387314e-02 -1.260251708984375000e+03
7.901988983154296875e+00 2.609999999999999876e+00 1.499999966472387314e-02 -1.170202514648437500e+03
7.988995790481567383e+00 2.680000000000000160e+00 1.499999966472387314e-02 -1.080153442382812500e+03
8.083992719650268555e+00 2.759999999999999787e+00 1.499999966472387314e-02 -1.080153442382812500e+03
8.194990634918212891e+00 2.750000000000000000e+00 1.499999966472387314e-02 -1.349863891601562500e+03
8.303992986679077148e+00 2.720000000000000195e+00 1.499999966472387314e-02 -1.439913085937500000e+03
8.398995399475097656e+00 2.640000000000000124e+00 1.499999966472387314e-02 -1.349863891601562500e+03
8.487988471984863281e+00 2.620000000000000107e+00 1.499999966472387314e-02 -1.169765380859375000e+03
8.595987796783447266e+00 2.620000000000000107e+00 1.499999966472387314e-02 -9.000549316406250000e+02
8.690991640090942383e+00 2.640000000000000124e+00 1.300000026822090149e-02 0.000000000000000000e+00
8.802991390228271484e+00 2.240000000000000213e+00 1.200000010430812836e-02 0.000000000000000000e+00
8.887988567352294922e+00 1.550000000000000044e+00 1.200000010430812836e-02 0.000000000000000000e+00
8.988999366760253906e+00 1.399999999999999911e+00 4.500000178813934326e-02 9.901042480468750000e+02
9.095997571945190430e+00 2.879999999999999893e+00 4.500000178813934326e-02 1.529962280273437500e+03
9.202991485595703125e+00 3.149999999999999911e+00 4.500000178813934326e-02 1.259814575195312500e+03
9.297990322113037109e+00 3.270000000000000018e+00 4.500000178813934326e-02 9.901042480468750000e+02
9.387989044189453125e+00 3.169999999999999929e+00 4.500000178813934326e-02 1.169765380859375000e+03
9.495992898941040039e+00 3.089999999999999858e+00 4.500000178813934326e-02 1.169765380859375000e+03
9.589993953704833984e+00 3.140000000000000124e+00 4.500000178813934326e-02 1.350301025390625000e+03
9.702990531921386719e+00 3.180000000000000160e+00 4.500000178813934326e-02 1.350301025390625000e+03
9.791987657546997070e+00 3.189999999999999947e+00 4.500000178813934326e-02 1.349863891601562500e+03
9.904988765716552734e+00 3.200000000000000178e+00 4.500000178813934326e-02 1.260251708984375000e+03
9.995988845825195312e+00 3.250000000000000000e+00 4.500000178813934326e-02 1.260251708984375000e+03
1.008499145507812500e+01 3.240000000000000213e+00 4.500000178813934326e-02 1.079716308593750000e+03
1.019398927688598633e+01 3.229999999999999982e+00 4.500000178813934326e-02 1.079934814453125000e+03
1.028900671005249023e+01 3.220000000000000195e+00 4.500000178813934326e-02 1.080153442382812500e+03
1.039999246597290039e+01 3.180000000000000160e+00 4.500000178813934326e-02 1.169984008789062500e+03
1.048598265647888184e+01 3.180000000000000160e+00 4.500000178813934326e-02 1.169984008789062500e+03
1.060399866104125977e+01 3.250000000000000000e+00 4.500000178813934326e-02 1.079934814453125000e+03
1.069298839569091797e+01 3.209999999999999964e+00 4.500000178813934326e-02 1.079934814453125000e+03
1.080098962783813477e+01 3.169999999999999929e+00 4.500000178813934326e-02 1.079934814453125000e+03
1.089599251747131348e+01 3.220000000000000195e+00 4.500000178813934326e-02 1.260033203125000000e+03
1.098598861694335938e+01 3.240000000000000213e+00 4.500000178813934326e-02 1.439913085937500000e+03
1.109298849105834961e+01 3.189999999999999947e+00 4.500000178813934326e-02 1.620011474609375000e+03
1.118798947334289551e+01 3.229999999999999982e+00 4.500000178813934326e-02 1.529962280273437500e+03
1.130098891258239746e+01 3.240000000000000213e+00 4.500000178813934326e-02 1.349863891601562500e+03
1.138599133491516113e+01 3.240000000000000213e+00 4.500000178813934326e-02 1.259814575195312500e+03
1.150299263000488281e+01 3.220000000000000195e+00 4.500000178813934326e-02 1.260033203125000000e+03
1.159298968315124512e+01 3.250000000000000000e+00 4.500000178813934326e-02 1.079934814453125000e+03
1.170098853111267090e+01 3.180000000000000160e+00 4.500000178813934326e-02 1.169984008789062500e+03
1.179499077796936035e+01 3.180000000000000160e+00 4.500000178813934326e-02 1.260033203125000000e+03
1.188598966598510742e+01 3.259999999999999787e+00 4.500000178813934326e-02 1.170093261718750000e+03
1.199699378013610840e+01 3.240000000000000213e+00 4.500000178813934326e-02 1.079934814453125000e+03
1.208399224281311035e+01 3.189999999999999947e+00 4.500000178813934326e-02 1.079934814453125000e+03
1.220099020004272461e+01 3.250000000000000000e+00 4.500000178813934326e-02 8.100057373046875000e+02
1.228999090194702148e+01 3.160000000000000142e+00 4.500000178813934326e-02 6.300166015625000000e+02
1.239899754524230957e+01 3.189999999999999947e+00 1.400000043213367462e-02 -1.799891357421875000e+02
1.249398946762084961e+01 2.799999999999999822e+00 1.499999966472387314e-02 -9.899949340820312500e+02
1.260498833656311035e+01 2.990000000000000213e+00 1.499999966472387314e-02 -1.529962280273437500e+03
1.269099688529968262e+01 2.779999999999999805e+00 1.499999966472387314e-02 -1.620011474609375000e+03
1.278598904609680176e+01 2.669999999999999929e+00 1.499999966472387314e-02 -1.709951416015625000e+03
1.289798879623413086e+01 2.700000000000000178e+00 1.499999966472387314e-02 -1.530071533203125000e+03
1.298299169540405273e+01 2.709999999999999964e+00 1.499999966472387314e-02 -1.620011474609375000e+03
1.310098981857299805e+01 2.750000000000000000e+00 1.499999966472387314e-02 -1.620011474609375000e+03
1.319098973274230957e+01 2.680000000000000160e+00 1.499999966472387314e-02 -1.709842163085937500e+03
1.329798746109008789e+01 2.700000000000000178e+00 1.499999966472387314e-02 -1.710060668945312500e+03
1.339298844337463379e+01 2.680000000000000160e+00 1.499999966472387314e-02 -1.710060668945312500e+03
1.348298978805541992e+01 2.660000000000000142e+00 1.499999966472387314e-02 -1.619792968750000000e+03
1.359099483489990234e+01 2.700000000000000178e+00 1.499999966472387314e-02 -1.799891357421875000e+03
1.368499135971069336e+01 2.700000000000000178e+00 1.499999966472387314e-02 -1.890159179687500000e+03
1.379798913002014160e+01 2.740000000000000213e+00 1.499999966472387314e-02 -2.070039062500000000e+03
1.388699007034301758e+01 2.649999999999999911e+00 1.499999966472387314e-02 -1.979989868164062500e+03
1.399999451637268066e+01 2.580000000000000071e+00 1.499999966472387314e-02 -1.709623535156250000e+03
1.409099149703979492e+01 2.640000000000000124e+00 1.499999966472387314e-02 -1.620011474609375000e+03
1.420198822021484375e+01 2.620000000000000107e+00 1.499999966472387314e-02 -1.439913085937500000e+03
1.428899264335632324e+01 2.709999999999999964e+00 1.499999966472387314e-02 -1.530399414062500000e+03
1.438399100303649902e+01 2.649999999999999911e+00 1.499999966472387314e-02 -1.620011474609375000e+03
1.449499011039733887e+01 2.669999999999999929e+00 1.499999966472387314e-02 -1.439913085937500000e+03
1.460398888587951660e+01 2.660000000000000142e+00 1.499999966472387314e-02 -1.530399414062500000e+03
1.469900250434875488e+01 2.680000000000000160e+00 1.499999966472387314e-02 -1.530399414062500000e+03
1.478798961639404297e+01 2.709999999999999964e+00 1.499999966472387314e-02 -1.620011474609375000e+03
1.489598798751831055e+01 2.629999999999999893e+00 1.499999966472387314e-02 -1.620011474609375000e+03
1.499099040031433105e+01 2.689999999999999947e+00 1.499999966472387314e-02 -1.439913085937500000e+03
1.510299158096313477e+01 2.680000000000000160e+00 1.499999966472387314e-02 -1.439913085937500000e+03
1.518798971176147461e+01 2.649999999999999911e+00 1.499999966472387314e-02 -1.529962280273437500e+03
1.528298997879028320e+01 2.689999999999999947e+00 1.499999966472387314e-02 -1.170202514648437500e+03
1.539598917961120605e+01 2.560000000000000053e+00 1.499999966472387314e-02 -2.701476440429687500e+02
1.550299048423767090e+01 2.479999999999999982e+00 1.200000010430812836e-02 0.000000000000000000e+00
1.559799003601074219e+01 9.799999999999999822e-01 1.200000010430812836e-02 0.000000000000000000e+00
1.568798756599426270e+01 4.299999999999999933e-01 3.599999845027923584e-02 9.000549316406250000e+02
1.579598855972290039e+01 2.270000000000000018e+00 4.500000178813934326e-02 2.249918945312500000e+03
1.588999342918395996e+01 3.080000000000000071e+00 4.500000178813934326e-02 2.520066406250000000e+03
1.600299048423767090e+01 3.250000000000000000e+00 4.500000178813934326e-02 2.339968017578125000e+03
1.609199643135070801e+01 3.209999999999999964e+00 4.500000178813934326e-02 2.159869628906250000e+03
1.618798899650573730e+01 3.229999999999999982e+00 4.500000178813934326e-02 2.070257568359375000e+03
1.629598784446716309e+01 3.209999999999999964e+00 4.500000178813934326e-02 1.890159179687500000e+03
1.638498926162719727e+01 3.169999999999999929e+00 4.500000178813934326e-02 1.980208496093750000e+03
1.649399352073669434e+01 3.209999999999999964e+00 4.500000178813934326e-02 1.889722045898437500e+03
1.658899497985839844e+01 3.229999999999999982e+00 4.500000178813934326e-02 1.710060668945312500e+03
1.669999337196350098e+01 3.220000000000000195e+00 4.500000178813934326e-02 1.620011474609375000e+03
1.678598809242248535e+01 3.270000000000000018e+00 4.500000178813934326e-02 1.529962280273437500e+03
1.690298986434936523e+01 3.209999999999999964e+00 4.500000178813934326e-02 1.529962280273437500e+03
1.699298882484436035e+01 3.209999999999999964e+00 4.500000178813934326e-02 1.530180786132812500e+03
1.710098862648010254e+01 3.240000000000000213e+00 4.500000178813934326e-02 1.530180786132812500e+03
1.719598770141601562e+01 3.180000000000000160e+00 4.500000178813934326e-02 1.620011474609375000e+03
1.728598976135253906e+01 3.240000000000000213e+00 4.500000178813934326e-02 1.620011474609375000e+03
1.739298820495605469e+01 3.259999999999999787e+00 4.500000178813934326e-02 1.530180786132812500e+03
1.748798990249633789e+01 3.220000000000000195e+00 4.500000178813934326e-02 1.620011474609375000e+03
1.760098862648010254e+01 3.250000000000000000e+00 4.500000178813934326e-02 1.439913085937500000e+03
1.768599200248718262e+01 3.180000000000000160e+00 4.500000178813934326e-02 1.350082397460937500e+03
1.780299067497253418e+01 3.220000000000000195e+00 4.500000178813934326e-02 1.349863891601562500e+03
1.789298963546752930e+01 3.279999999999999805e+00 4.500000178813934326e-02 1.080153442382812500e+03
1.800098943710327148e+01 3.209999999999999964e+00 4.500000178813934326e-02 7.199565429687500000e+02
1.809499812126159668e+01 3.209999999999999964e+00 4.500000178813934326e-02 6.300166015625000000e+02
1.818599796295166016e+01 3.169999999999999929e+00 4.500000178813934326e-02 5.400767211914062500e+02
1.829698872566223145e+01 3.189999999999999947e+00 4.500000178813934326e-02 4.500274658203125000e+02
1.838398885726928711e+01 3.310000000000000053e+00 1.200000010430812836e-02 -1.799891357421875000e+02
1.850098967552185059e+01 3.000000000000000000e+00 1.499999966472387314e-02 -1.349973144531250000e+03
1.858999013900756836e+01 2.930000000000000160e+00 1.499999966472387314e-02 -1.620011474609375000e+03
1.869899511337280273e+01 2.830000000000000071e+00 1.499999966472387314e-02 -1.890159179687500000e+03
1.879399132728576660e+01 2.759999999999999787e+00 1.499999966472387314e-02 -1.889940673828125000e+03
1.888298916816711426e+01 2.709999999999999964e+00 1.499999966472387314e-02 -1.979989868164062500e+03
1.899099016189575195e+01 2.700000000000000178e+00 1.499999966472387314e-02 -1.979989868164062500e+03
1.908598756790161133e+01 2.669999999999999929e+00 1.499999966472387314e-02 -2.160088378906250000e+03
1.919799089431762695e+01 2.759999999999999787e+00 1.499999966472387314e-02 -2.339968017578125000e+03
1.930399036407470703e+01 2.790000000000000036e+00 1.499999966472387314e-02 -2.250137451171875000e+03
1.940099143981933594e+01 2.879999999999999893e+00 1.499999966472387314e-02 -2.249918945312500000e+03
1.949099326133728027e+01 2.859999999999999876e+00 1.499999966472387314e-02 -2.249918945312500000e+03
1.959798836708068848e+01 2.870000000000000107e+00 1.499999966472387314e-02 -2.249918945312500000e+03
1.969299221038818359e+01 2.870000000000000107e+00 1.499999966472387314e-02 -2.340405029296875000e+03
1.978299260139465332e+01 2.819999999999999840e+00 1.499999966472387314e-02 -2.159869628906250000e+03
1.989099311828613281e+01 2.870000000000000107e+00 1.499999966472387314e-02 -2.070257568359375000e+03
1.998499083518981934e+01 2.819999999999999840e+00 1.499999966472387314e-02 -1.980208496093750000e+03
2.009798979759216309e+01 2.819999999999999840e+00 1.499999966472387314e-02 -1.889722045898437500e+03
2.018699240684509277e+01 2.799999999999999822e+00 1.499999966472387314e-02 -1.620011474609375000e+03
2.029999303817749023e+01 2.750000000000000000e+00 1.499999966472387314e-02 -9.000549316406250000e+02
2.039099621772766113e+01 2.569999999999999840e+00 1.200000010430812836e-02 0.000000000000000000e+00
2.050199151039123535e+01 1.000000000000000000e+00 4.500000178813934326e-02 1.529962280273437500e+03
2.058899736404418945e+01 2.700000000000000178e+00 4.500000178813934326e-02 2.249918945312500000e+03
2.068399119377136230e+01 3.049999999999999822e+00 4.500000178813934326e-02 2.520066406250000000e+03
2.079499077796936035e+01 3.209999999999999964e+00 4.500000178813934326e-02 2.339968017578125000e+03
2.090399265289306641e+01 3.189999999999999947e+00 4.500000178813934326e-02 2.339968017578125000e+03
2.099899315834045410e+01 3.200000000000000178e+00 4.500000178813934326e-02 2.160306884765625000e+03
2.108798980712890625e+01 3.220000000000000195e+00 4.500000178813934326e-02 2.159869628906250000e+03
2.119599270820617676e+01 3.259999999999999787e+00 4.500000178813934326e-02 1.890159179687500000e+03
2.129099369049072266e+01 3.270000000000000018e+00 4.500000178813934326e-02 1.889940673828125000e+03
2.140299010276794434e+01 3.220000000000000195e+00 4.500000178813934326e-02 1.710060668945312500e+03
2.148799133300781250e+01 3.209999999999999964e+00 4.500000178813934326e-02 1.710060668945312500e+03
2.158299207687377930e+01 3.189999999999999947e+00 4.500000178813934326e-02 1.799891357421875000e+03
2.169598841667175293e+01 3.189999999999999947e+00 4.500000178813934326e-02 1.799891357421875000e+03
2.180299043655395508e+01 3.299999999999999822e+00 4.500000178813934326e-02 1.710060668945312500e+03
2.189799022674560547e+01 3.200000000000000178e+00 4.500000178813934326e-02 1.799891357421875000e+03
2.198799061775207520e+01 3.259999999999999787e+00 4.500000178813934326e-02 1.620011474609375000e+03
2.209599065780639648e+01 3.189999999999999947e+00 4.500000178813934326e-02 1.439913085937500000e+03
2.219000029563903809e+01 3.259999999999999787e+00 4.500000178813934326e-02 1.349863891601562500e+03
2.230299258232116699e+01 3.279999999999999805e+00 4.500000178813934326e-02 9.000549316406250000e+02
2.239199399948120117e+01 3.180000000000000160e+00 4.500000178813934326e-02 9.000549316406250000e+02
2.248798990249633789e+01 3.189999999999999947e+00 4.500000178813934326e-02 8.999456787109375000e+02
2.259598994255065918e+01 3.189999999999999947e+00 4.500000178813934326e-02 6.300166015625000000e+02
2.268498969078063965e+01 3.379999999999999893e+00 1.200000010430812836e-02 -3.599782714843750000e+02
2.279399180412292480e+01 3.029999999999999805e+00 1.499999966472387314e-02 -1.350082397460937500e+03
2.288899827003479004e+01 2.959999999999999964e+00 1.499999966472387314e-02 -1.709842163085937500e+03
2.299999570846557617e+01 2.819999999999999840e+00 1.499999966472387314e-02 -1.979989868164062500e+03
2.308599090576171875e+01 2.729999999999999982e+00 1.499999966472387314e-02 -2.160088378906250000e+03
2.320399165153503418e+01 2.740000000000000213e+00 1.499999966472387314e-02 -2.159869628906250000e+03
2.329300093650817871e+01 2.689999999999999947e+00 1.499999966472387314e-02 -2.249918945312500000e+03
2.340098953247070312e+01 2.669999999999999929e+00 1.499999966472387314e-02 -2.249918945312500000e+03
2.349598932266235352e+01 2.689999999999999947e+00 1.499999966472387314e-02 -2.249918945312500000e+03
2.358599066734313965e+01 2.720000000000000195e+00 1.499999966472387314e-02 -2.339968017578125000e+03
2.369298911094665527e+01 2.649999999999999911e+00 1.499999966472387314e-02 -2.249918945312500000e+03
2.378798890113830566e+01 2.660000000000000142e+00 1.499999966472387314e-02 -2.249918945312500000e+03
2.390098881721496582e+01 2.680000000000000160e+00 1.499999966472387314e-02 -2.249918945312500000e+03
2.398598909378051758e+01 2.649999999999999911e+00 1.499999966472387314e-02 -2.159869628906250000e+03
2.410299277305603027e+01 2.629999999999999893e+00 1.499999966472387314e-02 -1.980208496093750000e+03
2.419299125671386719e+01 2.629999999999999893e+00 1.499999966472387314e-02 -1.979771362304687500e+03
2.430100536346435547e+01 2.689999999999999947e+00 1.499999966472387314e-02 -1.799672729492187500e+03
2.439499378204345703e+01 2.589999999999999858e+00 1.499999966472387314e-02 -1.710060668945312500e+03
2.448599004745483398e+01 2.680000000000000160e+00 1.499999966472387314e-02 -1.620011474609375000e+03
2.459698963165283203e+01 2.629999999999999893e+00 1.499999966472387314e-02 -1.349863891601562500e+03
2.468398880958557129e+01 2.569999999999999840e+00 1.499999966472387314e-02 -9.901042480468750000e+02
2.480098867416381836e+01 2.540000000000000036e+00 1.200000010430812836e-02 0.000000000000000000e+00
2.488999581336975098e+01 1.149999999999999911e+00 4.500000178813934326e-02 2.069820556640625000e+03
2.499903368949890137e+01 2.350000000000000089e+00 4.500000178813934326e-02 2.610115478515625000e+03
2.509398984909057617e+01 3.020000000000000018e+00 4.500000178813934326e-02 3.149973632812500000e+03
2.520399069786071777e+01 3.180000000000000160e+00 4.500000178813934326e-02 2.969875244140625000e+03
2.529098868370056152e+01 3.209999999999999964e+00 4.500000178813934326e-02 2.790214111328125000e+03
2.538598799705505371e+01 3.200000000000000178e+00 4.500000178813934326e-02 2.700164794921875000e+03
2.549798941612243652e+01 3.279999999999999805e+00 4.500000178813934326e-02 2.430017089843750000e+03
2.558299279212951660e+01 3.270000000000000018e+00 4.500000178813934326e-02 2.069820556640625000e+03
2.570099210739135742e+01 3.220000000000000195e+00 4.500000178813934326e-02 1.890159179687500000e+03
2.579099345207214355e+01 3.189999999999999947e+00 4.500000178813934326e-02 1.800109863281250000e+03
2.589798927307128906e+01 3.229999999999999982e+00 4.500000178813934326e-02 1.889940673828125000e+03
2.599298858642578125e+01 3.209999999999999964e+00 4.500000178813934326e-02 1.710060668945312500e+03
2.608299207687377930e+01 3.299999999999999822e+00 4.500000178813934326e-02 1.529962280273437500e+03
2.619099187850952148e+01 3.229999999999999982e+00 4.500000178813934326e-02 1.439913085937500000e+03
2.628498888015747070e+01 3.270000000000000018e+00 4.500000178813934326e-02 1.169984008789062500e+03
2.639799237251281738e+01 3.250000000000000000e+00 4.500000178813934326e-02 1.079934814453125000e+03
2.648699140548706055e+01 3.160000000000000142e+00 4.500000178813934326e-02 9.898856811523437500e+02
2.659999537467956543e+01 3.220000000000000195e+00 4.500000178813934326e-02 8.100057373046875000e+02
2.669099187850952148e+01 3.299999999999999822e+00 1.200000010430812836e-02 0.000000000000000000e+00
2.680198931694030762e+01 3.200000000000000178e+00 1.499999966472387314e-02 -1.710060668945312500e+03
2.688899731636047363e+01 3.049999999999999822e+00 1.499999966472387314e-02 -2.430017089843750000e+03
2.698398900032043457e+01 2.990000000000000213e+00 1.499999966472387314e-02 -2.699946289062500000e+03
2.709499168395996094e+01 2.930000000000000160e+00 1.499999966472387314e-02 -2.789995361328125000e+03
2.720398926734924316e+01 2.899999999999999911e+00 1.499999966472387314e-02 -2.789995361328125000e+03
2.729899883270263672e+01 2.910000000000000142e+00 1.499999966472387314e-02 -2.700164794921875000e+03
2.738798856735229492e+01 2.890000000000000124e+00 1.499999966472387314e-02 -2.700164794921875000e+03
2.749598956108093262e+01 2.850000000000000089e+00 1.499999966472387314e-02 -2.520066406250000000e+03
2.759099340438842773e+01 2.850000000000000089e+00 1.499999966472387314e-02 -2.430017089843750000e+03
2.770299220085144043e+01 2.850000000000000089e+00 1.499999966472387314e-02 -2.430017089843750000e+03
2.778799152374267578e+01 2.919999999999999929e+00 1.499999966472387314e-02 -2.610115478515625000e+03
2.788299274444580078e+01 2.890000000000000124e+00 1.499999966472387314e-02 -2.520066406250000000e+03
2.799600195884704590e+01 2.779999999999999805e+00 1.499999966472387314e-02 -1.980208496093750000e+03
2.810299181938171387e+01 2.799999999999999822e+00 1.499999966472387314e-02 -1.800109863281250000e+03
2.819798874855041504e+01 2.779999999999999805e+00 1.499999966472387314e-02 -1.529962280273437500e+03
2.828799057006835938e+01 2.720000000000000195e+00 1.499999966472387314e-02 -8.100057373046875000e+02
2.839598822593688965e+01 2.370000000000000107e+00 1.200000010430812836e-02 0.000000000000000000e+00
2.848999857902526855e+01 1.010000000000000009e+00 4.500000178813934326e-02 1.710060668945312500e+03
2.860299086570739746e+01 2.910000000000000142e+00 4.500000178813934326e-02 2.970312500000000000e+03
2.869199252128601074e+01 3.080000000000000071e+00 4.500000178813934326e-02 3.240022949218750000e+03
2.877900195121765137e+01 3.160000000000000142e+00 4.500000178813934326e-02 3.240022949218750000e+03
2.889598870277404785e+01 3.149999999999999911e+00 4.500000178813934326e-02 3.240022949218750000e+03
2.898501157760620117e+01 3.180000000000000160e+00 4.500000178813934326e-02 3.060361572265625000e+03
2.909399008750915527e+01 3.220000000000000195e+00 4.500000178813934326e-02 3.240022949218750000e+03
2.918902206420898438e+01 3.240000000000000213e+00 4.500000178813934326e-02 2.970093994140625000e+03
2.929999494552612305e+01 3.240000000000000213e+00 4.500000178813934326e-02 2.789995361328125000e+03
2.938599205017089844e+01 3.259999999999999787e+00 4.500000178813934326e-02 2.610115478515625000e+03
2.950399184226989746e+01 3.259999999999999787e+00 4.500000178813934326e-02 2.609896972656250000e+03
2.959299135208129883e+01 3.209999999999999964e+00 4.500000178813934326e-02 2.520066406250000000e+03
2.970099306106567383e+01 3.180000000000000160e+00 4.500000178813934326e-02 2.430017089843750000e+03
2.979599189758300781e+01 3.290000000000000036e+00 4.500000178813934326e-02 2.160088378906250000e+03
2.988599038124084473e+01 3.220000000000000195e+00 4.500000178813934326e-02 2.069929687500000000e+03
2.999298906326293945e+01 3.279999999999999805e+00 4.500000178813934326e-02 1.710060668945312500e+03
3.008799242973327637e+01 3.250000000000000000e+00 4.500000178813934326e-02 1.439913085937500000e+03
3.020098853111267090e+01 3.220000000000000195e+00 4.500000178813934326e-02 1.260033203125000000e+03
3.028598761558532715e+01 3.189999999999999947e+00 4.500000178813934326e-02 9.899949340820312500e+02
3.040299105644226074e+01 3.109999999999999876e+00 4.500000178813934326e-02 9.000549316406250000e+02
3.049299621582031250e+01 3.100000000000000089e+00 4.500000178813934326e-02 9.899949340820312500e+02
3.060101914405822754e+01 3.149999999999999911e+00 4.500000178813934326e-02 1.079989501953125000e+03
3.069499158859252930e+01 3.129999999999999893e+00 4.500000178813934326e-02 1.169984008789062500e+03
3.078598880767822266e+01 3.140000000000000124e+00 4.500000178813934326e-02 1.169984008789062500e+03
3.089699125289916992e+01 3.209999999999999964e+00 4.500000178813934326e-02 9.899949340820312500e+02
3.098398995399475098e+01 3.180000000000000160e+00 4.500000178813934326e-02 6.300166015625000000e+02
3.110098862648010254e+01 3.209999999999999964e+00 4.500000178813934326e-02 2.700110473632812500e+02
3.118999171257019043e+01 3.040000000000000036e+00 4.500000178813934326e-02 2.700110473632812500e+02
3.129899287223815918e+01 2.700000000000000178e+00 4.500000178813934326e-02 9.899949340820312500e+02
3.139398932456970215e+01 3.000000000000000000e+00 4.500000178813934326e-02 1.080003173828125000e+03
3.148299121856689453e+01 3.189999999999999947e+00 4.500000178813934326e-02 1.260005859375000000e+03
3.159098696708679199e+01 3.279999999999999805e+00 1.200000010430812836e-02 -2.700007934570312500e+02
3.168598961830139160e+01 2.439999999999999947e+00 1.200000010430812836e-02 0.000000000000000000e+00
3.179798889160156250e+01 1.899999999999999911e+00 1.200000010430812836e-02 0.000000000000000000e+00
3.188299059867858887e+01 1.610000000000000098e+00 1.200000010430812836e-02 0.000000000000000000e+00
3.200098991394042969e+01 1.370000000000000107e+00 1.200000010430812836e-02 0.000000000000000000e+00
3.209099316596984863e+01 1.350000000000000089e+00 1.200000010430812836e-02 0.000000000000000000e+00
3.219798851013183594e+01 1.340000000000000080e+00 1.200000010430812836e-02 0.000000000000000000e+00
3.229298901557922363e+01 1.310000000000000053e+00 1.200000010430812836e-02 0.000000000000000000e+00
3.238299059867858887e+01 1.310000000000000053e+00 1.200000010430812836e-02 0.000000000000000000e+00
3.249099206924438477e+01 1.290000000000000036e+00 1.200000010430812836e-02 0.000000000000000000e+00
3.258499217033386230e+01 1.280000000000000027e+00 1.200000010430812836e-02 0.000000000000000000e+00
3.269798851013183594e+01 1.270000000000000018e+00 1.200000010430812836e-02 0.000000000000000000e+00
3.278699040412902832e+01 1.270000000000000018e+00 1.200000010430812836e-02 0.000000000000000000e+00
3.289999461174011230e+01 1.260000000000000009e+00 1.200000010430812836e-02 0.000000000000000000e+00
3.299098992347717285e+01 1.250000000000000000e+00 1.200000010430812836e-02 0.000000000000000000e+00
3.310198974609375000e+01 1.239999999999999991e+00 1.200000010430812836e-02 0.000000000000000000e+00
3.318902969360351562e+01 1.239999999999999991e+00 1.200000010430812836e-02 0.000000000000000000e+00
3.328399085998535156e+01 1.229999999999999982e+00 1.200000010430812836e-02 0.000000000000000000e+00
3.339498949050903320e+01 1.229999999999999982e+00 1.200000010430812836e-02 0.000000000000000000e+00
3.350399017333984375e+01 1.229999999999999982e+00 1.200000010430812836e-02 0.000000000000000000e+00
3.359899663925170898e+01 1.229999999999999982e+00 1.200000010430812836e-02 0.000000000000000000e+00
3.368798971176147461e+01 1.219999999999999973e+00 1.200000010430812836e-02 0.000000000000000000e+00
