9.693741798400878906e-02 3.580000000000000071e+00 4.300000146031379700e-02 0.000000000000000000e+00
1.829366683959960938e-01 3.609999999999999876e+00 4.300000146031379700e-02 0.000000000000000000e+00
2.829341888427734375e-01 3.799999999999999822e+00 4.300000146031379700e-02 0.000000000000000000e+00
3.909335136413574219e-01 4.250000000000000000e+00 4.300000146031379700e-02 0.000000000000000000e+00
4.799890518188476562e-01 4.480000000000000426e+00 4.300000146031379700e-02 0.000000000000000000e+00
5.869340896606445312e-01 4.669999999999999929e+00 4.300000146031379700e-02 0.000000000000000000e+00
6.769371032714843750e-01 4.959999999999999964e+00 4.300000146031379700e-02 0.000000000000000000e+00
7.939364910125732422e-01 5.110000000000000320e+00 4.300000146031379700e-02 0.000000000000000000e+00
8.839929103851318359e-01 5.209999999999999964e+00 4.300000146031379700e-02 0.000000000000000000e+00
9.949367046356201172e-01 5.559999999999999609e+00 4.300000146031379700e-02 0.000000000000000000e+00
1.080927610397338867e+00 5.769999999999999574e+00 4.300000146031379700e-02 0.000000000000000000e+00
1.158935308456420898e+00 5.860000000000000320e+00 4.300000146031379700e-02 0.000000000000000000e+00
1.278934478759765625e+00 6.030000000000000249e+00 4.300000146031379700e-02 0.000000000000000000e+00
1.394934892654418945e+00 6.190000000000000391e+00 4.300000146031379700e-02 0.000000000000000000e+00
1.485937595367431641e+00 6.230000000000000426e+00 4.300000146031379700e-02 0.000000000000000000e+00
1.592936754226684570e+00 6.440000000000000391e+00 1.700000092387199402e-02 -5.400220947265625000e+02
1.683985471725463867e+00 4.519999999999999574e+00 1.700000092387199402e-02 -9.000003051757812500e+02
1.777938842773437500e+00 2.919999999999999929e+00 1.700000092387199402e-02 -3.600055847167968750e+02
1.885936737060546875e+00 3.089999999999999858e+00 1.700000092387199402e-02 -1.800164489746093750e+02
1.975997686386108398e+00 3.259999999999999787e+00 1.700000092387199402e-02 -4.500001525878906250e+02
2.092938184738159180e+00 3.270000000000000018e+00 1.700000092387199402e-02 -9.000003051757812500e+02
2.178936958312988281e+00 3.189999999999999947e+00 1.700000092387199402e-02 -1.079989501953125000e+03
2.290937185287475586e+00 3.089999999999999858e+00 1.700000092387199402e-02 -8.099920654296875000e+02
2.385934591293334961e+00 3.129999999999999893e+00 1.700000092387199402e-02 -7.199974975585937500e+02
2.493936061859130859e+00 3.169999999999999929e+00 1.700000092387199402e-02 -4.500001525878906250e+02
2.582935333251953125e+00 3.060000000000000053e+00 1.700000092387199402e-02 -3.599987487792968750e+02
2.677934408187866211e+00 3.100000000000000089e+00 1.700000092387199402e-02 -2.700042114257812500e+02
2.789933919906616211e+00 3.109999999999999876e+00 1.700000092387199402e-02 -9.000139617919921875e+01
2.897935867309570312e+00 3.149999999999999911e+00 1.700000092387199402e-02 0.000000000000000000e+00
2.992938280105590820e+00 3.299999999999999822e+00 1.700000092387199402e-02 0.000000000000000000e+00
3.082940101623535156e+00 3.370000000000000107e+00 1.700000092387199402e-02 0.000000000000000000e+00
3.189936876296997070e+00 3.060000000000000053e+00 1.700000092387199402e-02 -1.799891357421875000e+02
3.284939289093017578e+00 3.140000000000000124e+00 1.700000092387199402e-02 0.000000000000000000e+00
3.397934675216674805e+00 3.100000000000000089e+00 1.700000092387199402e-02 0.000000000000000000e+00
3.482936382293701172e+00 3.290000000000000036e+00 1.700000092387199402e-02 0.000000000000000000e+00
3.573934555053710938e+00 3.189999999999999947e+00 1.700000092387199402e-02 -1.799891357421875000e+02
3.690933942794799805e+00 3.080000000000000071e+00 1.700000092387199402e-02 -2.699973754882812500e+02
3.797935485839843750e+00 3.160000000000000142e+00 1.700000092387199402e-02 -2.699973754882812500e+02
3.888946056365966797e+00 3.129999999999999893e+00 1.700000092387199402e-02 -3.599782714843750000e+02
3.982943058013916016e+00 3.120000000000000107e+00 1.700000092387199402e-02 -1.799891357421875000e+02
4.090934276580810547e+00 3.169999999999999929e+00 1.700000092387199402e-02 -1.799891357421875000e+02
4.180936336517333984e+00 3.160000000000000142e+00 1.700000092387199402e-02 -2.700110473632812500e+02
4.297934293746948242e+00 3.229999999999999982e+00 1.700000092387199402e-02 -4.500001525878906250e+02
4.383974075317382812e+00 3.060000000000000053e+00 1.700000092387199402e-02 -1.800164489746093750e+02
4.495984554290771484e+00 3.080000000000000071e+00 1.700000092387199402e-02 -8.999456787109375000e+01
4.590934753417968750e+00 3.089999999999999858e+00 1.700000092387199402e-02 -1.799891357421875000e+02
4.693938970565795898e+00 3.060000000000000053e+00 1.700000092387199402e-02 0.000000000000000000e+00
4.787985086441040039e+00 3.100000000000000089e+00 1.700000092387199402e-02 0.000000000000000000e+00
4.882944822311401367e+00 3.250000000000000000e+00 1.700000092387199402e-02 -2.700110473632812500e+02
4.994936704635620117e+00 3.160000000000000142e+00 1.700000092387199402e-02 -3.600328979492187500e+02
5.079983949661254883e+00 3.149999999999999911e+00 1.700000092387199402e-02 -5.400220947265625000e+02
5.197934389114379883e+00 3.129999999999999893e+00 1.700000092387199402e-02 -5.399674072265625000e+02
5.287990808486938477e+00 3.080000000000000071e+00 1.700000092387199402e-02 -5.400220947265625000e+02
5.394936561584472656e+00 3.129999999999999893e+00 1.700000092387199402e-02 -3.599782714843750000e+02
5.489941596984863281e+00 3.129999999999999893e+00 1.700000092387199402e-02 -4.500274658203125000e+02
5.580935001373291016e+00 3.109999999999999876e+00 1.700000092387199402e-02 -4.500274658203125000e+02
5.687986373901367188e+00 3.089999999999999858e+00 1.700000092387199402e-02 -3.600328979492187500e+02
5.778937578201293945e+00 3.069999999999999840e+00 1.700000092387199402e-02 -1.799891357421875000e+02
5.895981311798095703e+00 3.109999999999999876e+00 1.700000092387199402e-02 -1.799891357421875000e+02
5.980935573577880859e+00 3.049999999999999822e+00 1.700000092387199402e-02 -1.799891357421875000e+02
6.093934535980224609e+00 3.160000000000000142e+00 1.700000092387199402e-02 -9.004920959472656250e+01
6.187983512878417969e+00 3.100000000000000089e+00 1.700000092387199402e-02 0.000000000000000000e+00
6.295987129211425781e+00 3.299999999999999822e+00 1.700000092387199402e-02 -1.799891357421875000e+02
6.385938167572021484e+00 3.149999999999999911e+00 1.700000092387199402e-02 -3.599782714843750000e+02
6.480937004089355469e+00 3.160000000000000142e+00 1.700000092387199402e-02 -5.400767211914062500e+02
6.588943004608154297e+00 3.089999999999999858e+00 1.700000092387199402e-02 -5.399674072265625000e+02
6.677935600280761719e+00 3.100000000000000089e+00 1.700000092387199402e-02 -2.699290771484375000e+02
6.795988559722900391e+00 3.169999999999999929e+00 1.700000092387199402e-02 -3.599782714843750000e+02
6.884936809539794922e+00 3.189999999999999947e+00 1.700000092387199402e-02 -4.499181823730468750e+02
6.992937564849853516e+00 3.129999999999999893e+00 1.700000092387199402e-02 -4.500274658203125000e+02
7.110934495925903320e+00 3.140000000000000124e+00 1.700000092387199402e-02 -3.600875549316406250e+02
7.217934370040893555e+00 3.149999999999999911e+00 1.700000092387199402e-02 -2.700383605957031250e+02
7.307996511459350586e+00 3.160000000000000142e+00 1.700000092387199402e-02 -8.993992614746093750e+01
7.402935266494750977e+00 3.290000000000000036e+00 1.700000092387199402e-02 -1.799891357421875000e+02
7.514947175979614258e+00 3.229999999999999982e+00 1.700000092387199402e-02 -1.799891357421875000e+02
7.599981546401977539e+00 3.220000000000000195e+00 1.700000092387199402e-02 -2.699290771484375000e+02
7.713937282562255859e+00 3.270000000000000018e+00 1.700000092387199402e-02 -4.499181823730468750e+02
7.807984352111816406e+00 3.180000000000000160e+00 1.700000092387199402e-02 -4.500274658203125000e+02
7.914936065673828125e+00 3.180000000000000160e+00 1.700000092387199402e-02 -4.500274658203125000e+02
8.009944200515747070e+00 3.129999999999999893e+00 1.700000092387199402e-02 -4.499181823730468750e+02
8.100938081741333008e+00 3.009999999999999787e+00 1.700000092387199402e-02 -3.599782714843750000e+02
8.207987308502197266e+00 3.049999999999999822e+00 1.700000092387199402e-02 -1.799891357421875000e+02
8.298935651779174805e+00 3.169999999999999929e+00 1.700000092387199402e-02 -2.700383605957031250e+02
8.415994882583618164e+00 3.149999999999999911e+00 1.700000092387199402e-02 -2.700383605957031250e+02
8.500935077667236328e+00 3.129999999999999893e+00 1.700000092387199402e-02 -3.599782714843750000e+02
8.613937139511108398e+00 3.100000000000000089e+00 1.700000092387199402e-02 -2.700383605957031250e+02
8.707988977432250977e+00 3.120000000000000107e+00 1.700000092387199402e-02 -3.599782714843750000e+02
8.815989017486572266e+00 3.029999999999999805e+00 1.700000092387199402e-02 -4.500274658203125000e+02
8.905937910079956055e+00 3.149999999999999911e+00 1.700000092387199402e-02 -3.599782714843750000e+02
9.000939369201660156e+00 3.100000000000000089e+00 1.700000092387199402e-02 -4.499181823730468750e+02
9.108937025070190430e+00 3.060000000000000053e+00 1.700000092387199402e-02 -3.601968383789062500e+02
9.197947502136230469e+00 3.000000000000000000e+00 1.700000092387199402e-02 -2.699290771484375000e+02
9.315988063812255859e+00 3.060000000000000053e+00 1.700000092387199402e-02 -2.699290771484375000e+02
9.404943704605102539e+00 3.029999999999999805e+00 1.700000092387199402e-02 -2.701476440429687500e+02
9.512939214706420898e+00 3.069999999999999840e+00 1.700000092387199402e-02 -3.599782714843750000e+02
9.607984066009521484e+00 3.080000000000000071e+00 1.700000092387199402e-02 -3.599782714843750000e+02
9.697940111160278320e+00 3.049999999999999822e+00 1.700000092387199402e-02 -3.599782714843750000e+02
9.804939508438110352e+00 3.009999999999999787e+00 1.700000092387199402e-02 -2.701476440429687500e+02
9.899985313415527344e+00 3.069999999999999840e+00 1.700000092387199402e-02 -1.800984191894531250e+02
1.001294445991516113e+01 3.149999999999999911e+00 1.700000092387199402e-02 -2.701476440429687500e+02
1.009793639183044434e+01 3.149999999999999911e+00 1.700000092387199402e-02 -1.800984191894531250e+02
1.021493792533874512e+01 3.189999999999999947e+00 1.700000092387199402e-02 -2.699290771484375000e+02
1.030593800544738770e+01 3.100000000000000089e+00 1.700000092387199402e-02 -3.599782714843750000e+02
1.041293740272521973e+01 3.089999999999999858e+00 1.700000092387199402e-02 -3.599782714843750000e+02
1.050398230552673340e+01 3.069999999999999840e+00 1.700000092387199402e-02 -3.599782714843750000e+02
1.059793472290039062e+01 3.029999999999999805e+00 1.700000092387199402e-02 -4.500274658203125000e+02
1.070593476295471191e+01 3.080000000000000071e+00 1.700000092387199402e-02 -5.398581542968750000e+02
1.079598689079284668e+01 3.100000000000000089e+00 1.700000092387199402e-02 -5.398581542968750000e+02
1.091293811798095703e+01 3.160000000000000142e+00 1.700000092387199402e-02 -5.398581542968750000e+02
1.099893546104431152e+01 3.189999999999999947e+00 1.700000092387199402e-02 -3.599782714843750000e+02
1.111093735694885254e+01 3.169999999999999929e+00 1.700000092387199402e-02 -2.699290771484375000e+02
1.120593833923339844e+01 3.189999999999999947e+00 1.700000092387199402e-02 -2.699290771484375000e+02
1.131393766403198242e+01 3.200000000000000178e+00 1.700000092387199402e-02 -4.500274658203125000e+02
1.140293836593627930e+01 3.160000000000000142e+00 1.700000092387199402e-02 -2.699290771484375000e+02
1.149793696403503418e+01 3.180000000000000160e+00 1.700000092387199402e-02 -2.699290771484375000e+02
1.160993504524230957e+01 3.149999999999999911e+00 1.700000092387199402e-02 -2.699290771484375000e+02
1.171793794631958008e+01 3.089999999999999858e+00 1.700000092387199402e-02 -2.699290771484375000e+02
1.181293988227844238e+01 3.069999999999999840e+00 1.700000092387199402e-02 -3.599782714843750000e+02
1.190293884277343750e+01 3.129999999999999893e+00 1.700000092387199402e-02 -4.500274658203125000e+02
1.200993514060974121e+01 3.149999999999999911e+00 1.700000092387199402e-02 -4.500274658203125000e+02
1.210494208335876465e+01 3.109999999999999876e+00 1.700000092387199402e-02 -5.400767211914062500e+02
1.221692895889282227e+01 3.089999999999999858e+00 1.700000092387199402e-02 -5.400767211914062500e+02
1.230294728279113770e+01 3.029999999999999805e+00 1.700000092387199402e-02 -5.400767211914062500e+02
1.239395880699157715e+01 3.049999999999999822e+00 1.700000092387199402e-02 -4.500274658203125000e+02
1.251093864440917969e+01 3.120000000000000107e+00 1.700000092387199402e-02 -3.599782714843750000e+02
1.261693668365478516e+01 3.080000000000000071e+00 1.700000092387199402e-02 -2.699290771484375000e+02
1.270893621444702148e+01 3.080000000000000071e+00 1.700000092387199402e-02 -2.701476440429687500e+02
1.280293893814086914e+01 3.049999999999999822e+00 1.700000092387199402e-02 -2.699290771484375000e+02
1.291093587875366211e+01 3.120000000000000107e+00 1.700000092387199402e-02 -2.701476440429687500e+02
1.300093889236450195e+01 3.120000000000000107e+00 1.700000092387199402e-02 -1.798798522949218750e+02
1.311693549156188965e+01 3.120000000000000107e+00 1.700000092387199402e-02 -2.699290771484375000e+02
1.320399117469787598e+01 3.160000000000000142e+00 1.700000092387199402e-02 -2.699290771484375000e+02
1.331598353385925293e+01 3.169999999999999929e+00 1.700000092387199402e-02 -5.398581542968750000e+02
1.341093492507934570e+01 3.080000000000000071e+00 1.700000092387199402e-02 -5.400767211914062500e+02
1.349998521804809570e+01 3.029999999999999805e+00 1.700000092387199402e-02 -5.400767211914062500e+02
1.360798525810241699e+01 2.899999999999999911e+00 1.700000092387199402e-02 -4.498088989257812500e+02
1.370294070243835449e+01 3.049999999999999822e+00 1.700000092387199402e-02 -3.601968383789062500e+02
1.381493830680847168e+01 3.049999999999999822e+00 1.700000092387199402e-02 -2.699290771484375000e+02
1.389998388290405273e+01 3.100000000000000089e+00 1.700000092387199402e-02 -3.599782714843750000e+02
1.401793789863586426e+01 3.140000000000000124e+00 1.700000092387199402e-02 -2.699290771484375000e+02
1.410798406600952148e+01 3.100000000000000089e+00 1.700000092387199402e-02 -2.701476440429687500e+02
1.421493697166442871e+01 3.149999999999999911e+00 1.700000092387199402e-02 -3.599782714843750000e+02
1.430993843078613281e+01 3.180000000000000160e+00 1.700000092387199402e-02 -2.701476440429687500e+02
1.440093779563903809e+01 3.140000000000000124e+00 1.700000092387199402e-02 -3.597597045898437500e+02
1.450798082351684570e+01 3.160000000000000142e+00 1.700000092387199402e-02 -2.701476440429687500e+02
1.459893560409545898e+01 3.149999999999999911e+00 1.700000092387199402e-02 -2.697105102539062500e+02
1.471598339080810547e+01 3.200000000000000178e+00 1.700000092387199402e-02 -3.601968383789062500e+02
1.480093622207641602e+01 3.200000000000000178e+00 1.700000092387199402e-02 -4.498088989257812500e+02
1.491393733024597168e+01 3.200000000000000178e+00 1.700000092387199402e-02 -2.697105102539062500e+02
1.500799036026000977e+01 3.200000000000000178e+00 1.700000092387199402e-02 -2.701476440429687500e+02
1.511598205566406250e+01 3.220000000000000195e+00 1.700000092387199402e-02 -2.697105102539062500e+02
1.520593619346618652e+01 3.229999999999999982e+00 1.700000092387199402e-02 -3.597597045898437500e+02
1.530093812942504883e+01 3.180000000000000160e+00 1.700000092387199402e-02 -3.597597045898437500e+02
1.540893507003784180e+01 3.200000000000000178e+00 1.700000092387199402e-02 -4.498088989257812500e+02
1.549793577194213867e+01 3.160000000000000142e+00 1.700000092387199402e-02 -5.398581542968750000e+02
1.561599016189575195e+01 3.100000000000000089e+00 1.700000092387199402e-02 -5.402952880859375000e+02
1.570493698120117188e+01 3.100000000000000089e+00 1.700000092387199402e-02 -6.299072875976562500e+02
1.581294226646423340e+01 3.069999999999999840e+00 1.700000092387199402e-02 -5.402952880859375000e+02
1.590798115730285645e+01 3.109999999999999876e+00 1.700000092387199402e-02 -3.597597045898437500e+02
1.599793744087219238e+01 3.069999999999999840e+00 1.700000092387199402e-02 -2.701476440429687500e+02
1.610493588447570801e+01 3.120000000000000107e+00 1.700000092387199402e-02 -2.701476440429687500e+02
1.619998455047607422e+01 3.109999999999999876e+00 1.700000092387199402e-02 -4.498088989257812500e+02
1.631294274330139160e+01 3.060000000000000053e+00 1.700000092387199402e-02 -4.502460327148437500e+02
1.641893601417541504e+01 3.000000000000000000e+00 1.700000092387199402e-02 -3.601968383789062500e+02
1.651493716239929199e+01 3.040000000000000036e+00 1.700000092387199402e-02 -2.697105102539062500e+02
1.660593891143798828e+01 3.100000000000000089e+00 1.700000092387199402e-02 -3.601968383789062500e+02
1.671294069290161133e+01 3.049999999999999822e+00 1.700000092387199402e-02 -3.601968383789062500e+02
1.680398392677307129e+01 3.089999999999999858e+00 1.700000092387199402e-02 -2.697105102539062500e+02
1.689794015884399414e+01 3.109999999999999876e+00 1.700000092387199402e-02 -3.601968383789062500e+02
1.700593543052673340e+01 3.100000000000000089e+00 1.700000092387199402e-02 -4.502460327148437500e+02
1.709599447250366211e+01 3.080000000000000071e+00 1.700000092387199402e-02 -5.398581542968750000e+02
1.721294474601745605e+01 3.049999999999999822e+00 1.700000092387199402e-02 -5.398581542968750000e+02
1.729893517494201660e+01 3.060000000000000053e+00 1.700000092387199402e-02 -4.502460327148437500e+02
1.741093754768371582e+01 3.089999999999999858e+00 1.700000092387199402e-02 -5.402952880859375000e+02
1.750593590736389160e+01 3.049999999999999822e+00 1.700000092387199402e-02 -5.402952880859375000e+02
1.761394643783569336e+01 3.049999999999999822e+00 1.700000092387199402e-02 -3.597597045898437500e+02
1.770293807983398438e+01 3.140000000000000124e+00 1.700000092387199402e-02 -2.697105102539062500e+02
1.779793572425842285e+01 3.160000000000000142e+00 1.700000092387199402e-02 -2.701476440429687500e+02
1.790993809700012207e+01 3.169999999999999929e+00 1.700000092387199402e-02 -3.601968383789062500e+02
1.801793742179870605e+01 3.160000000000000142e+00 1.700000092387199402e-02 -2.701476440429687500e+02
1.811294078826904297e+01 3.140000000000000124e+00 1.700000092387199402e-02 -2.701476440429687500e+02
1.820294165611267090e+01 3.220000000000000195e+00 1.700000092387199402e-02 -1.800984191894531250e+02
1.830994367599487305e+01 3.259999999999999787e+00 1.700000092387199402e-02 -2.697105102539062500e+02
1.840494036674499512e+01 3.279999999999999805e+00 1.700000092387199402e-02 -3.597597045898437500e+02
1.851793527603149414e+01 3.250000000000000000e+00 1.700000092387199402e-02 -4.498088989257812500e+02
1.860293936729431152e+01 3.209999999999999964e+00 1.700000092387199402e-02 -4.502460327148437500e+02
1.871893572807312012e+01 3.189999999999999947e+00 1.700000092387199402e-02 -3.597597045898437500e+02
1.881093645095825195e+01 3.220000000000000195e+00 1.700000092387199402e-02 -3.597597045898437500e+02
1.890293717384338379e+01 3.189999999999999947e+00 1.700000092387199402e-02 -3.601968383789062500e+02
1.900893807411193848e+01 3.129999999999999893e+00 1.700000092387199402e-02 -3.601968383789062500e+02
1.910293817520141602e+01 3.080000000000000071e+00 1.700000092387199402e-02 -3.601968383789062500e+02
1.921093511581420898e+01 3.120000000000000107e+00 1.700000092387199402e-02 -2.701476440429687500e+02
1.930093646049499512e+01 3.129999999999999893e+00 1.700000092387199402e-02 -2.701476440429687500e+02
1.941793489456176758e+01 3.160000000000000142e+00 1.700000092387199402e-02 -1.796612854003906250e+02
1.950399279594421387e+01 3.140000000000000124e+00 1.700000092387199402e-02 -9.004920959472656250e+01
1.961598849296569824e+01 3.189999999999999947e+00 1.700000092387199402e-02 -3.601968383789062500e+02
1.971093487739562988e+01 3.189999999999999947e+00 1.700000092387199402e-02 -6.303444213867187500e+02
1.981793522834777832e+01 3.080000000000000071e+00 1.700000092387199402e-02 -5.398581542968750000e+02
1.990798521041870117e+01 3.080000000000000071e+00 1.700000092387199402e-02 -5.402952880859375000e+02
2.000294828414916992e+01 3.040000000000000036e+00 1.700000092387199402e-02 -3.601968383789062500e+02
2.011493587493896484e+01 3.080000000000000071e+00 1.700000092387199402e-02 -4.498088989257812500e+02
2.019998574256896973e+01 3.089999999999999858e+00 1.700000092387199402e-02 -5.398581542968750000e+02
2.031793880462646484e+01 2.700000000000000178e+00 1.700000092387199402e-02 0.000000000000000000e+00
2.040806221961975098e+01 2.569999999999999840e+00 1.700000092387199402e-02 0.000000000000000000e+00
2.051492762565612793e+01 2.560000000000000053e+00 1.700000092387199402e-02 0.000000000000000000e+00
2.060993719100952148e+01 2.009999999999999787e+00 1.700000092387199402e-02 0.000000000000000000e+00
2.070093774795532227e+01 1.370000000000000107e+00 1.700000092387199402e-02 0.000000000000000000e+00
2.080799317359924316e+01 1.219999999999999973e+00 1.700000092387199402e-02 0.000000000000000000e+00
2.089893817901611328e+01 1.020000000000000018e+00 1.700000092387199402e-02 0.000000000000000000e+00
2.101598930358886719e+01 1.080000000000000071e+00 4.300000146031379700e-02 7.203936767578125000e+02
2.110093760490417480e+01 2.830000000000000071e+00 4.300000146031379700e-02 8.100057373046875000e+02
2.121393728256225586e+01 3.049999999999999822e+00 4.300000146031379700e-02 9.004920959472656250e+01
2.130799889564514160e+01 2.939999999999999947e+00 4.300000146031379700e-02 0.000000000000000000e+00
2.141597986221313477e+01 2.819999999999999840e+00 4.300000146031379700e-02 3.601968383789062500e+02
2.150593709945678711e+01 2.770000000000000018e+00 4.300000146031379700e-02 5.398581542968750000e+02
2.160093569755554199e+01 2.859999999999999876e+00 4.300000146031379700e-02 5.398581542968750000e+02
2.170893716812133789e+01 2.879999999999999893e+00 4.300000146031379700e-02 6.299072875976562500e+02
2.179793596267700195e+01 2.930000000000000160e+00 4.300000146031379700e-02 5.402952880859375000e+02
2.191598224639892578e+01 2.959999999999999964e+00 4.300000146031379700e-02 4.498088989257812500e+02
2.200493597984313965e+01 2.919999999999999929e+00 4.300000146031379700e-02 2.701476440429687500e+02
2.211294031143188477e+01 2.859999999999999876e+00 4.300000146031379700e-02 3.601968383789062500e+02
2.220798587799072266e+01 2.819999999999999840e+00 4.300000146031379700e-02 6.303444213867187500e+02
2.231893610954284668e+01 2.899999999999999911e+00 4.300000146031379700e-02 4.498088989257812500e+02
2.240493655204772949e+01 2.950000000000000178e+00 4.300000146031379700e-02 4.498088989257812500e+02
2.249998164176940918e+01 2.970000000000000195e+00 4.300000146031379700e-02 4.502460327148437500e+02
2.261294102668762207e+01 2.939999999999999947e+00 4.300000146031379700e-02 5.398581542968750000e+02
2.270493793487548828e+01 2.939999999999999947e+00 4.300000146031379700e-02 7.199565429687500000e+02
2.281494212150573730e+01 2.979999999999999982e+00 4.300000146031379700e-02 4.502460327148437500e+02
2.290593814849853516e+01 2.959999999999999964e+00 4.300000146031379700e-02 1.800984191894531250e+02
2.301294088363647461e+01 2.899999999999999911e+00 4.300000146031379700e-02 5.398581542968750000e+02
2.310399031639099121e+01 2.879999999999999893e+00 4.300000146031379700e-02 5.398581542968750000e+02
2.319793653488159180e+01 2.910000000000000142e+00 4.300000146031379700e-02 5.398581542968750000e+02
2.330593633651733398e+01 2.899999999999999911e+00 4.300000146031379700e-02 6.299072875976562500e+02
2.341793704032897949e+01 2.910000000000000142e+00 4.300000146031379700e-02 6.299072875976562500e+02
2.351294231414794922e+01 2.919999999999999929e+00 4.300000146031379700e-02 6.299072875976562500e+02
2.359893584251403809e+01 2.899999999999999911e+00 4.300000146031379700e-02 5.402952880859375000e+02
2.371093678474426270e+01 2.939999999999999947e+00 4.300000146031379700e-02 2.701476440429687500e+02
2.380593562126159668e+01 2.910000000000000142e+00 4.300000146031379700e-02 2.701476440429687500e+02
2.391393637657165527e+01 2.879999999999999893e+00 4.300000146031379700e-02 3.601968383789062500e+02
2.400293684005737305e+01 2.899999999999999911e+00 4.300000146031379700e-02 4.498088989257812500e+02
2.409793686866760254e+01 2.910000000000000142e+00 4.300000146031379700e-02 4.498088989257812500e+02
2.420994210243225098e+01 2.879999999999999893e+00 4.300000146031379700e-02 2.701476440429687500e+02
2.431794214248657227e+01 2.859999999999999876e+00 4.300000146031379700e-02 2.701476440429687500e+02
2.441294217109680176e+01 2.830000000000000071e+00 4.300000146031379700e-02 6.299072875976562500e+02
2.450294709205627441e+01 2.879999999999999893e+00 4.300000146031379700e-02 7.199565429687500000e+02
2.460993838310241699e+01 2.919999999999999929e+00 4.300000146031379700e-02 5.398581542968750000e+02
2.470494008064270020e+01 2.890000000000000124e+00 4.300000146031379700e-02 4.498088989257812500e+02
2.481793570518493652e+01 2.950000000000000178e+00 4.300000146031379700e-02 1.800984191894531250e+02
2.490293693542480469e+01 2.930000000000000160e+00 4.300000146031379700e-02 2.701476440429687500e+02
2.499393701553344727e+01 2.910000000000000142e+00 4.300000146031379700e-02 3.597597045898437500e+02
2.511093688011169434e+01 2.910000000000000142e+00 4.300000146031379700e-02 5.398581542968750000e+02
2.521693801879882812e+01 2.939999999999999947e+00 4.300000146031379700e-02 6.299072875976562500e+02
2.530893850326538086e+01 2.990000000000000213e+00 4.300000146031379700e-02 6.299072875976562500e+02
2.540293645858764648e+01 2.959999999999999964e+00 4.300000146031379700e-02 5.398581542968750000e+02
2.551094532012939453e+01 2.950000000000000178e+00 4.300000146031379700e-02 4.502460327148437500e+02
2.560093832015991211e+01 2.959999999999999964e+00 4.300000146031379700e-02 4.502460327148437500e+02
2.571693706512451172e+01 2.990000000000000213e+00 4.300000146031379700e-02 2.701476440429687500e+02
2.580398201942443848e+01 2.930000000000000160e+00 4.300000146031379700e-02 3.601968383789062500e+02
2.591599082946777344e+01 2.919999999999999929e+00 4.300000146031379700e-02 4.500274658203125000e+02
2.601094031333923340e+01 2.939999999999999947e+00 4.300000146031379700e-02 5.398581542968750000e+02
2.611893486976623535e+01 2.950000000000000178e+00 4.300000146031379700e-02 6.301258544921875000e+02
2.620798587799072266e+01 2.939999999999999947e+00 4.300000146031379700e-02 6.301258544921875000e+02
2.630294990539550781e+01 2.919999999999999929e+00 4.300000146031379700e-02 7.199565429687500000e+02
2.641493630409240723e+01 2.939999999999999947e+00 4.300000146031379700e-02 7.199565429687500000e+02
2.649999213218688965e+01 2.959999999999999964e+00 4.300000146031379700e-02 6.301258544921875000e+02
2.661793589591979980e+01 3.000000000000000000e+00 4.300000146031379700e-02 4.500274658203125000e+02
2.670798063278198242e+01 2.939999999999999947e+00 4.300000146031379700e-02 4.500274658203125000e+02
2.681493616104125977e+01 2.910000000000000142e+00 4.300000146031379700e-02 7.201751098632812500e+02
2.690993547439575195e+01 2.879999999999999893e+00 4.300000146031379700e-02 8.100057373046875000e+02
2.700093603134155273e+01 2.979999999999999982e+00 4.300000146031379700e-02 9.000549316406250000e+02
2.710798263549804688e+01 2.910000000000000142e+00 4.300000146031379700e-02 5.400767211914062500e+02
2.719893789291381836e+01 2.930000000000000160e+00 4.300000146031379700e-02 2.699290771484375000e+02
2.731598234176635742e+01 2.879999999999999893e+00 4.300000146031379700e-02 2.699290771484375000e+02
2.740093803405761719e+01 2.890000000000000124e+00 4.300000146031379700e-02 2.699290771484375000e+02
2.751395964622497559e+01 2.890000000000000124e+00 4.300000146031379700e-02 1.800984191894531250e+02
2.760798215866088867e+01 2.879999999999999893e+00 4.300000146031379700e-02 2.699290771484375000e+02
2.771599531173706055e+01 2.870000000000000107e+00 4.300000146031379700e-02 3.601968383789062500e+02
2.780593538284301758e+01 2.850000000000000089e+00 4.300000146031379700e-02 4.500274658203125000e+02
2.790094184875488281e+01 2.839999999999999858e+00 4.300000146031379700e-02 6.301258544921875000e+02
2.800893759727478027e+01 2.899999999999999911e+00 4.300000146031379700e-02 6.299072875976562500e+02
2.809793663024902344e+01 2.930000000000000160e+00 4.300000146031379700e-02 5.400767211914062500e+02
2.821598410606384277e+01 2.939999999999999947e+00 4.300000146031379700e-02 5.400767211914062500e+02
2.830493688583374023e+01 2.970000000000000195e+00 4.300000146031379700e-02 6.299072875976562500e+02
2.841294240951538086e+01 2.930000000000000160e+00 4.300000146031379700e-02 6.299072875976562500e+02
2.850797891616821289e+01 2.950000000000000178e+00 4.300000146031379700e-02 5.398581542968750000e+02
2.859793734550476074e+01 2.919999999999999929e+00 4.300000146031379700e-02 4.500274658203125000e+02
2.870493626594543457e+01 2.910000000000000142e+00 4.300000146031379700e-02 5.400767211914062500e+02
2.879998707771301270e+01 2.910000000000000142e+00 4.300000146031379700e-02 5.398581542968750000e+02
2.891294121742248535e+01 2.919999999999999929e+00 4.300000146031379700e-02 4.500274658203125000e+02
2.899793672561645508e+01 2.930000000000000160e+00 4.300000146031379700e-02 2.699290771484375000e+02
2.911497974395751953e+01 2.930000000000000160e+00 4.300000146031379700e-02 3.599782714843750000e+02
2.920593643188476562e+01 2.850000000000000089e+00 4.300000146031379700e-02 4.500274658203125000e+02
2.931294202804565430e+01 2.890000000000000124e+00 4.300000146031379700e-02 5.400767211914062500e+02
2.940399265289306641e+01 2.859999999999999876e+00 4.300000146031379700e-02 5.400767211914062500e+02
2.949793696403503418e+01 2.879999999999999893e+00 4.300000146031379700e-02 4.499181823730468750e+02
2.960593509674072266e+01 2.959999999999999964e+00 4.300000146031379700e-02 5.399674072265625000e+02
2.969599080085754395e+01 2.919999999999999929e+00 4.300000146031379700e-02 4.499181823730468750e+02
2.981294512748718262e+01 2.919999999999999929e+00 4.300000146031379700e-02 6.300166015625000000e+02
2.989893531799316406e+01 2.910000000000000142e+00 4.300000146031379700e-02 6.300166015625000000e+02
3.001093554496765137e+01 2.979999999999999982e+00 4.300000146031379700e-02 5.399674072265625000e+02
3.010593914985656738e+01 2.939999999999999947e+00 4.300000146031379700e-02 4.500274658203125000e+02
3.021394252777099609e+01 2.890000000000000124e+00 4.300000146031379700e-02 5.399674072265625000e+02
3.030294370651245117e+01 2.890000000000000124e+00 4.300000146031379700e-02 5.399674072265625000e+02
3.039793825149536133e+01 2.919999999999999929e+00 4.300000146031379700e-02 5.399674072265625000e+02
3.050993633270263672e+01 2.950000000000000178e+00 4.300000146031379700e-02 5.399674072265625000e+02
3.061793684959411621e+01 2.970000000000000195e+00 4.300000146031379700e-02 5.399674072265625000e+02
3.071293830871582031e+01 2.979999999999999982e+00 4.300000146031379700e-02 5.399674072265625000e+02
3.080295014381408691e+01 2.990000000000000213e+00 4.300000146031379700e-02 3.599782714843750000e+02
3.090993738174438477e+01 2.879999999999999893e+00 4.300000146031379700e-02 1.800984191894531250e+02
3.100493669509887695e+01 2.870000000000000107e+00 4.300000146031379700e-02 3.599782714843750000e+02
3.111693644523620605e+01 2.890000000000000124e+00 4.300000146031379700e-02 4.500274658203125000e+02
3.120293951034545898e+01 2.919999999999999929e+00 4.300000146031379700e-02 3.600875549316406250e+02
3.129393672943115234e+01 2.939999999999999947e+00 4.300000146031379700e-02 4.499728393554687500e+02
3.141093754768371582e+01 2.959999999999999964e+00 4.300000146031379700e-02 5.400220947265625000e+02
3.151693701744079590e+01 2.959999999999999964e+00 4.300000146031379700e-02 6.299619750976562500e+02
3.160893702507019043e+01 2.939999999999999947e+00 4.300000146031379700e-02 5.400220947265625000e+02
3.170293855667114258e+01 2.939999999999999947e+00 4.300000146031379700e-02 4.500274658203125000e+02
3.181093454360961914e+01 2.930000000000000160e+00 4.300000146031379700e-02 3.599782714843750000e+02
3.190093684196472168e+01 2.899999999999999911e+00 4.300000146031379700e-02 4.500274658203125000e+02
3.201693606376647949e+01 2.970000000000000195e+00 4.300000146031379700e-02 1.800437774658203125e+02
3.210398435592651367e+01 2.950000000000000178e+00 4.300000146031379700e-02 8.999456787109375000e+01
3.221598243713378906e+01 2.870000000000000107e+00 4.300000146031379700e-02 0.000000000000000000e+00
3.231093668937683105e+01 2.779999999999999805e+00 4.300000146031379700e-02 1.799891357421875000e+02
3.239998173713684082e+01 2.870000000000000107e+00 4.300000146031379700e-02 3.599782714843750000e+02
3.250797533988952637e+01 2.899999999999999911e+00 4.300000146031379700e-02 4.499728393554687500e+02
3.260293936729431152e+01 2.950000000000000178e+00 4.300000146031379700e-02 3.600055847167968750e+02
3.271493434906005859e+01 2.819999999999999840e+00 4.300000146031379700e-02 5.399947509765625000e+02
3.279999327659606934e+01 2.839999999999999858e+00 4.300000146031379700e-02 6.299892578125000000e+02
3.291793489456176758e+01 2.950000000000000178e+00 4.300000146031379700e-02 5.400220947265625000e+02
3.300799822807312012e+01 2.950000000000000178e+00 4.300000146031379700e-02 6.300029296875000000e+02
3.311493611335754395e+01 2.879999999999999893e+00 4.300000146031379700e-02 5.399947509765625000e+02
3.320993733406066895e+01 2.910000000000000142e+00 4.300000146031379700e-02 4.500001525878906250e+02
3.330093789100646973e+01 2.990000000000000213e+00 4.300000146031379700e-02 2.699973754882812500e+02
3.340798377990722656e+01 2.959999999999999964e+00 4.300000146031379700e-02 2.699973754882812500e+02
3.349893689155578613e+01 2.950000000000000178e+00 4.300000146031379700e-02 2.699999084472656250e+02
3.361598396301269531e+01 2.939999999999999947e+00 4.300000146031379700e-02 2.700007934570312500e+02
3.370093536376953125e+01 2.919999999999999929e+00 4.300000146031379700e-02 3.600021667480468750e+02
3.381393694877624512e+01 2.939999999999999947e+00 4.300000146031379700e-02 4.500001525878906250e+02
3.390798282623291016e+01 2.890000000000000124e+00 4.300000146031379700e-02 5.399947509765625000e+02
3.401598763465881348e+01 2.930000000000000160e+00 4.300000146031379700e-02 2.699973754882812500e+02
3.410593843460083008e+01 2.879999999999999893e+00 4.300000146031379700e-02 4.500001525878906250e+02
3.420093655586242676e+01 2.859999999999999876e+00 4.300000146031379700e-02 6.300166015625000000e+02
3.430893445014953613e+01 2.959999999999999964e+00 4.300000146031379700e-02 2.699837036132812500e+02
3.439793395996093750e+01 2.970000000000000195e+00 4.300000146031379700e-02 1.799891357421875000e+02
3.451598739624023438e+01 2.879999999999999893e+00 4.300000146031379700e-02 1.799891357421875000e+02
3.460493803024291992e+01 2.890000000000000124e+00 4.300000146031379700e-02 2.700110473632812500e+02
3.471293926239013672e+01 2.919999999999999929e+00 4.300000146031379700e-02 3.600055847167968750e+02
3.480798530578613281e+01 2.919999999999999929e+00 4.300000146031379700e-02 2.699837036132812500e+02
3.489793443679809570e+01 2.910000000000000142e+00 4.300000146031379700e-02 2.700383605957031250e+02
3.500493931770324707e+01 2.910000000000000142e+00 4.300000146031379700e-02 2.699837036132812500e+02
3.509998297691345215e+01 2.870000000000000107e+00 4.300000146031379700e-02 2.699837036132812500e+02
3.521294045448303223e+01 2.839999999999999858e+00 4.300000146031379700e-02 8.999456787109375000e+01
3.529793548583984375e+01 2.919999999999999929e+00 4.300000146031379700e-02 0.000000000000000000e+00
3.541493511199951172e+01 2.859999999999999876e+00 4.300000146031379700e-02 8.999456787109375000e+01
3.550603103637695312e+01 2.759999999999999787e+00 4.300000146031379700e-02 0.000000000000000000e+00
3.561293482780456543e+01 2.779999999999999805e+00 4.300000146031379700e-02 0.000000000000000000e+00
3.570398354530334473e+01 2.740000000000000213e+00 4.300000146031379700e-02 0.000000000000000000e+00
3.579793715476989746e+01 2.770000000000000018e+00 4.300000146031379700e-02 0.000000000000000000e+00
3.590593504905700684e+01 2.830000000000000071e+00 4.300000146031379700e-02 0.000000000000000000e+00
3.599598813056945801e+01 3.959999999999999964e+00 4.300000146031379700e-02 0.000000000000000000e+00
3.611293649673461914e+01 4.809999999999999609e+00 1.700000092387199402e-02 -9.000003051757812500e+02
3.619893765449523926e+01 3.229999999999999982e+00 1.700000092387199402e-02 -1.259978515625000000e+03
3.631093645095825195e+01 3.140000000000000124e+00 1.700000092387199402e-02 -1.079989501953125000e+03
3.640593552589416504e+01 3.129999999999999893e+00 1.700000092387199402e-02 -1.079989501953125000e+03
3.651393747329711914e+01 3.149999999999999911e+00 1.700000092387199402e-02 -1.169997680664062500e+03
3.660293722152709961e+01 3.189999999999999947e+00 1.700000092387199402e-02 -1.079999633789062500e+03
3.669793534278869629e+01 3.100000000000000089e+00 1.700000092387199402e-02 -1.080003173828125000e+03
3.680993509292602539e+01 3.049999999999999822e+00 1.700000092387199402e-02 -1.079989501953125000e+03
3.691693854331970215e+01 3.040000000000000036e+00 1.700000092387199402e-02 -1.079989501953125000e+03
3.701293873786926270e+01 3.100000000000000089e+00 1.700000092387199402e-02 -9.900222778320312500e+02
3.710293745994567871e+01 2.970000000000000195e+00 1.700000092387199402e-02 -7.200111694335937500e+02
3.720993399620056152e+01 3.129999999999999893e+00 1.700000092387199402e-02 -7.200111694335937500e+02
3.730494070053100586e+01 3.160000000000000142e+00 1.700000092387199402e-02 -7.199565429687500000e+02
3.741693496704101562e+01 3.180000000000000160e+00 1.700000092387199402e-02 -8.100057373046875000e+02
3.750293970108032227e+01 3.080000000000000071e+00 1.700000092387199402e-02 -8.100057373046875000e+02
3.759393620491027832e+01 3.100000000000000089e+00 1.700000092387199402e-02 -5.399674072265625000e+02
3.771093630790710449e+01 3.120000000000000107e+00 1.700000092387199402e-02 -5.399674072265625000e+02
3.781693577766418457e+01 3.129999999999999893e+00 1.700000092387199402e-02 -8.100057373046875000e+02
3.790893459320068359e+01 3.200000000000000178e+00 1.700000092387199402e-02 -8.100057373046875000e+02
3.800293803215026855e+01 3.140000000000000124e+00 1.700000092387199402e-02 -6.300166015625000000e+02
3.811094188690185547e+01 3.169999999999999929e+00 1.700000092387199402e-02 -6.300166015625000000e+02
3.820093727111816406e+01 3.240000000000000213e+00 1.700000092387199402e-02 -7.199565429687500000e+02
3.831693553924560547e+01 3.200000000000000178e+00 1.700000092387199402e-02 -8.100057373046875000e+02
3.840398621559143066e+01 3.189999999999999947e+00 1.700000092387199402e-02 -6.300166015625000000e+02
3.851599001884460449e+01 3.149999999999999911e+00 1.700000092387199402e-02 -6.300166015625000000e+02
3.861094951629638672e+01 3.069999999999999840e+00 1.700000092387199402e-02 -6.300166015625000000e+02
3.869999361038208008e+01 3.149999999999999911e+00 1.700000092387199402e-02 -6.300166015625000000e+02
3.880799365043640137e+01 3.129999999999999893e+00 1.700000092387199402e-02 -5.399674072265625000e+02
3.890293931961059570e+01 3.020000000000000018e+00 1.700000092387199402e-02 -4.500274658203125000e+02
3.901493525505065918e+01 3.109999999999999876e+00 1.700000092387199402e-02 -4.500274658203125000e+02
3.909999608993530273e+01 3.180000000000000160e+00 1.700000092387199402e-02 -5.399674072265625000e+02
3.920197033882141113e+01 3.140000000000000124e+00 1.700000092387199402e-02 -6.299072875976562500e+02
3.930798268318176270e+01 3.060000000000000053e+00 1.700000092387199402e-02 -7.199565429687500000e+02
3.941493582725524902e+01 3.049999999999999822e+00 1.700000092387199402e-02 -7.199565429687500000e+02
3.950993800163269043e+01 3.080000000000000071e+00 1.700000092387199402e-02 -6.299072875976562500e+02
3.960093665122985840e+01 3.149999999999999911e+00 1.700000092387199402e-02 -7.199565429687500000e+02
3.970797657966613770e+01 3.120000000000000107e+00 1.700000092387199402e-02 -6.301258544921875000e+02
3.979893732070922852e+01 3.080000000000000071e+00 1.700000092387199402e-02 -6.299072875976562500e+02
3.991598868370056152e+01 3.009999999999999787e+00 1.700000092387199402e-02 -5.400767211914062500e+02
4.000093746185302734e+01 3.129999999999999893e+00 1.700000092387199402e-02 -6.299072875976562500e+02
4.011393809318542480e+01 3.200000000000000178e+00 1.700000092387199402e-02 -5.400767211914062500e+02
4.020798182487487793e+01 3.229999999999999982e+00 1.700000092387199402e-02 -6.299072875976562500e+02
4.031598591804504395e+01 3.189999999999999947e+00 1.700000092387199402e-02 -6.301258544921875000e+02
4.040593433380126953e+01 3.200000000000000178e+00 1.700000092387199402e-02 -8.100057373046875000e+02
4.050093364715576172e+01 3.140000000000000124e+00 1.700000092387199402e-02 -9.000549316406250000e+02
4.060893511772155762e+01 3.040000000000000036e+00 1.700000092387199402e-02 -8.100057373046875000e+02
4.069793415069580078e+01 3.100000000000000089e+00 1.700000092387199402e-02 -5.400767211914062500e+02
4.081597518920898438e+01 3.080000000000000071e+00 1.700000092387199402e-02 -4.498088989257812500e+02
4.090493512153625488e+01 3.100000000000000089e+00 1.700000092387199402e-02 -5.400767211914062500e+02
4.101294040679931641e+01 3.120000000000000107e+00 1.700000092387199402e-02 -6.299072875976562500e+02
4.110798096656799316e+01 3.160000000000000142e+00 1.700000092387199402e-02 -6.301258544921875000e+02
4.119793796539306641e+01 3.080000000000000071e+00 1.700000092387199402e-02 -6.299072875976562500e+02
4.130494070053100586e+01 3.169999999999999929e+00 1.700000092387199402e-02 -7.201751098632812500e+02
4.139998817443847656e+01 3.109999999999999876e+00 1.700000092387199402e-02 -6.299072875976562500e+02
4.151293873786926270e+01 3.049999999999999822e+00 1.700000092387199402e-02 -6.301258544921875000e+02
4.159793424606323242e+01 3.049999999999999822e+00 1.700000092387199402e-02 -3.599782714843750000e+02
4.171493649482727051e+01 3.129999999999999893e+00 1.700000092387199402e-02 -4.500274658203125000e+02
4.180593919754028320e+01 3.160000000000000142e+00 1.700000092387199402e-02 -5.400767211914062500e+02
4.191294980049133301e+01 3.120000000000000107e+00 1.700000092387199402e-02 -6.301258544921875000e+02
4.200398206710815430e+01 3.189999999999999947e+00 1.700000092387199402e-02 -8.100057373046875000e+02
4.209793376922607422e+01 3.149999999999999911e+00 1.700000092387199402e-02 -8.100057373046875000e+02
4.220593976974487305e+01 3.120000000000000107e+00 1.700000092387199402e-02 -8.996177978515625000e+02
4.230593562126159668e+01 3.149999999999999911e+00 1.700000092387199402e-02 -8.100057373046875000e+02
4.241293787956237793e+01 3.189999999999999947e+00 1.700000092387199402e-02 -6.299072875976562500e+02
4.249893426895141602e+01 3.189999999999999947e+00 1.700000092387199402e-02 -5.398581542968750000e+02
4.261093425750732422e+01 3.180000000000000160e+00 1.700000092387199402e-02 -4.502460327148437500e+02
4.270602917671203613e+01 3.200000000000000178e+00 1.700000092387199402e-02 -5.402952880859375000e+02
4.281393408775329590e+01 3.169999999999999929e+00 1.700000092387199402e-02 -8.100057373046875000e+02
4.290293717384338379e+01 3.069999999999999840e+00 1.700000092387199402e-02 -9.000549316406250000e+02
4.299793648719787598e+01 3.109999999999999876e+00 1.700000092387199402e-02 -7.199565429687500000e+02
4.310993576049804688e+01 3.029999999999999805e+00 1.700000092387199402e-02 -5.398581542968750000e+02
4.321693539619445801e+01 3.020000000000000018e+00 1.700000092387199402e-02 -7.199565429687500000e+02
4.331294178962707520e+01 3.140000000000000124e+00 1.700000092387199402e-02 -9.000549316406250000e+02
4.340293669700622559e+01 3.089999999999999858e+00 1.700000092387199402e-02 -9.901042480468750000e+02
4.350993776321411133e+01 3.040000000000000036e+00 1.700000092387199402e-02 -9.000549316406250000e+02
4.360493826866149902e+01 3.040000000000000036e+00 1.700000092387199402e-02 -8.100057373046875000e+02
4.371693611145019531e+01 3.049999999999999822e+00 1.700000092387199402e-02 -6.299072875976562500e+02
4.380294203758239746e+01 3.029999999999999805e+00 1.700000092387199402e-02 -7.199565429687500000e+02
4.389393639564514160e+01 3.100000000000000089e+00 1.700000092387199402e-02 -6.299072875976562500e+02
4.401093840599060059e+01 3.149999999999999911e+00 1.700000092387199402e-02 -5.398581542968750000e+02
4.409598350524902344e+01 3.129999999999999893e+00 1.700000092387199402e-02 -4.498088989257812500e+02
4.420893573760986328e+01 3.149999999999999911e+00 1.700000092387199402e-02 -3.597597045898437500e+02
4.430293774604797363e+01 3.229999999999999982e+00 1.700000092387199402e-02 -4.498088989257812500e+02
4.441093707084655762e+01 3.270000000000000018e+00 1.700000092387199402e-02 -7.199565429687500000e+02
4.450093841552734375e+01 3.200000000000000178e+00 1.700000092387199402e-02 -6.299072875976562500e+02
4.461793994903564453e+01 3.189999999999999947e+00 1.700000092387199402e-02 -6.299072875976562500e+02
4.470398736000061035e+01 3.109999999999999876e+00 1.700000092387199402e-02 -5.398581542968750000e+02
4.481599235534667969e+01 3.040000000000000036e+00 1.700000092387199402e-02 -3.597597045898437500e+02
4.491093611717224121e+01 3.129999999999999893e+00 1.700000092387199402e-02 -2.701476440429687500e+02
4.500893568992614746e+01 3.129999999999999893e+00 1.700000092387199402e-02 -2.701476440429687500e+02
4.510798883438110352e+01 3.169999999999999929e+00 1.700000092387199402e-02 -4.502460327148437500e+02
4.520293712615966797e+01 3.149999999999999911e+00 1.700000092387199402e-02 -4.498088989257812500e+02
4.531493520736694336e+01 3.100000000000000089e+00 1.700000092387199402e-02 -6.303444213867187500e+02
4.539997911453247070e+01 3.129999999999999893e+00 1.700000092387199402e-02 -4.502460327148437500e+02
4.551793622970581055e+01 3.060000000000000053e+00 1.700000092387199402e-02 -2.701476440429687500e+02
4.560799002647399902e+01 3.089999999999999858e+00 1.700000092387199402e-02 -2.701476440429687500e+02
4.571493482589721680e+01 3.080000000000000071e+00 1.700000092387199402e-02 -3.601968383789062500e+02
4.580995082855224609e+01 3.129999999999999893e+00 1.700000092387199402e-02 -4.498088989257812500e+02
4.590093731880187988e+01 2.919999999999999929e+00 1.700000092387199402e-02 0.000000000000000000e+00
4.600798916816711426e+01 2.729999999999999982e+00 1.700000092387199402e-02 0.000000000000000000e+00
4.609893798828125000e+01 2.779999999999999805e+00 1.700000092387199402e-02 0.000000000000000000e+00
4.621598410606384277e+01 2.200000000000000178e+00 1.700000092387199402e-02 9.004920959472656250e+01
4.630093479156494141e+01 1.340000000000000080e+00 4.300000146031379700e-02 9.000549316406250000e+02
4.641393589973449707e+01 2.779999999999999805e+00 4.300000146031379700e-02 1.169765380859375000e+03
4.650798845291137695e+01 2.970000000000000195e+00 4.300000146031379700e-02 1.170202514648437500e+03
4.661597156524658203e+01 2.890000000000000124e+00 4.300000146031379700e-02 1.079716308593750000e+03
4.670593452453613281e+01 2.979999999999999982e+00 4.300000146031379700e-02 8.100057373046875000e+02
4.680093502998352051e+01 2.939999999999999947e+00 4.300000146031379700e-02 7.199565429687500000e+02
4.690894913673400879e+01 2.930000000000000160e+00 4.300000146031379700e-02 8.100057373046875000e+02
4.699893617630004883e+01 2.970000000000000195e+00 4.300000146031379700e-02 9.901042480468750000e+02
4.711693954467773438e+01 2.990000000000000213e+00 4.300000146031379700e-02 8.100057373046875000e+02
4.720593500137329102e+01 2.959999999999999964e+00 4.300000146031379700e-02 7.199565429687500000e+02
4.731393742561340332e+01 2.919999999999999929e+00 4.300000146031379700e-02 9.000549316406250000e+02
4.740893650054931641e+01 2.879999999999999893e+00 4.300000146031379700e-02 1.170202514648437500e+03
4.749893593788146973e+01 2.910000000000000142e+00 4.300000146031379700e-02 1.080153442382812500e+03
4.760593485832214355e+01 2.910000000000000142e+00 4.300000146031379700e-02 9.901042480468750000e+02
4.770095777511596680e+01 2.950000000000000178e+00 4.300000146031379700e-02 9.000549316406250000e+02
4.781393671035766602e+01 2.959999999999999964e+00 4.300000146031379700e-02 7.199565429687500000e+02
4.789893436431884766e+01 2.910000000000000142e+00 4.300000146031379700e-02 6.299072875976562500e+02
4.801598238945007324e+01 2.879999999999999893e+00 4.300000146031379700e-02 8.100057373046875000e+02
4.810695576667785645e+01 2.910000000000000142e+00 4.300000146031379700e-02 9.896671142578125000e+02
4.821395206451416016e+01 2.870000000000000107e+00 4.300000146031379700e-02 9.896671142578125000e+02
4.830493593215942383e+01 2.950000000000000178e+00 4.300000146031379700e-02 1.259814575195312500e+03
4.839893412590026855e+01 3.009999999999999787e+00 4.300000146031379700e-02 1.169765380859375000e+03
4.850693726539611816e+01 3.009999999999999787e+00 4.300000146031379700e-02 9.901042480468750000e+02
4.859694051742553711e+01 3.049999999999999822e+00 4.300000146031379700e-02 9.000549316406250000e+02
4.871393680572509766e+01 2.990000000000000213e+00 4.300000146031379700e-02 7.201751098632812500e+02
4.879999256134033203e+01 2.959999999999999964e+00 4.300000146031379700e-02 8.100057373046875000e+02
4.891199994087219238e+01 2.939999999999999947e+00 4.300000146031379700e-02 8.100057373046875000e+02
4.900693607330322266e+01 2.910000000000000142e+00 4.300000146031379700e-02 8.100057373046875000e+02
4.911493587493896484e+01 2.930000000000000160e+00 4.300000146031379700e-02 1.079934814453125000e+03
4.920397496223449707e+01 2.979999999999999982e+00 4.300000146031379700e-02 1.079934814453125000e+03
4.929893517494201660e+01 2.950000000000000178e+00 4.300000146031379700e-02 1.080153442382812500e+03
4.941093492507934570e+01 2.990000000000000213e+00 4.300000146031379700e-02 9.000549316406250000e+02
4.951693892478942871e+01 2.910000000000000142e+00 4.300000146031379700e-02 8.100057373046875000e+02
4.961393928527832031e+01 2.910000000000000142e+00 4.300000146031379700e-02 6.299072875976562500e+02
4.970401000976562500e+01 2.950000000000000178e+00 4.300000146031379700e-02 6.301258544921875000e+02
4.981093454360961914e+01 2.899999999999999911e+00 4.300000146031379700e-02 6.299072875976562500e+02
4.990593552589416504e+01 2.850000000000000089e+00 4.300000146031379700e-02 9.000549316406250000e+02
4.999693679809570312e+01 2.899999999999999911e+00 4.300000146031379700e-02 9.898856811523437500e+02
5.010398578643798828e+01 2.939999999999999947e+00 4.300000146031379700e-02 1.079934814453125000e+03
5.019494080543518066e+01 3.020000000000000018e+00 4.300000146031379700e-02 9.901042480468750000e+02
5.031198644638061523e+01 2.939999999999999947e+00 4.300000146031379700e-02 7.199565429687500000e+02
5.039693737030029297e+01 2.919999999999999929e+00 4.300000146031379700e-02 8.100057373046875000e+02
5.050992894172668457e+01 2.890000000000000124e+00 4.300000146031379700e-02 9.000549316406250000e+02
5.060398387908935547e+01 2.910000000000000142e+00 4.300000146031379700e-02 1.169984008789062500e+03
5.071199631690979004e+01 2.930000000000000160e+00 4.300000146031379700e-02 9.899949340820312500e+02
5.080205011367797852e+01 2.910000000000000142e+00 4.300000146031379700e-02 9.899949340820312500e+02
5.089694190025329590e+01 2.950000000000000178e+00 4.300000146031379700e-02 1.170093261718750000e+03
5.100493669509887695e+01 2.899999999999999911e+00 4.300000146031379700e-02 1.440022338867187500e+03
5.111693930625915527e+01 2.970000000000000195e+00 4.300000146031379700e-02 1.259923950195312500e+03
5.121200942993164062e+01 2.990000000000000213e+00 4.300000146031379700e-02 9.899949340820312500e+02
5.130094027519226074e+01 3.049999999999999822e+00 4.300000146031379700e-02 8.100057373046875000e+02
5.140893554687500000e+01 3.009999999999999787e+00 4.300000146031379700e-02 6.300166015625000000e+02
5.150398349761962891e+01 2.950000000000000178e+00 4.300000146031379700e-02 4.500274658203125000e+02
5.161599206924438477e+01 2.910000000000000142e+00 4.300000146031379700e-02 5.399674072265625000e+02
5.170094299316406250e+01 2.930000000000000160e+00 4.300000146031379700e-02 5.399674072265625000e+02
5.181093502044677734e+01 2.959999999999999964e+00 4.300000146031379700e-02 5.399674072265625000e+02
5.190893673896789551e+01 2.930000000000000160e+00 4.300000146031379700e-02 8.100057373046875000e+02
5.201598906517028809e+01 2.930000000000000160e+00 4.300000146031379700e-02 8.100057373046875000e+02
5.211093711853027344e+01 2.959999999999999964e+00 4.300000146031379700e-02 6.300166015625000000e+02
5.220193743705749512e+01 2.950000000000000178e+00 4.300000146031379700e-02 4.499728393554687500e+02
5.230893540382385254e+01 3.000000000000000000e+00 4.300000146031379700e-02 2.700383605957031250e+02
5.239999365806579590e+01 2.959999999999999964e+00 4.300000146031379700e-02 0.000000000000000000e+00
5.251693677902221680e+01 2.859999999999999876e+00 4.300000146031379700e-02 8.999456787109375000e+01
5.260196828842163086e+01 2.879999999999999893e+00 4.300000146031379700e-02 2.700383605957031250e+02
5.271494555473327637e+01 2.870000000000000107e+00 4.300000146031379700e-02 3.600328979492187500e+02
5.280893754959106445e+01 2.959999999999999964e+00 4.300000146031379700e-02 4.500001525878906250e+02
5.291693663597106934e+01 2.839999999999999858e+00 4.300000146031379700e-02 6.300166015625000000e+02
5.300693702697753906e+01 2.779999999999999805e+00 4.300000146031379700e-02 8.100057373046875000e+02
5.310194015502929688e+01 2.910000000000000142e+00 4.300000146031379700e-02 7.200111694335937500e+02
5.320993542671203613e+01 2.990000000000000213e+00 4.300000146031379700e-02 6.300029296875000000e+02
5.329893541336059570e+01 2.950000000000000178e+00 4.300000146031379700e-02 5.399947509765625000e+02
5.341693830490112305e+01 2.950000000000000178e+00 4.300000146031379700e-02 6.299960937500000000e+02
5.350593543052673340e+01 2.930000000000000160e+00 4.300000146031379700e-02 5.399998168945312500e+02
5.361393427848815918e+01 2.950000000000000178e+00 4.300000146031379700e-02 5.400015869140625000e+02
5.370893764495849609e+01 2.959999999999999964e+00 4.300000146031379700e-02 7.199974975585937500e+02
5.379893684387207031e+01 2.910000000000000142e+00 4.300000146031379700e-02 8.099920654296875000e+02
5.390593457221984863e+01 2.910000000000000142e+00 4.300000146031379700e-02 7.199838256835937500e+02
5.400094556808471680e+01 2.990000000000000213e+00 4.300000146031379700e-02 6.299892578125000000e+02
5.411394548416137695e+01 2.939999999999999947e+00 4.300000146031379700e-02 5.399947509765625000e+02
5.419893574714660645e+01 2.930000000000000160e+00 4.300000146031379700e-02 7.200111694335937500e+02
5.431599020957946777e+01 2.919999999999999929e+00 4.300000146031379700e-02 5.399674072265625000e+02
5.440693593025207520e+01 2.939999999999999947e+00 4.300000146031379700e-02 4.500274658203125000e+02
5.451393556594848633e+01 2.910000000000000142e+00 4.300000146031379700e-02 0.000000000000000000e+00
5.460493874549865723e+01 2.799999999999999822e+00 4.300000146031379700e-02 0.000000000000000000e+00
5.469894051551818848e+01 2.799999999999999822e+00 4.300000146031379700e-02 8.999456787109375000e+01
5.480693411827087402e+01 2.879999999999999893e+00 4.300000146031379700e-02 0.000000000000000000e+00
5.489693737030029297e+01 4.459999999999999964e+00 4.300000146031379700e-02 -9.004920959472656250e+01
5.501393818855285645e+01 4.250000000000000000e+00 1.700000092387199402e-02 -1.440022338867187500e+03
5.509999060630798340e+01 3.270000000000000018e+00 1.700000092387199402e-02 -1.800000610351562500e+03
5.521199679374694824e+01 3.060000000000000053e+00 1.700000092387199402e-02 -1.800000610351562500e+03
5.530693697929382324e+01 3.089999999999999858e+00 1.700000092387199402e-02 -1.619997802734375000e+03
5.541493511199951172e+01 3.009999999999999787e+00 1.700000092387199402e-02 -1.439994995117187500e+03
5.550398707389831543e+01 2.950000000000000178e+00 1.700000092387199402e-02 -1.530016845703125000e+03
5.559893536567687988e+01 3.080000000000000071e+00 1.700000092387199402e-02 -1.530016845703125000e+03
5.571093344688415527e+01 3.029999999999999805e+00 1.700000092387199402e-02 -1.530016845703125000e+03
5.580294156074523926e+01 3.029999999999999805e+00 1.700000092387199402e-02 -1.440022338867187500e+03
5.591393899917602539e+01 3.040000000000000036e+00 1.700000092387199402e-02 -1.529962280273437500e+03
5.600398874282836914e+01 2.990000000000000213e+00 1.700000092387199402e-02 -1.529962280273437500e+03
5.611093592643737793e+01 3.109999999999999876e+00 1.700000092387199402e-02 -1.709951416015625000e+03
5.620593905448913574e+01 3.140000000000000124e+00 1.700000092387199402e-02 -1.800000610351562500e+03
5.629694223403930664e+01 2.970000000000000195e+00 1.700000092387199402e-02 -1.889940673828125000e+03
5.640399003028869629e+01 2.890000000000000124e+00 1.700000092387199402e-02 -1.620011474609375000e+03
5.649493741989135742e+01 2.990000000000000213e+00 1.700000092387199402e-02 -1.620011474609375000e+03
5.661198711395263672e+01 2.990000000000000213e+00 1.700000092387199402e-02 -1.710060668945312500e+03
5.669693827629089355e+01 3.000000000000000000e+00 1.700000092387199402e-02 -1.710060668945312500e+03
5.680993628501892090e+01 2.950000000000000178e+00 1.700000092387199402e-02 -1.529962280273437500e+03
5.690399789810180664e+01 3.089999999999999858e+00 1.700000092387199402e-02 -1.620011474609375000e+03
5.701199388504028320e+01 3.009999999999999787e+00 1.700000092387199402e-02 -1.710060668945312500e+03
5.710198402404785156e+01 2.959999999999999964e+00 1.700000092387199402e-02 -1.620011474609375000e+03
5.719694542884826660e+01 2.890000000000000124e+00 1.700000092387199402e-02 -1.439913085937500000e+03
5.730493593215942383e+01 2.959999999999999964e+00 1.700000092387199402e-02 -1.260033203125000000e+03
5.741693973541259766e+01 3.009999999999999787e+00 1.700000092387199402e-02 -1.260033203125000000e+03
5.751199388504028320e+01 3.040000000000000036e+00 1.700000092387199402e-02 -9.901042480468750000e+02
5.760093665122985840e+01 3.029999999999999805e+00 1.700000092387199402e-02 -1.169984008789062500e+03
5.770893692970275879e+01 3.089999999999999858e+00 1.700000092387199402e-02 -1.350301025390625000e+03
5.780398011207580566e+01 3.080000000000000071e+00 1.700000092387199402e-02 -1.170202514648437500e+03
5.791598725318908691e+01 3.149999999999999911e+00 1.700000092387199402e-02 -1.169765380859375000e+03
5.800093579292297363e+01 3.129999999999999893e+00 1.700000092387199402e-02 -1.259814575195312500e+03
5.809598660469055176e+01 3.089999999999999858e+00 1.700000092387199402e-02 -1.439913085937500000e+03
5.820893907546997070e+01 3.049999999999999822e+00 1.700000092387199402e-02 -1.620011474609375000e+03
5.831598639488220215e+01 2.970000000000000195e+00 1.700000092387199402e-02 -1.529962280273437500e+03
5.841094064712524414e+01 2.930000000000000160e+00 1.700000092387199402e-02 -1.439913085937500000e+03
5.850199723243713379e+01 2.930000000000000160e+00 1.700000092387199402e-02 -1.169765380859375000e+03
5.860893821716308594e+01 3.000000000000000000e+00 1.700000092387199402e-02 -1.259814575195312500e+03
5.869999074935913086e+01 2.919999999999999929e+00 1.700000092387199402e-02 -9.901042480468750000e+02
5.881694006919860840e+01 3.069999999999999840e+00 1.700000092387199402e-02 -8.100057373046875000e+02
5.890194058418273926e+01 3.140000000000000124e+00 1.700000092387199402e-02 -7.199565429687500000e+02
5.901493597030639648e+01 3.189999999999999947e+00 1.700000092387199402e-02 -8.100057373046875000e+02
5.910893559455871582e+01 3.160000000000000142e+00 1.700000092387199402e-02 -9.000549316406250000e+02
5.921693754196166992e+01 3.140000000000000124e+00 1.700000092387199402e-02 -9.901042480468750000e+02
5.930693483352661133e+01 3.020000000000000018e+00 1.700000092387199402e-02 -8.100057373046875000e+02
5.940193724632263184e+01 3.040000000000000036e+00 1.700000092387199402e-02 -6.299072875976562500e+02
5.950993776321411133e+01 3.040000000000000036e+00 1.700000092387199402e-02 -7.199565429687500000e+02
5.959893536567687988e+01 3.149999999999999911e+00 1.700000092387199402e-02 -9.000549316406250000e+02
5.971693706512451172e+01 3.040000000000000036e+00 1.700000092387199402e-02 -8.996177978515625000e+02
5.980593419075012207e+01 2.520000000000000018e+00 1.700000092387199402e-02 0.000000000000000000e+00
5.991393661499023438e+01 2.120000000000000107e+00 1.700000092387199402e-02 0.000000000000000000e+00
6.000893855094909668e+01 2.060000000000000053e+00 1.700000092387199402e-02 0.000000000000000000e+00
6.009894013404846191e+01 1.590000000000000080e+00 1.700000092387199402e-02 0.000000000000000000e+00
6.020593619346618652e+01 1.020000000000000018e+00 4.300000146031379700e-02 1.080153442382812500e+03
6.030093693733215332e+01 2.770000000000000018e+00 4.300000146031379700e-02 1.529962280273437500e+03
6.041393661499023438e+01 2.850000000000000089e+00 4.300000146031379700e-02 1.620011474609375000e+03
6.049894571304321289e+01 2.950000000000000178e+00 4.300000146031379700e-02 1.529962280273437500e+03
6.061598634719848633e+01 2.990000000000000213e+00 4.300000146031379700e-02 1.439913085937500000e+03
6.070693635940551758e+01 3.040000000000000036e+00 4.300000146031379700e-02 1.439913085937500000e+03
6.081393599510192871e+01 2.939999999999999947e+00 4.300000146031379700e-02 1.529962280273437500e+03
6.090493941307067871e+01 2.939999999999999947e+00 4.300000146031379700e-02 1.710060668945312500e+03
6.099893951416015625e+01 2.950000000000000178e+00 4.300000146031379700e-02 1.529962280273437500e+03
6.110693788528442383e+01 2.959999999999999964e+00 4.300000146031379700e-02 1.530399414062500000e+03
6.119693708419799805e+01 2.959999999999999964e+00 4.300000146031379700e-02 1.800109863281250000e+03
6.131393599510192871e+01 2.890000000000000124e+00 4.300000146031379700e-02 1.800109863281250000e+03
6.139998364448547363e+01 2.959999999999999964e+00 4.300000146031379700e-02 1.890159179687500000e+03
6.151200389862060547e+01 3.040000000000000036e+00 4.300000146031379700e-02 1.890159179687500000e+03
6.160693883895874023e+01 3.000000000000000000e+00 4.300000146031379700e-02 1.979989868164062500e+03
6.171494746208190918e+01 2.959999999999999964e+00 4.300000146031379700e-02 2.070039062500000000e+03
6.180398917198181152e+01 3.020000000000000018e+00 4.300000146031379700e-02 1.889940673828125000e+03
6.189893603324890137e+01 3.020000000000000018e+00 4.300000146031379700e-02 1.799891357421875000e+03
6.201093697547912598e+01 3.029999999999999805e+00 4.300000146031379700e-02 1.620011474609375000e+03
6.211200094223022461e+01 2.990000000000000213e+00 4.300000146031379700e-02 1.439913085937500000e+03
6.221393656730651855e+01 2.970000000000000195e+00 4.300000146031379700e-02 1.349863891601562500e+03
6.230399060249328613e+01 2.950000000000000178e+00 4.300000146031379700e-02 1.529962280273437500e+03
6.241093444824218750e+01 3.009999999999999787e+00 4.300000146031379700e-02 1.529962280273437500e+03
6.250593781471252441e+01 2.930000000000000160e+00 4.300000146031379700e-02 1.529962280273437500e+03
6.259693741798400879e+01 2.979999999999999982e+00 4.300000146031379700e-02 1.620011474609375000e+03
6.270399117469787598e+01 2.950000000000000178e+00 4.300000146031379700e-02 1.529962280273437500e+03
6.279493546485900879e+01 2.990000000000000213e+00 4.300000146031379700e-02 1.529962280273437500e+03
6.291206216812133789e+01 2.970000000000000195e+00 4.300000146031379700e-02 1.529962280273437500e+03
6.299694156646728516e+01 2.990000000000000213e+00 4.300000146031379700e-02 1.620011474609375000e+03
6.310993695259094238e+01 2.990000000000000213e+00 4.300000146031379700e-02 1.440022338867187500e+03
6.320398020744323730e+01 3.009999999999999787e+00 4.300000146031379700e-02 1.530071533203125000e+03
6.331199622154235840e+01 2.970000000000000195e+00 4.300000146031379700e-02 1.620011474609375000e+03
6.340194129943847656e+01 2.990000000000000213e+00 4.300000146031379700e-02 1.439967651367187500e+03
6.349693942070007324e+01 3.000000000000000000e+00 4.300000146031379700e-02 1.349973144531250000e+03
6.360493636131286621e+01 3.009999999999999787e+00 4.300000146031379700e-02 1.350000488281250000e+03
6.371694231033325195e+01 2.899999999999999911e+00 4.300000146031379700e-02 1.439994995117187500e+03
6.381199574470520020e+01 2.990000000000000213e+00 4.300000146031379700e-02 1.169997680664062500e+03
6.390093612670898438e+01 2.990000000000000213e+00 4.300000146031379700e-02 1.259999145507812500e+03
6.400893735885620117e+01 2.990000000000000213e+00 4.300000146031379700e-02 1.259999145507812500e+03
6.410398697853088379e+01 2.970000000000000195e+00 4.300000146031379700e-02 1.169997680664062500e+03
6.421598720550537109e+01 3.009999999999999787e+00 4.300000146031379700e-02 1.080016845703125000e+03
6.430097007751464844e+01 2.990000000000000213e+00 4.300000146031379700e-02 1.080016845703125000e+03
6.440293526649475098e+01 2.939999999999999947e+00 4.300000146031379700e-02 1.079989501953125000e+03
6.450893568992614746e+01 3.100000000000000089e+00 4.300000146031379700e-02 0.000000000000000000e+00
6.461598753929138184e+01 2.990000000000000213e+00 4.300000146031379700e-02 0.000000000000000000e+00
6.471094036102294922e+01 3.029999999999999805e+00 4.300000146031379700e-02 0.000000000000000000e+00
6.480194377899169922e+01 2.879999999999999893e+00 4.300000146031379700e-02 0.000000000000000000e+00
6.490893673896789551e+01 2.899999999999999911e+00 4.300000146031379700e-02 0.000000000000000000e+00
6.499998974800109863e+01 2.899999999999999911e+00 4.300000146031379700e-02 0.000000000000000000e+00
6.511599230766296387e+01 2.819999999999999840e+00 4.300000146031379700e-02 0.000000000000000000e+00
6.520194387435913086e+01 2.790000000000000036e+00 4.300000146031379700e-02 0.000000000000000000e+00
6.531493759155273438e+01 2.770000000000000018e+00 4.300000146031379700e-02 0.000000000000000000e+00
6.540893554687500000e+01 2.770000000000000018e+00 4.300000146031379700e-02 0.000000000000000000e+00
6.551693606376647949e+01 2.759999999999999787e+00 4.300000146031379700e-02 0.000000000000000000e+00
6.560693573951721191e+01 2.750000000000000000e+00 4.300000146031379700e-02 0.000000000000000000e+00
6.570193719863891602e+01 2.750000000000000000e+00 4.300000146031379700e-02 0.000000000000000000e+00
6.580993556976318359e+01 2.740000000000000213e+00 4.300000146031379700e-02 0.000000000000000000e+00
6.589893507957458496e+01 2.709999999999999964e+00 4.300000146031379700e-02 0.000000000000000000e+00
6.601693797111511230e+01 2.700000000000000178e+00 4.300000146031379700e-02 0.000000000000000000e+00
6.610593748092651367e+01 2.689999999999999947e+00 4.300000146031379700e-02 0.000000000000000000e+00
6.621393847465515137e+01 2.689999999999999947e+00 4.300000146031379700e-02 0.000000000000000000e+00
