8.600044250488281250e-02 7.160000000000000142e+00 6.800000369548797607e-02 0.000000000000000000e+00
1.710495948791503906e-01 7.440000000000000391e+00 6.800000369548797607e-02 0.000000000000000000e+00
2.769966125488281250e-01 7.709999999999999964e+00 6.800000369548797607e-02 0.000000000000000000e+00
3.670444488525390625e-01 8.099999999999999645e+00 6.800000369548797607e-02 0.000000000000000000e+00
4.741075038909912109e-01 8.380000000000000782e+00 3.200000151991844177e-02 -6.299619750976562500e+02
5.849971771240234375e-01 5.980000000000000426e+00 3.200000151991844177e-02 -5.400220947265625000e+02
6.809940338134765625e-01 4.660000000000000142e+00 3.200000151991844177e-02 0.000000000000000000e+00
7.710473537445068359e-01 4.889999999999999680e+00 3.200000151991844177e-02 0.000000000000000000e+00
8.790395259857177734e-01 5.139999999999999680e+00 3.200000151991844177e-02 -6.300166015625000000e+02
9.730057716369628906e-01 4.929999999999999716e+00 3.200000151991844177e-02 -4.500001525878906250e+02
1.063996791839599609e+00 4.870000000000000107e+00 3.200000151991844177e-02 -1.799891357421875000e+02
1.171046972274780273e+00 5.040000000000000036e+00 3.200000151991844177e-02 0.000000000000000000e+00
1.261994838714599609e+00 5.299999999999999822e+00 3.200000151991844177e-02 -8.999456787109375000e+01
1.379042625427246094e+00 5.150000000000000355e+00 3.200000151991844177e-02 -2.700110473632812500e+02
1.471046447753906250e+00 4.990000000000000213e+00 3.200000151991844177e-02 -1.800164489746093750e+02
1.576996803283691406e+00 5.030000000000000249e+00 3.200000151991844177e-02 -3.600055847167968750e+02
1.671042203903198242e+00 5.040000000000000036e+00 3.200000151991844177e-02 -4.500001525878906250e+02
1.779032707214355469e+00 4.929999999999999716e+00 3.200000151991844177e-02 -3.600055847167968750e+02
1.868994474411010742e+00 5.030000000000000249e+00 3.200000151991844177e-02 -3.599919128417968750e+02
1.985994338989257812e+00 4.980000000000000426e+00 3.200000151991844177e-02 -2.699973754882812500e+02
2.071994781494140625e+00 4.950000000000000178e+00 3.200000151991844177e-02 -2.699973754882812500e+02
2.184000015258789062e+00 5.099999999999999645e+00 3.200000151991844177e-02 -1.800027923583984375e+02
2.279045581817626953e+00 5.089999999999999858e+00 3.200000151991844177e-02 0.000000000000000000e+00
2.367999076843261719e+00 5.379999999999999893e+00 3.200000151991844177e-02 0.000000000000000000e+00
2.475996017456054688e+00 5.280000000000000249e+00 3.200000151991844177e-02 -1.799993743896484375e+02
2.571044921875000000e+00 5.139999999999999680e+00 3.200000151991844177e-02 -3.599996337890625000e+02
2.683085918426513672e+00 5.000000000000000000e+00 3.200000151991844177e-02 -1.800010833740234375e+02
2.768994569778442383e+00 5.070000000000000284e+00 3.200000151991844177e-02 -2.700007934570312500e+02
2.885997533798217773e+00 5.070000000000000284e+00 3.200000151991844177e-02 -5.400015869140625000e+02
2.975998640060424805e+00 4.980000000000000426e+00 3.200000151991844177e-02 -5.400084228515625000e+02
3.084000825881958008e+00 4.889999999999999680e+00 3.200000151991844177e-02 -5.399947509765625000e+02
3.177994966506958008e+00 4.839999999999999858e+00 3.200000151991844177e-02 -4.500001525878906250e+02
3.268995523452758789e+00 4.839999999999999858e+00 3.200000151991844177e-02 -4.500001525878906250e+02
3.375995635986328125e+00 4.919999999999999929e+00 3.200000151991844177e-02 -3.599782714843750000e+02
3.467042684555053711e+00 4.910000000000000142e+00 3.200000151991844177e-02 -2.700110473632812500e+02
3.584000587463378906e+00 4.879999999999999893e+00 3.200000151991844177e-02 -2.700110473632812500e+02
3.668995141983032227e+00 4.919999999999999929e+00 3.200000151991844177e-02 -3.600055847167968750e+02
3.782004356384277344e+00 4.820000000000000284e+00 3.200000151991844177e-02 -4.500001525878906250e+02
3.875996351242065430e+00 4.769999999999999574e+00 3.200000151991844177e-02 -2.699837036132812500e+02
3.983999252319335938e+00 4.870000000000000107e+00 3.200000151991844177e-02 -1.799891357421875000e+02
4.073997497558593750e+00 4.980000000000000426e+00 3.200000151991844177e-02 -2.700383605957031250e+02
4.168995857238769531e+00 4.940000000000000391e+00 3.200000151991844177e-02 -1.800437774658203125e+02
4.276996135711669922e+00 4.959999999999999964e+00 3.200000151991844177e-02 -2.699837036132812500e+02
4.365994453430175781e+00 4.910000000000000142e+00 3.200000151991844177e-02 -3.600328979492187500e+02
4.484001159667968750e+00 4.910000000000000142e+00 3.200000151991844177e-02 -5.399674072265625000e+02
4.573004245758056641e+00 4.879999999999999893e+00 3.200000151991844177e-02 -3.599782714843750000e+02
4.680996179580688477e+00 4.910000000000000142e+00 3.200000151991844177e-02 -2.699837036132812500e+02
4.775998830795288086e+00 4.839999999999999858e+00 3.200000151991844177e-02 -3.600328979492187500e+02
4.865998744964599609e+00 4.940000000000000391e+00 3.200000151991844177e-02 -2.700383605957031250e+02
4.973997116088867188e+00 4.959999999999999964e+00 3.200000151991844177e-02 -3.599782714843750000e+02
5.067998170852661133e+00 4.929999999999999716e+00 3.200000151991844177e-02 -3.599782714843750000e+02
5.180998563766479492e+00 4.959999999999999964e+00 3.200000151991844177e-02 -3.599782714843750000e+02
5.265994548797607422e+00 4.900000000000000355e+00 3.200000151991844177e-02 -3.599782714843750000e+02
5.383045673370361328e+00 4.910000000000000142e+00 3.200000151991844177e-02 -4.500274658203125000e+02
5.495994567871093750e+00 4.929999999999999716e+00 3.200000151991844177e-02 -4.500274658203125000e+02
5.604002714157104492e+00 4.969999999999999751e+00 3.200000151991844177e-02 -4.500274658203125000e+02
5.698086500167846680e+00 4.910000000000000142e+00 3.200000151991844177e-02 -4.500274658203125000e+02
5.788995265960693359e+00 5.009999999999999787e+00 3.200000151991844177e-02 -4.500274658203125000e+02
5.895997047424316406e+00 5.019999999999999574e+00 3.200000151991844177e-02 -4.500274658203125000e+02
5.987037658691406250e+00 5.059999999999999609e+00 3.200000151991844177e-02 -4.500274658203125000e+02
6.103999853134155273e+00 5.070000000000000284e+00 3.200000151991844177e-02 -3.599782714843750000e+02
6.188995361328125000e+00 4.980000000000000426e+00 3.200000151991844177e-02 -9.004920959472656250e+01
6.301995038986206055e+00 5.169999999999999929e+00 3.200000151991844177e-02 0.000000000000000000e+00
6.395998954772949219e+00 5.719999999999999751e+00 3.200000151991844177e-02 0.000000000000000000e+00
6.504012346267700195e+00 5.730000000000000426e+00 3.200000151991844177e-02 0.000000000000000000e+00
6.593989133834838867e+00 5.820000000000000284e+00 3.200000151991844177e-02 0.000000000000000000e+00
6.688995122909545898e+00 5.830000000000000071e+00 3.200000151991844177e-02 -1.799891357421875000e+02
6.796995401382446289e+00 5.150000000000000355e+00 3.200000151991844177e-02 -5.399674072265625000e+02
6.885996103286743164e+00 4.959999999999999964e+00 3.200000151991844177e-02 -3.599782714843750000e+02
7.004001617431640625e+00 4.990000000000000213e+00 3.200000151991844177e-02 -4.499181823730468750e+02
7.092998027801513672e+00 4.969999999999999751e+00 3.200000151991844177e-02 -6.300166015625000000e+02
7.200998306274414062e+00 4.889999999999999680e+00 3.200000151991844177e-02 -7.199565429687500000e+02
7.295999765396118164e+00 4.849999999999999645e+00 3.200000151991844177e-02 -6.300166015625000000e+02
7.385997056961059570e+00 4.790000000000000036e+00 3.200000151991844177e-02 -7.199565429687500000e+02
7.494000673294067383e+00 4.879999999999999893e+00 3.200000151991844177e-02 -7.200657958984375000e+02
7.587997198104858398e+00 4.809999999999999609e+00 3.200000151991844177e-02 -6.301258544921875000e+02
7.700997591018676758e+00 4.799999999999999822e+00 3.200000151991844177e-02 -7.199565429687500000e+02
7.785996675491333008e+00 4.769999999999999574e+00 3.200000151991844177e-02 -6.299072875976562500e+02
7.903044462203979492e+00 4.750000000000000000e+00 3.200000151991844177e-02 -6.299072875976562500e+02
7.993999719619750977e+00 4.839999999999999858e+00 3.200000151991844177e-02 -5.398581542968750000e+02
8.100996732711791992e+00 4.929999999999999716e+00 3.200000151991844177e-02 -6.299072875976562500e+02
8.191997051239013672e+00 4.849999999999999645e+00 3.200000151991844177e-02 -6.299072875976562500e+02
8.285998821258544922e+00 4.830000000000000071e+00 3.200000151991844177e-02 -5.398581542968750000e+02
8.394000291824340820e+00 4.809999999999999609e+00 3.200000151991844177e-02 -6.301258544921875000e+02
8.483999490737915039e+00 4.900000000000000355e+00 3.200000151991844177e-02 -7.201751098632812500e+02
8.600995779037475586e+00 4.969999999999999751e+00 3.200000151991844177e-02 -7.199565429687500000e+02
8.687050342559814453e+00 5.009999999999999787e+00 3.200000151991844177e-02 -6.299072875976562500e+02
8.799043655395507812e+00 4.950000000000000178e+00 3.200000151991844177e-02 -6.299072875976562500e+02
8.894005298614501953e+00 4.969999999999999751e+00 3.200000151991844177e-02 -6.301258544921875000e+02
9.001997470855712891e+00 4.879999999999999893e+00 3.200000151991844177e-02 -6.301258544921875000e+02
9.091042280197143555e+00 4.820000000000000284e+00 3.200000151991844177e-02 -6.299072875976562500e+02
9.185995340347290039e+00 4.839999999999999858e+00 3.200000151991844177e-02 -5.400767211914062500e+02
9.297994852066040039e+00 4.860000000000000320e+00 3.200000151991844177e-02 -4.500274658203125000e+02
9.405994653701782227e+00 4.860000000000000320e+00 3.200000151991844177e-02 -4.500274658203125000e+02
9.500995159149169922e+00 4.839999999999999858e+00 3.200000151991844177e-02 -5.400767211914062500e+02
9.591042995452880859e+00 4.870000000000000107e+00 3.200000151991844177e-02 -5.400767211914062500e+02
9.699042558670043945e+00 4.879999999999999893e+00 3.200000151991844177e-02 -5.400767211914062500e+02
9.793044090270996094e+00 4.839999999999999858e+00 3.200000151991844177e-02 -6.299072875976562500e+02
9.905996084213256836e+00 4.839999999999999858e+00 3.200000151991844177e-02 -5.400767211914062500e+02
9.991046190261840820e+00 4.809999999999999609e+00 3.200000151991844177e-02 -4.498088989257812500e+02
1.008199715614318848e+01 4.799999999999999822e+00 3.200000151991844177e-02 -4.500274658203125000e+02
1.019905161857604980e+01 4.839999999999999858e+00 3.200000151991844177e-02 -3.599782714843750000e+02
1.030599355697631836e+01 4.830000000000000071e+00 3.200000151991844177e-02 -3.599782714843750000e+02
1.039699554443359375e+01 4.870000000000000107e+00 3.200000151991844177e-02 -3.599782714843750000e+02
1.049105024337768555e+01 4.860000000000000320e+00 3.200000151991844177e-02 -3.599782714843750000e+02
1.059903573989868164e+01 4.839999999999999858e+00 3.200000151991844177e-02 -2.701476440429687500e+02
1.068899512290954590e+01 4.969999999999999751e+00 3.200000151991844177e-02 -2.699290771484375000e+02
1.080599617958068848e+01 4.969999999999999751e+00 3.200000151991844177e-02 -9.004920959472656250e+01
1.089200210571289062e+01 5.089999999999999858e+00 3.200000151991844177e-02 -1.798798522949218750e+02
1.100400352478027344e+01 5.009999999999999787e+00 3.200000151991844177e-02 -3.599782714843750000e+02
1.109906005859375000e+01 4.969999999999999751e+00 3.200000151991844177e-02 -3.599782714843750000e+02
1.118799805641174316e+01 4.950000000000000178e+00 3.200000151991844177e-02 -3.599782714843750000e+02
1.129599928855895996e+01 4.940000000000000391e+00 3.200000151991844177e-02 -5.398581542968750000e+02
1.139105224609375000e+01 5.019999999999999574e+00 3.200000151991844177e-02 -7.199565429687500000e+02
1.150305080413818359e+01 4.969999999999999751e+00 3.200000151991844177e-02 -6.303444213867187500e+02
1.158899641036987305e+01 4.969999999999999751e+00 3.200000151991844177e-02 -7.199565429687500000e+02
1.170499658584594727e+01 5.019999999999999574e+00 3.200000151991844177e-02 -8.100057373046875000e+02
1.179599690437316895e+01 4.889999999999999680e+00 3.200000151991844177e-02 -8.996177978515625000e+02
1.190400099754333496e+01 4.900000000000000355e+00 3.200000151991844177e-02 -8.100057373046875000e+02
1.199799513816833496e+01 4.769999999999999574e+00 3.200000151991844177e-02 -3.601968383789062500e+02
1.208899402618408203e+01 4.809999999999999609e+00 3.200000151991844177e-02 -2.697105102539062500e+02
1.219599580764770508e+01 4.929999999999999716e+00 3.200000151991844177e-02 -3.601968383789062500e+02
1.228704643249511719e+01 4.980000000000000426e+00 3.200000151991844177e-02 -1.800984191894531250e+02
1.240399956703186035e+01 4.919999999999999929e+00 3.200000151991844177e-02 -5.398581542968750000e+02
1.248899722099304199e+01 4.969999999999999751e+00 3.200000151991844177e-02 -7.199565429687500000e+02
1.260199713706970215e+01 4.809999999999999609e+00 3.200000151991844177e-02 -8.100057373046875000e+02
1.269599771499633789e+01 4.719999999999999751e+00 3.200000151991844177e-02 -6.299072875976562500e+02
1.280400300025939941e+01 4.690000000000000391e+00 3.200000151991844177e-02 -2.697105102539062500e+02
1.289400339126586914e+01 4.870000000000000107e+00 3.200000151991844177e-02 -8.961207580566406250e+01
1.298899698257446289e+01 5.049999999999999822e+00 3.200000151991844177e-02 -3.601968383789062500e+02
1.309699559211730957e+01 4.959999999999999964e+00 3.200000151991844177e-02 -3.597597045898437500e+02
1.318599605560302734e+01 4.860000000000000320e+00 3.200000151991844177e-02 -4.502460327148437500e+02
1.330400133132934570e+01 4.870000000000000107e+00 3.200000151991844177e-02 -7.199565429687500000e+02
1.339301848411560059e+01 4.929999999999999716e+00 3.200000151991844177e-02 -7.199565429687500000e+02
1.350099635124206543e+01 4.879999999999999893e+00 3.200000151991844177e-02 -6.299072875976562500e+02
1.359599852561950684e+01 4.750000000000000000e+00 3.200000151991844177e-02 -5.398581542968750000e+02
1.368599724769592285e+01 4.849999999999999645e+00 3.200000151991844177e-02 -3.601968383789062500e+02
1.379400038719177246e+01 4.919999999999999929e+00 3.200000151991844177e-02 -2.701476440429687500e+02
1.388799691200256348e+01 5.019999999999999574e+00 3.200000151991844177e-02 -1.800984191894531250e+02
1.400100159645080566e+01 4.969999999999999751e+00 3.200000151991844177e-02 -1.800984191894531250e+02
1.408599996566772461e+01 5.250000000000000000e+00 3.200000151991844177e-02 -1.800984191894531250e+02
1.420306181907653809e+01 5.190000000000000391e+00 3.200000151991844177e-02 -5.398581542968750000e+02
1.429399847984313965e+01 5.099999999999999645e+00 3.200000151991844177e-02 -5.402952880859375000e+02
1.440099525451660156e+01 5.030000000000000249e+00 3.200000151991844177e-02 -3.601968383789062500e+02
1.449199771881103516e+01 5.019999999999999574e+00 3.200000151991844177e-02 -3.597597045898437500e+02
1.458599567413330078e+01 5.070000000000000284e+00 3.200000151991844177e-02 -4.498088989257812500e+02
1.469399738311767578e+01 5.059999999999999609e+00 3.200000151991844177e-02 -4.502460327148437500e+02
1.478400015830993652e+01 4.969999999999999751e+00 3.200000151991844177e-02 -5.402952880859375000e+02
1.490099406242370605e+01 4.950000000000000178e+00 3.200000151991844177e-02 -5.402952880859375000e+02
1.498703837394714355e+01 4.860000000000000320e+00 3.200000151991844177e-02 -3.601968383789062500e+02
1.509904456138610840e+01 4.889999999999999680e+00 3.200000151991844177e-02 -9.004920959472656250e+01
1.519400048255920410e+01 5.080000000000000071e+00 3.200000151991844177e-02 -2.697105102539062500e+02
1.530199861526489258e+01 4.969999999999999751e+00 3.200000151991844177e-02 -5.398581542968750000e+02
1.539104795455932617e+01 4.940000000000000391e+00 3.200000151991844177e-02 -6.299072875976562500e+02
1.548599648475646973e+01 4.780000000000000249e+00 3.200000151991844177e-02 -4.502460327148437500e+02
1.559799885749816895e+01 4.860000000000000320e+00 3.200000151991844177e-02 -1.800984191894531250e+02
1.570600748062133789e+01 4.969999999999999751e+00 3.200000151991844177e-02 -2.701476440429687500e+02
1.580099511146545410e+01 4.959999999999999964e+00 3.200000151991844177e-02 -1.796612854003906250e+02
1.589104056358337402e+01 4.929999999999999716e+00 3.200000151991844177e-02 -3.597597045898437500e+02
1.599904370307922363e+01 4.870000000000000107e+00 3.200000151991844177e-02 -3.601968383789062500e+02
1.609300351142883301e+01 4.809999999999999609e+00 3.200000151991844177e-02 -2.701476440429687500e+02
1.620600485801696777e+01 4.769999999999999574e+00 3.200000151991844177e-02 0.000000000000000000e+00
1.629103803634643555e+01 5.099999999999999645e+00 3.200000151991844177e-02 0.000000000000000000e+00
1.638199710845947266e+01 4.929999999999999716e+00 3.200000151991844177e-02 0.000000000000000000e+00
1.649905395507812500e+01 5.009999999999999787e+00 3.200000151991844177e-02 0.000000000000000000e+00
1.660601687431335449e+01 4.959999999999999964e+00 3.200000151991844177e-02 0.000000000000000000e+00
1.669699549674987793e+01 4.639999999999999680e+00 3.200000151991844177e-02 0.000000000000000000e+00
1.679104185104370117e+01 4.200000000000000178e+00 3.200000151991844177e-02 0.000000000000000000e+00
1.689904189109802246e+01 3.740000000000000213e+00 3.200000151991844177e-02 0.000000000000000000e+00
1.698899507522583008e+01 3.390000000000000124e+00 3.200000151991844177e-02 0.000000000000000000e+00
1.710600757598876953e+01 3.209999999999999964e+00 3.200000151991844177e-02 0.000000000000000000e+00
1.719198846817016602e+01 2.919999999999999929e+00 3.200000151991844177e-02 0.000000000000000000e+00
1.730400753021240234e+01 2.759999999999999787e+00 3.200000151991844177e-02 0.000000000000000000e+00
1.739904689788818359e+01 2.689999999999999947e+00 3.200000151991844177e-02 0.000000000000000000e+00
1.749799466133117676e+01 2.359999999999999876e+00 3.200000151991844177e-02 0.000000000000000000e+00
1.759600615501403809e+01 2.169999999999999929e+00 3.200000151991844177e-02 0.000000000000000000e+00
1.769105529785156250e+01 2.890000000000000124e+00 6.800000369548797607e-02 6.299072875976562500e+02
1.780304217338562012e+01 5.030000000000000249e+00 6.800000369548797607e-02 3.601968383789062500e+02
1.788899469375610352e+01 4.959999999999999964e+00 6.800000369548797607e-02 0.000000000000000000e+00
1.800600266456604004e+01 4.690000000000000391e+00 6.800000369548797607e-02 9.004920959472656250e+01
1.809599637985229492e+01 4.669999999999999929e+00 6.800000369548797607e-02 2.701476440429687500e+02
1.820399856567382812e+01 4.910000000000000142e+00 6.800000369548797607e-02 1.796612854003906250e+02
1.829799652099609375e+01 4.919999999999999929e+00 6.800000369548797607e-02 2.701476440429687500e+02
1.838899707794189453e+01 4.839999999999999858e+00 6.800000369548797607e-02 9.004920959472656250e+01
1.849599742889404297e+01 4.830000000000000071e+00 6.800000369548797607e-02 3.597597045898437500e+02
1.858704614639282227e+01 4.929999999999999716e+00 6.800000369548797607e-02 5.402952880859375000e+02
1.870399928092956543e+01 5.000000000000000000e+00 6.800000369548797607e-02 6.299072875976562500e+02
1.878899502754211426e+01 5.000000000000000000e+00 6.800000369548797607e-02 5.398581542968750000e+02
1.890199851989746094e+01 5.110000000000000320e+00 6.800000369548797607e-02 3.601968383789062500e+02
1.899599599838256836e+01 5.059999999999999609e+00 6.800000369548797607e-02 2.697105102539062500e+02
1.910400295257568359e+01 4.990000000000000213e+00 6.800000369548797607e-02 2.701476440429687500e+02
1.919400382041931152e+01 4.950000000000000178e+00 6.800000369548797607e-02 1.800984191894531250e+02
1.928899836540222168e+01 4.900000000000000355e+00 6.800000369548797607e-02 1.800984191894531250e+02
1.939699649810791016e+01 4.900000000000000355e+00 6.800000369548797607e-02 3.601968383789062500e+02
1.948599767684936523e+01 4.959999999999999964e+00 6.800000369548797607e-02 4.498088989257812500e+02
1.960399961471557617e+01 5.049999999999999822e+00 6.800000369548797607e-02 3.597597045898437500e+02
1.969299912452697754e+01 5.139999999999999680e+00 6.800000369548797607e-02 2.697105102539062500e+02
1.980099582672119141e+01 5.089999999999999858e+00 6.800000369548797607e-02 2.701476440429687500e+02
1.989599800109863281e+01 5.040000000000000036e+00 6.800000369548797607e-02 7.199565429687500000e+02
1.998600006103515625e+01 5.120000000000000107e+00 6.800000369548797607e-02 8.100057373046875000e+02
2.009399986267089844e+01 5.099999999999999645e+00 6.800000369548797607e-02 6.299072875976562500e+02
2.018799924850463867e+01 5.089999999999999858e+00 6.800000369548797607e-02 8.100057373046875000e+02
2.030099773406982422e+01 5.080000000000000071e+00 6.800000369548797607e-02 7.199565429687500000e+02
2.038599801063537598e+01 5.040000000000000036e+00 6.800000369548797607e-02 8.100057373046875000e+02
2.050304365158081055e+01 5.040000000000000036e+00 6.800000369548797607e-02 8.100057373046875000e+02
2.059400177001953125e+01 5.030000000000000249e+00 6.800000369548797607e-02 8.100057373046875000e+02
2.070099544525146484e+01 5.040000000000000036e+00 6.800000369548797607e-02 7.199565429687500000e+02
2.079200959205627441e+01 5.120000000000000107e+00 6.800000369548797607e-02 6.299072875976562500e+02
2.088599777221679688e+01 5.070000000000000284e+00 6.800000369548797607e-02 3.597597045898437500e+02
2.099399828910827637e+01 4.969999999999999751e+00 6.800000369548797607e-02 1.800984191894531250e+02
2.110704827308654785e+01 4.900000000000000355e+00 6.800000369548797607e-02 9.004920959472656250e+01
2.120099496841430664e+01 4.860000000000000320e+00 6.800000369548797607e-02 2.697105102539062500e+02
2.128705310821533203e+01 4.959999999999999964e+00 6.800000369548797607e-02 2.701476440429687500e+02
2.139904165267944336e+01 4.959999999999999964e+00 6.800000369548797607e-02 3.601968383789062500e+02
2.149399828910827637e+01 5.000000000000000000e+00 6.800000369548797607e-02 3.601968383789062500e+02
2.160199713706970215e+01 5.009999999999999787e+00 6.800000369548797607e-02 3.597597045898437500e+02
2.169104886054992676e+01 5.000000000000000000e+00 6.800000369548797607e-02 5.402952880859375000e+02
2.180704474449157715e+01 4.990000000000000213e+00 6.800000369548797607e-02 2.701476440429687500e+02
2.189799809455871582e+01 4.959999999999999964e+00 6.800000369548797607e-02 4.498088989257812500e+02
2.200599646568298340e+01 5.030000000000000249e+00 6.800000369548797607e-02 4.498088989257812500e+02
2.210100746154785156e+01 5.089999999999999858e+00 6.800000369548797607e-02 4.498088989257812500e+02
2.219104933738708496e+01 5.129999999999999893e+00 6.800000369548797607e-02 4.502460327148437500e+02
2.229905033111572266e+01 5.089999999999999858e+00 6.800000369548797607e-02 2.697105102539062500e+02
2.239299869537353516e+01 5.120000000000000107e+00 6.800000369548797607e-02 2.701476440429687500e+02
2.250600719451904297e+01 5.080000000000000071e+00 6.800000369548797607e-02 4.498088989257812500e+02
2.259103703498840332e+01 5.070000000000000284e+00 6.800000369548797607e-02 2.701476440429687500e+02
2.268199539184570312e+01 5.030000000000000249e+00 6.800000369548797607e-02 2.701476440429687500e+02
2.279904341697692871e+01 5.009999999999999787e+00 6.800000369548797607e-02 2.701476440429687500e+02
2.290599536895751953e+01 4.980000000000000426e+00 6.800000369548797607e-02 2.701476440429687500e+02
2.299699687957763672e+01 5.000000000000000000e+00 6.800000369548797607e-02 2.697105102539062500e+02
2.309103870391845703e+01 5.059999999999999609e+00 6.800000369548797607e-02 4.498088989257812500e+02
2.319904804229736328e+01 5.089999999999999858e+00 6.800000369548797607e-02 4.498088989257812500e+02
2.328900337219238281e+01 5.070000000000000284e+00 6.800000369548797607e-02 2.701476440429687500e+02
2.340599489212036133e+01 5.030000000000000249e+00 6.800000369548797607e-02 9.004920959472656250e+01
2.349199938774108887e+01 5.030000000000000249e+00 6.800000369548797607e-02 1.798798522949218750e+02
2.360400056838989258e+01 5.009999999999999787e+00 6.800000369548797607e-02 2.699290771484375000e+02
2.369904398918151855e+01 4.990000000000000213e+00 6.800000369548797607e-02 2.699290771484375000e+02
2.378799724578857422e+01 5.030000000000000249e+00 6.800000369548797607e-02 2.699290771484375000e+02
2.389599728584289551e+01 4.980000000000000426e+00 6.800000369548797607e-02 2.699290771484375000e+02
2.399104547500610352e+01 4.980000000000000426e+00 6.800000369548797607e-02 3.599782714843750000e+02
2.410306811332702637e+01 5.030000000000000249e+00 6.800000369548797607e-02 3.599782714843750000e+02
2.418901395797729492e+01 4.990000000000000213e+00 6.800000369548797607e-02 3.599782714843750000e+02
2.428899645805358887e+01 5.000000000000000000e+00 6.800000369548797607e-02 2.699290771484375000e+02
2.439600205421447754e+01 5.040000000000000036e+00 6.800000369548797607e-02 1.800984191894531250e+02
2.450400257110595703e+01 4.919999999999999929e+00 6.800000369548797607e-02 2.699290771484375000e+02
2.459799814224243164e+01 4.929999999999999716e+00 6.800000369548797607e-02 3.599782714843750000e+02
2.468899917602539062e+01 5.080000000000000071e+00 6.800000369548797607e-02 2.701476440429687500e+02
2.479599905014038086e+01 4.980000000000000426e+00 6.800000369548797607e-02 0.000000000000000000e+00
2.488703942298889160e+01 4.679999999999999716e+00 6.800000369548797607e-02 0.000000000000000000e+00
2.500399899482727051e+01 4.589999999999999858e+00 6.800000369548797607e-02 9.004920959472656250e+01
2.508899593353271484e+01 4.549999999999999822e+00 6.800000369548797607e-02 9.004920959472656250e+01
2.520200157165527344e+01 4.809999999999999609e+00 6.800000369548797607e-02 4.500274658203125000e+02
2.529599761962890625e+01 4.929999999999999716e+00 6.800000369548797607e-02 7.199565429687500000e+02
2.540400290489196777e+01 5.040000000000000036e+00 6.800000369548797607e-02 4.500274658203125000e+02
2.549399948120117188e+01 5.080000000000000071e+00 6.800000369548797607e-02 2.701476440429687500e+02
2.558899569511413574e+01 5.049999999999999822e+00 6.800000369548797607e-02 2.701476440429687500e+02
2.569699573516845703e+01 5.000000000000000000e+00 6.800000369548797607e-02 8.983064270019531250e+01
2.578599810600280762e+01 4.919999999999999929e+00 6.800000369548797607e-02 1.798798522949218750e+02
2.590400075912475586e+01 4.959999999999999964e+00 6.800000369548797607e-02 4.500274658203125000e+02
2.599300241470336914e+01 4.959999999999999964e+00 6.800000369548797607e-02 3.599782714843750000e+02
2.610099625587463379e+01 5.030000000000000249e+00 6.800000369548797607e-02 1.798798522949218750e+02
2.619599032402038574e+01 4.990000000000000213e+00 6.800000369548797607e-02 3.599782714843750000e+02
2.628599858283996582e+01 5.009999999999999787e+00 6.800000369548797607e-02 3.599782714843750000e+02
2.639401030540466309e+01 4.990000000000000213e+00 6.800000369548797607e-02 2.701476440429687500e+02
2.648799777030944824e+01 5.000000000000000000e+00 6.800000369548797607e-02 3.599782714843750000e+02
2.660099554061889648e+01 5.000000000000000000e+00 6.800000369548797607e-02 6.299072875976562500e+02
2.668599605560302734e+01 5.049999999999999822e+00 6.800000369548797607e-02 6.299072875976562500e+02
2.680305004119873047e+01 5.040000000000000036e+00 6.800000369548797607e-02 5.400767211914062500e+02
2.689400124549865723e+01 5.059999999999999609e+00 6.800000369548797607e-02 3.599782714843750000e+02
2.700099563598632812e+01 5.089999999999999858e+00 6.800000369548797607e-02 1.800984191894531250e+02
2.709199571609497070e+01 4.959999999999999964e+00 6.800000369548797607e-02 1.798798522949218750e+02
2.718600392341613770e+01 4.969999999999999751e+00 6.800000369548797607e-02 1.800984191894531250e+02
2.729399681091308594e+01 4.990000000000000213e+00 6.800000369548797607e-02 3.599782714843750000e+02
2.738400173187255859e+01 5.019999999999999574e+00 6.800000369548797607e-02 5.400767211914062500e+02
2.750099515914916992e+01 5.040000000000000036e+00 6.800000369548797607e-02 4.500274658203125000e+02
2.758705115318298340e+01 5.110000000000000320e+00 6.800000369548797607e-02 5.400767211914062500e+02
2.769905018806457520e+01 5.070000000000000284e+00 6.800000369548797607e-02 3.599782714843750000e+02
2.779399752616882324e+01 5.030000000000000249e+00 6.800000369548797607e-02 3.599782714843750000e+02
2.790199589729309082e+01 4.990000000000000213e+00 6.800000369548797607e-02 4.500274658203125000e+02
2.799104452133178711e+01 4.990000000000000213e+00 6.800000369548797607e-02 3.599782714843750000e+02
2.808599662780761719e+01 5.009999999999999787e+00 6.800000369548797607e-02 3.599782714843750000e+02
2.819799828529357910e+01 5.019999999999999574e+00 6.800000369548797607e-02 3.599782714843750000e+02
2.830599451065063477e+01 4.980000000000000426e+00 6.800000369548797607e-02 2.699290771484375000e+02
2.840099859237670898e+01 4.980000000000000426e+00 6.800000369548797607e-02 2.699290771484375000e+02
2.849104642868041992e+01 4.950000000000000178e+00 6.800000369548797607e-02 2.699290771484375000e+02
2.859904813766479492e+01 4.910000000000000142e+00 6.800000369548797607e-02 2.701476440429687500e+02
2.869299912452697754e+01 4.990000000000000213e+00 6.800000369548797607e-02 2.699290771484375000e+02
2.880499792098999023e+01 4.969999999999999751e+00 6.800000369548797607e-02 2.699290771484375000e+02
2.889104080200195312e+01 4.919999999999999929e+00 6.800000369548797607e-02 1.798798522949218750e+02
2.898199915885925293e+01 4.959999999999999964e+00 6.800000369548797607e-02 2.701476440429687500e+02
2.909904551506042480e+01 4.950000000000000178e+00 6.800000369548797607e-02 3.599782714843750000e+02
2.920499825477600098e+01 4.950000000000000178e+00 6.800000369548797607e-02 2.701476440429687500e+02
2.929699563980102539e+01 4.959999999999999964e+00 6.800000369548797607e-02 9.004920959472656250e+01
2.939105272293090820e+01 4.919999999999999929e+00 6.800000369548797607e-02 4.500274658203125000e+02
2.949904370307922363e+01 5.009999999999999787e+00 6.800000369548797607e-02 6.300166015625000000e+02
2.958899617195129395e+01 5.009999999999999787e+00 6.800000369548797607e-02 6.300166015625000000e+02
2.970499825477600098e+01 5.059999999999999609e+00 6.800000369548797607e-02 6.300166015625000000e+02
2.979199910163879395e+01 5.089999999999999858e+00 6.800000369548797607e-02 5.399674072265625000e+02
2.990400385856628418e+01 5.120000000000000107e+00 6.800000369548797607e-02 2.699290771484375000e+02
2.999904680252075195e+01 5.070000000000000284e+00 6.800000369548797607e-02 2.700383605957031250e+02
3.010199570655822754e+01 5.059999999999999609e+00 6.800000369548797607e-02 2.699290771484375000e+02
3.019609284400939941e+01 4.980000000000000426e+00 6.800000369548797607e-02 2.700383605957031250e+02
3.029111361503601074e+01 4.940000000000000391e+00 6.800000369548797607e-02 9.004920959472656250e+01
3.040304589271545410e+01 4.889999999999999680e+00 6.800000369548797607e-02 8.993992614746093750e+01
3.048900842666625977e+01 4.650000000000000355e+00 6.800000369548797607e-02 0.000000000000000000e+00
3.058999514579772949e+01 4.540000000000000036e+00 6.800000369548797607e-02 9.004920959472656250e+01
3.069599723815917969e+01 4.629999999999999893e+00 6.800000369548797607e-02 0.000000000000000000e+00
3.080400133132934570e+01 4.570000000000000284e+00 6.800000369548797607e-02 2.699290771484375000e+02
3.089799714088439941e+01 4.809999999999999609e+00 6.800000369548797607e-02 5.399674072265625000e+02
3.098899745941162109e+01 5.019999999999999574e+00 6.800000369548797607e-02 5.399674072265625000e+02
3.109599614143371582e+01 5.129999999999999893e+00 6.800000369548797607e-02 3.599782714843750000e+02
3.118704462051391602e+01 5.110000000000000320e+00 6.800000369548797607e-02 3.599782714843750000e+02
3.130399942398071289e+01 5.089999999999999858e+00 6.800000369548797607e-02 3.599782714843750000e+02
3.138899588584899902e+01 5.099999999999999645e+00 6.800000369548797607e-02 5.399674072265625000e+02
3.150199723243713379e+01 5.120000000000000107e+00 6.800000369548797607e-02 4.500274658203125000e+02
3.159599542617797852e+01 5.099999999999999645e+00 6.800000369548797607e-02 2.700383605957031250e+02
3.170400094985961914e+01 5.009999999999999787e+00 6.800000369548797607e-02 2.700383605957031250e+02
3.179400277137756348e+01 5.030000000000000249e+00 6.800000369548797607e-02 3.599782714843750000e+02
3.188899445533752441e+01 5.000000000000000000e+00 6.800000369548797607e-02 3.599782714843750000e+02
3.199699783325195312e+01 5.099999999999999645e+00 6.800000369548797607e-02 3.599782714843750000e+02
3.208599376678466797e+01 5.019999999999999574e+00 6.800000369548797607e-02 3.599782714843750000e+02
3.220399785041809082e+01 5.059999999999999609e+00 6.800000369548797607e-02 3.600328979492187500e+02
3.229299616813659668e+01 5.040000000000000036e+00 6.800000369548797607e-02 4.500274658203125000e+02
3.240099453926086426e+01 5.040000000000000036e+00 6.800000369548797607e-02 3.600328979492187500e+02
3.249599480628967285e+01 5.080000000000000071e+00 6.800000369548797607e-02 2.700383605957031250e+02
3.258599925041198730e+01 4.990000000000000213e+00 6.800000369548797607e-02 3.599782714843750000e+02
3.269400143623352051e+01 5.019999999999999574e+00 6.800000369548797607e-02 2.699837036132812500e+02
3.278799676895141602e+01 4.969999999999999751e+00 6.800000369548797607e-02 1.799891357421875000e+02
3.290099716186523438e+01 4.929999999999999716e+00 6.800000369548797607e-02 4.499728393554687500e+02
3.298599863052368164e+01 5.009999999999999787e+00 6.800000369548797607e-02 3.599782714843750000e+02
3.310306096076965332e+01 5.030000000000000249e+00 6.800000369548797607e-02 4.499728393554687500e+02
3.319400668144226074e+01 5.049999999999999822e+00 6.800000369548797607e-02 3.599782714843750000e+02
3.330099439620971680e+01 5.009999999999999787e+00 6.800000369548797607e-02 1.799891357421875000e+02
3.339202284812927246e+01 4.919999999999999929e+00 6.800000369548797607e-02 2.700110473632812500e+02
3.348599386215209961e+01 4.940000000000000391e+00 6.800000369548797607e-02 2.699837036132812500e+02
3.359399914741516113e+01 4.940000000000000391e+00 6.800000369548797607e-02 1.800164489746093750e+02
3.369103741645812988e+01 4.879999999999999893e+00 6.800000369548797607e-02 4.500001525878906250e+02
3.380099439620971680e+01 5.019999999999999574e+00 6.800000369548797607e-02 3.600055847167968750e+02
3.388704895973205566e+01 5.030000000000000249e+00 6.800000369548797607e-02 4.500001525878906250e+02
3.399905419349670410e+01 5.049999999999999822e+00 6.800000369548797607e-02 4.500001525878906250e+02
3.409399843215942383e+01 5.009999999999999787e+00 6.800000369548797607e-02 4.500001525878906250e+02
3.420199608802795410e+01 5.070000000000000284e+00 6.800000369548797607e-02 8.999456787109375000e+01
3.429103970527648926e+01 5.030000000000000249e+00 6.800000369548797607e-02 0.000000000000000000e+00
3.438599944114685059e+01 5.000000000000000000e+00 6.800000369548797607e-02 9.000139617919921875e+01
3.449799418449401855e+01 4.959999999999999964e+00 6.800000369548797607e-02 8.999456787109375000e+01
3.460499453544616699e+01 4.900000000000000355e+00 6.800000369548797607e-02 9.000139617919921875e+01
3.470099449157714844e+01 4.990000000000000213e+00 6.800000369548797607e-02 5.400015869140625000e+02
3.479104280471801758e+01 4.950000000000000178e+00 6.800000369548797607e-02 9.899999389648437500e+02
3.489904165267944336e+01 5.120000000000000107e+00 6.800000369548797607e-02 7.200043334960937500e+02
3.499300742149353027e+01 5.129999999999999893e+00 6.800000369548797607e-02 4.500001525878906250e+02
3.510499596595764160e+01 5.059999999999999609e+00 6.800000369548797607e-02 1.800027923583984375e+02
3.519103932380676270e+01 4.870000000000000107e+00 6.800000369548797607e-02 3.599919128417968750e+02
3.528199553489685059e+01 4.950000000000000178e+00 6.800000369548797607e-02 5.399947509765625000e+02
3.539904475212097168e+01 5.059999999999999609e+00 6.800000369548797607e-02 6.300166015625000000e+02
3.550499629974365234e+01 5.080000000000000071e+00 6.800000369548797607e-02 4.500001525878906250e+02
3.559699416160583496e+01 5.040000000000000036e+00 6.800000369548797607e-02 5.400220947265625000e+02
3.569104838371276855e+01 5.070000000000000284e+00 6.800000369548797607e-02 5.399674072265625000e+02
3.579904580116271973e+01 5.080000000000000071e+00 6.800000369548797607e-02 2.699837036132812500e+02
3.588899993896484375e+01 4.969999999999999751e+00 6.800000369548797607e-02 9.004920959472656250e+01
3.600499653816223145e+01 4.780000000000000249e+00 6.800000369548797607e-02 2.699837036132812500e+02
3.609199762344360352e+01 4.900000000000000355e+00 6.800000369548797607e-02 1.799891357421875000e+02
3.620399761199951172e+01 4.959999999999999964e+00 6.800000369548797607e-02 0.000000000000000000e+00
3.629904437065124512e+01 4.809999999999999609e+00 6.800000369548797607e-02 0.000000000000000000e+00
3.638799405097961426e+01 4.750000000000000000e+00 6.800000369548797607e-02 0.000000000000000000e+00
3.649599575996398926e+01 4.469999999999999751e+00 6.800000369548797607e-02 0.000000000000000000e+00
3.659105134010314941e+01 5.059999999999999609e+00 6.800000369548797607e-02 0.000000000000000000e+00
3.670304894447326660e+01 7.809999999999999609e+00 6.800000369548797607e-02 0.000000000000000000e+00
3.678899741172790527e+01 9.279999999999999361e+00 6.800000369548797607e-02 0.000000000000000000e+00
3.690499496459960938e+01 6.990000000000000213e+00 3.200000151991844177e-02 -1.529962280273437500e+03
3.699599647521972656e+01 4.809999999999999609e+00 3.200000151991844177e-02 -4.500001525878906250e+02
3.710399794578552246e+01 4.650000000000000355e+00 3.200000151991844177e-02 0.000000000000000000e+00
3.719799518585205078e+01 4.900000000000000355e+00 3.200000151991844177e-02 -1.800164489746093750e+02
3.728899407386779785e+01 5.129999999999999893e+00 3.200000151991844177e-02 -2.699837036132812500e+02
3.739600682258605957e+01 5.089999999999999858e+00 3.200000151991844177e-02 -3.600055847167968750e+02
3.748704695701599121e+01 4.959999999999999964e+00 3.200000151991844177e-02 -1.800164489746093750e+02
3.760400009155273438e+01 5.099999999999999645e+00 3.200000151991844177e-02 -4.500001525878906250e+02
3.768899464607238770e+01 5.129999999999999893e+00 3.200000151991844177e-02 -5.400084228515625000e+02
3.780199742317199707e+01 5.080000000000000071e+00 3.200000151991844177e-02 -7.199974975585937500e+02
3.789599537849426270e+01 5.009999999999999787e+00 3.200000151991844177e-02 -6.300029296875000000e+02
3.800400137901306152e+01 5.080000000000000071e+00 3.200000151991844177e-02 -8.999998779296875000e+02
3.809399914741516113e+01 4.969999999999999751e+00 3.200000151991844177e-02 -8.099989013671875000e+02
3.818899369239807129e+01 4.889999999999999680e+00 3.200000151991844177e-02 -9.000003051757812500e+02
3.829699373245239258e+01 4.780000000000000249e+00 3.200000151991844177e-02 -5.399947509765625000e+02
3.838599634170532227e+01 4.839999999999999858e+00 3.200000151991844177e-02 -5.399947509765625000e+02
3.850399851799011230e+01 4.940000000000000391e+00 3.200000151991844177e-02 -6.300166015625000000e+02
3.859300470352172852e+01 4.990000000000000213e+00 3.200000151991844177e-02 -8.100057373046875000e+02
3.870099782943725586e+01 4.830000000000000071e+00 3.200000151991844177e-02 -7.200111694335937500e+02
3.879599952697753906e+01 4.809999999999999609e+00 3.200000151991844177e-02 -7.200111694335937500e+02
3.888599658012390137e+01 4.830000000000000071e+00 3.200000151991844177e-02 -5.400220947265625000e+02
3.899399733543395996e+01 4.910000000000000142e+00 3.200000151991844177e-02 -5.399674072265625000e+02
3.908799576759338379e+01 4.919999999999999929e+00 3.200000151991844177e-02 -6.299619750976562500e+02
3.920099425315856934e+01 4.879999999999999893e+00 3.200000151991844177e-02 -6.299619750976562500e+02
3.928599405288696289e+01 4.919999999999999929e+00 3.200000151991844177e-02 -5.400220947265625000e+02
3.940304803848266602e+01 4.950000000000000178e+00 3.200000151991844177e-02 -5.400220947265625000e+02
3.949399924278259277e+01 4.910000000000000142e+00 3.200000151991844177e-02 -5.399674072265625000e+02
3.960099387168884277e+01 4.910000000000000142e+00 3.200000151991844177e-02 -5.400767211914062500e+02
3.969199872016906738e+01 4.969999999999999751e+00 3.200000151991844177e-02 -5.400767211914062500e+02
3.978599429130554199e+01 4.980000000000000426e+00 3.200000151991844177e-02 -5.400767211914062500e+02
3.989399862289428711e+01 4.980000000000000426e+00 3.200000151991844177e-02 -6.300166015625000000e+02
3.998399853706359863e+01 5.089999999999999858e+00 3.200000151991844177e-02 -6.300166015625000000e+02
4.010099554061889648e+01 5.040000000000000036e+00 3.200000151991844177e-02 -4.500274658203125000e+02
4.018704652786254883e+01 4.980000000000000426e+00 3.200000151991844177e-02 -5.400767211914062500e+02
4.029904317855834961e+01 5.030000000000000249e+00 3.200000151991844177e-02 -6.300166015625000000e+02
4.039400720596313477e+01 4.950000000000000178e+00 3.200000151991844177e-02 -7.199565429687500000e+02
4.050199532508850098e+01 4.870000000000000107e+00 3.200000151991844177e-02 -6.300166015625000000e+02
4.059105777740478516e+01 4.940000000000000391e+00 3.200000151991844177e-02 -6.300166015625000000e+02
4.068599510192871094e+01 4.879999999999999893e+00 3.200000151991844177e-02 -8.100057373046875000e+02
4.079799890518188477e+01 4.820000000000000284e+00 3.200000151991844177e-02 -7.199565429687500000e+02
4.090499901771545410e+01 4.870000000000000107e+00 3.200000151991844177e-02 -6.300166015625000000e+02
4.100099706649780273e+01 4.860000000000000320e+00 3.200000151991844177e-02 -8.100057373046875000e+02
4.109104776382446289e+01 4.799999999999999822e+00 3.200000151991844177e-02 -8.100057373046875000e+02
4.119904780387878418e+01 4.790000000000000036e+00 3.200000151991844177e-02 -7.199565429687500000e+02
4.129299569129943848e+01 4.870000000000000107e+00 3.200000151991844177e-02 -5.400767211914062500e+02
4.140599775314331055e+01 4.889999999999999680e+00 3.200000151991844177e-02 -7.199565429687500000e+02
4.149103999137878418e+01 4.889999999999999680e+00 3.200000151991844177e-02 -6.301258544921875000e+02
4.158199834823608398e+01 4.870000000000000107e+00 3.200000151991844177e-02 -7.199565429687500000e+02
4.169904518127441406e+01 4.900000000000000355e+00 3.200000151991844177e-02 -7.199565429687500000e+02
4.179999589920043945e+01 4.950000000000000178e+00 3.200000151991844177e-02 -7.201751098632812500e+02
4.189699792861938477e+01 5.049999999999999822e+00 3.200000151991844177e-02 -5.400767211914062500e+02
4.199104928970336914e+01 5.049999999999999822e+00 3.200000151991844177e-02 -6.301258544921875000e+02
4.209904122352600098e+01 5.030000000000000249e+00 3.200000151991844177e-02 -8.100057373046875000e+02
4.218899488449096680e+01 4.940000000000000391e+00 3.200000151991844177e-02 -8.100057373046875000e+02
4.230499982833862305e+01 4.849999999999999645e+00 3.200000151991844177e-02 -7.199565429687500000e+02
4.239199542999267578e+01 4.879999999999999893e+00 3.200000151991844177e-02 -8.097871704101562500e+02
4.250400996208190918e+01 4.860000000000000320e+00 3.200000151991844177e-02 -9.000549316406250000e+02
4.259904956817626953e+01 4.839999999999999858e+00 3.200000151991844177e-02 -9.000549316406250000e+02
4.268800997734069824e+01 4.839999999999999858e+00 3.200000151991844177e-02 -9.000549316406250000e+02
4.279599690437316895e+01 4.860000000000000320e+00 3.200000151991844177e-02 -8.998363647460937500e+02
4.289104938507080078e+01 4.799999999999999822e+00 3.200000151991844177e-02 -8.100057373046875000e+02
4.300304079055786133e+01 4.809999999999999609e+00 3.200000151991844177e-02 -8.100057373046875000e+02
4.308899831771850586e+01 4.860000000000000320e+00 3.200000151991844177e-02 -7.199565429687500000e+02
4.319799685478210449e+01 4.879999999999999893e+00 3.200000151991844177e-02 -7.199565429687500000e+02
4.329598808288574219e+01 4.889999999999999680e+00 3.200000151991844177e-02 -6.299072875976562500e+02
4.340400123596191406e+01 4.929999999999999716e+00 3.200000151991844177e-02 -6.299072875976562500e+02
4.349799537658691406e+01 4.910000000000000142e+00 3.200000151991844177e-02 -6.299072875976562500e+02
4.358899688720703125e+01 4.980000000000000426e+00 3.200000151991844177e-02 -5.398581542968750000e+02
4.369599628448486328e+01 5.019999999999999574e+00 3.200000151991844177e-02 -7.203936767578125000e+02
4.378703975677490234e+01 5.089999999999999858e+00 3.200000151991844177e-02 -7.199565429687500000e+02
4.390400052070617676e+01 5.009999999999999787e+00 3.200000151991844177e-02 -9.000549316406250000e+02
4.398899722099304199e+01 4.959999999999999964e+00 3.200000151991844177e-02 -9.000549316406250000e+02
4.410199546813964844e+01 4.889999999999999680e+00 3.200000151991844177e-02 -9.000549316406250000e+02
4.419599890708923340e+01 4.809999999999999609e+00 3.200000151991844177e-02 -8.100057373046875000e+02
4.430400156974792480e+01 4.870000000000000107e+00 3.200000151991844177e-02 -8.100057373046875000e+02
4.439400339126586914e+01 4.879999999999999893e+00 3.200000151991844177e-02 -9.000549316406250000e+02
4.448899388313293457e+01 4.809999999999999609e+00 3.200000151991844177e-02 -8.100057373046875000e+02
4.459699606895446777e+01 4.799999999999999822e+00 3.200000151991844177e-02 -8.100057373046875000e+02
4.468599748611450195e+01 4.839999999999999858e+00 3.200000151991844177e-02 -9.000549316406250000e+02
4.480400085449218750e+01 4.780000000000000249e+00 3.200000151991844177e-02 -9.000549316406250000e+02
4.489300060272216797e+01 4.889999999999999680e+00 3.200000151991844177e-02 -7.199565429687500000e+02
4.500099682807922363e+01 4.900000000000000355e+00 3.200000151991844177e-02 -7.199565429687500000e+02
4.509599828720092773e+01 4.839999999999999858e+00 3.200000151991844177e-02 -1.079716308593750000e+03
4.518599557876586914e+01 4.910000000000000142e+00 3.200000151991844177e-02 -8.996177978515625000e+02
4.529400038719177246e+01 4.910000000000000142e+00 3.200000151991844177e-02 -9.000549316406250000e+02
4.538799691200256348e+01 4.980000000000000426e+00 3.200000151991844177e-02 -8.100057373046875000e+02
4.550099587440490723e+01 4.950000000000000178e+00 3.200000151991844177e-02 -5.398581542968750000e+02
4.558599901199340820e+01 4.980000000000000426e+00 3.200000151991844177e-02 -6.299072875976562500e+02
4.570304131507873535e+01 4.940000000000000391e+00 3.200000151991844177e-02 -8.100057373046875000e+02
4.579400348663330078e+01 4.860000000000000320e+00 3.200000151991844177e-02 -8.100057373046875000e+02
4.590099453926086426e+01 4.849999999999999645e+00 3.200000151991844177e-02 -5.398581542968750000e+02
4.599199533462524414e+01 4.830000000000000071e+00 3.200000151991844177e-02 -8.100057373046875000e+02
4.608600592613220215e+01 4.879999999999999893e+00 3.200000151991844177e-02 -7.199565429687500000e+02
4.619399762153625488e+01 4.799999999999999822e+00 3.200000151991844177e-02 -6.299072875976562500e+02
4.628400087356567383e+01 4.549999999999999822e+00 3.200000151991844177e-02 0.000000000000000000e+00
4.640099787712097168e+01 4.339999999999999858e+00 3.200000151991844177e-02 0.000000000000000000e+00
4.648703718185424805e+01 4.440000000000000391e+00 3.200000151991844177e-02 0.000000000000000000e+00
4.659905314445495605e+01 4.120000000000000107e+00 3.200000151991844177e-02 0.000000000000000000e+00
4.669399571418762207e+01 3.240000000000000213e+00 3.200000151991844177e-02 0.000000000000000000e+00
4.680199503898620605e+01 2.529999999999999805e+00 3.200000151991844177e-02 0.000000000000000000e+00
4.689105343818664551e+01 2.149999999999999911e+00 3.200000151991844177e-02 9.004920959472656250e+01
4.698599863052368164e+01 3.419999999999999929e+00 6.800000369548797607e-02 8.100057373046875000e+02
4.709799790382385254e+01 5.040000000000000036e+00 6.800000369548797607e-02 3.601968383789062500e+02
4.720499444007873535e+01 5.089999999999999858e+00 6.800000369548797607e-02 0.000000000000000000e+00
4.730099558830261230e+01 4.820000000000000284e+00 6.800000369548797607e-02 2.697105102539062500e+02
4.739104580879211426e+01 4.900000000000000355e+00 6.800000369548797607e-02 3.597597045898437500e+02
4.749904561042785645e+01 4.990000000000000213e+00 6.800000369548797607e-02 3.601968383789062500e+02
4.759302496910095215e+01 4.969999999999999751e+00 6.800000369548797607e-02 4.498088989257812500e+02
4.770499801635742188e+01 4.950000000000000178e+00 6.800000369548797607e-02 8.100057373046875000e+02
4.779104614257812500e+01 5.049999999999999822e+00 6.800000369548797607e-02 9.896671142578125000e+02
4.788199782371520996e+01 5.059999999999999609e+00 6.800000369548797607e-02 8.100057373046875000e+02
4.799904918670654297e+01 5.110000000000000320e+00 6.800000369548797607e-02 6.299072875976562500e+02
4.810499739646911621e+01 5.120000000000000107e+00 6.800000369548797607e-02 8.100057373046875000e+02
4.819699668884277344e+01 5.139999999999999680e+00 6.800000369548797607e-02 8.100057373046875000e+02
4.829105067253112793e+01 5.200000000000000178e+00 6.800000369548797607e-02 8.100057373046875000e+02
4.839907908439636230e+01 5.150000000000000355e+00 6.800000369548797607e-02 4.498088989257812500e+02
4.848899841308593750e+01 5.120000000000000107e+00 6.800000369548797607e-02 3.601968383789062500e+02
4.859104156494140625e+01 5.040000000000000036e+00 6.800000369548797607e-02 3.597597045898437500e+02
4.869199872016906738e+01 4.990000000000000213e+00 6.800000369548797607e-02 6.299072875976562500e+02
4.880400228500366211e+01 5.009999999999999787e+00 6.800000369548797607e-02 7.199565429687500000e+02
4.889905214309692383e+01 5.030000000000000249e+00 6.800000369548797607e-02 7.199565429687500000e+02
4.898799633979797363e+01 5.030000000000000249e+00 6.800000369548797607e-02 7.199565429687500000e+02
4.909599733352661133e+01 5.009999999999999787e+00 6.800000369548797607e-02 6.303444213867187500e+02
4.919104933738708496e+01 5.059999999999999609e+00 6.800000369548797607e-02 6.299072875976562500e+02
4.930305337905883789e+01 5.040000000000000036e+00 6.800000369548797607e-02 6.299072875976562500e+02
4.938899588584899902e+01 5.000000000000000000e+00 6.800000369548797607e-02 8.100057373046875000e+02
4.948999667167663574e+01 4.969999999999999751e+00 6.800000369548797607e-02 7.199565429687500000e+02
4.959599566459655762e+01 5.049999999999999822e+00 6.800000369548797607e-02 7.199565429687500000e+02
4.970400023460388184e+01 5.040000000000000036e+00 6.800000369548797607e-02 8.100057373046875000e+02
4.979799747467041016e+01 5.049999999999999822e+00 6.800000369548797607e-02 8.100057373046875000e+02
4.988899874687194824e+01 5.110000000000000320e+00 6.800000369548797607e-02 7.199565429687500000e+02
4.999599599838256836e+01 5.150000000000000355e+00 6.800000369548797607e-02 9.901042480468750000e+02
5.008704662322998047e+01 5.139999999999999680e+00 6.800000369548797607e-02 9.000549316406250000e+02
5.020400071144104004e+01 5.120000000000000107e+00 6.800000369548797607e-02 1.080153442382812500e+03
5.028900170326232910e+01 5.169999999999999929e+00 6.800000369548797607e-02 9.901042480468750000e+02
5.040200901031494141e+01 5.169999999999999929e+00 6.800000369548797607e-02 8.100057373046875000e+02
5.049599838256835938e+01 5.150000000000000355e+00 6.800000369548797607e-02 8.100057373046875000e+02
5.060400152206420898e+01 5.099999999999999645e+00 6.800000369548797607e-02 6.299072875976562500e+02
5.069399976730346680e+01 5.049999999999999822e+00 6.800000369548797607e-02 6.299072875976562500e+02
5.078899550437927246e+01 5.059999999999999609e+00 6.800000369548797607e-02 5.400767211914062500e+02
5.089699745178222656e+01 5.030000000000000249e+00 6.800000369548797607e-02 4.500274658203125000e+02
5.098599576950073242e+01 5.070000000000000284e+00 6.800000369548797607e-02 6.299072875976562500e+02
5.110400009155273438e+01 5.030000000000000249e+00 6.800000369548797607e-02 7.199565429687500000e+02
5.119304418563842773e+01 5.059999999999999609e+00 6.800000369548797607e-02 6.299072875976562500e+02
5.130099725723266602e+01 5.080000000000000071e+00 6.800000369548797607e-02 5.400767211914062500e+02
5.139599847793579102e+01 5.030000000000000249e+00 6.800000369548797607e-02 7.199565429687500000e+02
5.148599433898925781e+01 5.009999999999999787e+00 6.800000369548797607e-02 7.199565429687500000e+02
5.159401440620422363e+01 5.040000000000000036e+00 6.800000369548797607e-02 7.199565429687500000e+02
5.168800711631774902e+01 5.070000000000000284e+00 6.800000369548797607e-02 8.100057373046875000e+02
5.180099511146545410e+01 5.099999999999999645e+00 6.800000369548797607e-02 6.299072875976562500e+02
5.188599920272827148e+01 5.049999999999999822e+00 6.800000369548797607e-02 5.400767211914062500e+02
5.200306439399719238e+01 5.049999999999999822e+00 6.800000369548797607e-02 6.301258544921875000e+02
5.209399938583374023e+01 5.089999999999999858e+00 6.800000369548797607e-02 7.201751098632812500e+02
5.220099496841430664e+01 5.089999999999999858e+00 6.800000369548797607e-02 6.301258544921875000e+02
5.229199719429016113e+01 5.070000000000000284e+00 6.800000369548797607e-02 8.100057373046875000e+02
5.238599443435668945e+01 5.129999999999999893e+00 6.800000369548797607e-02 6.301258544921875000e+02
5.249399685859680176e+01 5.070000000000000284e+00 6.800000369548797607e-02 4.500274658203125000e+02
5.258399987220764160e+01 5.030000000000000249e+00 6.800000369548797607e-02 5.400767211914062500e+02
5.270099616050720215e+01 5.009999999999999787e+00 6.800000369548797607e-02 6.301258544921875000e+02
5.278704643249511719e+01 5.030000000000000249e+00 6.800000369548797607e-02 7.199565429687500000e+02
5.289903974533081055e+01 5.030000000000000249e+00 6.800000369548797607e-02 7.199565429687500000e+02
5.299400568008422852e+01 5.049999999999999822e+00 6.800000369548797607e-02 6.299072875976562500e+02
5.310199666023254395e+01 5.040000000000000036e+00 6.800000369548797607e-02 6.301258544921875000e+02
5.319104409217834473e+01 5.030000000000000249e+00 6.800000369548797607e-02 5.400767211914062500e+02
5.328599572181701660e+01 5.019999999999999574e+00 6.800000369548797607e-02 8.100057373046875000e+02
5.339799571037292480e+01 5.059999999999999609e+00 6.800000369548797607e-02 9.000549316406250000e+02
5.350499820709228516e+01 5.059999999999999609e+00 6.800000369548797607e-02 7.200657958984375000e+02
5.360099577903747559e+01 5.150000000000000355e+00 6.800000369548797607e-02 6.300166015625000000e+02
5.369104599952697754e+01 5.129999999999999893e+00 6.800000369548797607e-02 6.300166015625000000e+02
5.379904365539550781e+01 5.030000000000000249e+00 6.800000369548797607e-02 5.400767211914062500e+02
5.389307308197021484e+01 5.000000000000000000e+00 6.800000369548797607e-02 5.399674072265625000e+02
5.400599861145019531e+01 5.070000000000000284e+00 6.800000369548797607e-02 6.300166015625000000e+02
5.409103775024414062e+01 5.089999999999999858e+00 6.800000369548797607e-02 7.199565429687500000e+02
5.418199419975280762e+01 5.139999999999999680e+00 6.800000369548797607e-02 7.200657958984375000e+02
5.429904508590698242e+01 5.150000000000000355e+00 6.800000369548797607e-02 6.300166015625000000e+02
5.439106225967407227e+01 5.059999999999999609e+00 6.800000369548797607e-02 5.400767211914062500e+02
5.449699616432189941e+01 5.080000000000000071e+00 6.800000369548797607e-02 3.600875549316406250e+02
5.459104347229003906e+01 5.040000000000000036e+00 6.800000369548797607e-02 3.600875549316406250e+02
5.469904398918151855e+01 5.049999999999999822e+00 6.800000369548797607e-02 5.399674072265625000e+02
5.478899621963500977e+01 5.059999999999999609e+00 6.800000369548797607e-02 4.499728393554687500e+02
5.489999461174011230e+01 5.070000000000000284e+00 6.800000369548797607e-02 6.300166015625000000e+02
5.499199557304382324e+01 5.070000000000000284e+00 6.800000369548797607e-02 5.399674072265625000e+02
5.510400128364562988e+01 5.030000000000000249e+00 6.800000369548797607e-02 6.300166015625000000e+02
5.519904589653015137e+01 5.030000000000000249e+00 6.800000369548797607e-02 6.299619750976562500e+02
5.528799486160278320e+01 5.049999999999999822e+00 6.800000369548797607e-02 5.399674072265625000e+02
5.539599752426147461e+01 5.049999999999999822e+00 6.800000369548797607e-02 7.200111694335937500e+02
5.549104285240173340e+01 5.009999999999999787e+00 6.800000369548797607e-02 7.200111694335937500e+02
5.560304808616638184e+01 5.009999999999999787e+00 6.800000369548797607e-02 6.300166015625000000e+02
5.568899583816528320e+01 5.049999999999999822e+00 6.800000369548797607e-02 5.399947509765625000e+02
5.580500173568725586e+01 5.000000000000000000e+00 6.800000369548797607e-02 5.399947509765625000e+02
5.589600133895874023e+01 5.059999999999999609e+00 6.800000369548797607e-02 7.199974975585937500e+02
5.600399994850158691e+01 5.059999999999999609e+00 6.800000369548797607e-02 5.399947509765625000e+02
5.609799432754516602e+01 5.089999999999999858e+00 6.800000369548797607e-02 5.399947509765625000e+02
5.618899512290954590e+01 5.110000000000000320e+00 6.800000369548797607e-02 3.600004882812500000e+02
5.629599928855895996e+01 5.099999999999999645e+00 6.800000369548797607e-02 6.300012207031250000e+02
5.638704681396484375e+01 5.080000000000000071e+00 6.800000369548797607e-02 7.200043334960937500e+02
5.650399899482727051e+01 5.089999999999999858e+00 6.800000369548797607e-02 4.500001525878906250e+02
5.658899450302124023e+01 5.070000000000000284e+00 6.800000369548797607e-02 3.600055847167968750e+02
5.670199561119079590e+01 4.959999999999999964e+00 6.800000369548797607e-02 3.600055847167968750e+02
5.679599523544311523e+01 4.990000000000000213e+00 6.800000369548797607e-02 8.100057373046875000e+02
5.690399909019470215e+01 5.070000000000000284e+00 6.800000369548797607e-02 8.100057373046875000e+02
5.699399852752685547e+01 5.070000000000000284e+00 6.800000369548797607e-02 4.500001525878906250e+02
5.708899545669555664e+01 5.110000000000000320e+00 6.800000369548797607e-02 2.699837036132812500e+02
5.719699621200561523e+01 5.009999999999999787e+00 6.800000369548797607e-02 8.999456787109375000e+01
5.728599858283996582e+01 4.849999999999999645e+00 6.800000369548797607e-02 3.599782714843750000e+02
5.740399956703186035e+01 4.889999999999999680e+00 6.800000369548797607e-02 7.200111694335937500e+02
5.749299979209899902e+01 4.990000000000000213e+00 6.800000369548797607e-02 2.699837036132812500e+02
5.760099482536315918e+01 4.959999999999999964e+00 6.800000369548797607e-02 0.000000000000000000e+00
5.769599652290344238e+01 4.719999999999999751e+00 6.800000369548797607e-02 0.000000000000000000e+00
5.778599429130554199e+01 4.669999999999999929e+00 6.800000369548797607e-02 0.000000000000000000e+00
5.789399933815002441e+01 7.110000000000000320e+00 3.200000151991844177e-02 -9.000003051757812500e+02
5.798799657821655273e+01 6.419999999999999929e+00 3.200000151991844177e-02 -1.710006103515625000e+03
5.810099458694458008e+01 4.809999999999999609e+00 3.200000151991844177e-02 -8.100057373046875000e+02
5.818599367141723633e+01 4.870000000000000107e+00 3.200000151991844177e-02 -9.900222778320312500e+02
5.830306291580200195e+01 5.009999999999999787e+00 3.200000151991844177e-02 -1.260005859375000000e+03
5.839400911331176758e+01 4.990000000000000213e+00 3.200000151991844177e-02 -1.170001098632812500e+03
5.850100350379943848e+01 4.879999999999999893e+00 3.200000151991844177e-02 -9.900017089843750000e+02
5.859199500083923340e+01 4.839999999999999858e+00 3.200000151991844177e-02 -1.080003173828125000e+03
5.868599581718444824e+01 4.769999999999999574e+00 3.200000151991844177e-02 -9.900222778320312500e+02
5.879410171508789062e+01 4.900000000000000355e+00 3.200000151991844177e-02 -9.899949340820312500e+02
5.889000225067138672e+01 4.870000000000000107e+00 3.200000151991844177e-02 -1.259978515625000000e+03
5.900099515914916992e+01 4.950000000000000178e+00 3.200000151991844177e-02 -1.440022338867187500e+03
5.908704614639282227e+01 4.849999999999999645e+00 3.200000151991844177e-02 -1.439967651367187500e+03
5.919911980628967285e+01 4.879999999999999893e+00 3.200000151991844177e-02 -1.529962280273437500e+03
5.929399514198303223e+01 4.849999999999999645e+00 3.200000151991844177e-02 -1.440022338867187500e+03
5.940200829505920410e+01 4.839999999999999858e+00 3.200000151991844177e-02 -1.260033203125000000e+03
5.949104237556457520e+01 4.950000000000000178e+00 3.200000151991844177e-02 -1.260033203125000000e+03
5.958600282669067383e+01 4.900000000000000355e+00 3.200000151991844177e-02 -1.529962280273437500e+03
5.969799494743347168e+01 4.849999999999999645e+00 3.200000151991844177e-02 -1.529962280273437500e+03
5.978399872779846191e+01 4.759999999999999787e+00 3.200000151991844177e-02 -1.709951416015625000e+03
5.990099644660949707e+01 4.799999999999999822e+00 3.200000151991844177e-02 -1.529962280273437500e+03
5.999103760719299316e+01 4.750000000000000000e+00 3.200000151991844177e-02 -1.440131591796875000e+03
6.009904909133911133e+01 4.830000000000000071e+00 3.200000151991844177e-02 -1.350082397460937500e+03
6.019300007820129395e+01 4.790000000000000036e+00 3.200000151991844177e-02 -1.349863891601562500e+03
6.030499815940856934e+01 4.860000000000000320e+00 3.200000151991844177e-02 -1.169984008789062500e+03
6.039104700088500977e+01 4.919999999999999929e+00 3.200000151991844177e-02 -1.169984008789062500e+03
6.048199510574340820e+01 4.910000000000000142e+00 3.200000151991844177e-02 -1.349863891601562500e+03
6.059904265403747559e+01 4.839999999999999858e+00 3.200000151991844177e-02 -1.529962280273437500e+03
6.069103837013244629e+01 4.809999999999999609e+00 3.200000151991844177e-02 -1.620011474609375000e+03
6.079699730873107910e+01 4.730000000000000426e+00 3.200000151991844177e-02 -1.079934814453125000e+03
6.089103651046752930e+01 4.719999999999999751e+00 3.200000151991844177e-02 -1.079934814453125000e+03
6.099905252456665039e+01 4.839999999999999858e+00 3.200000151991844177e-02 -1.169984008789062500e+03
6.108899998664855957e+01 4.830000000000000071e+00 3.200000151991844177e-02 -9.901042480468750000e+02
6.119999909400939941e+01 4.889999999999999680e+00 3.200000151991844177e-02 -1.169984008789062500e+03
6.129199886322021484e+01 4.870000000000000107e+00 3.200000151991844177e-02 -1.259814575195312500e+03
6.140400242805480957e+01 4.910000000000000142e+00 3.200000151991844177e-02 -1.439913085937500000e+03
6.149903702735900879e+01 4.980000000000000426e+00 3.200000151991844177e-02 -1.350301025390625000e+03
6.158799791336059570e+01 4.860000000000000320e+00 3.200000151991844177e-02 -1.259814575195312500e+03
6.169599699974060059e+01 4.719999999999999751e+00 3.200000151991844177e-02 -1.080153442382812500e+03
6.179104423522949219e+01 4.870000000000000107e+00 3.200000151991844177e-02 -1.169765380859375000e+03
6.190305066108703613e+01 4.820000000000000284e+00 3.200000151991844177e-02 -1.259814575195312500e+03
6.198899650573730469e+01 4.809999999999999609e+00 3.200000151991844177e-02 -1.259814575195312500e+03
6.209799671173095703e+01 4.799999999999999822e+00 3.200000151991844177e-02 -1.169765380859375000e+03
6.219600176811218262e+01 4.759999999999999787e+00 3.200000151991844177e-02 -9.901042480468750000e+02
6.230400276184082031e+01 4.839999999999999858e+00 3.200000151991844177e-02 -8.100057373046875000e+02
6.239800620079040527e+01 4.839999999999999858e+00 3.200000151991844177e-02 -9.000549316406250000e+02
6.248899722099304199e+01 4.940000000000000391e+00 3.200000151991844177e-02 -9.896671142578125000e+02
6.259600019454956055e+01 4.910000000000000142e+00 3.200000151991844177e-02 -9.901042480468750000e+02
6.268704819679260254e+01 4.950000000000000178e+00 3.200000151991844177e-02 -9.901042480468750000e+02
6.280400204658508301e+01 4.940000000000000391e+00 3.200000151991844177e-02 -1.169765380859375000e+03
6.288899517059326172e+01 4.839999999999999858e+00 3.200000151991844177e-02 -8.996177978515625000e+02
6.300199532508850098e+01 4.839999999999999858e+00 3.200000151991844177e-02 -9.000549316406250000e+02
6.309599995613098145e+01 4.769999999999999574e+00 3.200000151991844177e-02 -9.000549316406250000e+02
6.320399832725524902e+01 4.839999999999999858e+00 3.200000151991844177e-02 -8.100057373046875000e+02
6.329399943351745605e+01 4.790000000000000036e+00 3.200000151991844177e-02 -6.299072875976562500e+02
6.338899683952331543e+01 4.500000000000000000e+00 3.200000151991844177e-02 0.000000000000000000e+00
6.349699616432189941e+01 4.190000000000000391e+00 3.200000151991844177e-02 0.000000000000000000e+00
6.358598732948303223e+01 4.219999999999999751e+00 3.200000151991844177e-02 0.000000000000000000e+00
6.370400094985961914e+01 3.419999999999999929e+00 3.200000151991844177e-02 9.004920959472656250e+01
6.379300022125244141e+01 3.459999999999999964e+00 6.800000369548797607e-02 1.080153442382812500e+03
6.390099525451660156e+01 5.059999999999999609e+00 6.800000369548797607e-02 4.502460327148437500e+02
6.399599838256835938e+01 5.150000000000000355e+00 6.800000369548797607e-02 0.000000000000000000e+00
6.408600163459777832e+01 4.809999999999999609e+00 6.800000369548797607e-02 4.502460327148437500e+02
6.419399833679199219e+01 4.870000000000000107e+00 6.800000369548797607e-02 7.199565429687500000e+02
6.428799748420715332e+01 4.990000000000000213e+00 6.800000369548797607e-02 1.079716308593750000e+03
6.440101385116577148e+01 5.099999999999999645e+00 6.800000369548797607e-02 8.100057373046875000e+02
6.448599481582641602e+01 5.110000000000000320e+00 6.800000369548797607e-02 9.901042480468750000e+02
6.460306692123413086e+01 5.120000000000000107e+00 6.800000369548797607e-02 1.079716308593750000e+03
6.469402265548706055e+01 5.160000000000000142e+00 6.800000369548797607e-02 1.349863891601562500e+03
6.480100178718566895e+01 5.150000000000000355e+00 6.800000369548797607e-02 1.169765380859375000e+03
6.489199662208557129e+01 5.169999999999999929e+00 6.800000369548797607e-02 1.260251708984375000e+03
6.498599672317504883e+01 5.129999999999999893e+00 6.800000369548797607e-02 9.901042480468750000e+02
6.509400033950805664e+01 5.110000000000000320e+00 6.800000369548797607e-02 8.100057373046875000e+02
6.518400239944458008e+01 5.040000000000000036e+00 6.800000369548797607e-02 7.199565429687500000e+02
6.530099463462829590e+01 5.049999999999999822e+00 6.800000369548797607e-02 8.100057373046875000e+02
6.538706040382385254e+01 5.059999999999999609e+00 6.800000369548797607e-02 8.100057373046875000e+02
6.549904465675354004e+01 5.019999999999999574e+00 6.800000369548797607e-02 8.100057373046875000e+02
6.559399747848510742e+01 5.040000000000000036e+00 6.800000369548797607e-02 7.199565429687500000e+02
6.570199561119079590e+01 5.049999999999999822e+00 6.800000369548797607e-02 9.000549316406250000e+02
6.579104638099670410e+01 5.070000000000000284e+00 6.800000369548797607e-02 9.000549316406250000e+02
6.588599562644958496e+01 5.139999999999999680e+00 6.800000369548797607e-02 9.000549316406250000e+02
6.599799513816833496e+01 5.169999999999999929e+00 6.800000369548797607e-02 9.901042480468750000e+02
6.610506081581115723e+01 5.150000000000000355e+00 6.800000369548797607e-02 1.080153442382812500e+03
6.620099616050720215e+01 5.139999999999999680e+00 6.800000369548797607e-02 1.169765380859375000e+03
6.629104590415954590e+01 5.150000000000000355e+00 6.800000369548797607e-02 9.898856811523437500e+02
6.639904427528381348e+01 5.169999999999999929e+00 6.800000369548797607e-02 1.080153442382812500e+03
6.649300527572631836e+01 5.080000000000000071e+00 6.800000369548797607e-02 9.901042480468750000e+02
6.659999799728393555e+01 5.080000000000000071e+00 6.800000369548797607e-02 1.169984008789062500e+03
6.669104480743408203e+01 5.139999999999999680e+00 6.800000369548797607e-02 1.079934814453125000e+03
6.678199505805969238e+01 5.099999999999999645e+00 6.800000369548797607e-02 1.080153442382812500e+03
6.689904522895812988e+01 5.099999999999999645e+00 6.800000369548797607e-02 1.079934814453125000e+03
6.699104142189025879e+01 5.059999999999999609e+00 6.800000369548797607e-02 1.169984008789062500e+03
6.709700179100036621e+01 5.169999999999999929e+00 6.800000369548797607e-02 9.000549316406250000e+02
6.719104313850402832e+01 5.129999999999999893e+00 6.800000369548797607e-02 8.100057373046875000e+02
6.729903793334960938e+01 5.080000000000000071e+00 6.800000369548797607e-02 9.901042480468750000e+02
6.738900685310363770e+01 5.080000000000000071e+00 6.800000369548797607e-02 1.169984008789062500e+03
6.749104309082031250e+01 5.120000000000000107e+00 6.800000369548797607e-02 1.260033203125000000e+03
6.759199714660644531e+01 5.110000000000000320e+00 6.800000369548797607e-02 1.169984008789062500e+03
6.770400190353393555e+01 5.120000000000000107e+00 6.800000369548797607e-02 9.901042480468750000e+02
6.779904079437255859e+01 5.120000000000000107e+00 6.800000369548797607e-02 9.000549316406250000e+02
6.788799738883972168e+01 5.059999999999999609e+00 6.800000369548797607e-02 9.000549316406250000e+02
6.799599695205688477e+01 5.040000000000000036e+00 6.800000369548797607e-02 9.899949340820312500e+02
6.809104323387145996e+01 5.070000000000000284e+00 6.800000369548797607e-02 1.080044189453125000e+03
6.820305705070495605e+01 5.059999999999999609e+00 6.800000369548797607e-02 1.260033203125000000e+03
6.828899931907653809e+01 5.139999999999999680e+00 6.800000369548797607e-02 1.260033203125000000e+03
6.839001560211181641e+01 5.150000000000000355e+00 6.800000369548797607e-02 1.079934814453125000e+03
6.849599933624267578e+01 5.169999999999999929e+00 6.800000369548797607e-02 1.169984008789062500e+03
6.860399961471557617e+01 5.190000000000000391e+00 6.800000369548797607e-02 1.170093261718750000e+03
6.869799780845642090e+01 5.120000000000000107e+00 6.800000369548797607e-02 1.169984008789062500e+03
6.878899526596069336e+01 5.150000000000000355e+00 6.800000369548797607e-02 1.079989501953125000e+03
6.889599561691284180e+01 5.150000000000000355e+00 6.800000369548797607e-02 9.899949340820312500e+02
6.898704242706298828e+01 5.129999999999999893e+00 6.800000369548797607e-02 8.100057373046875000e+02
6.910399985313415527e+01 5.089999999999999858e+00 6.800000369548797607e-02 9.000003051757812500e+02
6.918899726867675781e+01 5.129999999999999893e+00 6.800000369548797607e-02 7.200111694335937500e+02
6.930199432373046875e+01 5.059999999999999609e+00 6.800000369548797607e-02 7.200111694335937500e+02
6.939599847793579102e+01 4.959999999999999964e+00 6.800000369548797607e-02 1.079989501953125000e+03
6.950399971008300781e+01 4.980000000000000426e+00 6.800000369548797607e-02 1.349986816406250000e+03
6.959399890899658203e+01 5.099999999999999645e+00 6.800000369548797607e-02 9.899949340820312500e+02
6.968899345397949219e+01 5.179999999999999716e+00 6.800000369548797607e-02 9.000003051757812500e+02
6.979699850082397461e+01 5.179999999999999716e+00 6.800000369548797607e-02 8.099989013671875000e+02
6.988599514961242676e+01 5.129999999999999893e+00 6.800000369548797607e-02 9.900086059570312500e+02
7.000399875640869141e+01 5.040000000000000036e+00 6.800000369548797607e-02 1.079989501953125000e+03
7.009301948547363281e+01 5.129999999999999893e+00 6.800000369548797607e-02 9.899949340820312500e+02
7.020099425315856934e+01 5.160000000000000142e+00 6.800000369548797607e-02 7.200111694335937500e+02
7.029600739479064941e+01 5.089999999999999858e+00 6.800000369548797607e-02 7.199565429687500000e+02
7.038599419593811035e+01 5.000000000000000000e+00 6.800000369548797607e-02 6.300166015625000000e+02
7.049399542808532715e+01 5.080000000000000071e+00 6.800000369548797607e-02 0.000000000000000000e+00
7.058799839019775391e+01 4.629999999999999893e+00 6.800000369548797607e-02 0.000000000000000000e+00
7.070099401473999023e+01 4.500000000000000000e+00 6.800000369548797607e-02 8.999456787109375000e+01
7.078607797622680664e+01 4.650000000000000355e+00 6.800000369548797607e-02 0.000000000000000000e+00
7.090313577651977539e+01 4.660000000000000142e+00 6.800000369548797607e-02 0.000000000000000000e+00
7.099399375915527344e+01 4.480000000000000426e+00 6.800000369548797607e-02 0.000000000000000000e+00
7.110099434852600098e+01 4.419999999999999929e+00 6.800000369548797607e-02 8.999456787109375000e+01
7.119199800491333008e+01 4.389999999999999680e+00 6.800000369548797607e-02 0.000000000000000000e+00
7.128599429130554199e+01 4.389999999999999680e+00 6.800000369548797607e-02 0.000000000000000000e+00
7.139401316642761230e+01 4.389999999999999680e+00 6.800000369548797607e-02 0.000000000000000000e+00
7.148399734497070312e+01 4.379999999999999893e+00 6.800000369548797607e-02 0.000000000000000000e+00
7.160099673271179199e+01 4.379999999999999893e+00 6.800000369548797607e-02 0.000000000000000000e+00
7.168704366683959961e+01 4.370000000000000107e+00 6.800000369548797607e-02 0.000000000000000000e+00
7.179904580116271973e+01 4.370000000000000107e+00 6.800000369548797607e-02 0.000000000000000000e+00
7.189399480819702148e+01 4.360000000000000320e+00 6.800000369548797607e-02 0.000000000000000000e+00
7.200199604034423828e+01 4.370000000000000107e+00 6.800000369548797607e-02 0.000000000000000000e+00
7.209104657173156738e+01 4.360000000000000320e+00 6.800000369548797607e-02 0.000000000000000000e+00
7.218599557876586914e+01 4.360000000000000320e+00 6.800000369548797607e-02 0.000000000000000000e+00
7.229799580574035645e+01 4.360000000000000320e+00 6.800000369548797607e-02 0.000000000000000000e+00
7.240499520301818848e+01 4.360000000000000320e+00 6.800000369548797607e-02 0.000000000000000000e+00
7.250099563598632812e+01 4.349999999999999645e+00 6.800000369548797607e-02 0.000000000000000000e+00
