6.900405883789062500e-02 1.820000000000000062e+00 4.500000178813934326e-02 0.000000000000000000e+00
1.639988422393798828e-01 1.820000000000000062e+00 4.500000178813934326e-02 0.000000000000000000e+00
2.539999485015869141e-01 1.820000000000000062e+00 4.500000178813934326e-02 0.000000000000000000e+00
3.660011291503906250e-01 1.820000000000000062e+00 4.500000178813934326e-02 0.000000000000000000e+00
4.509971141815185547e-01 1.820000000000000062e+00 4.500000178813934326e-02 0.000000000000000000e+00
5.689957141876220703e-01 1.820000000000000062e+00 4.500000178813934326e-02 0.000000000000000000e+00
6.589975357055664062e-01 1.810000000000000053e+00 4.500000178813934326e-02 0.000000000000000000e+00
7.659986019134521484e-01 1.810000000000000053e+00 4.500000178813934326e-02 0.000000000000000000e+00
8.609967231750488281e-01 1.810000000000000053e+00 4.500000178813934326e-02 0.000000000000000000e+00
9.519977569580078125e-01 1.810000000000000053e+00 4.500000178813934326e-02 0.000000000000000000e+00
1.059004068374633789e+00 1.810000000000000053e+00 4.500000178813934326e-02 0.000000000000000000e+00
1.149996757507324219e+00 1.810000000000000053e+00 4.500000178813934326e-02 0.000000000000000000e+00
1.266996383666992188e+00 1.810000000000000053e+00 4.500000178813934326e-02 0.000000000000000000e+00
1.351996183395385742e+00 1.810000000000000053e+00 4.500000178813934326e-02 0.000000000000000000e+00
1.464997529983520508e+00 1.810000000000000053e+00 4.500000178813934326e-02 0.000000000000000000e+00
1.558997154235839844e+00 1.860000000000000098e+00 4.500000178813934326e-02 0.000000000000000000e+00
1.666997909545898438e+00 1.879999999999999893e+00 4.500000178813934326e-02 0.000000000000000000e+00
1.756998300552368164e+00 1.870000000000000107e+00 4.500000178813934326e-02 0.000000000000000000e+00
1.851998329162597656e+00 1.860000000000000098e+00 4.500000178813934326e-02 0.000000000000000000e+00
1.959996461868286133e+00 1.850000000000000089e+00 4.500000178813934326e-02 0.000000000000000000e+00
2.048996686935424805e+00 1.860000000000000098e+00 4.500000178813934326e-02 0.000000000000000000e+00
2.166999816894531250e+00 1.889999999999999902e+00 4.500000178813934326e-02 0.000000000000000000e+00
2.256006479263305664e+00 1.949999999999999956e+00 4.500000178813934326e-02 0.000000000000000000e+00
2.363989830017089844e+00 2.049999999999999822e+00 4.500000178813934326e-02 0.000000000000000000e+00
2.458997249603271484e+00 2.149999999999999911e+00 4.500000178813934326e-02 0.000000000000000000e+00
2.548996925354003906e+00 2.379999999999999893e+00 4.500000178813934326e-02 0.000000000000000000e+00
2.656005144119262695e+00 2.569999999999999840e+00 4.500000178813934326e-02 0.000000000000000000e+00
2.751102685928344727e+00 3.129999999999999893e+00 4.500000178813934326e-02 0.000000000000000000e+00
2.864111900329589844e+00 3.680000000000000160e+00 4.500000178813934326e-02 0.000000000000000000e+00
2.949020862579345703e+00 4.280000000000000249e+00 4.500000178813934326e-02 0.000000000000000000e+00
3.065992593765258789e+00 4.709999999999999964e+00 4.500000178813934326e-02 0.000000000000000000e+00
3.157001733779907227e+00 5.309999999999999609e+00 4.500000178813934326e-02 0.000000000000000000e+00
3.263988733291625977e+00 5.870000000000000107e+00 4.500000178813934326e-02 0.000000000000000000e+00
3.364997148513793945e+00 6.429999999999999716e+00 4.500000178813934326e-02 0.000000000000000000e+00
3.445006847381591797e+00 6.780000000000000249e+00 4.500000178813934326e-02 0.000000000000000000e+00
3.552998065948486328e+00 6.589999999999999858e+00 1.499999966472387314e-02 -1.170001098632812500e+03
3.664999485015869141e+00 6.379999999999999893e+00 1.499999966472387314e-02 -1.800000610351562500e+03
3.753000259399414062e+00 3.089999999999999858e+00 1.499999966472387314e-02 -1.350000488281250000e+03
3.863997936248779297e+00 2.600000000000000089e+00 1.499999966472387314e-02 -1.079989501953125000e+03
3.954999685287475586e+00 2.759999999999999787e+00 1.499999966472387314e-02 -9.899949340820312500e+02
4.067998170852661133e+00 2.850000000000000089e+00 1.499999966472387314e-02 -1.079989501953125000e+03
4.156996488571166992e+00 2.790000000000000036e+00 1.499999966472387314e-02 -1.079989501953125000e+03
4.247997283935546875e+00 2.779999999999999805e+00 1.499999966472387314e-02 -9.899949340820312500e+02
4.361008167266845703e+00 2.810000000000000053e+00 1.499999966472387314e-02 -1.080044189453125000e+03
4.450000762939453125e+00 2.819999999999999840e+00 1.499999966472387314e-02 -1.080044189453125000e+03
4.560995817184448242e+00 2.680000000000000160e+00 1.499999966472387314e-02 -8.999456787109375000e+02
4.650996923446655273e+00 2.720000000000000195e+00 1.499999966472387314e-02 -8.999456787109375000e+02
4.768999338150024414e+00 2.729999999999999982e+00 1.499999966472387314e-02 -1.080044189453125000e+03
4.859000444412231445e+00 2.799999999999999822e+00 1.499999966472387314e-02 -1.080044189453125000e+03
4.966997623443603516e+00 2.700000000000000178e+00 1.499999966472387314e-02 -1.169984008789062500e+03
5.055996656417846680e+00 2.709999999999999964e+00 1.499999966472387314e-02 -1.080044189453125000e+03
5.154000997543334961e+00 2.700000000000000178e+00 1.499999966472387314e-02 -1.260033203125000000e+03
5.264006614685058594e+00 2.770000000000000018e+00 1.499999966472387314e-02 -1.260033203125000000e+03
5.354002952575683594e+00 2.740000000000000213e+00 1.499999966472387314e-02 -1.260033203125000000e+03
5.463036298751831055e+00 2.709999999999999964e+00 1.499999966472387314e-02 -1.169984008789062500e+03
5.557998895645141602e+00 2.700000000000000178e+00 1.499999966472387314e-02 -1.260033203125000000e+03
5.668997287750244141e+00 2.700000000000000178e+00 1.499999966472387314e-02 -1.260033203125000000e+03
5.755003452301025391e+00 2.720000000000000195e+00 1.499999966472387314e-02 -1.349863891601562500e+03
5.850000143051147461e+00 2.740000000000000213e+00 1.499999966472387314e-02 -1.620011474609375000e+03
5.961997985839843750e+00 2.720000000000000195e+00 1.499999966472387314e-02 -1.529962280273437500e+03
6.069999694824218750e+00 2.660000000000000142e+00 1.499999966472387314e-02 -1.350082397460937500e+03
6.164999723434448242e+00 2.680000000000000160e+00 1.499999966472387314e-02 -1.259814575195312500e+03
6.254999637603759766e+00 2.640000000000000124e+00 1.499999966472387314e-02 -1.260033203125000000e+03
6.361998081207275391e+00 2.740000000000000213e+00 1.499999966472387314e-02 -1.260033203125000000e+03
6.457000017166137695e+00 2.759999999999999787e+00 1.499999966472387314e-02 -1.350082397460937500e+03
6.561998844146728516e+00 2.700000000000000178e+00 1.499999966472387314e-02 -1.440350219726562500e+03
6.655010938644409180e+00 2.700000000000000178e+00 1.499999966472387314e-02 -1.350301025390625000e+03
6.748998165130615234e+00 2.689999999999999947e+00 1.499999966472387314e-02 -1.080153442382812500e+03
6.861999988555908203e+00 2.669999999999999929e+00 1.499999966472387314e-02 -1.170202514648437500e+03
6.968996763229370117e+00 2.709999999999999964e+00 1.499999966472387314e-02 -1.349863891601562500e+03
7.064004421234130859e+00 2.810000000000000053e+00 1.499999966472387314e-02 -1.439913085937500000e+03
7.155003070831298828e+00 2.680000000000000160e+00 1.499999966472387314e-02 -1.350301025390625000e+03
7.266002655029296875e+00 2.709999999999999964e+00 1.499999966472387314e-02 -1.440350219726562500e+03
7.353102445602416992e+00 2.740000000000000213e+00 1.499999966472387314e-02 -1.439913085937500000e+03
7.468997001647949219e+00 2.700000000000000178e+00 1.499999966472387314e-02 -1.350301025390625000e+03
7.558997631072998047e+00 2.680000000000000160e+00 1.499999966472387314e-02 -1.349863891601562500e+03
7.667996168136596680e+00 2.669999999999999929e+00 1.499999966472387314e-02 -1.079716308593750000e+03
7.762998104095458984e+00 2.609999999999999876e+00 1.499999966472387314e-02 -3.601968383789062500e+02
7.851997613906860352e+00 2.620000000000000107e+00 1.499999966472387314e-02 0.000000000000000000e+00
7.959998369216918945e+00 2.209999999999999964e+00 1.499999966472387314e-02 9.004920959472656250e+01
8.055004835128784180e+00 8.000000000000000444e-01 4.500000178813934326e-02 1.349863891601562500e+03
8.166998147964477539e+00 1.080000000000000071e+00 4.500000178813934326e-02 2.339968017578125000e+03
8.251998424530029297e+00 2.899999999999999911e+00 4.500000178813934326e-02 1.979771362304687500e+03
8.369009733200073242e+00 3.229999999999999982e+00 4.500000178813934326e-02 1.710060668945312500e+03
8.459998369216918945e+00 3.259999999999999787e+00 4.500000178813934326e-02 1.620011474609375000e+03
8.566998004913330078e+00 3.250000000000000000e+00 4.500000178813934326e-02 1.710060668945312500e+03
8.662004470825195312e+00 3.229999999999999982e+00 4.500000178813934326e-02 1.620011474609375000e+03
8.751997470855712891e+00 3.209999999999999964e+00 4.500000178813934326e-02 1.709623535156250000e+03
8.860010385513305664e+00 3.259999999999999787e+00 4.500000178813934326e-02 1.710060668945312500e+03
8.954006433486938477e+00 3.240000000000000213e+00 4.500000178813934326e-02 1.710060668945312500e+03
9.066998243331909180e+00 3.250000000000000000e+00 4.500000178813934326e-02 1.620011474609375000e+03
9.156001567840576172e+00 3.180000000000000160e+00 4.500000178813934326e-02 1.620011474609375000e+03
9.269013881683349609e+00 3.220000000000000195e+00 4.500000178813934326e-02 1.439913085937500000e+03
9.360004186630249023e+00 3.229999999999999982e+00 4.500000178813934326e-02 1.529962280273437500e+03
9.449004650115966797e+00 3.149999999999999911e+00 4.500000178813934326e-02 1.529962280273437500e+03
9.558027267456054688e+00 3.229999999999999982e+00 4.500000178813934326e-02 1.439913085937500000e+03
9.653004884719848633e+00 3.250000000000000000e+00 4.500000178813934326e-02 1.440131591796875000e+03
9.764006376266479492e+00 3.250000000000000000e+00 4.500000178813934326e-02 1.439913085937500000e+03
9.850003242492675781e+00 3.220000000000000195e+00 4.500000178813934326e-02 1.350082397460937500e+03
9.967998266220092773e+00 3.209999999999999964e+00 4.500000178813934326e-02 1.170202514648437500e+03
1.005699872970581055e+01 3.240000000000000213e+00 4.500000178813934326e-02 9.898856811523437500e+02
1.016499996185302734e+01 3.290000000000000036e+00 4.500000178813934326e-02 8.998363647460937500e+02
1.025999808311462402e+01 3.180000000000000160e+00 4.500000178813934326e-02 8.999456787109375000e+02
1.034999775886535645e+01 3.189999999999999947e+00 4.500000178813934326e-02 7.199565429687500000e+02
1.045699858665466309e+01 3.180000000000000160e+00 4.500000178813934326e-02 2.700383605957031250e+02
1.055200219154357910e+01 3.290000000000000036e+00 4.500000178813934326e-02 0.000000000000000000e+00
1.066499853134155273e+01 3.779999999999999805e+00 4.500000178813934326e-02 -8.993992614746093750e+01
1.075002527236938477e+01 5.799999999999999822e+00 4.500000178813934326e-02 -2.700383605957031250e+02
1.086699891090393066e+01 6.709999999999999964e+00 1.499999966472387314e-02 -2.519847900390625000e+03
1.095699644088745117e+01 3.750000000000000000e+00 1.499999966472387314e-02 -2.879826171875000000e+03
1.106500148773193359e+01 3.089999999999999858e+00 1.499999966472387314e-02 -2.789995361328125000e+03
1.115899801254272461e+01 2.850000000000000089e+00 1.499999966472387314e-02 -2.610115478515625000e+03
1.124999856948852539e+01 2.810000000000000053e+00 1.499999966472387314e-02 -2.430017089843750000e+03
1.136099767684936523e+01 2.779999999999999805e+00 1.499999966472387314e-02 -2.160088378906250000e+03
1.144799828529357910e+01 2.819999999999999840e+00 1.499999966472387314e-02 -1.979989868164062500e+03
1.156499934196472168e+01 2.879999999999999893e+00 1.499999966472387314e-02 -1.979989868164062500e+03
1.165400552749633789e+01 2.850000000000000089e+00 1.499999966472387314e-02 -1.889722045898437500e+03
1.176300692558288574e+01 2.859999999999999876e+00 1.499999966472387314e-02 -1.710060668945312500e+03
1.185799860954284668e+01 2.819999999999999840e+00 1.499999966472387314e-02 -1.620011474609375000e+03
1.196900153160095215e+01 2.819999999999999840e+00 1.499999966472387314e-02 -1.619574340820312500e+03
1.205499935150146484e+01 2.890000000000000124e+00 1.499999966472387314e-02 -1.620011474609375000e+03
1.214999842643737793e+01 2.830000000000000071e+00 1.499999966472387314e-02 -1.620011474609375000e+03
1.226200294494628906e+01 2.930000000000000160e+00 1.499999966472387314e-02 -1.439913085937500000e+03
1.236899733543395996e+01 2.870000000000000107e+00 1.499999966472387314e-02 -1.349863891601562500e+03
1.246501064300537109e+01 2.830000000000000071e+00 1.499999966472387314e-02 -1.170202514648437500e+03
1.257707214355468750e+01 2.830000000000000071e+00 1.499999966472387314e-02 -1.079716308593750000e+03
1.268500638008117676e+01 2.839999999999999858e+00 1.499999966472387314e-02 -8.100057373046875000e+02
1.278000044822692871e+01 2.850000000000000089e+00 1.499999966472387314e-02 -1.800984191894531250e+02
1.287000083923339844e+01 2.729999999999999982e+00 1.499999966472387314e-02 0.000000000000000000e+00
1.297699952125549316e+01 2.060000000000000053e+00 1.499999966472387314e-02 0.000000000000000000e+00
1.307199764251708984e+01 7.900000000000000355e-01 4.500000178813934326e-02 9.901042480468750000e+02
1.318500256538391113e+01 1.149999999999999911e+00 4.500000178813934326e-02 1.980208496093750000e+03
1.326999640464782715e+01 2.890000000000000124e+00 4.500000178813934326e-02 1.979771362304687500e+03
1.338699984550476074e+01 3.189999999999999947e+00 4.500000178813934326e-02 1.799672729492187500e+03
1.347699999809265137e+01 3.229999999999999982e+00 4.500000178813934326e-02 1.890159179687500000e+03
1.358499979972839355e+01 3.169999999999999929e+00 4.500000178813934326e-02 2.069820556640625000e+03
1.367899894714355469e+01 3.220000000000000195e+00 4.500000178813934326e-02 2.159869628906250000e+03
1.377000021934509277e+01 3.189999999999999947e+00 4.500000178813934326e-02 2.069820556640625000e+03
1.388100051879882812e+01 3.270000000000000018e+00 4.500000178813934326e-02 2.159869628906250000e+03
1.396799731254577637e+01 3.240000000000000213e+00 4.500000178813934326e-02 2.160088378906250000e+03
1.408500957489013672e+01 3.209999999999999964e+00 4.500000178813934326e-02 2.250137451171875000e+03
1.417400622367858887e+01 3.209999999999999964e+00 4.500000178813934326e-02 2.339968017578125000e+03
1.428301143646240234e+01 3.189999999999999947e+00 4.500000178813934326e-02 2.430017089843750000e+03
1.437800121307373047e+01 3.259999999999999787e+00 4.500000178813934326e-02 2.429798583984375000e+03
1.448899650573730469e+01 3.259999999999999787e+00 4.500000178813934326e-02 2.160088378906250000e+03
1.457500028610229492e+01 3.250000000000000000e+00 4.500000178813934326e-02 1.890159179687500000e+03
1.467000007629394531e+01 3.299999999999999822e+00 4.500000178813934326e-02 1.710060668945312500e+03
1.478200078010559082e+01 3.259999999999999787e+00 4.500000178813934326e-02 1.440022338867187500e+03
1.488899731636047363e+01 3.240000000000000213e+00 4.500000178813934326e-02 1.349973144531250000e+03
1.498500227928161621e+01 3.250000000000000000e+00 4.500000178813934326e-02 1.259923950195312500e+03
1.507499837875366211e+01 3.200000000000000178e+00 4.500000178813934326e-02 1.259923950195312500e+03
1.518200063705444336e+01 3.209999999999999964e+00 4.500000178813934326e-02 1.080044189453125000e+03
1.527700757980346680e+01 3.229999999999999982e+00 4.500000178813934326e-02 9.899949340820312500e+02
1.536700463294982910e+01 3.180000000000000160e+00 4.500000178813934326e-02 7.199565429687500000e+02
1.547500038146972656e+01 3.189999999999999947e+00 4.500000178813934326e-02 9.000549316406250000e+02
1.556899738311767578e+01 3.189999999999999947e+00 4.500000178813934326e-02 9.899949340820312500e+02
1.568199992179870605e+01 3.229999999999999982e+00 4.500000178813934326e-02 9.899949340820312500e+02
1.578899717330932617e+01 3.259999999999999787e+00 4.500000178813934326e-02 9.899949340820312500e+02
1.588400363922119141e+01 3.220000000000000195e+00 4.500000178813934326e-02 7.199565429687500000e+02
1.597499990463256836e+01 3.279999999999999805e+00 4.500000178813934326e-02 7.200111694335937500e+02
1.608600020408630371e+01 3.250000000000000000e+00 4.500000178813934326e-02 8.100057373046875000e+02
1.617300224304199219e+01 3.250000000000000000e+00 4.500000178813934326e-02 1.079989501953125000e+03
1.628799653053283691e+01 3.259999999999999787e+00 4.500000178813934326e-02 9.000003051757812500e+02
1.637899661064147949e+01 3.319999999999999840e+00 4.500000178813934326e-02 9.000003051757812500e+02
1.648799991607666016e+01 3.299999999999999822e+00 4.500000178813934326e-02 9.000003051757812500e+02
1.658299922943115234e+01 3.330000000000000071e+00 4.500000178813934326e-02 0.000000000000000000e+00
1.667199778556823730e+01 3.410000000000000142e+00 4.500000178813934326e-02 0.000000000000000000e+00
1.678000593185424805e+01 4.519999999999999574e+00 4.500000178813934326e-02 0.000000000000000000e+00
1.687499833106994629e+01 3.640000000000000124e+00 4.500000178813934326e-02 0.000000000000000000e+00
1.698699045181274414e+01 2.839999999999999858e+00 4.500000178813934326e-02 0.000000000000000000e+00
1.707199096679687500e+01 2.220000000000000195e+00 4.500000178813934326e-02 0.000000000000000000e+00
1.717799735069274902e+01 2.109999999999999876e+00 4.500000178813934326e-02 0.000000000000000000e+00
1.727999758720397949e+01 2.080000000000000071e+00 4.500000178813934326e-02 0.000000000000000000e+00
1.738700056076049805e+01 2.049999999999999822e+00 4.500000178813934326e-02 0.000000000000000000e+00
1.748199987411499023e+01 2.029999999999999805e+00 4.500000178813934326e-02 0.000000000000000000e+00
1.757200121879577637e+01 2.009999999999999787e+00 4.500000178813934326e-02 0.000000000000000000e+00
1.768000054359436035e+01 1.989999999999999991e+00 4.500000178813934326e-02 0.000000000000000000e+00
1.777400040626525879e+01 1.979999999999999982e+00 4.500000178813934326e-02 0.000000000000000000e+00
1.788699841499328613e+01 1.969999999999999973e+00 4.500000178813934326e-02 0.000000000000000000e+00
1.797599911689758301e+01 1.959999999999999964e+00 4.500000178813934326e-02 0.000000000000000000e+00
1.808899760246276855e+01 1.949999999999999956e+00 4.500000178813934326e-02 0.000000000000000000e+00
1.817999863624572754e+01 1.949999999999999956e+00 4.500000178813934326e-02 0.000000000000000000e+00
1.826899838447570801e+01 1.939999999999999947e+00 4.500000178813934326e-02 0.000000000000000000e+00
1.837800073623657227e+01 1.939999999999999947e+00 4.500000178813934326e-02 0.000000000000000000e+00
1.847302556037902832e+01 1.919999999999999929e+00 4.500000178813934326e-02 0.000000000000000000e+00
1.858400321006774902e+01 1.919999999999999929e+00 4.500000178813934326e-02 0.000000000000000000e+00
1.867000246047973633e+01 1.909999999999999920e+00 4.500000178813934326e-02 0.000000000000000000e+00
1.878799653053283691e+01 1.919999999999999929e+00 4.500000178813934326e-02 0.000000000000000000e+00
1.887700033187866211e+01 1.909999999999999920e+00 4.500000178813934326e-02 0.000000000000000000e+00
1.898499846458435059e+01 1.909999999999999920e+00 4.500000178813934326e-02 0.000000000000000000e+00
1.907999753952026367e+01 1.899999999999999911e+00 4.500000178813934326e-02 0.000000000000000000e+00
