2.991199493408203125e-03 2.589999999999999858e+00 1.300000026822090149e-02 -6.299072875976562500e+02
1.029934883117675781e-01 2.729999999999999982e+00 1.300000026822090149e-02 -1.079716308593750000e+03
1.839923858642578125e-01 2.700000000000000178e+00 1.300000026822090149e-02 -1.259814575195312500e+03
2.959930896759033203e-01 2.560000000000000053e+00 1.300000026822090149e-02 -1.439913085937500000e+03
3.869943618774414062e-01 2.569999999999999840e+00 1.300000026822090149e-02 -1.530399414062500000e+03
4.989991188049316406e-01 2.450000000000000178e+00 1.300000026822090149e-02 -1.260251708984375000e+03
5.889935493469238281e-01 2.520000000000000018e+00 1.300000026822090149e-02 -1.259814575195312500e+03
6.999974250793457031e-01 2.490000000000000213e+00 1.300000026822090149e-02 -1.080153442382812500e+03
7.900383472442626953e-01 2.470000000000000195e+00 1.300000026822090149e-02 -9.901042480468750000e+02
9.030017852783203125e-01 2.560000000000000053e+00 1.300000026822090149e-02 -1.080153442382812500e+03
9.880344867706298828e-01 2.609999999999999876e+00 1.300000026822090149e-02 -1.080153442382812500e+03
1.092990636825561523e+00 2.509999999999999787e+00 1.300000026822090149e-02 -1.080153442382812500e+03
1.172992229461669922e+00 2.520000000000000018e+00 1.300000026822090149e-02 -9.000549316406250000e+02
1.292990207672119141e+00 2.540000000000000036e+00 1.300000026822090149e-02 -8.100057373046875000e+02
1.388031721115112305e+00 2.609999999999999876e+00 1.300000026822090149e-02 -9.000549316406250000e+02
1.482032299041748047e+00 2.549999999999999822e+00 1.300000026822090149e-02 -1.079716308593750000e+03
1.595992088317871094e+00 2.589999999999999858e+00 1.300000026822090149e-02 -1.080153442382812500e+03
1.684991359710693359e+00 2.509999999999999787e+00 1.300000026822090149e-02 -9.901042480468750000e+02
1.795991420745849609e+00 2.560000000000000053e+00 1.300000026822090149e-02 -8.996177978515625000e+02
1.886991262435913086e+00 2.509999999999999787e+00 1.300000026822090149e-02 -9.901042480468750000e+02
1.998042583465576172e+00 2.529999999999999805e+00 1.300000026822090149e-02 -8.100057373046875000e+02
2.104085683822631836e+00 2.600000000000000089e+00 1.300000026822090149e-02 -8.100057373046875000e+02
2.199993610382080078e+00 2.620000000000000107e+00 1.300000026822090149e-02 -8.100057373046875000e+02
2.290986776351928711e+00 2.549999999999999822e+00 1.300000026822090149e-02 -9.000549316406250000e+02
2.403001785278320312e+00 2.560000000000000053e+00 1.300000026822090149e-02 -8.100057373046875000e+02
2.488004684448242188e+00 2.580000000000000071e+00 1.300000026822090149e-02 -8.100057373046875000e+02
2.594992160797119141e+00 2.709999999999999964e+00 1.300000026822090149e-02 -1.259814575195312500e+03
2.694992065429687500e+00 2.549999999999999822e+00 1.300000026822090149e-02 -1.350301025390625000e+03
2.783990144729614258e+00 2.500000000000000000e+00 1.300000026822090149e-02 -1.170202514648437500e+03
2.892999887466430664e+00 2.500000000000000000e+00 1.300000026822090149e-02 -1.170202514648437500e+03
2.987997770309448242e+00 2.450000000000000178e+00 1.300000026822090149e-02 -9.000549316406250000e+02
3.098992824554443359e+00 2.549999999999999822e+00 1.300000026822090149e-02 -1.080153442382812500e+03
3.184993028640747070e+00 2.580000000000000071e+00 1.300000026822090149e-02 -9.000549316406250000e+02
3.302992582321166992e+00 2.589999999999999858e+00 1.300000026822090149e-02 -1.350082397460937500e+03
3.391989946365356445e+00 2.490000000000000213e+00 1.300000026822090149e-02 -1.080153442382812500e+03
3.499992847442626953e+00 2.529999999999999805e+00 1.300000026822090149e-02 -8.998363647460937500e+02
3.594992399215698242e+00 2.540000000000000036e+00 1.300000026822090149e-02 -8.998363647460937500e+02
3.684992074966430664e+00 2.549999999999999822e+00 1.300000026822090149e-02 -9.901042480468750000e+02
3.791991233825683594e+00 2.569999999999999840e+00 1.300000026822090149e-02 -8.998363647460937500e+02
3.886994361877441406e+00 2.520000000000000018e+00 1.300000026822090149e-02 -9.901042480468750000e+02
3.999991655349731445e+00 2.479999999999999982e+00 1.300000026822090149e-02 -8.100057373046875000e+02
4.084991216659545898e+00 2.520000000000000018e+00 1.300000026822090149e-02 -8.100057373046875000e+02
4.202039480209350586e+00 2.600000000000000089e+00 1.300000026822090149e-02 -9.000549316406250000e+02
4.291993379592895508e+00 2.569999999999999840e+00 1.300000026822090149e-02 -7.199565429687500000e+02
4.399994134902954102e+00 2.589999999999999858e+00 1.300000026822090149e-02 -9.000549316406250000e+02
4.494035720825195312e+00 2.540000000000000036e+00 1.300000026822090149e-02 -8.998363647460937500e+02
4.584990024566650391e+00 2.529999999999999805e+00 1.300000026822090149e-02 -8.100057373046875000e+02
4.695994853973388672e+00 2.560000000000000053e+00 1.300000026822090149e-02 -6.299072875976562500e+02
4.782992124557495117e+00 2.609999999999999876e+00 1.300000026822090149e-02 -6.301258544921875000e+02
4.899993419647216797e+00 2.640000000000000124e+00 1.300000026822090149e-02 -8.100057373046875000e+02
4.988995075225830078e+00 2.629999999999999893e+00 1.300000026822090149e-02 -1.080153442382812500e+03
5.098129749298095703e+00 2.560000000000000053e+00 1.300000026822090149e-02 -9.898856811523437500e+02
5.192993164062500000e+00 2.529999999999999805e+00 1.300000026822090149e-02 -8.100057373046875000e+02
5.302994489669799805e+00 2.479999999999999982e+00 1.300000026822090149e-02 -6.300166015625000000e+02
5.390031814575195312e+00 2.500000000000000000e+00 1.300000026822090149e-02 -3.599782714843750000e+02
5.484993219375610352e+00 2.620000000000000107e+00 1.300000026822090149e-02 -2.699290771484375000e+02
5.596992731094360352e+00 2.700000000000000178e+00 1.300000026822090149e-02 -4.500274658203125000e+02
5.702991724014282227e+00 2.689999999999999947e+00 1.300000026822090149e-02 -6.300166015625000000e+02
5.799990415573120117e+00 2.600000000000000089e+00 1.300000026822090149e-02 -4.500274658203125000e+02
5.890046834945678711e+00 2.620000000000000107e+00 1.300000026822090149e-02 -4.500274658203125000e+02
5.996991872787475586e+00 2.649999999999999911e+00 1.300000026822090149e-02 -7.199565429687500000e+02
6.091991424560546875e+00 2.609999999999999876e+00 1.300000026822090149e-02 -9.000549316406250000e+02
6.182035923004150391e+00 2.609999999999999876e+00 1.300000026822090149e-02 -9.000549316406250000e+02
6.290040969848632812e+00 2.520000000000000018e+00 1.300000026822090149e-02 -7.199565429687500000e+02
6.383990049362182617e+00 2.540000000000000036e+00 1.300000026822090149e-02 -5.399674072265625000e+02
6.496990680694580078e+00 2.589999999999999858e+00 1.300000026822090149e-02 -3.599782714843750000e+02
6.586040019989013672e+00 2.649999999999999911e+00 1.300000026822090149e-02 -3.599782714843750000e+02
6.699001312255859375e+00 2.649999999999999911e+00 1.300000026822090149e-02 -5.399674072265625000e+02
6.790117502212524414e+00 2.750000000000000000e+00 1.300000026822090149e-02 -9.899949340820312500e+02
6.900998115539550781e+00 2.560000000000000053e+00 1.300000026822090149e-02 -9.000003051757812500e+02
6.988019704818725586e+00 2.609999999999999876e+00 1.300000026822090149e-02 -9.000003051757812500e+02
7.083003044128417969e+00 2.560000000000000053e+00 1.300000026822090149e-02 -9.000003051757812500e+02
7.194047212600708008e+00 2.509999999999999787e+00 1.300000026822090149e-02 -4.499728393554687500e+02
7.302991867065429688e+00 1.820000000000000062e+00 1.300000026822090149e-02 0.000000000000000000e+00
7.398043394088745117e+00 1.709999999999999964e+00 1.300000026822090149e-02 0.000000000000000000e+00
7.486991882324218750e+00 1.739999999999999991e+00 1.300000026822090149e-02 0.000000000000000000e+00
7.594991683959960938e+00 1.729999999999999982e+00 1.300000026822090149e-02 0.000000000000000000e+00
7.690031528472900391e+00 1.699999999999999956e+00 1.300000026822090149e-02 0.000000000000000000e+00
7.802036046981811523e+00 1.250000000000000000e+00 1.300000026822090149e-02 0.000000000000000000e+00
7.886990070343017578e+00 8.399999999999999689e-01 1.300000026822090149e-02 0.000000000000000000e+00
7.997045993804931641e+00 8.399999999999999689e-01 1.300000026822090149e-02 0.000000000000000000e+00
8.094993114471435547e+00 5.699999999999999512e-01 3.700000047683715820e-02 1.529962280273437500e+03
8.202039003372192383e+00 2.129999999999999893e+00 3.700000047683715820e-02 1.529962280273437500e+03
8.296989917755126953e+00 2.620000000000000107e+00 3.700000047683715820e-02 1.169984008789062500e+03
8.386990785598754883e+00 2.479999999999999982e+00 3.700000047683715820e-02 1.079934814453125000e+03
8.494992256164550781e+00 2.459999999999999964e+00 3.700000047683715820e-02 1.169984008789062500e+03
8.588994741439819336e+00 2.430000000000000160e+00 3.700000047683715820e-02 1.079934814453125000e+03
8.702030658721923828e+00 2.450000000000000178e+00 3.700000047683715820e-02 1.169984008789062500e+03
8.790992498397827148e+00 2.439999999999999947e+00 3.700000047683715820e-02 1.260033203125000000e+03
8.902993440628051758e+00 2.490000000000000213e+00 3.700000047683715820e-02 1.079934814453125000e+03
8.994992971420288086e+00 2.490000000000000213e+00 3.700000047683715820e-02 8.999456787109375000e+02
9.083995580673217773e+00 2.450000000000000178e+00 3.700000047683715820e-02 7.199565429687500000e+02
9.192991018295288086e+00 2.439999999999999947e+00 3.700000047683715820e-02 8.100057373046875000e+02
9.287993907928466797e+00 2.390000000000000124e+00 3.700000047683715820e-02 8.100057373046875000e+02
9.398997068405151367e+00 2.430000000000000160e+00 3.700000047683715820e-02 1.079934814453125000e+03
9.484990119934082031e+00 2.459999999999999964e+00 3.700000047683715820e-02 9.000549316406250000e+02
9.602991819381713867e+00 2.450000000000000178e+00 3.700000047683715820e-02 1.169984008789062500e+03
9.691991090774536133e+00 2.419999999999999929e+00 3.700000047683715820e-02 1.080153442382812500e+03
9.799992084503173828e+00 2.470000000000000195e+00 3.700000047683715820e-02 1.169984008789062500e+03
9.894998311996459961e+00 2.450000000000000178e+00 3.700000047683715820e-02 1.349863891601562500e+03
9.984989643096923828e+00 2.439999999999999947e+00 3.700000047683715820e-02 1.260033203125000000e+03
1.009199404716491699e+01 2.520000000000000018e+00 3.700000047683715820e-02 1.169984008789062500e+03
1.018700051307678223e+01 2.450000000000000178e+00 3.700000047683715820e-02 1.169984008789062500e+03
1.029999637603759766e+01 2.470000000000000195e+00 3.700000047683715820e-02 1.079934814453125000e+03
1.038500046730041504e+01 2.479999999999999982e+00 3.700000047683715820e-02 1.079934814453125000e+03
1.050203537940979004e+01 2.459999999999999964e+00 3.700000047683715820e-02 1.079934814453125000e+03
1.059199190139770508e+01 2.479999999999999982e+00 3.700000047683715820e-02 9.898856811523437500e+02
1.069999217987060547e+01 2.479999999999999982e+00 3.700000047683715820e-02 8.998363647460937500e+02
1.079404425621032715e+01 2.490000000000000213e+00 3.700000047683715820e-02 9.898856811523437500e+02
1.088498926162719727e+01 2.470000000000000195e+00 3.700000047683715820e-02 9.000549316406250000e+02
1.099599146842956543e+01 2.399999999999999911e+00 3.700000047683715820e-02 9.000549316406250000e+02
1.108299589157104492e+01 2.439999999999999947e+00 3.700000047683715820e-02 1.260251708984375000e+03
1.119999074935913086e+01 2.439999999999999947e+00 3.700000047683715820e-02 1.349863891601562500e+03
1.128899478912353516e+01 2.439999999999999947e+00 3.700000047683715820e-02 1.349863891601562500e+03
1.139803695678710938e+01 2.500000000000000000e+00 3.700000047683715820e-02 1.080153442382812500e+03
1.149299192428588867e+01 2.509999999999999787e+00 3.700000047683715820e-02 9.896671142578125000e+02
1.160203933715820312e+01 2.479999999999999982e+00 3.700000047683715820e-02 9.901042480468750000e+02
1.169003772735595703e+01 2.509999999999999787e+00 3.700000047683715820e-02 8.996177978515625000e+02
1.178499984741210938e+01 2.410000000000000142e+00 3.700000047683715820e-02 9.901042480468750000e+02
1.189699220657348633e+01 2.450000000000000178e+00 3.700000047683715820e-02 9.896671142578125000e+02
1.199803733825683594e+01 2.439999999999999947e+00 3.700000047683715820e-02 9.000549316406250000e+02
1.209999370574951172e+01 2.529999999999999805e+00 3.700000047683715820e-02 7.199565429687500000e+02
1.219003582000732422e+01 2.430000000000000160e+00 3.700000047683715820e-02 7.199565429687500000e+02
1.229699158668518066e+01 2.450000000000000178e+00 3.700000047683715820e-02 8.100057373046875000e+02
1.239199352264404297e+01 2.419999999999999929e+00 3.700000047683715820e-02 8.100057373046875000e+02
1.248203802108764648e+01 2.439999999999999947e+00 3.700000047683715820e-02 9.901042480468750000e+02
1.259003782272338867e+01 2.450000000000000178e+00 3.700000047683715820e-02 9.901042480468750000e+02
1.268399548530578613e+01 2.490000000000000213e+00 3.700000047683715820e-02 9.901042480468750000e+02
1.279699087142944336e+01 2.479999999999999982e+00 3.700000047683715820e-02 8.100057373046875000e+02
1.288603401184082031e+01 2.490000000000000213e+00 3.700000047683715820e-02 6.303444213867187500e+02
1.299899625778198242e+01 2.459999999999999964e+00 3.700000047683715820e-02 6.299072875976562500e+02
1.309004497528076172e+01 2.419999999999999929e+00 3.700000047683715820e-02 7.199565429687500000e+02
1.320100665092468262e+01 2.410000000000000142e+00 3.700000047683715820e-02 8.100057373046875000e+02
1.328800034523010254e+01 2.410000000000000142e+00 3.700000047683715820e-02 8.100057373046875000e+02
1.340399599075317383e+01 2.500000000000000000e+00 3.700000047683715820e-02 7.199565429687500000e+02
1.349403882026672363e+01 2.439999999999999947e+00 3.700000047683715820e-02 7.199565429687500000e+02
1.360299587249755859e+01 2.450000000000000178e+00 3.700000047683715820e-02 7.199565429687500000e+02
1.369807028770446777e+01 2.390000000000000124e+00 3.700000047683715820e-02 8.095686035156250000e+02
1.378699636459350586e+01 2.419999999999999929e+00 3.700000047683715820e-02 8.100057373046875000e+02
1.389499378204345703e+01 2.490000000000000213e+00 3.700000047683715820e-02 8.100057373046875000e+02
1.399003195762634277e+01 2.450000000000000178e+00 3.700000047683715820e-02 6.303444213867187500e+02
1.410204124450683594e+01 2.459999999999999964e+00 3.700000047683715820e-02 5.398581542968750000e+02
1.418699169158935547e+01 2.450000000000000178e+00 3.700000047683715820e-02 4.498088989257812500e+02
1.428803634643554688e+01 2.319999999999999840e+00 3.700000047683715820e-02 7.199565429687500000e+02
1.439500355720520020e+01 2.479999999999999982e+00 3.700000047683715820e-02 7.199565429687500000e+02
1.450203299522399902e+01 2.509999999999999787e+00 3.700000047683715820e-02 5.402952880859375000e+02
1.459699106216430664e+01 2.399999999999999911e+00 3.700000047683715820e-02 5.398581542968750000e+02
1.468699955940246582e+01 2.419999999999999929e+00 3.700000047683715820e-02 6.299072875976562500e+02
1.479499149322509766e+01 2.459999999999999964e+00 3.700000047683715820e-02 5.398581542968750000e+02
1.488899397850036621e+01 2.399999999999999911e+00 3.700000047683715820e-02 5.398581542968750000e+02
1.500203037261962891e+01 2.459999999999999964e+00 3.700000047683715820e-02 4.502460327148437500e+02
1.509099650382995605e+01 2.330000000000000071e+00 3.700000047683715820e-02 0.000000000000000000e+00
1.517804050445556641e+01 2.140000000000000124e+00 3.700000047683715820e-02 0.000000000000000000e+00
1.529499483108520508e+01 2.399999999999999911e+00 3.700000047683715820e-02 0.000000000000000000e+00
1.538399076461791992e+01 3.520000000000000018e+00 3.700000047683715820e-02 0.000000000000000000e+00
1.549299550056457520e+01 3.919999999999999929e+00 3.700000047683715820e-02 0.000000000000000000e+00
1.558798456192016602e+01 4.599999999999999645e+00 3.700000047683715820e-02 -9.004920959472656250e+01
1.569899415969848633e+01 4.099999999999999645e+00 1.300000026822090149e-02 -1.620011474609375000e+03
1.578499031066894531e+01 2.509999999999999787e+00 1.300000026822090149e-02 -9.000549316406250000e+02
1.590299415588378906e+01 2.379999999999999893e+00 1.300000026822090149e-02 -5.398581542968750000e+02
1.599199342727661133e+01 2.709999999999999964e+00 1.300000026822090149e-02 -9.000549316406250000e+02
1.609999513626098633e+01 2.689999999999999947e+00 1.300000026822090149e-02 -9.000549316406250000e+02
1.619499540328979492e+01 2.600000000000000089e+00 1.300000026822090149e-02 -1.080153442382812500e+03
1.628499174118041992e+01 2.609999999999999876e+00 1.300000026822090149e-02 -1.349863891601562500e+03
1.639199113845825195e+01 2.580000000000000071e+00 1.300000026822090149e-02 -1.349863891601562500e+03
1.648708724975585938e+01 2.470000000000000195e+00 1.300000026822090149e-02 -1.259814575195312500e+03
1.659999275207519531e+01 2.479999999999999982e+00 1.300000026822090149e-02 -1.080153442382812500e+03
1.668498897552490234e+01 2.529999999999999805e+00 1.300000026822090149e-02 -9.901042480468750000e+02
1.680202865600585938e+01 2.629999999999999893e+00 1.300000026822090149e-02 -1.169765380859375000e+03
1.689200901985168457e+01 2.569999999999999840e+00 1.300000026822090149e-02 -1.170202514648437500e+03
1.700000214576721191e+01 2.569999999999999840e+00 1.300000026822090149e-02 -1.260251708984375000e+03
1.709403371810913086e+01 2.540000000000000036e+00 1.300000026822090149e-02 -1.349863891601562500e+03
1.718499112129211426e+01 2.529999999999999805e+00 1.300000026822090149e-02 -1.529962280273437500e+03
1.729599308967590332e+01 2.529999999999999805e+00 1.300000026822090149e-02 -1.439913085937500000e+03
1.738299441337585449e+01 2.500000000000000000e+00 1.300000026822090149e-02 -1.620011474609375000e+03
1.749999356269836426e+01 2.479999999999999982e+00 1.300000026822090149e-02 -1.439913085937500000e+03
1.758899354934692383e+01 2.520000000000000018e+00 1.300000026822090149e-02 -1.529962280273437500e+03
1.769804739952087402e+01 2.479999999999999982e+00 1.300000026822090149e-02 -1.529962280273437500e+03
1.779299378395080566e+01 2.520000000000000018e+00 1.300000026822090149e-02 -1.529962280273437500e+03
1.790299081802368164e+01 2.479999999999999982e+00 1.300000026822090149e-02 -1.440350219726562500e+03
1.799003672599792480e+01 2.479999999999999982e+00 1.300000026822090149e-02 -1.349863891601562500e+03
1.808499050140380859e+01 2.450000000000000178e+00 1.300000026822090149e-02 -1.260251708984375000e+03
1.819699478149414062e+01 2.479999999999999982e+00 1.300000026822090149e-02 -9.896671142578125000e+02
1.828899312019348145e+01 2.520000000000000018e+00 1.300000026822090149e-02 -9.000549316406250000e+02
1.839999222755432129e+01 2.640000000000000124e+00 1.300000026822090149e-02 -1.439913085937500000e+03
1.849004411697387695e+01 2.529999999999999805e+00 1.300000026822090149e-02 -1.529962280273437500e+03
1.859699082374572754e+01 2.520000000000000018e+00 1.300000026822090149e-02 -1.439913085937500000e+03
1.869199633598327637e+01 2.520000000000000018e+00 1.300000026822090149e-02 -1.439913085937500000e+03
1.878203916549682617e+01 2.520000000000000018e+00 1.300000026822090149e-02 -1.709842163085937500e+03
1.889003658294677734e+01 2.459999999999999964e+00 1.300000026822090149e-02 -1.710060668945312500e+03
1.898399019241333008e+01 2.439999999999999947e+00 1.300000026822090149e-02 -1.530180786132812500e+03
1.909699225425720215e+01 2.459999999999999964e+00 1.300000026822090149e-02 -1.530180786132812500e+03
1.918603658676147461e+01 2.490000000000000213e+00 1.300000026822090149e-02 -1.529962280273437500e+03
1.929899621009826660e+01 2.500000000000000000e+00 1.300000026822090149e-02 -1.620011474609375000e+03
1.939004015922546387e+01 2.459999999999999964e+00 1.300000026822090149e-02 -1.439913085937500000e+03
1.950099062919616699e+01 2.450000000000000178e+00 1.300000026822090149e-02 -1.169984008789062500e+03
1.958802199363708496e+01 2.470000000000000195e+00 1.300000026822090149e-02 -1.080044189453125000e+03
1.968299555778503418e+01 2.459999999999999964e+00 1.300000026822090149e-02 -9.901042480468750000e+02
1.979403924942016602e+01 2.490000000000000213e+00 1.300000026822090149e-02 -7.199565429687500000e+02
1.990299487113952637e+01 2.629999999999999893e+00 1.300000026822090149e-02 -1.079934814453125000e+03
1.999813437461853027e+01 2.589999999999999858e+00 1.300000026822090149e-02 -1.079934814453125000e+03
2.008699202537536621e+01 2.470000000000000195e+00 1.300000026822090149e-02 -8.100057373046875000e+02
2.019499588012695312e+01 2.529999999999999805e+00 1.300000026822090149e-02 -6.300166015625000000e+02
2.029004883766174316e+01 2.629999999999999893e+00 1.300000026822090149e-02 -7.199565429687500000e+02
2.040203857421875000e+01 2.700000000000000178e+00 1.300000026822090149e-02 -9.899949340820312500e+02
2.048699188232421875e+01 2.529999999999999805e+00 1.300000026822090149e-02 -9.899949340820312500e+02
2.058203864097595215e+01 2.549999999999999822e+00 1.300000026822090149e-02 -9.000003051757812500e+02
2.069499278068542480e+01 2.600000000000000089e+00 1.300000026822090149e-02 -1.079989501953125000e+03
2.080203318595886230e+01 2.580000000000000071e+00 1.300000026822090149e-02 -1.169984008789062500e+03
2.089698958396911621e+01 2.509999999999999787e+00 1.300000026822090149e-02 -9.899949340820312500e+02
2.098699045181274414e+01 1.590000000000000080e+00 1.300000026822090149e-02 0.000000000000000000e+00
2.109499287605285645e+01 1.229999999999999982e+00 1.300000026822090149e-02 0.000000000000000000e+00
2.118899488449096680e+01 1.199999999999999956e+00 1.300000026822090149e-02 0.000000000000000000e+00
2.130203652381896973e+01 6.500000000000000222e-01 1.300000026822090149e-02 0.000000000000000000e+00
2.139099287986755371e+01 5.899999999999999689e-01 1.300000026822090149e-02 0.000000000000000000e+00
2.150299096107482910e+01 4.699999999999999734e-01 1.300000026822090149e-02 0.000000000000000000e+00
2.159499216079711914e+01 4.099999999999999756e-01 1.300000026822090149e-02 0.000000000000000000e+00
2.168399071693420410e+01 3.699999999999999956e-01 3.700000047683715820e-02 9.900495605468750000e+02
2.179298996925354004e+01 1.979999999999999982e+00 3.700000047683715820e-02 1.800000610351562500e+03
2.188801002502441406e+01 2.720000000000000195e+00 3.700000047683715820e-02 7.200111694335937500e+02
2.199899673461914062e+01 2.459999999999999964e+00 3.700000047683715820e-02 9.899949340820312500e+02
2.208499050140380859e+01 2.359999999999999876e+00 3.700000047683715820e-02 1.349973144531250000e+03
2.220300269126892090e+01 2.350000000000000089e+00 3.700000047683715820e-02 1.890049926757812500e+03
2.229199171066284180e+01 2.410000000000000142e+00 3.700000047683715820e-02 1.979989868164062500e+03
2.239999318122863770e+01 2.470000000000000195e+00 3.700000047683715820e-02 1.979989868164062500e+03
2.249499440193176270e+01 2.479999999999999982e+00 3.700000047683715820e-02 1.979989868164062500e+03
2.258499026298522949e+01 2.490000000000000213e+00 3.700000047683715820e-02 1.889940673828125000e+03
2.269198942184448242e+01 2.450000000000000178e+00 3.700000047683715820e-02 1.979989868164062500e+03
2.278699302673339844e+01 2.470000000000000195e+00 3.700000047683715820e-02 2.070039062500000000e+03
2.289999389648437500e+01 2.509999999999999787e+00 3.700000047683715820e-02 1.619792968750000000e+03
2.298499226570129395e+01 2.560000000000000053e+00 3.700000047683715820e-02 1.620011474609375000e+03
2.310204911231994629e+01 2.490000000000000213e+00 3.700000047683715820e-02 1.440131591796875000e+03
2.319199299812316895e+01 2.450000000000000178e+00 3.700000047683715820e-02 1.529962280273437500e+03
2.329999089241027832e+01 2.439999999999999947e+00 3.700000047683715820e-02 1.620011474609375000e+03
2.339403796195983887e+01 2.439999999999999947e+00 3.700000047683715820e-02 1.800109863281250000e+03
2.348499441146850586e+01 2.509999999999999787e+00 3.700000047683715820e-02 1.620011474609375000e+03
2.359599399566650391e+01 2.490000000000000213e+00 3.700000047683715820e-02 1.620011474609375000e+03
2.368299245834350586e+01 2.419999999999999929e+00 3.700000047683715820e-02 2.070257568359375000e+03
2.379999184608459473e+01 2.370000000000000107e+00 3.700000047683715820e-02 2.339968017578125000e+03
2.388899397850036621e+01 2.479999999999999982e+00 3.700000047683715820e-02 2.249918945312500000e+03
2.399804210662841797e+01 2.540000000000000036e+00 3.700000047683715820e-02 1.980208496093750000e+03
2.409299135208129883e+01 2.529999999999999805e+00 3.700000047683715820e-02 1.980208496093750000e+03
2.418203639984130859e+01 2.509999999999999787e+00 3.700000047683715820e-02 1.980208496093750000e+03
2.429003715515136719e+01 2.479999999999999982e+00 3.700000047683715820e-02 1.889722045898437500e+03
2.438499045372009277e+01 2.500000000000000000e+00 3.700000047683715820e-02 1.979771362304687500e+03
2.449699068069458008e+01 2.509999999999999787e+00 3.700000047683715820e-02 1.710060668945312500e+03
2.460299110412597656e+01 2.520000000000000018e+00 3.700000047683715820e-02 1.529962280273437500e+03
2.469999003410339355e+01 2.490000000000000213e+00 3.700000047683715820e-02 1.349863891601562500e+03
2.479003167152404785e+01 2.479999999999999982e+00 3.700000047683715820e-02 1.349863891601562500e+03
2.489699125289916992e+01 2.470000000000000195e+00 3.700000047683715820e-02 1.349863891601562500e+03
2.499199271202087402e+01 2.459999999999999964e+00 3.700000047683715820e-02 1.080153442382812500e+03
2.508203577995300293e+01 2.540000000000000036e+00 3.700000047683715820e-02 8.100057373046875000e+02
2.519003987312316895e+01 2.459999999999999964e+00 3.700000047683715820e-02 7.199565429687500000e+02
2.528399372100830078e+01 2.439999999999999947e+00 3.700000047683715820e-02 7.199565429687500000e+02
2.539699029922485352e+01 2.419999999999999929e+00 3.700000047683715820e-02 6.299072875976562500e+02
2.548603487014770508e+01 2.450000000000000178e+00 3.700000047683715820e-02 9.000549316406250000e+02
2.559899806976318359e+01 2.459999999999999964e+00 3.700000047683715820e-02 8.100057373046875000e+02
2.569005060195922852e+01 2.459999999999999964e+00 3.700000047683715820e-02 6.299072875976562500e+02
2.580099010467529297e+01 2.430000000000000160e+00 3.700000047683715820e-02 5.402952880859375000e+02
2.588801026344299316e+01 2.450000000000000178e+00 3.700000047683715820e-02 4.502460327148437500e+02
2.598299241065979004e+01 2.439999999999999947e+00 3.700000047683715820e-02 4.498088989257812500e+02
2.609403371810913086e+01 2.250000000000000000e+00 3.700000047683715820e-02 0.000000000000000000e+00
2.620299410820007324e+01 2.229999999999999982e+00 3.700000047683715820e-02 0.000000000000000000e+00
2.629804301261901855e+01 3.060000000000000053e+00 3.700000047683715820e-02 0.000000000000000000e+00
2.638699650764465332e+01 3.649999999999999911e+00 1.300000026822090149e-02 -1.259814575195312500e+03
2.649499487876892090e+01 2.629999999999999893e+00 1.300000026822090149e-02 -1.260251708984375000e+03
2.659003686904907227e+01 2.600000000000000089e+00 1.300000026822090149e-02 -1.620011474609375000e+03
2.670212078094482422e+01 2.629999999999999893e+00 1.300000026822090149e-02 -1.979771362304687500e+03
2.678699374198913574e+01 2.589999999999999858e+00 1.300000026822090149e-02 -2.339968017578125000e+03
2.688204979896545410e+01 2.540000000000000036e+00 1.300000026822090149e-02 -2.430017089843750000e+03
2.699499177932739258e+01 2.600000000000000089e+00 1.300000026822090149e-02 -2.430017089843750000e+03
2.710203957557678223e+01 2.669999999999999929e+00 1.300000026822090149e-02 -2.159869628906250000e+03
2.719699096679687500e+01 2.689999999999999947e+00 1.300000026822090149e-02 -2.249918945312500000e+03
2.728699159622192383e+01 2.729999999999999982e+00 1.300000026822090149e-02 -2.610115478515625000e+03
2.739499688148498535e+01 2.759999999999999787e+00 1.300000026822090149e-02 -2.790214111328125000e+03
2.748899459838867188e+01 2.720000000000000195e+00 1.300000026822090149e-02 -2.880263183593750000e+03
2.760204458236694336e+01 2.709999999999999964e+00 1.300000026822090149e-02 -2.790214111328125000e+03
2.769099092483520508e+01 2.770000000000000018e+00 1.300000026822090149e-02 -3.329635009765625000e+03
2.780299091339111328e+01 2.689999999999999947e+00 1.300000026822090149e-02 -3.059924560546875000e+03
2.789499330520629883e+01 2.600000000000000089e+00 1.300000026822090149e-02 -2.789995361328125000e+03
2.798399186134338379e+01 2.589999999999999858e+00 1.300000026822090149e-02 -2.249918945312500000e+03
2.809299302101135254e+01 2.700000000000000178e+00 1.300000026822090149e-02 -2.700164794921875000e+03
2.818801212310791016e+01 2.720000000000000195e+00 1.300000026822090149e-02 -2.520066406250000000e+03
2.829899716377258301e+01 2.600000000000000089e+00 1.300000026822090149e-02 -2.430017089843750000e+03
2.838499450683593750e+01 2.609999999999999876e+00 1.300000026822090149e-02 -2.160088378906250000e+03
2.850299191474914551e+01 2.709999999999999964e+00 1.300000026822090149e-02 -2.339968017578125000e+03
2.859199357032775879e+01 2.689999999999999947e+00 1.300000026822090149e-02 -2.159979003906250000e+03
2.869999384880065918e+01 2.669999999999999929e+00 1.300000026822090149e-02 -2.070039062500000000e+03
2.879499244689941406e+01 2.660000000000000142e+00 1.300000026822090149e-02 -2.070039062500000000e+03
2.888499236106872559e+01 2.580000000000000071e+00 1.300000026822090149e-02 -1.620011474609375000e+03
2.899199008941650391e+01 2.589999999999999858e+00 1.300000026822090149e-02 -1.440022338867187500e+03
2.908699154853820801e+01 2.660000000000000142e+00 1.300000026822090149e-02 -1.349973144531250000e+03
2.919999241828918457e+01 2.700000000000000178e+00 1.300000026822090149e-02 -1.170038574218750000e+03
2.928799629211425781e+01 2.660000000000000142e+00 1.300000026822090149e-02 -1.079989501953125000e+03
2.938205265998840332e+01 2.620000000000000107e+00 1.300000026822090149e-02 -8.100057373046875000e+02
2.949499249458312988e+01 1.750000000000000000e+00 1.300000026822090149e-02 0.000000000000000000e+00
2.960299134254455566e+01 1.620000000000000107e+00 1.300000026822090149e-02 0.000000000000000000e+00
2.969699001312255859e+01 1.419999999999999929e+00 1.300000026822090149e-02 0.000000000000000000e+00
2.978799247741699219e+01 7.900000000000000355e-01 1.300000026822090149e-02 0.000000000000000000e+00
2.989899349212646484e+01 4.699999999999999734e-01 1.300000026822090149e-02 0.000000000000000000e+00
2.998603534698486328e+01 5.300000000000000266e-01 1.300000026822090149e-02 0.000000000000000000e+00
3.010299229621887207e+01 5.100000000000000089e-01 3.700000047683715820e-02 2.700383605957031250e+02
3.019199490547180176e+01 1.290000000000000036e+00 3.700000047683715820e-02 1.710006103515625000e+03
3.030098986625671387e+01 2.379999999999999893e+00 3.700000047683715820e-02 1.439967651367187500e+03
3.039599037170410156e+01 2.540000000000000036e+00 3.700000047683715820e-02 1.260033203125000000e+03
3.048498988151550293e+01 2.459999999999999964e+00 3.700000047683715820e-02 1.440022338867187500e+03
3.059299015998840332e+01 2.350000000000000089e+00 3.700000047683715820e-02 1.979989868164062500e+03
3.068799686431884766e+01 2.379999999999999893e+00 3.700000047683715820e-02 2.159979003906250000e+03
3.079999208450317383e+01 2.390000000000000124e+00 3.700000047683715820e-02 2.250028320312500000e+03
3.088499188423156738e+01 2.490000000000000213e+00 3.700000047683715820e-02 2.249918945312500000e+03
3.100299263000488281e+01 2.479999999999999982e+00 3.700000047683715820e-02 2.339968017578125000e+03
3.109299039840698242e+01 2.479999999999999982e+00 3.700000047683715820e-02 2.340186523437500000e+03
3.120000028610229492e+01 2.379999999999999893e+00 3.700000047683715820e-02 2.789995361328125000e+03
3.129499292373657227e+01 2.379999999999999893e+00 3.700000047683715820e-02 3.329853515625000000e+03
3.138499784469604492e+01 2.470000000000000195e+00 3.700000047683715820e-02 3.060143066406250000e+03
3.149299287796020508e+01 2.520000000000000018e+00 3.700000047683715820e-02 2.879826171875000000e+03
3.158699178695678711e+01 2.540000000000000036e+00 3.700000047683715820e-02 2.790214111328125000e+03
3.169999051094055176e+01 2.450000000000000178e+00 3.700000047683715820e-02 2.789776855468750000e+03
3.178900027275085449e+01 2.459999999999999964e+00 3.700000047683715820e-02 2.879826171875000000e+03
3.190203571319580078e+01 2.540000000000000036e+00 3.700000047683715820e-02 2.339968017578125000e+03
3.199299168586730957e+01 2.580000000000000071e+00 3.700000047683715820e-02 2.069820556640625000e+03
3.208203101158142090e+01 2.529999999999999805e+00 3.700000047683715820e-02 1.979771362304687500e+03
3.219099211692810059e+01 2.509999999999999787e+00 3.700000047683715820e-02 1.890159179687500000e+03
3.228603410720825195e+01 2.470000000000000195e+00 3.700000047683715820e-02 1.890159179687500000e+03
3.239699220657348633e+01 2.459999999999999964e+00 3.700000047683715820e-02 1.710060668945312500e+03
3.248299074172973633e+01 2.509999999999999787e+00 3.700000047683715820e-02 1.799672729492187500e+03
3.260098958015441895e+01 2.439999999999999947e+00 3.700000047683715820e-02 1.800109863281250000e+03
3.269003558158874512e+01 2.459999999999999964e+00 3.700000047683715820e-02 1.620011474609375000e+03
3.279803800582885742e+01 2.549999999999999822e+00 3.700000047683715820e-02 1.260251708984375000e+03
3.289298987388610840e+01 2.479999999999999982e+00 3.700000047683715820e-02 1.349863891601562500e+03
3.298299479484558105e+01 2.419999999999999929e+00 3.700000047683715820e-02 1.440350219726562500e+03
3.309004330635070801e+01 2.529999999999999805e+00 3.700000047683715820e-02 1.170202514648437500e+03
3.318499207496643066e+01 2.479999999999999982e+00 3.700000047683715820e-02 1.170202514648437500e+03
3.329804277420043945e+01 2.470000000000000195e+00 3.700000047683715820e-02 8.996177978515625000e+02
3.338299536705017090e+01 2.479999999999999982e+00 3.700000047683715820e-02 9.004920959472656250e+01
3.349999165534973145e+01 2.229999999999999982e+00 3.700000047683715820e-02 0.000000000000000000e+00
3.359003257751464844e+01 2.080000000000000071e+00 3.700000047683715820e-02 0.000000000000000000e+00
3.369803929328918457e+01 2.080000000000000071e+00 3.700000047683715820e-02 9.004920959472656250e+01
3.379199290275573730e+01 2.080000000000000071e+00 3.700000047683715820e-02 0.000000000000000000e+00
3.388299727439880371e+01 2.060000000000000053e+00 3.700000047683715820e-02 0.000000000000000000e+00
3.399403786659240723e+01 2.009999999999999787e+00 3.700000047683715820e-02 0.000000000000000000e+00
3.408099055290222168e+01 1.969999999999999973e+00 3.700000047683715820e-02 0.000000000000000000e+00
3.419803953170776367e+01 1.939999999999999947e+00 3.700000047683715820e-02 0.000000000000000000e+00
3.428699302673339844e+01 1.919999999999999929e+00 3.700000047683715820e-02 0.000000000000000000e+00
3.439599108695983887e+01 1.909999999999999920e+00 3.700000047683715820e-02 0.000000000000000000e+00
3.449099469184875488e+01 1.899999999999999911e+00 3.700000047683715820e-02 0.000000000000000000e+00
3.460203385353088379e+01 1.889999999999999902e+00 3.700000047683715820e-02 0.000000000000000000e+00
3.468799710273742676e+01 1.889999999999999902e+00 3.700000047683715820e-02 0.000000000000000000e+00
3.478299427032470703e+01 1.889999999999999902e+00 3.700000047683715820e-02 0.000000000000000000e+00
3.489499735832214355e+01 1.899999999999999911e+00 3.700000047683715820e-02 0.000000000000000000e+00
3.500299072265625000e+01 1.879999999999999893e+00 3.700000047683715820e-02 0.000000000000000000e+00
3.509804654121398926e+01 1.870000000000000107e+00 3.700000047683715820e-02 0.000000000000000000e+00
3.518798899650573730e+01 1.870000000000000107e+00 3.700000047683715820e-02 0.000000000000000000e+00
