7.499957084655761719e-02 3.819999999999999840e+00 6.100000068545341492e-02 0.000000000000000000e+00
1.639969348907470703e-01 3.810000000000000053e+00 6.100000068545341492e-02 0.000000000000000000e+00
2.729964256286621094e-01 3.810000000000000053e+00 6.100000068545341492e-02 0.000000000000000000e+00
3.620443344116210938e-01 3.810000000000000053e+00 6.100000068545341492e-02 0.000000000000000000e+00
4.529964923858642578e-01 3.810000000000000053e+00 6.100000068545341492e-02 0.000000000000000000e+00
5.661222934722900391e-01 3.810000000000000053e+00 6.100000068545341492e-02 0.000000000000000000e+00
6.540536880493164062e-01 3.810000000000000053e+00 6.100000068545341492e-02 0.000000000000000000e+00
7.679979801177978516e-01 3.810000000000000053e+00 6.100000068545341492e-02 0.000000000000000000e+00
8.620507717132568359e-01 3.810000000000000053e+00 6.100000068545341492e-02 0.000000000000000000e+00
9.690003395080566406e-01 3.810000000000000053e+00 6.100000068545341492e-02 0.000000000000000000e+00
1.059996843338012695e+00 3.770000000000000018e+00 6.100000068545341492e-02 0.000000000000000000e+00
1.154999017715454102e+00 3.759999999999999787e+00 6.100000068545341492e-02 0.000000000000000000e+00
1.262049198150634766e+00 3.740000000000000213e+00 6.100000068545341492e-02 0.000000000000000000e+00
1.374053716659545898e+00 3.759999999999999787e+00 6.100000068545341492e-02 0.000000000000000000e+00
1.470052480697631836e+00 3.850000000000000089e+00 6.100000068545341492e-02 0.000000000000000000e+00
1.555002927780151367e+00 3.870000000000000107e+00 6.100000068545341492e-02 0.000000000000000000e+00
1.667000770568847656e+00 3.979999999999999982e+00 6.100000068545341492e-02 0.000000000000000000e+00
1.762048006057739258e+00 3.950000000000000178e+00 6.100000068545341492e-02 0.000000000000000000e+00
1.870041608810424805e+00 3.879999999999999893e+00 6.100000068545341492e-02 0.000000000000000000e+00
1.958998680114746094e+00 3.950000000000000178e+00 6.100000068545341492e-02 0.000000000000000000e+00
2.054049491882324219e+00 4.110000000000000320e+00 6.100000068545341492e-02 0.000000000000000000e+00
2.162998914718627930e+00 4.280000000000000249e+00 6.100000068545341492e-02 0.000000000000000000e+00
2.274039983749389648e+00 4.530000000000000249e+00 6.100000068545341492e-02 0.000000000000000000e+00
2.368997335433959961e+00 4.719999999999999751e+00 6.100000068545341492e-02 0.000000000000000000e+00
2.455995559692382812e+00 4.990000000000000213e+00 6.100000068545341492e-02 0.000000000000000000e+00
2.566998481750488281e+00 5.099999999999999645e+00 6.100000068545341492e-02 0.000000000000000000e+00
2.658048629760742188e+00 5.269999999999999574e+00 6.100000068545341492e-02 0.000000000000000000e+00
2.771001100540161133e+00 5.500000000000000000e+00 6.100000068545341492e-02 0.000000000000000000e+00
2.858997106552124023e+00 5.910000000000000142e+00 6.100000068545341492e-02 0.000000000000000000e+00
2.972995042800903320e+00 6.230000000000000426e+00 6.100000068545341492e-02 0.000000000000000000e+00
3.066997528076171875e+00 6.519999999999999574e+00 6.100000068545341492e-02 0.000000000000000000e+00
3.174046277999877930e+00 6.709999999999999964e+00 6.100000068545341492e-02 0.000000000000000000e+00
3.265002727508544922e+00 6.879999999999999893e+00 6.100000068545341492e-02 0.000000000000000000e+00
3.359995841979980469e+00 7.049999999999999822e+00 6.100000068545341492e-02 0.000000000000000000e+00
3.466996192932128906e+00 7.110000000000000320e+00 6.100000068545341492e-02 0.000000000000000000e+00
3.556993484497070312e+00 7.360000000000000320e+00 2.800000086426734924e-02 -4.500274658203125000e+02
3.675025939941406250e+00 5.019999999999999574e+00 2.800000086426734924e-02 -1.800437774658203125e+02
3.759996414184570312e+00 4.290000000000000036e+00 2.800000086426734924e-02 0.000000000000000000e+00
3.871994972229003906e+00 4.500000000000000000e+00 2.800000086426734924e-02 -2.699837036132812500e+02
3.966994762420654297e+00 4.379999999999999893e+00 2.800000086426734924e-02 -8.999456787109375000e+01
4.074997425079345703e+00 4.530000000000000249e+00 2.800000086426734924e-02 0.000000000000000000e+00
4.163995265960693359e+00 4.809999999999999609e+00 2.800000086426734924e-02 -3.599782714843750000e+02
4.258996248245239258e+00 4.509999999999999787e+00 2.800000086426734924e-02 -5.399674072265625000e+02
4.367994308471679688e+00 4.469999999999999751e+00 2.800000086426734924e-02 -5.399947509765625000e+02
4.456995487213134766e+00 4.419999999999999929e+00 2.800000086426734924e-02 -3.600055847167968750e+02
4.574041843414306641e+00 4.469999999999999751e+00 2.800000086426734924e-02 -3.599782714843750000e+02
4.660997390747070312e+00 4.480000000000000426e+00 2.800000086426734924e-02 -2.700110473632812500e+02
4.771995544433593750e+00 4.450000000000000178e+00 2.800000086426734924e-02 -8.999456787109375000e+01
4.862996816635131836e+00 4.570000000000000284e+00 2.800000086426734924e-02 -1.800164489746093750e+02
4.974999427795410156e+00 4.599999999999999645e+00 2.800000086426734924e-02 -2.700110473632812500e+02
5.063998699188232422e+00 4.599999999999999645e+00 2.800000086426734924e-02 -3.599919128417968750e+02
5.155076026916503906e+00 4.549999999999999822e+00 2.800000086426734924e-02 -2.699973754882812500e+02
5.272000789642333984e+00 4.660000000000000142e+00 2.800000086426734924e-02 0.000000000000000000e+00
5.357005119323730469e+00 5.030000000000000249e+00 2.800000086426734924e-02 0.000000000000000000e+00
5.470051765441894531e+00 5.169999999999999929e+00 2.800000086426734924e-02 -8.999456787109375000e+01
5.565000772476196289e+00 5.000000000000000000e+00 2.800000086426734924e-02 -8.999456787109375000e+01
5.671997070312500000e+00 4.639999999999999680e+00 2.800000086426734924e-02 -1.800027923583984375e+02
5.762044668197631836e+00 4.530000000000000249e+00 2.800000086426734924e-02 -9.000822448730468750e+01
5.856995582580566406e+00 4.750000000000000000e+00 2.800000086426734924e-02 -8.999456787109375000e+01
5.965030908584594727e+00 4.660000000000000142e+00 2.800000086426734924e-02 -3.599987487792968750e+02
6.054043769836425781e+00 4.679999999999999716e+00 2.800000086426734924e-02 -4.500001525878906250e+02
6.171995162963867188e+00 4.580000000000000071e+00 2.800000086426734924e-02 -6.299995727539062500e+02
6.258047103881835938e+00 4.459999999999999964e+00 2.800000086426734924e-02 -4.500001525878906250e+02
6.368995666503906250e+00 4.400000000000000355e+00 2.800000086426734924e-02 -9.000139617919921875e+01
6.463995933532714844e+00 4.639999999999999680e+00 2.800000086426734924e-02 -3.600055847167968750e+02
6.572997570037841797e+00 4.549999999999999822e+00 2.800000086426734924e-02 -5.400084228515625000e+02
6.662042379379272461e+00 4.410000000000000142e+00 2.800000086426734924e-02 -5.399947509765625000e+02
6.752996206283569336e+00 4.309999999999999609e+00 2.800000086426734924e-02 -4.500001525878906250e+02
6.866050958633422852e+00 4.419999999999999929e+00 2.800000086426734924e-02 -3.599782714843750000e+02
6.954045772552490234e+00 4.469999999999999751e+00 2.800000086426734924e-02 -3.600055847167968750e+02
7.067999601364135742e+00 4.419999999999999929e+00 2.800000086426734924e-02 -3.600055847167968750e+02
7.162056207656860352e+00 4.419999999999999929e+00 2.800000086426734924e-02 -5.399947509765625000e+02
7.268996477127075195e+00 4.339999999999999858e+00 2.800000086426734924e-02 -4.500274658203125000e+02
7.359996795654296875e+00 4.309999999999999609e+00 2.800000086426734924e-02 -3.599782714843750000e+02
7.455003976821899414e+00 4.379999999999999893e+00 2.800000086426734924e-02 -2.699837036132812500e+02
7.562049865722656250e+00 4.429999999999999716e+00 2.800000086426734924e-02 -1.799891357421875000e+02
7.675012826919555664e+00 4.379999999999999893e+00 2.800000086426734924e-02 -2.699837036132812500e+02
7.770050287246704102e+00 4.429999999999999716e+00 2.800000086426734924e-02 -4.499728393554687500e+02
7.855029106140136719e+00 4.440000000000000391e+00 2.800000086426734924e-02 -2.700383605957031250e+02
7.967015266418457031e+00 4.410000000000000142e+00 2.800000086426734924e-02 -1.799891357421875000e+02
8.062038183212280273e+00 4.419999999999999929e+00 2.800000086426734924e-02 -1.800437774658203125e+02
8.170063495635986328e+00 4.589999999999999858e+00 2.800000086426734924e-02 -8.999456787109375000e+01
8.259001970291137695e+00 4.410000000000000142e+00 2.800000086426734924e-02 -1.800437774658203125e+02
8.354053974151611328e+00 4.500000000000000000e+00 2.800000086426734924e-02 -1.799891357421875000e+02
8.463000059127807617e+00 4.469999999999999751e+00 2.800000086426734924e-02 -1.799891357421875000e+02
8.574043035507202148e+00 4.379999999999999893e+00 2.800000086426734924e-02 0.000000000000000000e+00
8.668996095657348633e+00 4.549999999999999822e+00 2.800000086426734924e-02 0.000000000000000000e+00
8.755997657775878906e+00 4.759999999999999787e+00 2.800000086426734924e-02 0.000000000000000000e+00
8.866997003555297852e+00 4.870000000000000107e+00 2.800000086426734924e-02 0.000000000000000000e+00
8.958043098449707031e+00 5.040000000000000036e+00 2.800000086426734924e-02 0.000000000000000000e+00
9.070997238159179688e+00 4.910000000000000142e+00 2.800000086426734924e-02 -3.599782714843750000e+02
9.158999204635620117e+00 4.459999999999999964e+00 2.800000086426734924e-02 -2.699837036132812500e+02
9.273005723953247070e+00 4.400000000000000355e+00 2.800000086426734924e-02 -8.999456787109375000e+01
9.366997480392456055e+00 4.469999999999999751e+00 2.800000086426734924e-02 -2.699837036132812500e+02
9.474042892456054688e+00 4.540000000000000036e+00 2.800000086426734924e-02 -6.299619750976562500e+02
9.565001010894775391e+00 4.480000000000000426e+00 2.800000086426734924e-02 -6.300166015625000000e+02
9.659995079040527344e+00 4.360000000000000320e+00 2.800000086426734924e-02 -4.499181823730468750e+02
9.766999721527099609e+00 4.450000000000000178e+00 2.800000086426734924e-02 -4.500274658203125000e+02
9.856996297836303711e+00 4.459999999999999964e+00 2.800000086426734924e-02 -4.500274658203125000e+02
9.975032806396484375e+00 4.469999999999999751e+00 2.800000086426734924e-02 -2.700383605957031250e+02
1.005999493598937988e+01 4.519999999999999574e+00 2.800000086426734924e-02 -8.993992614746093750e+01
1.017199611663818359e+01 4.669999999999999929e+00 2.800000086426734924e-02 -1.800984191894531250e+02
1.026699972152709961e+01 4.629999999999999893e+00 2.800000086426734924e-02 -2.700383605957031250e+02
1.037501907348632812e+01 4.610000000000000320e+00 2.800000086426734924e-02 -1.799891357421875000e+02
1.046399593353271484e+01 4.660000000000000142e+00 2.800000086426734924e-02 -8.993992614746093750e+01
1.055899834632873535e+01 4.730000000000000426e+00 2.800000086426734924e-02 -1.799891357421875000e+02
1.066799545288085938e+01 4.660000000000000142e+00 2.800000086426734924e-02 -1.799891357421875000e+02
1.075699496269226074e+01 4.650000000000000355e+00 2.800000086426734924e-02 -3.599782714843750000e+02
1.087405419349670410e+01 4.589999999999999858e+00 2.800000086426734924e-02 -3.599782714843750000e+02
1.096099638938903809e+01 4.559999999999999609e+00 2.800000086426734924e-02 -2.700383605957031250e+02
1.107199835777282715e+01 4.580000000000000071e+00 2.800000086426734924e-02 -2.699290771484375000e+02
1.116300034523010254e+01 4.519999999999999574e+00 2.800000086426734924e-02 -4.499181823730468750e+02
1.127099752426147461e+01 4.410000000000000142e+00 2.800000086426734924e-02 -4.499181823730468750e+02
1.136399650573730469e+01 4.400000000000000355e+00 2.800000086426734924e-02 -3.599782714843750000e+02
1.145501112937927246e+01 4.429999999999999716e+00 2.800000086426734924e-02 -1.799891357421875000e+02
1.157199692726135254e+01 4.469999999999999751e+00 2.800000086426734924e-02 -1.799891357421875000e+02
1.165700078010559082e+01 4.469999999999999751e+00 2.800000086426734924e-02 -2.699290771484375000e+02
1.177004671096801758e+01 4.419999999999999929e+00 2.800000086426734924e-02 -4.500274658203125000e+02
1.186500716209411621e+01 4.360000000000000320e+00 2.800000086426734924e-02 -4.499181823730468750e+02
1.197199606895446777e+01 4.370000000000000107e+00 2.800000086426734924e-02 -2.700383605957031250e+02
1.206204414367675781e+01 4.469999999999999751e+00 2.800000086426734924e-02 -2.700383605957031250e+02
1.215699744224548340e+01 4.400000000000000355e+00 2.800000086426734924e-02 -2.700383605957031250e+02
1.226500535011291504e+01 4.410000000000000142e+00 2.800000086426734924e-02 -2.699290771484375000e+02
1.235405182838439941e+01 4.379999999999999893e+00 2.800000086426734924e-02 -2.699290771484375000e+02
1.247199583053588867e+01 4.370000000000000107e+00 2.800000086426734924e-02 -4.500274658203125000e+02
1.255804657936096191e+01 4.339999999999999858e+00 2.800000086426734924e-02 -3.599782714843750000e+02
1.266899824142456055e+01 4.339999999999999858e+00 2.800000086426734924e-02 -2.699290771484375000e+02
1.276399874687194824e+01 4.400000000000000355e+00 2.800000086426734924e-02 -1.798798522949218750e+02
1.287300753593444824e+01 4.379999999999999893e+00 2.800000086426734924e-02 -2.701476440429687500e+02
1.296205615997314453e+01 4.419999999999999929e+00 2.800000086426734924e-02 -2.699290771484375000e+02
1.305299758911132812e+01 4.379999999999999893e+00 2.800000086426734924e-02 -1.800984191894531250e+02
1.316605734825134277e+01 4.410000000000000142e+00 2.800000086426734924e-02 -8.983064270019531250e+01
1.325404047966003418e+01 4.429999999999999716e+00 2.800000086426734924e-02 -9.004920959472656250e+01
1.336799597740173340e+01 4.530000000000000249e+00 2.800000086426734924e-02 -8.983064270019531250e+01
1.346203684806823730e+01 4.620000000000000107e+00 2.800000086426734924e-02 -1.800984191894531250e+02
1.356899595260620117e+01 4.540000000000000036e+00 2.800000086426734924e-02 -1.800984191894531250e+02
1.365999650955200195e+01 4.519999999999999574e+00 2.800000086426734924e-02 -2.699290771484375000e+02
1.375500750541687012e+01 4.490000000000000213e+00 2.800000086426734924e-02 -2.699290771484375000e+02
1.386204957962036133e+01 4.400000000000000355e+00 2.800000086426734924e-02 -2.699290771484375000e+02
1.396700310707092285e+01 4.440000000000000391e+00 2.800000086426734924e-02 -2.701476440429687500e+02
1.407004404067993164e+01 4.389999999999999680e+00 2.800000086426734924e-02 -3.599782714843750000e+02
1.415501713752746582e+01 4.450000000000000178e+00 2.800000086426734924e-02 -3.599782714843750000e+02
1.426699709892272949e+01 4.379999999999999893e+00 2.800000086426734924e-02 -2.699290771484375000e+02
1.436203789710998535e+01 4.389999999999999680e+00 2.800000086426734924e-02 -1.798798522949218750e+02
1.447003912925720215e+01 4.440000000000000391e+00 2.800000086426734924e-02 -2.699290771484375000e+02
1.455902576446533203e+01 4.509999999999999787e+00 2.800000086426734924e-02 -1.798798522949218750e+02
1.465405225753784180e+01 4.540000000000000036e+00 2.800000086426734924e-02 -2.699290771484375000e+02
1.476299953460693359e+01 4.509999999999999787e+00 2.800000086426734924e-02 -1.800984191894531250e+02
1.487404656410217285e+01 4.580000000000000071e+00 2.800000086426734924e-02 -9.004920959472656250e+01
1.496899652481079102e+01 4.759999999999999787e+00 2.800000086426734924e-02 0.000000000000000000e+00
1.505599617958068848e+01 5.040000000000000036e+00 2.800000086426734924e-02 0.000000000000000000e+00
1.516699957847595215e+01 5.099999999999999645e+00 2.800000086426734924e-02 0.000000000000000000e+00
1.525803947448730469e+01 5.169999999999999929e+00 2.800000086426734924e-02 0.000000000000000000e+00
1.537099766731262207e+01 5.190000000000000391e+00 2.800000086426734924e-02 0.000000000000000000e+00
1.545899677276611328e+01 5.200000000000000178e+00 2.800000086426734924e-02 0.000000000000000000e+00
1.557299661636352539e+01 5.230000000000000426e+00 2.800000086426734924e-02 0.000000000000000000e+00
1.566700172424316406e+01 5.259999999999999787e+00 2.800000086426734924e-02 -8.983064270019531250e+01
1.577404093742370605e+01 4.950000000000000178e+00 2.800000086426734924e-02 -5.400767211914062500e+02
1.586500501632690430e+01 4.679999999999999716e+00 2.800000086426734924e-02 -5.400767211914062500e+02
1.595999598503112793e+01 4.480000000000000426e+00 2.800000086426734924e-02 -3.599782714843750000e+02
1.606700110435485840e+01 4.559999999999999609e+00 2.800000086426734924e-02 -4.500274658203125000e+02
1.615699529647827148e+01 4.580000000000000071e+00 2.800000086426734924e-02 -4.500274658203125000e+02
1.627500081062316895e+01 4.500000000000000000e+00 2.800000086426734924e-02 -4.500274658203125000e+02
1.635999608039855957e+01 4.410000000000000142e+00 2.800000086426734924e-02 -5.400767211914062500e+02
1.647199869155883789e+01 4.410000000000000142e+00 2.800000086426734924e-02 -3.599782714843750000e+02
1.656699490547180176e+01 4.419999999999999929e+00 2.800000086426734924e-02 -4.500274658203125000e+02
1.667507386207580566e+01 4.459999999999999964e+00 2.800000086426734924e-02 -4.500274658203125000e+02
1.676399564743041992e+01 4.469999999999999751e+00 2.800000086426734924e-02 -4.500274658203125000e+02
1.685899806022644043e+01 4.330000000000000071e+00 2.800000086426734924e-02 -3.599782714843750000e+02
1.696799731254577637e+01 4.379999999999999893e+00 2.800000086426734924e-02 -3.599782714843750000e+02
1.705699944496154785e+01 4.469999999999999751e+00 2.800000086426734924e-02 -3.599782714843750000e+02
1.717404603958129883e+01 4.440000000000000391e+00 2.800000086426734924e-02 -2.699290771484375000e+02
1.726099872589111328e+01 4.410000000000000142e+00 2.800000086426734924e-02 -2.701476440429687500e+02
1.737199664115905762e+01 4.370000000000000107e+00 2.800000086426734924e-02 -3.601968383789062500e+02
1.746302270889282227e+01 4.419999999999999929e+00 2.800000086426734924e-02 -3.599782714843750000e+02
1.757099652290344238e+01 4.440000000000000391e+00 2.800000086426734924e-02 -4.500274658203125000e+02
1.766400074958801270e+01 4.429999999999999716e+00 2.800000086426734924e-02 -3.599782714843750000e+02
1.775501036643981934e+01 4.389999999999999680e+00 2.800000086426734924e-02 -2.699290771484375000e+02
1.787199711799621582e+01 4.349999999999999645e+00 2.800000086426734924e-02 -2.701476440429687500e+02
1.795700001716613770e+01 4.400000000000000355e+00 2.800000086426734924e-02 -2.699290771484375000e+02
1.807004594802856445e+01 4.389999999999999680e+00 2.800000086426734924e-02 -9.004920959472656250e+01
1.816501331329345703e+01 4.389999999999999680e+00 2.800000086426734924e-02 -2.701476440429687500e+02
1.827199697494506836e+01 4.450000000000000178e+00 2.800000086426734924e-02 -1.798798522949218750e+02
1.836204552650451660e+01 4.440000000000000391e+00 2.800000086426734924e-02 -2.699290771484375000e+02
1.845700025558471680e+01 4.419999999999999929e+00 2.800000086426734924e-02 -3.599782714843750000e+02
1.856500577926635742e+01 4.379999999999999893e+00 2.800000086426734924e-02 -1.798798522949218750e+02
1.865405225753784180e+01 4.400000000000000355e+00 2.800000086426734924e-02 -2.699290771484375000e+02
1.877199721336364746e+01 4.490000000000000213e+00 2.800000086426734924e-02 -2.699290771484375000e+02
1.885804581642150879e+01 4.490000000000000213e+00 2.800000086426734924e-02 -2.699290771484375000e+02
1.896899604797363281e+01 4.459999999999999964e+00 2.800000086426734924e-02 -3.599782714843750000e+02
1.906399846076965332e+01 4.419999999999999929e+00 2.800000086426734924e-02 -9.004920959472656250e+01
1.917299675941467285e+01 4.599999999999999645e+00 2.800000086426734924e-02 -8.983064270019531250e+01
1.926204276084899902e+01 4.459999999999999964e+00 2.800000086426734924e-02 -1.798798522949218750e+02
1.935300731658935547e+01 4.589999999999999858e+00 2.800000086426734924e-02 -9.004920959472656250e+01
1.946604728698730469e+01 4.540000000000000036e+00 2.800000086426734924e-02 -1.800984191894531250e+02
1.955403900146484375e+01 4.580000000000000071e+00 2.800000086426734924e-02 -3.601968383789062500e+02
1.966799664497375488e+01 4.540000000000000036e+00 2.800000086426734924e-02 -2.701476440429687500e+02
1.976204895973205566e+01 4.450000000000000178e+00 2.800000086426734924e-02 -1.800984191894531250e+02
1.986900448799133301e+01 4.700000000000000178e+00 2.800000086426734924e-02 0.000000000000000000e+00
1.995999836921691895e+01 4.969999999999999751e+00 2.800000086426734924e-02 0.000000000000000000e+00
2.005500459671020508e+01 5.019999999999999574e+00 2.800000086426734924e-02 0.000000000000000000e+00
2.016204333305358887e+01 5.110000000000000320e+00 2.800000086426734924e-02 0.000000000000000000e+00
2.027500748634338379e+01 4.919999999999999929e+00 2.800000086426734924e-02 -7.199565429687500000e+02
2.037005162239074707e+01 4.589999999999999858e+00 2.800000086426734924e-02 -5.402952880859375000e+02
2.045500659942626953e+01 4.480000000000000426e+00 2.800000086426734924e-02 -1.800984191894531250e+02
2.056699919700622559e+01 4.650000000000000355e+00 2.800000086426734924e-02 0.000000000000000000e+00
2.066204476356506348e+01 4.730000000000000426e+00 2.800000086426734924e-02 -1.800984191894531250e+02
2.077004289627075195e+01 4.730000000000000426e+00 2.800000086426734924e-02 -4.498088989257812500e+02
2.085900759696960449e+01 4.580000000000000071e+00 2.800000086426734924e-02 -5.402952880859375000e+02
2.095405340194702148e+01 4.500000000000000000e+00 2.800000086426734924e-02 -4.502460327148437500e+02
2.106300020217895508e+01 4.540000000000000036e+00 2.800000086426734924e-02 -4.498088989257812500e+02
2.117405056953430176e+01 4.509999999999999787e+00 2.800000086426734924e-02 -3.601968383789062500e+02
2.126900076866149902e+01 4.440000000000000391e+00 2.800000086426734924e-02 -2.701476440429687500e+02
2.135600399971008301e+01 4.490000000000000213e+00 2.800000086426734924e-02 -2.701476440429687500e+02
2.146700310707092285e+01 4.450000000000000178e+00 2.800000086426734924e-02 -1.800984191894531250e+02
2.155804443359375000e+01 4.519999999999999574e+00 2.800000086426734924e-02 -1.796612854003906250e+02
2.167099928855895996e+01 4.559999999999999609e+00 2.800000086426734924e-02 -1.796612854003906250e+02
2.175899839401245117e+01 4.559999999999999609e+00 2.800000086426734924e-02 -2.697105102539062500e+02
2.187299966812133789e+01 4.490000000000000213e+00 2.800000086426734924e-02 -1.800984191894531250e+02
2.196709370613098145e+01 4.419999999999999929e+00 2.800000086426734924e-02 -1.800984191894531250e+02
2.207407546043395996e+01 4.459999999999999964e+00 2.800000086426734924e-02 -1.796612854003906250e+02
2.216500663757324219e+01 4.440000000000000391e+00 2.800000086426734924e-02 -1.800984191894531250e+02
2.225999402999877930e+01 4.389999999999999680e+00 2.800000086426734924e-02 -1.800984191894531250e+02
2.236699700355529785e+01 4.410000000000000142e+00 2.800000086426734924e-02 -2.697105102539062500e+02
2.245699739456176758e+01 4.339999999999999858e+00 2.800000086426734924e-02 -3.597597045898437500e+02
2.257404780387878418e+01 4.379999999999999893e+00 2.800000086426734924e-02 -1.800984191894531250e+02
2.266000223159790039e+01 4.410000000000000142e+00 2.800000086426734924e-02 -1.800984191894531250e+02
2.277199840545654297e+01 4.480000000000000426e+00 2.800000086426734924e-02 -1.800984191894531250e+02
2.286699628829956055e+01 4.459999999999999964e+00 2.800000086426734924e-02 -2.701476440429687500e+02
2.297500467300415039e+01 4.349999999999999645e+00 2.800000086426734924e-02 -1.800984191894531250e+02
2.306399583816528320e+01 4.320000000000000284e+00 2.800000086426734924e-02 -8.961207580566406250e+01
2.315899705886840820e+01 4.469999999999999751e+00 2.800000086426734924e-02 -1.800984191894531250e+02
2.326799726486206055e+01 4.469999999999999751e+00 2.800000086426734924e-02 -1.800984191894531250e+02
2.335700154304504395e+01 4.450000000000000178e+00 2.800000086426734924e-02 -9.004920959472656250e+01
2.347404909133911133e+01 4.509999999999999787e+00 2.800000086426734924e-02 -1.800984191894531250e+02
2.356099867820739746e+01 4.480000000000000426e+00 2.800000086426734924e-02 -1.796612854003906250e+02
2.367199969291687012e+01 4.459999999999999964e+00 2.800000086426734924e-02 -4.498088989257812500e+02
2.376299929618835449e+01 4.410000000000000142e+00 2.800000086426734924e-02 -3.597597045898437500e+02
2.387504792213439941e+01 4.349999999999999645e+00 2.800000086426734924e-02 -2.697105102539062500e+02
2.396399712562561035e+01 4.389999999999999680e+00 2.800000086426734924e-02 -2.701476440429687500e+02
2.405505394935607910e+01 4.410000000000000142e+00 2.800000086426734924e-02 -1.800984191894531250e+02
2.417199754714965820e+01 4.459999999999999964e+00 2.800000086426734924e-02 -9.004920959472656250e+01
2.425699710845947266e+01 4.540000000000000036e+00 2.800000086426734924e-02 -9.004920959472656250e+01
2.437005019187927246e+01 4.440000000000000391e+00 2.800000086426734924e-02 0.000000000000000000e+00
2.446499776840209961e+01 4.660000000000000142e+00 2.800000086426734924e-02 0.000000000000000000e+00
2.457199740409851074e+01 4.700000000000000178e+00 2.800000086426734924e-02 0.000000000000000000e+00
2.466204428672790527e+01 4.750000000000000000e+00 2.800000086426734924e-02 0.000000000000000000e+00
2.475699877738952637e+01 4.820000000000000284e+00 2.800000086426734924e-02 -2.697105102539062500e+02
2.486500191688537598e+01 4.480000000000000426e+00 2.800000086426734924e-02 -5.402952880859375000e+02
2.495404338836669922e+01 4.410000000000000142e+00 2.800000086426734924e-02 -4.502460327148437500e+02
2.507199954986572266e+01 4.339999999999999858e+00 2.800000086426734924e-02 -1.796612854003906250e+02
2.515804529190063477e+01 4.450000000000000178e+00 2.800000086426734924e-02 -2.701476440429687500e+02
2.526901078224182129e+01 4.549999999999999822e+00 2.800000086426734924e-02 -2.701476440429687500e+02
2.536399865150451660e+01 4.589999999999999858e+00 2.800000086426734924e-02 -2.701476440429687500e+02
2.547299623489379883e+01 4.530000000000000249e+00 2.800000086426734924e-02 -3.601968383789062500e+02
2.556204605102539062e+01 4.459999999999999964e+00 2.800000086426734924e-02 -2.701476440429687500e+02
2.565299701690673828e+01 4.519999999999999574e+00 2.800000086426734924e-02 -1.800984191894531250e+02
2.576604723930358887e+01 4.700000000000000178e+00 2.800000086426734924e-02 -9.004920959472656250e+01
2.585405254364013672e+01 4.639999999999999680e+00 2.800000086426734924e-02 -1.800984191894531250e+02
2.596800565719604492e+01 4.700000000000000178e+00 2.800000086426734924e-02 -1.800984191894531250e+02
2.606204533576965332e+01 4.669999999999999929e+00 2.800000086426734924e-02 -1.796612854003906250e+02
2.616899991035461426e+01 4.709999999999999964e+00 2.800000086426734924e-02 -2.701476440429687500e+02
2.625999832153320312e+01 4.639999999999999680e+00 2.800000086426734924e-02 -1.800984191894531250e+02
2.635502648353576660e+01 4.669999999999999929e+00 2.800000086426734924e-02 -2.697105102539062500e+02
2.646204972267150879e+01 4.620000000000000107e+00 2.800000086426734924e-02 -2.697105102539062500e+02
2.656700086593627930e+01 4.660000000000000142e+00 2.800000086426734924e-02 -1.800984191894531250e+02
2.667004680633544922e+01 4.660000000000000142e+00 2.800000086426734924e-02 -2.697105102539062500e+02
2.675506401062011719e+01 4.730000000000000426e+00 2.800000086426734924e-02 -3.601968383789062500e+02
2.686700272560119629e+01 4.620000000000000107e+00 2.800000086426734924e-02 -4.502460327148437500e+02
2.696205043792724609e+01 4.549999999999999822e+00 2.800000086426734924e-02 -6.299072875976562500e+02
2.707003974914550781e+01 4.400000000000000355e+00 2.800000086426734924e-02 -6.303444213867187500e+02
2.715900540351867676e+01 4.389999999999999680e+00 2.800000086426734924e-02 -5.402952880859375000e+02
2.726509404182434082e+01 4.349999999999999645e+00 2.800000086426734924e-02 -5.402952880859375000e+02
2.736300086975097656e+01 4.400000000000000355e+00 2.800000086426734924e-02 -5.398581542968750000e+02
2.747404193878173828e+01 4.410000000000000142e+00 2.800000086426734924e-02 -3.601968383789062500e+02
2.756900095939636230e+01 4.429999999999999716e+00 2.800000086426734924e-02 -2.697105102539062500e+02
2.765600848197937012e+01 4.360000000000000320e+00 2.800000086426734924e-02 -9.004920959472656250e+01
2.776699805259704590e+01 4.459999999999999964e+00 2.800000086426734924e-02 -1.796612854003906250e+02
2.785804772377014160e+01 4.379999999999999893e+00 2.800000086426734924e-02 -1.796612854003906250e+02
2.797099781036376953e+01 4.419999999999999929e+00 2.800000086426734924e-02 -3.601968383789062500e+02
2.805899667739868164e+01 4.429999999999999716e+00 2.800000086426734924e-02 -3.601968383789062500e+02
2.817299771308898926e+01 4.330000000000000071e+00 2.800000086426734924e-02 0.000000000000000000e+00
2.826700592041015625e+01 4.540000000000000036e+00 2.800000086426734924e-02 0.000000000000000000e+00
2.837405204772949219e+01 4.629999999999999893e+00 2.800000086426734924e-02 0.000000000000000000e+00
2.846500635147094727e+01 4.759999999999999787e+00 2.800000086426734924e-02 0.000000000000000000e+00
2.855999565124511719e+01 4.849999999999999645e+00 2.800000086426734924e-02 -9.004920959472656250e+01
2.866699910163879395e+01 4.599999999999999645e+00 2.800000086426734924e-02 0.000000000000000000e+00
2.875700640678405762e+01 4.330000000000000071e+00 2.800000086426734924e-02 0.000000000000000000e+00
2.887500572204589844e+01 4.500000000000000000e+00 2.800000086426734924e-02 0.000000000000000000e+00
2.895999765396118164e+01 4.379999999999999893e+00 2.800000086426734924e-02 0.000000000000000000e+00
2.907199573516845703e+01 3.819999999999999840e+00 2.800000086426734924e-02 0.000000000000000000e+00
2.916699671745300293e+01 2.839999999999999858e+00 2.800000086426734924e-02 0.000000000000000000e+00
2.927500033378601074e+01 2.350000000000000089e+00 2.800000086426734924e-02 0.000000000000000000e+00
2.936400127410888672e+01 2.209999999999999964e+00 2.800000086426734924e-02 0.000000000000000000e+00
2.945899844169616699e+01 2.020000000000000018e+00 2.800000086426734924e-02 0.000000000000000000e+00
2.956799578666687012e+01 1.770000000000000018e+00 2.800000086426734924e-02 0.000000000000000000e+00
2.965701985359191895e+01 1.689999999999999947e+00 6.199999898672103882e-02 7.199565429687500000e+02
2.977405476570129395e+01 4.309999999999999609e+00 6.199999898672103882e-02 4.498088989257812500e+02
2.986099982261657715e+01 4.570000000000000284e+00 6.199999898672103882e-02 0.000000000000000000e+00
2.997199559211730957e+01 4.230000000000000426e+00 6.199999898672103882e-02 1.800984191894531250e+02
3.006299948692321777e+01 4.299999999999999822e+00 6.199999898672103882e-02 3.597597045898437500e+02
3.017500090599060059e+01 4.389999999999999680e+00 6.199999898672103882e-02 4.502460327148437500e+02
3.026399683952331543e+01 4.429999999999999716e+00 6.199999898672103882e-02 4.502460327148437500e+02
3.035500144958496094e+01 4.450000000000000178e+00 6.199999898672103882e-02 6.299072875976562500e+02
3.047199654579162598e+01 4.490000000000000213e+00 6.199999898672103882e-02 8.100057373046875000e+02
3.055699658393859863e+01 4.599999999999999645e+00 6.199999898672103882e-02 5.402952880859375000e+02
3.067004823684692383e+01 4.559999999999999609e+00 6.199999898672103882e-02 5.398581542968750000e+02
3.076500344276428223e+01 4.469999999999999751e+00 6.199999898672103882e-02 3.597597045898437500e+02
3.087199950218200684e+01 4.459999999999999964e+00 6.199999898672103882e-02 3.597597045898437500e+02
3.096204543113708496e+01 4.519999999999999574e+00 6.199999898672103882e-02 4.498088989257812500e+02
3.105699872970581055e+01 4.549999999999999822e+00 6.199999898672103882e-02 5.402952880859375000e+02
3.116500639915466309e+01 4.599999999999999645e+00 6.199999898672103882e-02 4.498088989257812500e+02
3.125405120849609375e+01 4.589999999999999858e+00 6.199999898672103882e-02 4.498088989257812500e+02
3.137199664115905762e+01 4.599999999999999645e+00 6.199999898672103882e-02 5.398581542968750000e+02
3.145805096626281738e+01 4.559999999999999609e+00 6.199999898672103882e-02 3.601968383789062500e+02
3.156899809837341309e+01 4.519999999999999574e+00 6.199999898672103882e-02 4.502460327148437500e+02
3.166399836540222168e+01 4.480000000000000426e+00 6.199999898672103882e-02 4.502460327148437500e+02
3.177299928665161133e+01 4.530000000000000249e+00 6.199999898672103882e-02 5.402952880859375000e+02
3.186204934120178223e+01 4.530000000000000249e+00 6.199999898672103882e-02 5.398581542968750000e+02
3.195299625396728516e+01 4.530000000000000249e+00 6.199999898672103882e-02 4.498088989257812500e+02
3.206605100631713867e+01 4.540000000000000036e+00 6.199999898672103882e-02 4.498088989257812500e+02
3.215406227111816406e+01 4.469999999999999751e+00 6.199999898672103882e-02 4.502460327148437500e+02
3.226799988746643066e+01 4.509999999999999787e+00 6.199999898672103882e-02 4.498088989257812500e+02
3.236204767227172852e+01 4.469999999999999751e+00 6.199999898672103882e-02 3.601968383789062500e+02
3.246899700164794922e+01 4.450000000000000178e+00 6.199999898672103882e-02 1.800984191894531250e+02
3.255999612808227539e+01 4.490000000000000213e+00 6.199999898672103882e-02 1.800984191894531250e+02
3.265507841110229492e+01 4.450000000000000178e+00 6.199999898672103882e-02 1.800984191894531250e+02
3.276204586029052734e+01 4.459999999999999964e+00 6.199999898672103882e-02 3.597597045898437500e+02
3.285899782180786133e+01 4.519999999999999574e+00 6.199999898672103882e-02 4.498088989257812500e+02
3.297005152702331543e+01 4.440000000000000391e+00 6.199999898672103882e-02 3.601968383789062500e+02
3.305504894256591797e+01 4.459999999999999964e+00 6.199999898672103882e-02 4.498088989257812500e+02
3.316699719429016113e+01 4.419999999999999929e+00 6.199999898672103882e-02 4.498088989257812500e+02
3.326204323768615723e+01 4.450000000000000178e+00 6.199999898672103882e-02 4.498088989257812500e+02
3.337005329132080078e+01 4.500000000000000000e+00 6.199999898672103882e-02 2.701476440429687500e+02
3.345899939537048340e+01 4.530000000000000249e+00 6.199999898672103882e-02 0.000000000000000000e+00
3.355404257774353027e+01 4.480000000000000426e+00 6.199999898672103882e-02 0.000000000000000000e+00
3.366299700736999512e+01 4.419999999999999929e+00 6.199999898672103882e-02 2.701476440429687500e+02
3.377405357360839844e+01 4.400000000000000355e+00 6.199999898672103882e-02 2.701476440429687500e+02
3.386909341812133789e+01 4.429999999999999716e+00 6.199999898672103882e-02 2.701476440429687500e+02
3.395599865913391113e+01 4.419999999999999929e+00 6.199999898672103882e-02 4.502460327148437500e+02
3.406699919700622559e+01 4.419999999999999929e+00 6.199999898672103882e-02 4.498088989257812500e+02
3.415805506706237793e+01 4.519999999999999574e+00 6.199999898672103882e-02 5.398581542968750000e+02
3.427099967002868652e+01 4.559999999999999609e+00 6.199999898672103882e-02 5.398581542968750000e+02
3.435900092124938965e+01 4.629999999999999893e+00 6.199999898672103882e-02 4.502460327148437500e+02
3.447299551963806152e+01 4.589999999999999858e+00 6.199999898672103882e-02 4.502460327148437500e+02
3.456699776649475098e+01 4.599999999999999645e+00 6.199999898672103882e-02 4.502460327148437500e+02
3.467404270172119141e+01 4.559999999999999609e+00 6.199999898672103882e-02 4.502460327148437500e+02
3.476500201225280762e+01 4.549999999999999822e+00 6.199999898672103882e-02 3.601968383789062500e+02
3.485999727249145508e+01 4.530000000000000249e+00 6.199999898672103882e-02 3.597597045898437500e+02
3.496709465980529785e+01 4.519999999999999574e+00 6.199999898672103882e-02 4.502460327148437500e+02
3.505699706077575684e+01 4.540000000000000036e+00 6.199999898672103882e-02 3.597597045898437500e+02
3.517507767677307129e+01 4.559999999999999609e+00 6.199999898672103882e-02 5.400767211914062500e+02
3.525999665260314941e+01 4.549999999999999822e+00 6.199999898672103882e-02 5.400767211914062500e+02
3.537199759483337402e+01 4.570000000000000284e+00 6.199999898672103882e-02 4.500274658203125000e+02
3.546699857711791992e+01 4.570000000000000284e+00 6.199999898672103882e-02 4.500274658203125000e+02
3.557502269744873047e+01 4.530000000000000249e+00 6.199999898672103882e-02 5.398581542968750000e+02
3.566399955749511719e+01 4.500000000000000000e+00 6.199999898672103882e-02 6.301258544921875000e+02
3.575899887084960938e+01 4.540000000000000036e+00 6.199999898672103882e-02 7.199565429687500000e+02
3.586799669265747070e+01 4.559999999999999609e+00 6.199999898672103882e-02 5.400767211914062500e+02
3.595699834823608398e+01 4.580000000000000071e+00 6.199999898672103882e-02 3.599782714843750000e+02
3.607404327392578125e+01 4.580000000000000071e+00 6.199999898672103882e-02 2.699290771484375000e+02
3.616100001335144043e+01 4.509999999999999787e+00 6.199999898672103882e-02 1.800984191894531250e+02
3.627199649810791016e+01 4.459999999999999964e+00 6.199999898672103882e-02 9.004920959472656250e+01
3.636299943923950195e+01 4.459999999999999964e+00 6.199999898672103882e-02 3.599782714843750000e+02
3.647099733352661133e+01 4.469999999999999751e+00 6.199999898672103882e-02 4.500274658203125000e+02
3.656399631500244141e+01 4.490000000000000213e+00 6.199999898672103882e-02 4.500274658203125000e+02
3.665500903129577637e+01 4.530000000000000249e+00 6.199999898672103882e-02 5.400767211914062500e+02
3.677199912071228027e+01 4.549999999999999822e+00 6.199999898672103882e-02 3.599782714843750000e+02
3.685699653625488281e+01 4.500000000000000000e+00 6.199999898672103882e-02 1.800984191894531250e+02
3.697004532814025879e+01 4.500000000000000000e+00 6.199999898672103882e-02 9.004920959472656250e+01
3.706499695777893066e+01 4.400000000000000355e+00 6.199999898672103882e-02 1.798798522949218750e+02
3.717199611663818359e+01 4.400000000000000355e+00 6.199999898672103882e-02 2.699290771484375000e+02
3.726204586029052734e+01 4.469999999999999751e+00 6.199999898672103882e-02 5.398581542968750000e+02
3.735699772834777832e+01 4.459999999999999964e+00 6.199999898672103882e-02 7.199565429687500000e+02
3.746501207351684570e+01 4.540000000000000036e+00 6.199999898672103882e-02 4.500274658203125000e+02
3.755404114723205566e+01 4.549999999999999822e+00 6.199999898672103882e-02 3.599782714843750000e+02
3.767199635505676270e+01 4.480000000000000426e+00 6.199999898672103882e-02 1.798798522949218750e+02
3.775805568695068359e+01 4.480000000000000426e+00 6.199999898672103882e-02 0.000000000000000000e+00
3.786899662017822266e+01 4.250000000000000000e+00 6.199999898672103882e-02 0.000000000000000000e+00
3.796399855613708496e+01 4.219999999999999751e+00 6.199999898672103882e-02 0.000000000000000000e+00
3.807299757003784180e+01 4.169999999999999929e+00 6.199999898672103882e-02 0.000000000000000000e+00
3.816205549240112305e+01 4.089999999999999858e+00 6.199999898672103882e-02 9.004920959472656250e+01
3.825299859046936035e+01 4.240000000000000213e+00 6.199999898672103882e-02 9.004920959472656250e+01
3.836604070663452148e+01 4.419999999999999929e+00 6.199999898672103882e-02 4.500274658203125000e+02
3.845405340194702148e+01 4.490000000000000213e+00 6.199999898672103882e-02 5.400767211914062500e+02
3.856799960136413574e+01 4.559999999999999609e+00 6.199999898672103882e-02 5.400767211914062500e+02
3.866204047203063965e+01 4.599999999999999645e+00 6.199999898672103882e-02 4.500274658203125000e+02
3.876899743080139160e+01 4.530000000000000249e+00 6.199999898672103882e-02 3.599782714843750000e+02
3.885999631881713867e+01 4.589999999999999858e+00 6.199999898672103882e-02 2.699290771484375000e+02
3.895500898361206055e+01 4.509999999999999787e+00 6.199999898672103882e-02 2.699290771484375000e+02
3.906204438209533691e+01 4.540000000000000036e+00 6.199999898672103882e-02 3.599782714843750000e+02
3.917200064659118652e+01 4.509999999999999787e+00 6.199999898672103882e-02 2.701476440429687500e+02
3.927004599571228027e+01 4.450000000000000178e+00 6.199999898672103882e-02 3.599782714843750000e+02
3.935500741004943848e+01 4.480000000000000426e+00 6.199999898672103882e-02 2.699290771484375000e+02
3.946700263023376465e+01 4.490000000000000213e+00 6.199999898672103882e-02 4.500274658203125000e+02
3.956203699111938477e+01 4.480000000000000426e+00 6.199999898672103882e-02 5.398581542968750000e+02
3.967005372047424316e+01 4.490000000000000213e+00 6.199999898672103882e-02 5.398581542968750000e+02
3.975900101661682129e+01 4.540000000000000036e+00 6.199999898672103882e-02 4.500274658203125000e+02
3.985404944419860840e+01 4.519999999999999574e+00 6.199999898672103882e-02 3.599782714843750000e+02
3.996300935745239258e+01 4.519999999999999574e+00 6.199999898672103882e-02 3.599782714843750000e+02
4.007404088973999023e+01 4.429999999999999716e+00 6.199999898672103882e-02 2.699290771484375000e+02
4.016899919509887695e+01 4.519999999999999574e+00 6.199999898672103882e-02 3.599782714843750000e+02
4.025599861145019531e+01 4.419999999999999929e+00 6.199999898672103882e-02 4.498088989257812500e+02
4.036700129508972168e+01 4.469999999999999751e+00 6.199999898672103882e-02 5.399674072265625000e+02
4.045804738998413086e+01 4.519999999999999574e+00 6.199999898672103882e-02 4.499181823730468750e+02
4.057099890708923340e+01 4.519999999999999574e+00 6.199999898672103882e-02 5.399674072265625000e+02
4.065900015830993652e+01 4.549999999999999822e+00 6.199999898672103882e-02 5.400767211914062500e+02
4.077299928665161133e+01 4.549999999999999822e+00 6.199999898672103882e-02 2.700383605957031250e+02
4.086700057983398438e+01 4.559999999999999609e+00 6.199999898672103882e-02 0.000000000000000000e+00
4.097405767440795898e+01 4.330000000000000071e+00 6.199999898672103882e-02 0.000000000000000000e+00
4.106501269340515137e+01 4.160000000000000142e+00 6.199999898672103882e-02 0.000000000000000000e+00
4.116000533103942871e+01 4.120000000000000107e+00 6.199999898672103882e-02 8.993992614746093750e+01
4.126700186729431152e+01 4.429999999999999716e+00 6.199999898672103882e-02 0.000000000000000000e+00
4.135700058937072754e+01 4.309999999999999609e+00 6.199999898672103882e-02 0.000000000000000000e+00
4.147199773788452148e+01 4.259999999999999787e+00 6.199999898672103882e-02 0.000000000000000000e+00
4.155999779701232910e+01 4.219999999999999751e+00 6.199999898672103882e-02 0.000000000000000000e+00
4.167199707031250000e+01 4.200000000000000178e+00 6.199999898672103882e-02 9.004920959472656250e+01
4.176700854301452637e+01 4.349999999999999645e+00 6.199999898672103882e-02 0.000000000000000000e+00
4.187504386901855469e+01 4.389999999999999680e+00 6.199999898672103882e-02 3.599782714843750000e+02
4.196400070190429688e+01 4.490000000000000213e+00 6.199999898672103882e-02 5.399674072265625000e+02
4.205900168418884277e+01 4.540000000000000036e+00 6.199999898672103882e-02 5.400767211914062500e+02
4.216799783706665039e+01 4.509999999999999787e+00 6.199999898672103882e-02 2.700383605957031250e+02
4.225701069831848145e+01 4.469999999999999751e+00 6.199999898672103882e-02 1.799891357421875000e+02
4.237404918670654297e+01 4.379999999999999893e+00 6.199999898672103882e-02 2.699290771484375000e+02
4.246099805831909180e+01 4.379999999999999893e+00 6.199999898672103882e-02 5.399674072265625000e+02
4.257199645042419434e+01 4.509999999999999787e+00 6.199999898672103882e-02 3.599782714843750000e+02
4.266299724578857422e+01 4.620000000000000107e+00 6.199999898672103882e-02 2.700383605957031250e+02
4.276604723930358887e+01 4.580000000000000071e+00 6.199999898672103882e-02 2.700383605957031250e+02
4.286399626731872559e+01 4.540000000000000036e+00 6.199999898672103882e-02 3.600875549316406250e+02
4.295500230789184570e+01 4.559999999999999609e+00 6.199999898672103882e-02 4.500274658203125000e+02
4.307199573516845703e+01 4.589999999999999858e+00 6.199999898672103882e-02 3.599782714843750000e+02
4.315699863433837891e+01 4.559999999999999609e+00 6.199999898672103882e-02 3.599782714843750000e+02
4.327003717422485352e+01 4.490000000000000213e+00 6.199999898672103882e-02 1.799891357421875000e+02
4.336502480506896973e+01 4.469999999999999751e+00 6.199999898672103882e-02 2.700383605957031250e+02
4.347199583053588867e+01 4.509999999999999787e+00 6.199999898672103882e-02 3.600875549316406250e+02
4.356204390525817871e+01 4.490000000000000213e+00 6.199999898672103882e-02 4.500274658203125000e+02
4.365699648857116699e+01 4.570000000000000284e+00 6.199999898672103882e-02 4.500274658203125000e+02
4.376502823829650879e+01 4.599999999999999645e+00 6.199999898672103882e-02 3.600328979492187500e+02
4.385405445098876953e+01 4.580000000000000071e+00 6.199999898672103882e-02 2.699837036132812500e+02
4.397199559211730957e+01 4.530000000000000249e+00 6.199999898672103882e-02 1.799891357421875000e+02
4.405804586410522461e+01 4.540000000000000036e+00 6.199999898672103882e-02 1.799891357421875000e+02
4.416899824142456055e+01 4.480000000000000426e+00 6.199999898672103882e-02 5.399674072265625000e+02
4.426399660110473633e+01 4.459999999999999964e+00 6.199999898672103882e-02 6.300166015625000000e+02
4.437299537658691406e+01 4.519999999999999574e+00 6.199999898672103882e-02 5.400220947265625000e+02
4.446206045150756836e+01 4.620000000000000107e+00 6.199999898672103882e-02 9.004920959472656250e+01
4.455300736427307129e+01 4.549999999999999822e+00 6.199999898672103882e-02 8.999456787109375000e+01
4.466604638099670410e+01 4.320000000000000284e+00 6.199999898672103882e-02 1.800437774658203125e+02
4.475405049324035645e+01 4.450000000000000178e+00 6.199999898672103882e-02 9.004920959472656250e+01
4.486799502372741699e+01 4.429999999999999716e+00 6.199999898672103882e-02 1.799891357421875000e+02
4.496203780174255371e+01 4.429999999999999716e+00 6.199999898672103882e-02 1.799891357421875000e+02
4.506899404525756836e+01 4.309999999999999609e+00 6.199999898672103882e-02 3.600328979492187500e+02
4.515999650955200195e+01 4.469999999999999751e+00 6.199999898672103882e-02 2.699837036132812500e+02
4.525504422187805176e+01 4.440000000000000391e+00 6.199999898672103882e-02 1.799891357421875000e+02
4.536205053329467773e+01 4.379999999999999893e+00 6.199999898672103882e-02 8.999456787109375000e+01
4.547405695915222168e+01 4.349999999999999645e+00 6.199999898672103882e-02 1.799891357421875000e+02
4.557004070281982422e+01 4.370000000000000107e+00 6.199999898672103882e-02 3.600055847167968750e+02
4.565500974655151367e+01 4.450000000000000178e+00 6.199999898672103882e-02 5.399947509765625000e+02
4.576699733734130859e+01 4.509999999999999787e+00 6.199999898672103882e-02 5.399947509765625000e+02
4.586203742027282715e+01 4.570000000000000284e+00 6.199999898672103882e-02 2.699973754882812500e+02
4.597005224227905273e+01 4.549999999999999822e+00 6.199999898672103882e-02 9.000822448730468750e+01
4.605899047851562500e+01 4.299999999999999822e+00 6.199999898672103882e-02 0.000000000000000000e+00
4.617499256134033203e+01 4.169999999999999929e+00 6.199999898672103882e-02 0.000000000000000000e+00
4.626299810409545898e+01 4.099999999999999645e+00 6.199999898672103882e-02 0.000000000000000000e+00
4.637404346466064453e+01 4.179999999999999716e+00 6.199999898672103882e-02 1.800027923583984375e+02
4.646899700164794922e+01 4.450000000000000178e+00 6.199999898672103882e-02 1.800027923583984375e+02
4.655599856376647949e+01 4.509999999999999787e+00 6.199999898672103882e-02 1.800027923583984375e+02
4.666699981689453125e+01 4.419999999999999929e+00 6.199999898672103882e-02 0.000000000000000000e+00
4.675805830955505371e+01 4.309999999999999609e+00 6.199999898672103882e-02 1.800027923583984375e+02
4.687099790573120117e+01 4.469999999999999751e+00 6.199999898672103882e-02 2.699973754882812500e+02
4.695899772644042969e+01 4.500000000000000000e+00 6.199999898672103882e-02 4.500001525878906250e+02
4.707299613952636719e+01 4.549999999999999822e+00 6.199999898672103882e-02 4.500001525878906250e+02
4.716701269149780273e+01 4.559999999999999609e+00 6.199999898672103882e-02 2.699999084472656250e+02
4.727405142784118652e+01 4.559999999999999609e+00 6.199999898672103882e-02 1.800027923583984375e+02
4.736503219604492188e+01 4.500000000000000000e+00 6.199999898672103882e-02 2.699973754882812500e+02
4.745999741554260254e+01 4.580000000000000071e+00 6.199999898672103882e-02 2.699973754882812500e+02
4.756700015068054199e+01 4.500000000000000000e+00 6.199999898672103882e-02 3.599919128417968750e+02
4.765700173377990723e+01 4.530000000000000249e+00 6.199999898672103882e-02 2.699973754882812500e+02
4.777506327629089355e+01 4.459999999999999964e+00 6.199999898672103882e-02 1.799891357421875000e+02
4.785999560356140137e+01 4.379999999999999893e+00 6.199999898672103882e-02 9.000822448730468750e+01
4.797199559211730957e+01 4.309999999999999609e+00 6.199999898672103882e-02 2.699973754882812500e+02
4.806699848175048828e+01 4.389999999999999680e+00 6.199999898672103882e-02 4.500001525878906250e+02
4.817404603958129883e+01 4.469999999999999751e+00 6.199999898672103882e-02 4.500001525878906250e+02
4.826399946212768555e+01 4.580000000000000071e+00 6.199999898672103882e-02 3.600055847167968750e+02
4.835900044441223145e+01 4.530000000000000249e+00 6.199999898672103882e-02 1.800164489746093750e+02
4.846799516677856445e+01 4.480000000000000426e+00 6.199999898672103882e-02 8.999456787109375000e+01
4.855699872970581055e+01 4.419999999999999929e+00 6.199999898672103882e-02 1.799891357421875000e+02
4.867403650283813477e+01 4.459999999999999964e+00 6.199999898672103882e-02 2.700110473632812500e+02
4.876099467277526855e+01 4.480000000000000426e+00 6.199999898672103882e-02 3.599782714843750000e+02
4.887199568748474121e+01 4.530000000000000249e+00 6.199999898672103882e-02 1.799891357421875000e+02
4.896300601959228516e+01 4.440000000000000391e+00 6.199999898672103882e-02 0.000000000000000000e+00
4.905699563026428223e+01 4.110000000000000320e+00 6.199999898672103882e-02 0.000000000000000000e+00
4.916405439376831055e+01 4.049999999999999822e+00 6.199999898672103882e-02 9.002188873291015625e+01
4.925501728057861328e+01 4.190000000000000391e+00 6.199999898672103882e-02 3.600328979492187500e+02
4.937199473381042480e+01 4.440000000000000391e+00 6.199999898672103882e-02 4.499728393554687500e+02
4.945699620246887207e+01 4.480000000000000426e+00 6.199999898672103882e-02 3.600328979492187500e+02
4.957004523277282715e+01 4.509999999999999787e+00 6.199999898672103882e-02 8.999456787109375000e+01
4.966500091552734375e+01 4.389999999999999680e+00 6.199999898672103882e-02 0.000000000000000000e+00
4.977199625968933105e+01 4.259999999999999787e+00 6.199999898672103882e-02 8.999456787109375000e+01
4.986204147338867188e+01 4.230000000000000426e+00 6.199999898672103882e-02 8.999456787109375000e+01
4.995699810981750488e+01 4.379999999999999893e+00 6.199999898672103882e-02 8.999456787109375000e+01
5.006499838829040527e+01 4.269999999999999574e+00 6.199999898672103882e-02 0.000000000000000000e+00
5.015404033660888672e+01 4.139999999999999680e+00 6.199999898672103882e-02 0.000000000000000000e+00
5.027199602127075195e+01 4.980000000000000426e+00 6.199999898672103882e-02 0.000000000000000000e+00
5.035804200172424316e+01 6.849999999999999645e+00 6.199999898672103882e-02 0.000000000000000000e+00
5.046899509429931641e+01 7.690000000000000391e+00 6.199999898672103882e-02 0.000000000000000000e+00
5.056399583816528320e+01 8.169999999999999929e+00 6.199999898672103882e-02 0.000000000000000000e+00
5.067299556732177734e+01 8.439999999999999503e+00 6.199999898672103882e-02 0.000000000000000000e+00
5.076204347610473633e+01 8.830000000000000071e+00 6.199999898672103882e-02 0.000000000000000000e+00
5.085299587249755859e+01 8.660000000000000142e+00 2.800000086426734924e-02 -1.259978515625000000e+03
5.096604824066162109e+01 4.589999999999999858e+00 2.800000086426734924e-02 -1.530016845703125000e+03
5.105403995513916016e+01 4.290000000000000036e+00 2.800000086426734924e-02 -9.899949340820312500e+02
5.116799473762512207e+01 4.379999999999999893e+00 2.800000086426734924e-02 -5.399947509765625000e+02
5.126205515861511230e+01 4.490000000000000213e+00 2.800000086426734924e-02 -5.399947509765625000e+02
5.136899542808532715e+01 4.580000000000000071e+00 2.800000086426734924e-02 -5.400084228515625000e+02
5.145999574661254883e+01 4.620000000000000107e+00 2.800000086426734924e-02 -8.099989013671875000e+02
5.155504226684570312e+01 4.559999999999999609e+00 2.800000086426734924e-02 -1.079999633789062500e+03
5.166203951835632324e+01 4.450000000000000178e+00 2.800000086426734924e-02 -1.080003173828125000e+03
5.177405118942260742e+01 4.290000000000000036e+00 2.800000086426734924e-02 -8.100057373046875000e+02
5.187004375457763672e+01 4.339999999999999858e+00 2.800000086426734924e-02 -6.299892578125000000e+02
5.195500373840332031e+01 4.400000000000000355e+00 2.800000086426734924e-02 -6.300166015625000000e+02
5.206699943542480469e+01 4.370000000000000107e+00 2.800000086426734924e-02 -4.500001525878906250e+02
5.216204404830932617e+01 4.309999999999999609e+00 2.800000086426734924e-02 -3.600328979492187500e+02
5.227004098892211914e+01 4.480000000000000426e+00 2.800000086426734924e-02 -6.300166015625000000e+02
5.235899567604064941e+01 4.480000000000000426e+00 2.800000086426734924e-02 -8.100057373046875000e+02
5.245405125617980957e+01 4.440000000000000391e+00 2.800000086426734924e-02 -7.199565429687500000e+02
5.256300425529479980e+01 4.360000000000000320e+00 2.800000086426734924e-02 -6.300166015625000000e+02
5.267404890060424805e+01 4.349999999999999645e+00 2.800000086426734924e-02 -4.500274658203125000e+02
5.276899743080139160e+01 4.459999999999999964e+00 2.800000086426734924e-02 -4.499728393554687500e+02
5.285599851608276367e+01 4.540000000000000036e+00 2.800000086426734924e-02 -8.100057373046875000e+02
5.296700811386108398e+01 4.450000000000000178e+00 2.800000086426734924e-02 -9.000549316406250000e+02
5.305804109573364258e+01 4.419999999999999929e+00 2.800000086426734924e-02 -7.199565429687500000e+02
5.317099857330322266e+01 4.389999999999999680e+00 2.800000086426734924e-02 -6.300166015625000000e+02
5.325899648666381836e+01 4.490000000000000213e+00 2.800000086426734924e-02 -6.299072875976562500e+02
5.337300133705139160e+01 4.599999999999999645e+00 2.800000086426734924e-02 -7.199565429687500000e+02
5.346700191497802734e+01 4.570000000000000284e+00 2.800000086426734924e-02 -8.100057373046875000e+02
5.357299685478210449e+01 4.469999999999999751e+00 2.800000086426734924e-02 -7.200657958984375000e+02
5.366500163078308105e+01 4.500000000000000000e+00 2.800000086426734924e-02 -8.100057373046875000e+02
5.375999641418457031e+01 4.400000000000000355e+00 2.800000086426734924e-02 -8.999456787109375000e+02
5.386699843406677246e+01 4.429999999999999716e+00 2.800000086426734924e-02 -9.899949340820312500e+02
5.395699810981750488e+01 4.280000000000000249e+00 2.800000086426734924e-02 -8.100057373046875000e+02
5.407404136657714844e+01 4.389999999999999680e+00 2.800000086426734924e-02 -8.100057373046875000e+02
5.415999746322631836e+01 4.349999999999999645e+00 2.800000086426734924e-02 -8.100057373046875000e+02
5.427199721336364746e+01 4.370000000000000107e+00 2.800000086426734924e-02 -9.901042480468750000e+02
5.436699891090393066e+01 4.370000000000000107e+00 2.800000086426734924e-02 -1.169984008789062500e+03
5.447404146194458008e+01 4.370000000000000107e+00 2.800000086426734924e-02 -9.901042480468750000e+02
5.456399583816528320e+01 4.320000000000000284e+00 2.800000086426734924e-02 -7.199565429687500000e+02
5.465899729728698730e+01 4.330000000000000071e+00 2.800000086426734924e-02 -9.000549316406250000e+02
5.476799678802490234e+01 4.450000000000000178e+00 2.800000086426734924e-02 -9.000549316406250000e+02
5.485699653625488281e+01 4.589999999999999858e+00 2.800000086426734924e-02 -9.901042480468750000e+02
5.497404479980468750e+01 4.500000000000000000e+00 2.800000086426734924e-02 -9.000549316406250000e+02
5.506099915504455566e+01 4.429999999999999716e+00 2.800000086426734924e-02 -9.000549316406250000e+02
5.517199683189392090e+01 4.349999999999999645e+00 2.800000086426734924e-02 -8.100057373046875000e+02
5.526300191879272461e+01 4.410000000000000142e+00 2.800000086426734924e-02 -9.000549316406250000e+02
5.535700559616088867e+01 4.349999999999999645e+00 2.800000086426734924e-02 -7.199565429687500000e+02
5.546399736404418945e+01 4.309999999999999609e+00 2.800000086426734924e-02 -6.301258544921875000e+02
5.555500888824462891e+01 4.440000000000000391e+00 2.800000086426734924e-02 -7.199565429687500000e+02
5.567199969291687012e+01 4.410000000000000142e+00 2.800000086426734924e-02 -8.100057373046875000e+02
5.575699853897094727e+01 4.389999999999999680e+00 2.800000086426734924e-02 -8.100057373046875000e+02
5.587005114555358887e+01 4.330000000000000071e+00 2.800000086426734924e-02 -7.199565429687500000e+02
5.596501803398132324e+01 4.349999999999999645e+00 2.800000086426734924e-02 -7.199565429687500000e+02
5.607199788093566895e+01 4.389999999999999680e+00 2.800000086426734924e-02 -7.201751098632812500e+02
5.616204476356506348e+01 4.370000000000000107e+00 2.800000086426734924e-02 -7.201751098632812500e+02
5.625699853897094727e+01 4.440000000000000391e+00 2.800000086426734924e-02 -8.100057373046875000e+02
5.636500978469848633e+01 4.459999999999999964e+00 2.800000086426734924e-02 -9.000549316406250000e+02
5.645407748222351074e+01 4.429999999999999716e+00 2.800000086426734924e-02 -9.901042480468750000e+02
5.657199621200561523e+01 4.450000000000000178e+00 2.800000086426734924e-02 -6.299072875976562500e+02
5.665804672241210938e+01 4.469999999999999751e+00 2.800000086426734924e-02 -4.498088989257812500e+02
5.676899647712707520e+01 4.580000000000000071e+00 2.800000086426734924e-02 -5.398581542968750000e+02
5.686399841308593750e+01 4.580000000000000071e+00 2.800000086426734924e-02 -6.299072875976562500e+02
5.697299456596374512e+01 4.519999999999999574e+00 2.800000086426734924e-02 -8.100057373046875000e+02
5.706204724311828613e+01 4.469999999999999751e+00 2.800000086426734924e-02 -9.000549316406250000e+02
5.715299582481384277e+01 4.349999999999999645e+00 2.800000086426734924e-02 -9.000549316406250000e+02
5.726604843139648438e+01 4.400000000000000355e+00 2.800000086426734924e-02 -8.100057373046875000e+02
5.735404992103576660e+01 4.349999999999999645e+00 2.800000086426734924e-02 -9.000549316406250000e+02
5.746799969673156738e+01 4.339999999999999858e+00 2.800000086426734924e-02 -9.901042480468750000e+02
5.756204199790954590e+01 4.349999999999999645e+00 2.800000086426734924e-02 -9.901042480468750000e+02
5.766899681091308594e+01 4.330000000000000071e+00 2.800000086426734924e-02 -9.901042480468750000e+02
5.775999784469604492e+01 4.309999999999999609e+00 2.800000086426734924e-02 -8.095686035156250000e+02
5.785500288009643555e+01 4.330000000000000071e+00 2.800000086426734924e-02 -7.199565429687500000e+02
5.796204400062561035e+01 4.309999999999999609e+00 2.800000086426734924e-02 -7.199565429687500000e+02
5.806299829483032227e+01 4.459999999999999964e+00 2.800000086426734924e-02 -8.100057373046875000e+02
5.817004346847534180e+01 4.440000000000000391e+00 2.800000086426734924e-02 -9.000549316406250000e+02
5.825506138801574707e+01 4.500000000000000000e+00 2.800000086426734924e-02 -8.100057373046875000e+02
5.836699891090393066e+01 4.469999999999999751e+00 2.800000086426734924e-02 -7.199565429687500000e+02
5.846203684806823730e+01 4.500000000000000000e+00 2.800000086426734924e-02 -7.199565429687500000e+02
5.857004022598266602e+01 4.459999999999999964e+00 2.800000086426734924e-02 -6.299072875976562500e+02
5.865899944305419922e+01 4.410000000000000142e+00 2.800000086426734924e-02 -8.100057373046875000e+02
5.875404596328735352e+01 4.440000000000000391e+00 2.800000086426734924e-02 -8.100057373046875000e+02
5.886300039291381836e+01 4.389999999999999680e+00 2.800000086426734924e-02 -9.901042480468750000e+02
5.897404718399047852e+01 4.389999999999999680e+00 2.800000086426734924e-02 -1.169765380859375000e+03
5.906899762153625488e+01 4.370000000000000107e+00 2.800000086426734924e-02 -1.080153442382812500e+03
5.915599727630615234e+01 3.910000000000000142e+00 6.199999898672103882e-02 0.000000000000000000e+00
5.926700091361999512e+01 4.820000000000000284e+00 6.199999898672103882e-02 0.000000000000000000e+00
5.935804367065429688e+01 4.559999999999999609e+00 6.199999898672103882e-02 1.800984191894531250e+02
5.947100210189819336e+01 4.349999999999999645e+00 6.199999898672103882e-02 6.299072875976562500e+02
5.955899858474731445e+01 4.509999999999999787e+00 6.199999898672103882e-02 3.601968383789062500e+02
5.967299771308898926e+01 4.519999999999999574e+00 6.199999898672103882e-02 3.597597045898437500e+02
5.976699948310852051e+01 4.379999999999999893e+00 6.199999898672103882e-02 6.299072875976562500e+02
5.987404203414916992e+01 4.410000000000000142e+00 6.199999898672103882e-02 8.100057373046875000e+02
5.996499919891357422e+01 4.540000000000000036e+00 6.199999898672103882e-02 5.398581542968750000e+02
6.005999636650085449e+01 4.610000000000000320e+00 6.199999898672103882e-02 5.402952880859375000e+02
6.016699647903442383e+01 4.490000000000000213e+00 6.199999898672103882e-02 8.100057373046875000e+02
6.025699901580810547e+01 4.450000000000000178e+00 6.199999898672103882e-02 1.170202514648437500e+03
6.037500452995300293e+01 4.620000000000000107e+00 6.199999898672103882e-02 1.079716308593750000e+03
6.045999717712402344e+01 4.740000000000000213e+00 6.199999898672103882e-02 7.199565429687500000e+02
6.057199811935424805e+01 4.690000000000000391e+00 6.199999898672103882e-02 5.402952880859375000e+02
6.066700100898742676e+01 4.549999999999999822e+00 6.199999898672103882e-02 7.199565429687500000e+02
6.077503728866577148e+01 4.540000000000000036e+00 6.199999898672103882e-02 9.000549316406250000e+02
6.086399650573730469e+01 4.519999999999999574e+00 6.199999898672103882e-02 1.080153442382812500e+03
6.095899820327758789e+01 4.549999999999999822e+00 6.199999898672103882e-02 1.169765380859375000e+03
6.106799650192260742e+01 4.540000000000000036e+00 6.199999898672103882e-02 9.901042480468750000e+02
6.115699648857116699e+01 4.570000000000000284e+00 6.199999898672103882e-02 1.169765380859375000e+03
6.127404379844665527e+01 4.570000000000000284e+00 6.199999898672103882e-02 1.260251708984375000e+03
6.136099600791931152e+01 4.519999999999999574e+00 6.199999898672103882e-02 1.260251708984375000e+03
6.147199630737304688e+01 4.610000000000000320e+00 6.199999898672103882e-02 9.901042480468750000e+02
6.156299710273742676e+01 4.629999999999999893e+00 6.199999898672103882e-02 1.080153442382812500e+03
6.165700173377990723e+01 4.650000000000000355e+00 6.199999898672103882e-02 1.080153442382812500e+03
6.176399898529052734e+01 4.639999999999999680e+00 6.199999898672103882e-02 1.080153442382812500e+03
6.185503530502319336e+01 4.650000000000000355e+00 6.199999898672103882e-02 1.080153442382812500e+03
6.197199726104736328e+01 4.660000000000000142e+00 6.199999898672103882e-02 9.901042480468750000e+02
6.205699682235717773e+01 4.650000000000000355e+00 6.199999898672103882e-02 9.000549316406250000e+02
6.217004966735839844e+01 4.610000000000000320e+00 6.199999898672103882e-02 8.998363647460937500e+02
6.226502895355224609e+01 4.589999999999999858e+00 6.199999898672103882e-02 9.000549316406250000e+02
6.237199592590332031e+01 4.589999999999999858e+00 6.199999898672103882e-02 9.000549316406250000e+02
6.246205282211303711e+01 4.650000000000000355e+00 6.199999898672103882e-02 9.000549316406250000e+02
6.255699849128723145e+01 4.540000000000000036e+00 6.199999898672103882e-02 8.100057373046875000e+02
6.266503858566284180e+01 4.589999999999999858e+00 6.199999898672103882e-02 8.998363647460937500e+02
6.275404238700866699e+01 4.589999999999999858e+00 6.199999898672103882e-02 8.100057373046875000e+02
6.287199592590332031e+01 4.519999999999999574e+00 6.199999898672103882e-02 8.100057373046875000e+02
6.295805239677429199e+01 4.530000000000000249e+00 6.199999898672103882e-02 9.000549316406250000e+02
6.306899952888488770e+01 4.589999999999999858e+00 6.199999898672103882e-02 8.100057373046875000e+02
6.316400575637817383e+01 4.509999999999999787e+00 6.199999898672103882e-02 9.901042480468750000e+02
6.327299594879150391e+01 4.580000000000000071e+00 6.199999898672103882e-02 1.169984008789062500e+03
6.336204171180725098e+01 4.610000000000000320e+00 6.199999898672103882e-02 1.169984008789062500e+03
6.345299530029296875e+01 4.650000000000000355e+00 6.199999898672103882e-02 1.079934814453125000e+03
6.356605672836303711e+01 4.589999999999999858e+00 6.199999898672103882e-02 9.901042480468750000e+02
6.365404629707336426e+01 4.599999999999999645e+00 6.199999898672103882e-02 8.100057373046875000e+02
6.376799750328063965e+01 4.570000000000000284e+00 6.199999898672103882e-02 7.199565429687500000e+02
6.386205196380615234e+01 4.610000000000000320e+00 6.199999898672103882e-02 6.299072875976562500e+02
6.396899914741516113e+01 4.540000000000000036e+00 6.199999898672103882e-02 6.301258544921875000e+02
6.405999660491943359e+01 4.500000000000000000e+00 6.199999898672103882e-02 6.300166015625000000e+02
6.415499973297119141e+01 4.500000000000000000e+00 6.199999898672103882e-02 9.899949340820312500e+02
6.426204109191894531e+01 4.530000000000000249e+00 6.199999898672103882e-02 1.169984008789062500e+03
6.435199713706970215e+01 4.540000000000000036e+00 6.199999898672103882e-02 1.259923950195312500e+03
6.447005224227905273e+01 4.650000000000000355e+00 6.199999898672103882e-02 1.349973144531250000e+03
6.455502414703369141e+01 4.610000000000000320e+00 6.199999898672103882e-02 1.260033203125000000e+03
6.466699981689453125e+01 4.669999999999999929e+00 6.199999898672103882e-02 1.169984008789062500e+03
6.476204538345336914e+01 4.719999999999999751e+00 6.199999898672103882e-02 8.100057373046875000e+02
6.487005186080932617e+01 4.599999999999999645e+00 6.199999898672103882e-02 6.300166015625000000e+02
6.495900154113769531e+01 4.589999999999999858e+00 6.199999898672103882e-02 8.100057373046875000e+02
6.505404829978942871e+01 4.580000000000000071e+00 6.199999898672103882e-02 8.100057373046875000e+02
6.516300797462463379e+01 4.599999999999999645e+00 6.199999898672103882e-02 8.100057373046875000e+02
6.527404427528381348e+01 4.610000000000000320e+00 6.199999898672103882e-02 6.300166015625000000e+02
6.536899852752685547e+01 4.559999999999999609e+00 6.199999898672103882e-02 6.300166015625000000e+02
6.545599913597106934e+01 4.580000000000000071e+00 6.199999898672103882e-02 7.200111694335937500e+02
6.556700038909912109e+01 4.599999999999999645e+00 6.199999898672103882e-02 6.299892578125000000e+02
6.565804409980773926e+01 4.559999999999999609e+00 6.199999898672103882e-02 3.599782714843750000e+02
6.577100801467895508e+01 4.459999999999999964e+00 6.199999898672103882e-02 5.400220947265625000e+02
6.585899853706359863e+01 4.400000000000000355e+00 6.199999898672103882e-02 8.100057373046875000e+02
6.597299742698669434e+01 4.519999999999999574e+00 6.199999898672103882e-02 8.099920654296875000e+02
6.606699752807617188e+01 4.599999999999999645e+00 6.199999898672103882e-02 7.199974975585937500e+02
6.617404460906982422e+01 4.570000000000000284e+00 6.199999898672103882e-02 7.199974975585937500e+02
6.626500248908996582e+01 4.580000000000000071e+00 6.199999898672103882e-02 7.200000610351562500e+02
6.635999679565429688e+01 4.650000000000000355e+00 6.199999898672103882e-02 6.299995727539062500e+02
6.646699738502502441e+01 4.629999999999999893e+00 6.199999898672103882e-02 6.300029296875000000e+02
6.655699658393859863e+01 4.540000000000000036e+00 6.199999898672103882e-02 7.199974975585937500e+02
6.667504763603210449e+01 4.540000000000000036e+00 6.199999898672103882e-02 6.299892578125000000e+02
6.675999426841735840e+01 4.580000000000000071e+00 6.199999898672103882e-02 2.700110473632812500e+02
6.687199425697326660e+01 4.519999999999999574e+00 6.199999898672103882e-02 4.500001525878906250e+02
6.696699690818786621e+01 4.530000000000000249e+00 6.199999898672103882e-02 6.299892578125000000e+02
6.705299544334411621e+01 4.500000000000000000e+00 6.199999898672103882e-02 6.300166015625000000e+02
6.716399455070495605e+01 4.580000000000000071e+00 6.199999898672103882e-02 6.300166015625000000e+02
6.725899815559387207e+01 4.549999999999999822e+00 6.199999898672103882e-02 6.299619750976562500e+02
6.736799454689025879e+01 4.509999999999999787e+00 6.199999898672103882e-02 2.699837036132812500e+02
6.745708155632019043e+01 4.580000000000000071e+00 6.199999898672103882e-02 0.000000000000000000e+00
6.757404708862304688e+01 4.349999999999999645e+00 6.199999898672103882e-02 0.000000000000000000e+00
6.766099715232849121e+01 5.700000000000000178e+00 6.199999898672103882e-02 0.000000000000000000e+00
6.777199864387512207e+01 8.099999999999999645e+00 6.199999898672103882e-02 0.000000000000000000e+00
6.786299943923950195e+01 8.699999999999999289e+00 2.800000086426734924e-02 -1.350027709960937500e+03
6.795699572563171387e+01 4.849999999999999645e+00 2.800000086426734924e-02 -1.889995361328125000e+03
6.806399488449096680e+01 4.309999999999999609e+00 2.800000086426734924e-02 -1.170011352539062500e+03
6.815502905845642090e+01 4.299999999999999822e+00 2.800000086426734924e-02 -1.080003173828125000e+03
6.827199482917785645e+01 4.509999999999999787e+00 2.800000086426734924e-02 -1.169997680664062500e+03
6.835699582099914551e+01 4.519999999999999574e+00 2.800000086426734924e-02 -1.259999145507812500e+03
6.847005009651184082e+01 4.429999999999999716e+00 2.800000086426734924e-02 -1.350000488281250000e+03
6.856506443023681641e+01 4.049999999999999822e+00 2.800000086426734924e-02 -1.079989501953125000e+03
6.867199563980102539e+01 4.269999999999999574e+00 2.800000086426734924e-02 -8.100057373046875000e+02
6.876204848289489746e+01 4.209999999999999964e+00 2.800000086426734924e-02 -8.099511108398437500e+02
6.885699486732482910e+01 4.440000000000000391e+00 2.800000086426734924e-02 -9.899949340820312500e+02
6.896499848365783691e+01 4.440000000000000391e+00 2.800000086426734924e-02 -9.899949340820312500e+02
6.905404281616210938e+01 4.339999999999999858e+00 2.800000086426734924e-02 -9.899949340820312500e+02
6.917199587821960449e+01 4.400000000000000355e+00 2.800000086426734924e-02 -8.100057373046875000e+02
6.925805068016052246e+01 4.339999999999999858e+00 2.800000086426734924e-02 -9.000549316406250000e+02
6.936900162696838379e+01 4.419999999999999929e+00 2.800000086426734924e-02 -8.999456787109375000e+02
6.946399617195129395e+01 4.440000000000000391e+00 2.800000086426734924e-02 -9.899949340820312500e+02
6.957299661636352539e+01 4.519999999999999574e+00 2.800000086426734924e-02 -9.899949340820312500e+02
6.968399834632873535e+01 4.429999999999999716e+00 2.800000086426734924e-02 -8.999456787109375000e+02
6.977900028228759766e+01 4.400000000000000355e+00 2.800000086426734924e-02 -9.000549316406250000e+02
6.988799571990966797e+01 4.379999999999999893e+00 2.800000086426734924e-02 -9.899949340820312500e+02
6.997699570655822754e+01 4.429999999999999716e+00 2.800000086426734924e-02 -1.259923950195312500e+03
7.009405159950256348e+01 4.339999999999999858e+00 2.800000086426734924e-02 -1.169984008789062500e+03
7.018099761009216309e+01 4.290000000000000036e+00 2.800000086426734924e-02 -1.169984008789062500e+03
7.029199624061584473e+01 4.269999999999999574e+00 2.800000086426734924e-02 -9.901042480468750000e+02
7.038299679756164551e+01 4.370000000000000107e+00 2.800000086426734924e-02 -1.260033203125000000e+03
7.047699594497680664e+01 4.410000000000000142e+00 2.800000086426734924e-02 -1.260033203125000000e+03
7.058399605751037598e+01 4.349999999999999645e+00 2.800000086426734924e-02 -1.350082397460937500e+03
7.067503857612609863e+01 4.400000000000000355e+00 2.800000086426734924e-02 -1.350082397460937500e+03
7.079199624061584473e+01 4.400000000000000355e+00 2.800000086426734924e-02 -9.901042480468750000e+02
7.087700915336608887e+01 4.339999999999999858e+00 2.800000086426734924e-02 -9.901042480468750000e+02
7.099005413055419922e+01 4.389999999999999680e+00 2.800000086426734924e-02 -1.259814575195312500e+03
7.108501219749450684e+01 4.360000000000000320e+00 2.800000086426734924e-02 -1.260033203125000000e+03
7.119199681282043457e+01 4.360000000000000320e+00 2.800000086426734924e-02 -1.260033203125000000e+03
7.128204417228698730e+01 4.339999999999999858e+00 2.800000086426734924e-02 -1.350082397460937500e+03
7.137709546089172363e+01 4.290000000000000036e+00 2.800000086426734924e-02 -1.260033203125000000e+03
7.148510003089904785e+01 4.299999999999999822e+00 2.800000086426734924e-02 -1.079934814453125000e+03
7.157409358024597168e+01 4.360000000000000320e+00 2.800000086426734924e-02 -9.898856811523437500e+02
7.169199728965759277e+01 4.389999999999999680e+00 2.800000086426734924e-02 -1.079716308593750000e+03
7.177804851531982422e+01 4.419999999999999929e+00 2.800000086426734924e-02 -1.169765380859375000e+03
7.188899731636047363e+01 4.490000000000000213e+00 2.800000086426734924e-02 -1.169765380859375000e+03
7.198399782180786133e+01 4.459999999999999964e+00 2.800000086426734924e-02 -1.259814575195312500e+03
7.209299802780151367e+01 4.400000000000000355e+00 2.800000086426734924e-02 -1.349863891601562500e+03
7.218205094337463379e+01 4.309999999999999609e+00 2.800000086426734924e-02 -1.260251708984375000e+03
7.227299690246582031e+01 4.330000000000000071e+00 2.800000086426734924e-02 -1.259814575195312500e+03
7.238604331016540527e+01 4.320000000000000284e+00 2.800000086426734924e-02 -1.349863891601562500e+03
7.247404527664184570e+01 4.339999999999999858e+00 2.800000086426734924e-02 -1.530399414062500000e+03
7.258800888061523438e+01 4.280000000000000249e+00 2.800000086426734924e-02 -1.350301025390625000e+03
7.268204450607299805e+01 4.280000000000000249e+00 2.800000086426734924e-02 -1.350301025390625000e+03
7.278899788856506348e+01 4.339999999999999858e+00 2.800000086426734924e-02 -1.350301025390625000e+03
7.287999892234802246e+01 4.459999999999999964e+00 2.800000086426734924e-02 -1.170202514648437500e+03
7.297500514984130859e+01 4.419999999999999929e+00 2.800000086426734924e-02 -1.259814575195312500e+03
7.308204913139343262e+01 4.280000000000000249e+00 2.800000086426734924e-02 -9.901042480468750000e+02
7.319404697418212891e+01 4.309999999999999609e+00 2.800000086426734924e-02 -6.299072875976562500e+02
7.329004955291748047e+01 4.269999999999999574e+00 2.800000086426734924e-02 -5.398581542968750000e+02
7.337500405311584473e+01 4.370000000000000107e+00 2.800000086426734924e-02 -5.398581542968750000e+02
7.348699831962585449e+01 4.469999999999999751e+00 2.800000086426734924e-02 -7.199565429687500000e+02
7.358205556869506836e+01 4.389999999999999680e+00 2.800000086426734924e-02 -8.100057373046875000e+02
7.369004654884338379e+01 3.890000000000000124e+00 2.800000086426734924e-02 0.000000000000000000e+00
7.377899670600891113e+01 3.359999999999999876e+00 2.800000086426734924e-02 0.000000000000000000e+00
7.387405204772949219e+01 3.160000000000000142e+00 2.800000086426734924e-02 0.000000000000000000e+00
7.398299908638000488e+01 2.430000000000000160e+00 2.800000086426734924e-02 0.000000000000000000e+00
7.409404158592224121e+01 1.719999999999999973e+00 2.800000086426734924e-02 0.000000000000000000e+00
7.418899703025817871e+01 2.120000000000000107e+00 6.199999898672103882e-02 9.000549316406250000e+02
7.427599859237670898e+01 4.440000000000000391e+00 6.199999898672103882e-02 1.080153442382812500e+03
7.438700008392333984e+01 4.620000000000000107e+00 6.199999898672103882e-02 8.100057373046875000e+02
7.447804641723632812e+01 4.530000000000000249e+00 6.199999898672103882e-02 8.996177978515625000e+02
7.459099936485290527e+01 4.580000000000000071e+00 6.199999898672103882e-02 1.080153442382812500e+03
7.467899823188781738e+01 4.519999999999999574e+00 6.199999898672103882e-02 1.080153442382812500e+03
7.479300642013549805e+01 4.580000000000000071e+00 6.199999898672103882e-02 1.349863891601562500e+03
7.488699746131896973e+01 4.639999999999999680e+00 6.199999898672103882e-02 1.529962280273437500e+03
7.499404644966125488e+01 4.639999999999999680e+00 6.199999898672103882e-02 1.440350219726562500e+03
7.508501100540161133e+01 4.660000000000000142e+00 6.199999898672103882e-02 1.349863891601562500e+03
7.518001699447631836e+01 4.639999999999999680e+00 6.199999898672103882e-02 1.169765380859375000e+03
7.528699970245361328e+01 4.580000000000000071e+00 6.199999898672103882e-02 1.169765380859375000e+03
7.537699651718139648e+01 4.610000000000000320e+00 6.199999898672103882e-02 9.901042480468750000e+02
7.547199702262878418e+01 4.559999999999999609e+00 6.199999898672103882e-02 1.080153442382812500e+03
7.557999897003173828e+01 4.490000000000000213e+00 6.199999898672103882e-02 1.260251708984375000e+03
7.569199681282043457e+01 4.580000000000000071e+00 6.199999898672103882e-02 1.350301025390625000e+03
7.578699827194213867e+01 4.639999999999999680e+00 6.199999898672103882e-02 1.439913085937500000e+03
7.588001418113708496e+01 4.709999999999999964e+00 6.199999898672103882e-02 1.169765380859375000e+03
7.598400163650512695e+01 4.679999999999999716e+00 6.199999898672103882e-02 9.901042480468750000e+02
7.607900166511535645e+01 4.700000000000000178e+00 6.199999898672103882e-02 9.000549316406250000e+02
7.618799614906311035e+01 4.650000000000000355e+00 6.199999898672103882e-02 8.100057373046875000e+02
7.627699804306030273e+01 4.610000000000000320e+00 6.199999898672103882e-02 9.000549316406250000e+02
7.639405560493469238e+01 4.589999999999999858e+00 6.199999898672103882e-02 8.998363647460937500e+02
7.648099660873413086e+01 4.599999999999999645e+00 6.199999898672103882e-02 9.000549316406250000e+02
7.659200000762939453e+01 4.589999999999999858e+00 6.199999898672103882e-02 8.100057373046875000e+02
7.668299984931945801e+01 4.599999999999999645e+00 6.199999898672103882e-02 1.080153442382812500e+03
7.677699923515319824e+01 4.570000000000000284e+00 6.199999898672103882e-02 1.080153442382812500e+03
7.688399839401245117e+01 4.570000000000000284e+00 6.199999898672103882e-02 1.169984008789062500e+03
7.697500801086425781e+01 4.559999999999999609e+00 6.199999898672103882e-02 1.169984008789062500e+03
7.709199500083923340e+01 4.629999999999999893e+00 6.199999898672103882e-02 9.000549316406250000e+02
7.717699646949768066e+01 4.580000000000000071e+00 6.199999898672103882e-02 9.000549316406250000e+02
7.729004669189453125e+01 4.580000000000000071e+00 6.199999898672103882e-02 1.170202514648437500e+03
7.738510012626647949e+01 4.610000000000000320e+00 6.199999898672103882e-02 1.350082397460937500e+03
7.749199628829956055e+01 4.620000000000000107e+00 6.199999898672103882e-02 1.169984008789062500e+03
7.758205175399780273e+01 4.639999999999999680e+00 6.199999898672103882e-02 1.079934814453125000e+03
7.767699861526489258e+01 4.620000000000000107e+00 6.199999898672103882e-02 8.998363647460937500e+02
7.778504133224487305e+01 4.610000000000000320e+00 6.199999898672103882e-02 8.100057373046875000e+02
7.787404322624206543e+01 4.570000000000000284e+00 6.199999898672103882e-02 6.301258544921875000e+02
7.799199819564819336e+01 4.530000000000000249e+00 6.199999898672103882e-02 7.199565429687500000e+02
7.807804560661315918e+01 4.540000000000000036e+00 6.199999898672103882e-02 8.999456787109375000e+02
7.818900561332702637e+01 4.540000000000000036e+00 6.199999898672103882e-02 1.080044189453125000e+03
7.828399896621704102e+01 4.629999999999999893e+00 6.199999898672103882e-02 1.079934814453125000e+03
7.839299678802490234e+01 4.620000000000000107e+00 6.199999898672103882e-02 9.899949340820312500e+02
7.848205471038818359e+01 4.610000000000000320e+00 6.199999898672103882e-02 9.899949340820312500e+02
7.857299828529357910e+01 4.620000000000000107e+00 6.199999898672103882e-02 9.899949340820312500e+02
7.868604946136474609e+01 4.660000000000000142e+00 6.199999898672103882e-02 1.080044189453125000e+03
7.877404975891113281e+01 4.629999999999999893e+00 6.199999898672103882e-02 9.000549316406250000e+02
7.888799571990966797e+01 4.629999999999999893e+00 6.199999898672103882e-02 9.000003051757812500e+02
7.898204159736633301e+01 4.620000000000000107e+00 6.199999898672103882e-02 1.079989501953125000e+03
7.908899641036987305e+01 4.610000000000000320e+00 6.199999898672103882e-02 9.900495605468750000e+02
7.917999792098999023e+01 4.599999999999999645e+00 6.199999898672103882e-02 8.100057373046875000e+02
7.927501726150512695e+01 4.650000000000000355e+00 6.199999898672103882e-02 7.200111694335937500e+02
7.938205265998840332e+01 4.599999999999999645e+00 6.199999898672103882e-02 5.400220947265625000e+02
7.947200083732604980e+01 4.500000000000000000e+00 6.199999898672103882e-02 3.600055847167968750e+02
7.959003949165344238e+01 4.440000000000000391e+00 6.199999898672103882e-02 6.300166015625000000e+02
7.967499947547912598e+01 4.459999999999999964e+00 6.199999898672103882e-02 9.000003051757812500e+02
7.978700041770935059e+01 4.559999999999999609e+00 6.199999898672103882e-02 9.000003051757812500e+02
7.988204169273376465e+01 4.610000000000000320e+00 6.199999898672103882e-02 8.099989013671875000e+02
7.999004912376403809e+01 4.610000000000000320e+00 6.199999898672103882e-02 8.100006713867187500e+02
8.007899665832519531e+01 4.620000000000000107e+00 6.199999898672103882e-02 9.000003051757812500e+02
8.017404651641845703e+01 4.629999999999999893e+00 6.199999898672103882e-02 9.000003051757812500e+02
8.028299736976623535e+01 4.589999999999999858e+00 6.199999898672103882e-02 8.100057373046875000e+02
8.039404273033142090e+01 4.620000000000000107e+00 6.199999898672103882e-02 7.200111694335937500e+02
8.048899769783020020e+01 4.580000000000000071e+00 6.199999898672103882e-02 7.200111694335937500e+02
8.057600092887878418e+01 4.570000000000000284e+00 6.199999898672103882e-02 7.199838256835937500e+02
8.068700051307678223e+01 4.580000000000000071e+00 6.199999898672103882e-02 8.100057373046875000e+02
8.077804303169250488e+01 4.540000000000000036e+00 6.199999898672103882e-02 6.300166015625000000e+02
8.089099669456481934e+01 4.610000000000000320e+00 6.199999898672103882e-02 0.000000000000000000e+00
8.097899651527404785e+01 4.400000000000000355e+00 6.199999898672103882e-02 0.000000000000000000e+00
8.109299540519714355e+01 4.339999999999999858e+00 6.199999898672103882e-02 8.999456787109375000e+01
8.118700003623962402e+01 4.219999999999999751e+00 6.199999898672103882e-02 0.000000000000000000e+00
8.129404783248901367e+01 4.169999999999999929e+00 6.199999898672103882e-02 0.000000000000000000e+00
8.138499832153320312e+01 4.139999999999999680e+00 6.199999898672103882e-02 8.999456787109375000e+01
8.147999715805053711e+01 4.070000000000000284e+00 6.199999898672103882e-02 0.000000000000000000e+00
8.158699774742126465e+01 4.049999999999999822e+00 6.199999898672103882e-02 0.000000000000000000e+00
8.167699646949768066e+01 4.040000000000000036e+00 6.199999898672103882e-02 0.000000000000000000e+00
8.179500222206115723e+01 4.070000000000000284e+00 6.199999898672103882e-02 0.000000000000000000e+00
8.187999725341796875e+01 3.990000000000000213e+00 6.199999898672103882e-02 0.000000000000000000e+00
8.199199604988098145e+01 3.970000000000000195e+00 6.199999898672103882e-02 0.000000000000000000e+00
8.208700060844421387e+01 3.950000000000000178e+00 6.199999898672103882e-02 0.000000000000000000e+00
8.217299485206604004e+01 3.950000000000000178e+00 6.199999898672103882e-02 0.000000000000000000e+00
8.228399729728698730e+01 3.939999999999999947e+00 6.199999898672103882e-02 0.000000000000000000e+00
8.237899756431579590e+01 3.950000000000000178e+00 6.199999898672103882e-02 0.000000000000000000e+00
