6.193876266479492188e-02 1.409999999999999920e+00 2.999999932944774628e-02 0.000000000000000000e+00
1.619963645935058594e-01 1.409999999999999920e+00 2.999999932944774628e-02 0.000000000000000000e+00
2.520003318786621094e-01 1.409999999999999920e+00 2.999999932944774628e-02 0.000000000000000000e+00
3.618962764739990234e-01 1.409999999999999920e+00 2.999999932944774628e-02 0.000000000000000000e+00
4.539048671722412109e-01 1.409999999999999920e+00 2.999999932944774628e-02 0.000000000000000000e+00
5.439026355743408203e-01 1.409999999999999920e+00 2.999999932944774628e-02 0.000000000000000000e+00
6.569027900695800781e-01 1.449999999999999956e+00 2.999999932944774628e-02 0.000000000000000000e+00
7.469012737274169922e-01 1.540000000000000036e+00 2.999999932944774628e-02 0.000000000000000000e+00
8.579032421112060547e-01 1.489999999999999991e+00 2.999999932944774628e-02 0.000000000000000000e+00
9.479014873504638672e-01 1.590000000000000080e+00 2.999999932944774628e-02 0.000000000000000000e+00
1.059906005859375000e+00 1.580000000000000071e+00 2.999999932944774628e-02 0.000000000000000000e+00
1.148904085159301758e+00 1.659999999999999920e+00 2.999999932944774628e-02 0.000000000000000000e+00
1.259905815124511719e+00 1.659999999999999920e+00 2.999999932944774628e-02 0.000000000000000000e+00
1.351907253265380859e+00 1.689999999999999947e+00 2.999999932944774628e-02 0.000000000000000000e+00
1.461992979049682617e+00 1.909999999999999920e+00 2.999999932944774628e-02 0.000000000000000000e+00
1.550987720489501953e+00 2.390000000000000124e+00 2.999999932944774628e-02 0.000000000000000000e+00
1.642901897430419922e+00 3.180000000000000160e+00 2.999999932944774628e-02 0.000000000000000000e+00
1.755909442901611328e+00 3.729999999999999982e+00 2.999999932944774628e-02 -2.699999694824218750e+02
1.845005512237548828e+00 4.129999999999999893e+00 2.999999932944774628e-02 -3.600004882812500000e+02
1.951977252960205078e+00 4.250000000000000000e+00 2.999999932944774628e-02 -4.500001525878906250e+02
2.041902780532836914e+00 4.570000000000000284e+00 2.999999932944774628e-02 -4.500001525878906250e+02
2.157907485961914062e+00 4.620000000000000107e+00 2.999999932944774628e-02 -5.400084228515625000e+02
2.248902559280395508e+00 4.650000000000000355e+00 2.999999932944774628e-02 -8.100057373046875000e+02
2.359902143478393555e+00 4.660000000000000142e+00 2.999999932944774628e-02 -6.300166015625000000e+02
2.444916009902954102e+00 4.490000000000000213e+00 2.999999932944774628e-02 -5.399947509765625000e+02
2.558904886245727539e+00 4.519999999999999574e+00 2.999999932944774628e-02 -6.299892578125000000e+02
2.652944564819335938e+00 4.580000000000000071e+00 2.999999932944774628e-02 -5.400220947265625000e+02
2.759903669357299805e+00 4.629999999999999893e+00 2.999999932944774628e-02 -5.399674072265625000e+02
2.850896120071411133e+00 4.559999999999999609e+00 2.999999932944774628e-02 -2.700383605957031250e+02
2.945916414260864258e+00 4.530000000000000249e+00 2.999999932944774628e-02 -3.599782714843750000e+02
3.052901744842529297e+00 4.610000000000000320e+00 2.999999932944774628e-02 -3.599782714843750000e+02
3.142913103103637695e+00 4.620000000000000107e+00 2.999999932944774628e-02 -4.499728393554687500e+02
3.260901689529418945e+00 4.629999999999999893e+00 2.999999932944774628e-02 -5.399674072265625000e+02
3.345908164978027344e+00 4.650000000000000355e+00 2.999999932944774628e-02 -6.300166015625000000e+02
3.457905530929565430e+00 4.570000000000000284e+00 2.999999932944774628e-02 -3.600328979492187500e+02
3.552902221679687500e+00 4.549999999999999822e+00 2.999999932944774628e-02 -3.599782714843750000e+02
3.660896301269531250e+00 4.669999999999999929e+00 2.999999932944774628e-02 -3.599782714843750000e+02
3.749906778335571289e+00 4.639999999999999680e+00 2.999999932944774628e-02 -3.599782714843750000e+02
3.844907522201538086e+00 4.580000000000000071e+00 2.999999932944774628e-02 -3.599782714843750000e+02
3.953903913497924805e+00 4.559999999999999609e+00 2.999999932944774628e-02 -5.400767211914062500e+02
4.042903423309326172e+00 4.690000000000000391e+00 2.999999932944774628e-02 -6.300166015625000000e+02
4.159904479980468750e+00 4.660000000000000142e+00 2.999999932944774628e-02 -6.299072875976562500e+02
4.246998786926269531e+00 4.530000000000000249e+00 2.999999932944774628e-02 -4.500274658203125000e+02
4.357987165451049805e+00 4.559999999999999609e+00 2.999999932944774628e-02 -4.500274658203125000e+02
4.449001073837280273e+00 4.610000000000000320e+00 2.999999932944774628e-02 -4.500274658203125000e+02
4.560997247695922852e+00 4.530000000000000249e+00 2.999999932944774628e-02 -5.399674072265625000e+02
4.649910688400268555e+00 4.589999999999999858e+00 2.999999932944774628e-02 -5.399674072265625000e+02
4.740905284881591797e+00 4.580000000000000071e+00 2.999999932944774628e-02 -5.399674072265625000e+02
4.857905387878417969e+00 4.549999999999999822e+00 2.999999932944774628e-02 -4.500274658203125000e+02
4.942903757095336914e+00 4.509999999999999787e+00 2.999999932944774628e-02 -4.500274658203125000e+02
5.055906057357788086e+00 4.540000000000000036e+00 2.999999932944774628e-02 -4.500274658203125000e+02
5.150913238525390625e+00 4.599999999999999645e+00 2.999999932944774628e-02 -4.500274658203125000e+02
5.257911920547485352e+00 4.589999999999999858e+00 2.999999932944774628e-02 -5.400767211914062500e+02
5.347906589508056641e+00 4.620000000000000107e+00 2.999999932944774628e-02 -6.300166015625000000e+02
5.442908525466918945e+00 4.599999999999999645e+00 2.999999932944774628e-02 -7.200657958984375000e+02
5.550906658172607422e+00 4.570000000000000284e+00 2.999999932944774628e-02 -5.400767211914062500e+02
5.659903287887573242e+00 4.480000000000000426e+00 2.999999932944774628e-02 -5.398581542968750000e+02
5.757903099060058594e+00 4.660000000000000142e+00 2.999999932944774628e-02 -6.299072875976562500e+02
5.843903541564941406e+00 4.629999999999999893e+00 2.999999932944774628e-02 -6.299072875976562500e+02
5.954907178878784180e+00 4.559999999999999609e+00 2.999999932944774628e-02 -6.299072875976562500e+02
6.049905300140380859e+00 4.519999999999999574e+00 2.999999932944774628e-02 -6.301258544921875000e+02
6.158903598785400391e+00 4.530000000000000249e+00 2.999999932944774628e-02 -5.400767211914062500e+02
6.247896432876586914e+00 4.549999999999999822e+00 2.999999932944774628e-02 -5.400767211914062500e+02
6.338908672332763672e+00 4.639999999999999680e+00 2.999999932944774628e-02 -6.299072875976562500e+02
6.451894998550415039e+00 4.650000000000000355e+00 2.999999932944774628e-02 -6.301258544921875000e+02
6.554912805557250977e+00 4.620000000000000107e+00 2.999999932944774628e-02 -7.199565429687500000e+02
6.653955698013305664e+00 4.570000000000000284e+00 2.999999932944774628e-02 -8.100057373046875000e+02
6.747903108596801758e+00 4.530000000000000249e+00 2.999999932944774628e-02 -6.299072875976562500e+02
6.854907989501953125e+00 4.519999999999999574e+00 2.999999932944774628e-02 -6.299072875976562500e+02
6.945911645889282227e+00 4.629999999999999893e+00 2.999999932944774628e-02 -6.299072875976562500e+02
7.047903776168823242e+00 4.559999999999999609e+00 2.999999932944774628e-02 -6.299072875976562500e+02
7.147901773452758789e+00 4.509999999999999787e+00 2.999999932944774628e-02 -6.299072875976562500e+02
7.260896444320678711e+00 4.509999999999999787e+00 2.999999932944774628e-02 -5.400767211914062500e+02
7.355903387069702148e+00 4.509999999999999787e+00 2.999999932944774628e-02 -5.398581542968750000e+02
7.460895776748657227e+00 4.530000000000000249e+00 2.999999932944774628e-02 -4.500274658203125000e+02
7.552902936935424805e+00 4.540000000000000036e+00 2.999999932944774628e-02 -3.599782714843750000e+02
7.647903919219970703e+00 4.480000000000000426e+00 2.999999932944774628e-02 -3.599782714843750000e+02
7.755897760391235352e+00 4.599999999999999645e+00 2.999999932944774628e-02 -4.500274658203125000e+02
7.844906091690063477e+00 4.620000000000000107e+00 2.999999932944774628e-02 -6.301258544921875000e+02
7.962899208068847656e+00 4.660000000000000142e+00 2.999999932944774628e-02 -4.500274658203125000e+02
8.048896789550781250e+00 4.530000000000000249e+00 2.999999932944774628e-02 -5.400767211914062500e+02
8.159896850585937500e+00 4.570000000000000284e+00 2.999999932944774628e-02 -5.398581542968750000e+02
8.254914045333862305e+00 4.580000000000000071e+00 2.999999932944774628e-02 -6.299072875976562500e+02
8.341897010803222656e+00 4.570000000000000284e+00 2.999999932944774628e-02 -7.199565429687500000e+02
8.452987432479858398e+00 4.580000000000000071e+00 2.999999932944774628e-02 -6.301258544921875000e+02
8.543990850448608398e+00 4.559999999999999609e+00 2.999999932944774628e-02 -3.599782714843750000e+02
8.656903743743896484e+00 4.500000000000000000e+00 2.999999932944774628e-02 -4.502460327148437500e+02
8.744907140731811523e+00 4.589999999999999858e+00 2.999999932944774628e-02 -5.398581542968750000e+02
8.858895540237426758e+00 4.639999999999999680e+00 2.999999932944774628e-02 -5.398581542968750000e+02
8.952905178070068359e+00 4.629999999999999893e+00 2.999999932944774628e-02 -4.502460327148437500e+02
9.059903621673583984e+00 4.580000000000000071e+00 2.999999932944774628e-02 -5.398581542968750000e+02
9.150906085968017578e+00 4.629999999999999893e+00 2.999999932944774628e-02 -6.299072875976562500e+02
9.246003866195678711e+00 4.629999999999999893e+00 2.999999932944774628e-02 -7.199565429687500000e+02
9.353001117706298828e+00 4.580000000000000071e+00 2.999999932944774628e-02 -8.100057373046875000e+02
9.442999601364135742e+00 4.530000000000000249e+00 2.999999932944774628e-02 -8.100057373046875000e+02
9.560991764068603516e+00 4.519999999999999574e+00 2.999999932944774628e-02 -8.100057373046875000e+02
9.645999431610107422e+00 4.459999999999999964e+00 2.999999932944774628e-02 -7.199565429687500000e+02
9.757933139801025391e+00 4.480000000000000426e+00 2.999999932944774628e-02 -5.398581542968750000e+02
9.852902412414550781e+00 4.450000000000000178e+00 2.999999932944774628e-02 -6.299072875976562500e+02
9.960904836654663086e+00 4.570000000000000284e+00 2.999999932944774628e-02 -6.299072875976562500e+02
1.004992914199829102e+01 4.610000000000000320e+00 2.999999932944774628e-02 -4.502460327148437500e+02
1.014490938186645508e+01 4.530000000000000249e+00 2.999999932944774628e-02 -4.498088989257812500e+02
1.025390672683715820e+01 4.509999999999999787e+00 2.999999932944774628e-02 -5.398581542968750000e+02
1.034290575981140137e+01 4.620000000000000107e+00 2.999999932944774628e-02 -8.100057373046875000e+02
1.045991063117980957e+01 4.660000000000000142e+00 2.999999932944774628e-02 -9.000549316406250000e+02
1.054691267013549805e+01 4.599999999999999645e+00 2.999999932944774628e-02 -1.080153442382812500e+03
1.065792894363403320e+01 4.540000000000000036e+00 2.999999932944774628e-02 -8.100057373046875000e+02
1.074890708923339844e+01 4.469999999999999751e+00 2.999999932944774628e-02 -8.100057373046875000e+02
1.086190676689147949e+01 4.589999999999999858e+00 2.999999932944774628e-02 -9.000549316406250000e+02
1.094990420341491699e+01 4.509999999999999787e+00 2.999999932944774628e-02 -8.100057373046875000e+02
1.104091501235961914e+01 4.540000000000000036e+00 2.999999932944774628e-02 -6.303444213867187500e+02
1.115790581703186035e+01 4.459999999999999964e+00 2.999999932944774628e-02 -5.398581542968750000e+02
1.124292349815368652e+01 4.469999999999999751e+00 2.999999932944774628e-02 -5.402952880859375000e+02
1.135590481758117676e+01 4.629999999999999893e+00 2.999999932944774628e-02 -5.398581542968750000e+02
1.145090389251708984e+01 4.519999999999999574e+00 2.999999932944774628e-02 -5.398581542968750000e+02
1.155790305137634277e+01 4.500000000000000000e+00 2.999999932944774628e-02 -7.199565429687500000e+02
1.164790201187133789e+01 4.549999999999999822e+00 2.999999932944774628e-02 -7.199565429687500000e+02
1.174291229248046875e+01 4.530000000000000249e+00 2.999999932944774628e-02 -6.299072875976562500e+02
1.185090231895446777e+01 4.530000000000000249e+00 2.999999932944774628e-02 -5.398581542968750000e+02
1.195090341567993164e+01 4.580000000000000071e+00 2.999999932944774628e-02 -6.299072875976562500e+02
1.205790305137634277e+01 4.559999999999999609e+00 2.999999932944774628e-02 -7.199565429687500000e+02
1.214390397071838379e+01 4.530000000000000249e+00 2.999999932944774628e-02 -7.199565429687500000e+02
1.225490665435791016e+01 4.610000000000000320e+00 2.999999932944774628e-02 -7.203936767578125000e+02
1.234999799728393555e+01 4.549999999999999822e+00 2.999999932944774628e-02 -6.299072875976562500e+02
1.245899748802185059e+01 4.519999999999999574e+00 2.999999932944774628e-02 -7.199565429687500000e+02
1.254790568351745605e+01 4.530000000000000249e+00 2.999999932944774628e-02 -6.299072875976562500e+02
1.263890361785888672e+01 4.490000000000000213e+00 2.999999932944774628e-02 -5.398581542968750000e+02
1.275189542770385742e+01 4.639999999999999680e+00 2.999999932944774628e-02 -4.498088989257812500e+02
1.283990550041198730e+01 4.559999999999999609e+00 2.999999932944774628e-02 -5.402952880859375000e+02
1.295400094985961914e+01 4.599999999999999645e+00 2.999999932944774628e-02 -5.402952880859375000e+02
1.304800200462341309e+01 4.629999999999999893e+00 2.999999932944774628e-02 -6.299072875976562500e+02
1.315500593185424805e+01 4.620000000000000107e+00 2.999999932944774628e-02 0.000000000000000000e+00
1.324590778350830078e+01 4.070000000000000284e+00 2.999999932944774628e-02 0.000000000000000000e+00
1.334090614318847656e+01 4.019999999999999574e+00 2.999999932944774628e-02 0.000000000000000000e+00
1.344800448417663574e+01 3.620000000000000107e+00 2.999999932944774628e-02 3.597597045898437500e+02
1.356090831756591797e+01 2.109999999999999876e+00 2.999999932944774628e-02 8.100057373046875000e+02
1.365590620040893555e+01 1.729999999999999982e+00 2.999999932944774628e-02 4.502460327148437500e+02
1.376190471649169922e+01 1.899999999999999911e+00 2.999999932944774628e-02 9.004920959472656250e+01
1.385289549827575684e+01 1.949999999999999956e+00 2.999999932944774628e-02 1.800984191894531250e+02
1.394789624214172363e+01 1.709999999999999964e+00 2.999999932944774628e-02 3.597597045898437500e+02
1.405589842796325684e+01 1.750000000000000000e+00 2.999999932944774628e-02 5.402952880859375000e+02
1.414491486549377441e+01 1.770000000000000018e+00 2.999999932944774628e-02 2.701476440429687500e+02
1.426190400123596191e+01 1.879999999999999893e+00 2.999999932944774628e-02 1.796612854003906250e+02
1.434890508651733398e+01 1.899999999999999911e+00 2.999999932944774628e-02 9.004920959472656250e+01
1.445990300178527832e+01 1.879999999999999893e+00 2.999999932944774628e-02 3.597597045898437500e+02
1.455490899085998535e+01 1.790000000000000036e+00 2.999999932944774628e-02 5.398581542968750000e+02
1.464190244674682617e+01 1.760000000000000009e+00 2.999999932944774628e-02 5.402952880859375000e+02
1.475290322303771973e+01 1.790000000000000036e+00 2.999999932944774628e-02 4.498088989257812500e+02
1.484390401840209961e+01 1.840000000000000080e+00 2.999999932944774628e-02 4.502460327148437500e+02
1.495690274238586426e+01 1.830000000000000071e+00 2.999999932944774628e-02 3.601968383789062500e+02
1.504500031471252441e+01 1.840000000000000080e+00 2.999999932944774628e-02 2.701476440429687500e+02
1.515900135040283203e+01 1.810000000000000053e+00 2.999999932944774628e-02 5.398581542968750000e+02
1.525300002098083496e+01 1.810000000000000053e+00 2.999999932944774628e-02 6.299072875976562500e+02
1.535999083518981934e+01 1.840000000000000080e+00 2.999999932944774628e-02 6.299072875976562500e+02
1.545100092887878418e+01 1.860000000000000098e+00 2.999999932944774628e-02 4.502460327148437500e+02
1.554590034484863281e+01 1.840000000000000080e+00 2.999999932944774628e-02 3.597597045898437500e+02
1.565290927886962891e+01 1.879999999999999893e+00 2.999999932944774628e-02 4.502460327148437500e+02
1.574289584159851074e+01 1.840000000000000080e+00 2.999999932944774628e-02 6.303444213867187500e+02
1.586090183258056641e+01 1.840000000000000080e+00 2.999999932944774628e-02 5.402952880859375000e+02
1.594589948654174805e+01 1.790000000000000036e+00 2.999999932944774628e-02 4.498088989257812500e+02
1.605793166160583496e+01 1.840000000000000080e+00 2.999999932944774628e-02 6.299072875976562500e+02
1.615289473533630371e+01 1.820000000000000062e+00 2.999999932944774628e-02 7.199565429687500000e+02
1.626088833808898926e+01 1.820000000000000062e+00 2.999999932944774628e-02 4.498088989257812500e+02
1.634990262985229492e+01 1.899999999999999911e+00 2.999999932944774628e-02 1.800984191894531250e+02
1.644491386413574219e+01 1.860000000000000098e+00 2.999999932944774628e-02 1.800984191894531250e+02
1.655390644073486328e+01 1.840000000000000080e+00 2.999999932944774628e-02 4.502460327148437500e+02
1.664290809631347656e+01 1.830000000000000071e+00 2.999999932944774628e-02 5.398581542968750000e+02
1.675990962982177734e+01 1.760000000000000009e+00 2.999999932944774628e-02 6.299072875976562500e+02
1.684690928459167480e+01 1.840000000000000080e+00 2.999999932944774628e-02 6.299072875976562500e+02
1.695794463157653809e+01 1.879999999999999893e+00 2.999999932944774628e-02 6.299072875976562500e+02
1.704891157150268555e+01 1.860000000000000098e+00 2.999999932944774628e-02 4.502460327148437500e+02
1.716189813613891602e+01 1.889999999999999902e+00 2.999999932944774628e-02 3.597597045898437500e+02
1.724992108345031738e+01 1.860000000000000098e+00 2.999999932944774628e-02 2.701476440429687500e+02
1.734090304374694824e+01 1.850000000000000089e+00 2.999999932944774628e-02 2.697105102539062500e+02
1.745790624618530273e+01 1.800000000000000044e+00 2.999999932944774628e-02 5.398581542968750000e+02
1.754290342330932617e+01 1.800000000000000044e+00 2.999999932944774628e-02 7.199565429687500000e+02
1.765595793724060059e+01 1.810000000000000053e+00 2.999999932944774628e-02 8.100057373046875000e+02
1.775090312957763672e+01 1.850000000000000089e+00 2.999999932944774628e-02 8.100057373046875000e+02
1.785798597335815430e+01 1.850000000000000089e+00 2.999999932944774628e-02 6.299072875976562500e+02
1.794791889190673828e+01 1.879999999999999893e+00 2.999999932944774628e-02 5.402952880859375000e+02
1.804290366172790527e+01 1.850000000000000089e+00 2.999999932944774628e-02 5.398581542968750000e+02
1.815090274810791016e+01 1.909999999999999920e+00 2.999999932944774628e-02 4.498088989257812500e+02
1.824689745903015137e+01 1.879999999999999893e+00 2.999999932944774628e-02 2.697105102539062500e+02
1.835790491104125977e+01 1.790000000000000036e+00 2.999999932944774628e-02 4.502460327148437500e+02
1.844391322135925293e+01 1.760000000000000009e+00 2.999999932944774628e-02 6.299072875976562500e+02
1.855491209030151367e+01 1.810000000000000053e+00 2.999999932944774628e-02 7.199565429687500000e+02
1.864990687370300293e+01 1.810000000000000053e+00 2.999999932944774628e-02 6.303444213867187500e+02
1.875889635086059570e+01 1.830000000000000071e+00 2.999999932944774628e-02 4.502460327148437500e+02
1.884790563583374023e+01 1.889999999999999902e+00 2.999999932944774628e-02 4.498088989257812500e+02
1.893889570236206055e+01 1.870000000000000107e+00 2.999999932944774628e-02 4.498088989257812500e+02
1.905190396308898926e+01 1.870000000000000107e+00 2.999999932944774628e-02 3.601968383789062500e+02
1.914591550827026367e+01 1.860000000000000098e+00 2.999999932944774628e-02 2.701476440429687500e+02
1.925390529632568359e+01 1.850000000000000089e+00 2.999999932944774628e-02 3.597597045898437500e+02
1.934790301322937012e+01 1.830000000000000071e+00 2.999999932944774628e-02 3.597597045898437500e+02
1.945490121841430664e+01 1.840000000000000080e+00 2.999999932944774628e-02 5.398581542968750000e+02
1.954589986801147461e+01 1.780000000000000027e+00 2.999999932944774628e-02 7.199565429687500000e+02
1.966090393066406250e+01 1.790000000000000036e+00 2.999999932944774628e-02 6.299072875976562500e+02
1.974790334701538086e+01 1.860000000000000098e+00 2.999999932944774628e-02 6.301258544921875000e+02
1.986090302467346191e+01 1.889999999999999902e+00 2.999999932944774628e-02 6.299072875976562500e+02
1.995590496063232422e+01 1.870000000000000107e+00 2.999999932944774628e-02 7.199565429687500000e+02
2.005689430236816406e+01 1.840000000000000080e+00 2.999999932944774628e-02 5.400767211914062500e+02
2.015290355682373047e+01 1.840000000000000080e+00 2.999999932944774628e-02 3.599782714843750000e+02
2.024799990653991699e+01 1.850000000000000089e+00 2.999999932944774628e-02 3.599782714843750000e+02
2.035599803924560547e+01 1.870000000000000107e+00 2.999999932944774628e-02 3.599782714843750000e+02
2.044500017166137695e+01 1.840000000000000080e+00 2.999999932944774628e-02 3.599782714843750000e+02
2.056191134452819824e+01 1.830000000000000071e+00 2.999999932944774628e-02 3.601968383789062500e+02
2.064890336990356445e+01 1.830000000000000071e+00 2.999999932944774628e-02 3.599782714843750000e+02
2.075990295410156250e+01 1.840000000000000080e+00 2.999999932944774628e-02 5.398581542968750000e+02
2.085491776466369629e+01 1.830000000000000071e+00 2.999999932944774628e-02 6.301258544921875000e+02
2.094190645217895508e+01 1.830000000000000071e+00 2.999999932944774628e-02 7.199565429687500000e+02
2.105289125442504883e+01 1.840000000000000080e+00 2.999999932944774628e-02 3.599782714843750000e+02
2.114390349388122559e+01 1.899999999999999911e+00 2.999999932944774628e-02 2.701476440429687500e+02
2.125690269470214844e+01 1.879999999999999893e+00 2.999999932944774628e-02 1.798798522949218750e+02
2.134491062164306641e+01 1.800000000000000044e+00 2.999999932944774628e-02 2.699290771484375000e+02
2.145890283584594727e+01 1.729999999999999982e+00 2.999999932944774628e-02 5.400767211914062500e+02
2.155290508270263672e+01 1.739999999999999991e+00 2.999999932944774628e-02 7.199565429687500000e+02
2.165990400314331055e+01 1.760000000000000009e+00 2.999999932944774628e-02 7.199565429687500000e+02
2.175090456008911133e+01 1.800000000000000044e+00 2.999999932944774628e-02 8.100057373046875000e+02
2.184590506553649902e+01 1.860000000000000098e+00 2.999999932944774628e-02 6.299072875976562500e+02
2.195290350914001465e+01 1.889999999999999902e+00 2.999999932944774628e-02 3.599782714843750000e+02
2.204290342330932617e+01 1.810000000000000053e+00 2.999999932944774628e-02 1.798798522949218750e+02
2.216090321540832520e+01 1.830000000000000071e+00 2.999999932944774628e-02 4.500274658203125000e+02
2.224591803550720215e+01 1.780000000000000027e+00 2.999999932944774628e-02 6.299072875976562500e+02
2.235799574851989746e+01 1.780000000000000027e+00 2.999999932944774628e-02 5.400767211914062500e+02
2.245299911499023438e+01 1.820000000000000062e+00 2.999999932944774628e-02 4.500274658203125000e+02
2.256100344657897949e+01 1.850000000000000089e+00 2.999999932944774628e-02 5.400767211914062500e+02
2.264999818801879883e+01 1.850000000000000089e+00 2.999999932944774628e-02 4.500274658203125000e+02
2.274502348899841309e+01 1.810000000000000053e+00 2.999999932944774628e-02 4.500274658203125000e+02
2.285390949249267578e+01 1.739999999999999991e+00 2.999999932944774628e-02 3.599782714843750000e+02
2.294290494918823242e+01 1.800000000000000044e+00 2.999999932944774628e-02 4.500274658203125000e+02
2.305991482734680176e+01 1.780000000000000027e+00 2.999999932944774628e-02 5.398581542968750000e+02
2.314690256118774414e+01 1.780000000000000027e+00 2.999999932944774628e-02 5.400767211914062500e+02
2.325790476799011230e+01 1.780000000000000027e+00 2.999999932944774628e-02 5.398581542968750000e+02
2.334890484809875488e+01 1.899999999999999911e+00 2.999999932944774628e-02 3.599782714843750000e+02
2.346190643310546875e+01 1.899999999999999911e+00 2.999999932944774628e-02 3.600875549316406250e+02
2.354990410804748535e+01 1.870000000000000107e+00 2.999999932944774628e-02 3.599782714843750000e+02
2.364089560508728027e+01 1.780000000000000027e+00 2.999999932944774628e-02 3.599782714843750000e+02
2.375790309906005859e+01 1.830000000000000071e+00 2.999999932944774628e-02 2.700383605957031250e+02
2.384290337562561035e+01 1.830000000000000071e+00 2.999999932944774628e-02 5.399674072265625000e+02
2.395591354370117188e+01 1.810000000000000053e+00 2.999999932944774628e-02 7.199565429687500000e+02
2.405099058151245117e+01 1.830000000000000071e+00 2.999999932944774628e-02 6.299072875976562500e+02
2.415800642967224121e+01 1.820000000000000062e+00 2.999999932944774628e-02 4.500274658203125000e+02
2.424798679351806641e+01 1.889999999999999902e+00 2.999999932944774628e-02 4.499181823730468750e+02
2.434289669990539551e+01 1.840000000000000080e+00 2.999999932944774628e-02 4.500274658203125000e+02
2.445090246200561523e+01 1.780000000000000027e+00 2.999999932944774628e-02 5.399674072265625000e+02
2.454689550399780273e+01 1.860000000000000098e+00 2.999999932944774628e-02 4.500274658203125000e+02
2.465790438652038574e+01 1.850000000000000089e+00 2.999999932944774628e-02 2.700383605957031250e+02
2.474390125274658203e+01 1.860000000000000098e+00 2.999999932944774628e-02 2.699290771484375000e+02
2.485490560531616211e+01 1.830000000000000071e+00 2.999999932944774628e-02 3.599782714843750000e+02
2.494990372657775879e+01 1.840000000000000080e+00 2.999999932944774628e-02 4.500274658203125000e+02
2.505890154838562012e+01 1.860000000000000098e+00 2.999999932944774628e-02 3.600875549316406250e+02
2.514790606498718262e+01 1.860000000000000098e+00 2.999999932944774628e-02 2.699290771484375000e+02
2.523890590667724609e+01 1.820000000000000062e+00 2.999999932944774628e-02 1.799891357421875000e+02
2.535190939903259277e+01 1.790000000000000036e+00 2.999999932944774628e-02 1.799891357421875000e+02
2.546190261840820312e+01 1.830000000000000071e+00 2.999999932944774628e-02 1.799891357421875000e+02
2.555390715599060059e+01 1.830000000000000071e+00 2.999999932944774628e-02 5.400767211914062500e+02
2.564790201187133789e+01 1.810000000000000053e+00 2.999999932944774628e-02 6.299619750976562500e+02
2.575490498542785645e+01 1.780000000000000027e+00 2.999999932944774628e-02 4.499728393554687500e+02
2.584590411186218262e+01 1.810000000000000053e+00 2.999999932944774628e-02 5.400220947265625000e+02
2.594799661636352539e+01 1.850000000000000089e+00 2.999999932944774628e-02 5.400220947265625000e+02
2.604799103736877441e+01 1.879999999999999893e+00 2.999999932944774628e-02 4.499728393554687500e+02
2.616099905967712402e+01 1.899999999999999911e+00 2.999999932944774628e-02 2.700383605957031250e+02
2.625599169731140137e+01 1.830000000000000071e+00 2.999999932944774628e-02 2.699837036132812500e+02
2.634789419174194336e+01 1.800000000000000044e+00 2.999999932944774628e-02 3.600328979492187500e+02
2.645290088653564453e+01 1.830000000000000071e+00 2.999999932944774628e-02 8.999456787109375000e+01
2.654789471626281738e+01 1.870000000000000107e+00 2.999999932944774628e-02 8.999456787109375000e+01
2.665590500831604004e+01 1.729999999999999982e+00 2.999999932944774628e-02 1.799891357421875000e+02
2.674490094184875488e+01 1.719999999999999973e+00 2.999999932944774628e-02 3.600328979492187500e+02
2.686091208457946777e+01 1.760000000000000009e+00 2.999999932944774628e-02 1.799891357421875000e+02
2.694890332221984863e+01 1.820000000000000062e+00 2.999999932944774628e-02 1.799891357421875000e+02
2.705990338325500488e+01 1.739999999999999991e+00 2.999999932944774628e-02 3.599782714843750000e+02
2.715499687194824219e+01 1.709999999999999964e+00 2.999999932944774628e-02 6.299892578125000000e+02
2.724199867248535156e+01 1.790000000000000036e+00 2.999999932944774628e-02 6.300166015625000000e+02
2.735299658775329590e+01 1.929999999999999938e+00 2.999999932944774628e-02 1.799891357421875000e+02
2.744399762153625488e+01 1.860000000000000098e+00 2.999999932944774628e-02 1.799891357421875000e+02
2.755690455436706543e+01 1.810000000000000053e+00 2.999999932944774628e-02 4.500001525878906250e+02
2.764490675926208496e+01 1.729999999999999982e+00 2.999999932944774628e-02 5.399947509765625000e+02
2.775890493392944336e+01 1.820000000000000062e+00 2.999999932944774628e-02 2.699973754882812500e+02
2.785299634933471680e+01 1.889999999999999902e+00 2.999999932944774628e-02 2.699973754882812500e+02
2.795989584922790527e+01 1.830000000000000071e+00 2.999999932944774628e-02 2.699973754882812500e+02
2.805090117454528809e+01 1.790000000000000036e+00 2.999999932944774628e-02 4.500001525878906250e+02
2.814598822593688965e+01 1.770000000000000018e+00 2.999999932944774628e-02 4.499967346191406250e+02
2.825300788879394531e+01 1.830000000000000071e+00 2.999999932944774628e-02 2.699999084472656250e+02
2.834300231933593750e+01 1.780000000000000027e+00 2.999999932944774628e-02 0.000000000000000000e+00
2.846098899841308594e+01 1.649999999999999911e+00 2.999999932944774628e-02 0.000000000000000000e+00
2.854591250419616699e+01 1.520000000000000018e+00 2.999999932944774628e-02 0.000000000000000000e+00
2.865790772438049316e+01 1.770000000000000018e+00 2.999999932944774628e-02 -3.600004882812500000e+02
2.875290298461914062e+01 3.479999999999999982e+00 2.999999932944774628e-02 -6.299995727539062500e+02
2.886090445518493652e+01 4.269999999999999574e+00 2.999999932944774628e-02 -7.200043334960937500e+02
2.894990372657775879e+01 4.540000000000000036e+00 2.999999932944774628e-02 -8.099920654296875000e+02
2.904491329193115234e+01 4.650000000000000355e+00 2.999999932944774628e-02 -7.200111694335937500e+02
2.915390896797180176e+01 4.570000000000000284e+00 2.999999932944774628e-02 -3.600055847167968750e+02
2.924290347099304199e+01 4.490000000000000213e+00 2.999999932944774628e-02 -4.500001525878906250e+02
2.935999822616577148e+01 4.610000000000000320e+00 2.999999932944774628e-02 -5.399947509765625000e+02
2.944699931144714355e+01 4.629999999999999893e+00 2.999999932944774628e-02 -5.400220947265625000e+02
2.955799508094787598e+01 4.650000000000000355e+00 2.999999932944774628e-02 -3.600328979492187500e+02
2.964899349212646484e+01 4.629999999999999893e+00 2.999999932944774628e-02 -4.499728393554687500e+02
2.976190519332885742e+01 4.639999999999999680e+00 2.999999932944774628e-02 -7.200111694335937500e+02
2.984990501403808594e+01 4.679999999999999716e+00 2.999999932944774628e-02 -8.100057373046875000e+02
2.994090247154235840e+01 4.580000000000000071e+00 2.999999932944774628e-02 -6.300166015625000000e+02
3.005791378021240234e+01 4.549999999999999822e+00 2.999999932944774628e-02 -5.400220947265625000e+02
3.014290332794189453e+01 4.559999999999999609e+00 2.999999932944774628e-02 -5.400220947265625000e+02
3.025592517852783203e+01 4.629999999999999893e+00 2.999999932944774628e-02 -8.100057373046875000e+02
3.035089564323425293e+01 4.599999999999999645e+00 2.999999932944774628e-02 -9.000549316406250000e+02
3.045790553092956543e+01 4.570000000000000284e+00 2.999999932944774628e-02 -7.199565429687500000e+02
3.054791259765625000e+01 4.519999999999999574e+00 2.999999932944774628e-02 -6.300166015625000000e+02
3.064290237426757812e+01 4.509999999999999787e+00 2.999999932944774628e-02 -6.300166015625000000e+02
3.075090527534484863e+01 4.639999999999999680e+00 2.999999932944774628e-02 -7.200657958984375000e+02
3.085490965843200684e+01 4.570000000000000284e+00 2.999999932944774628e-02 -8.100057373046875000e+02
3.095790863037109375e+01 4.519999999999999574e+00 2.999999932944774628e-02 -7.199565429687500000e+02
3.104389739036560059e+01 4.500000000000000000e+00 2.999999932944774628e-02 -6.299072875976562500e+02
3.115492653846740723e+01 4.500000000000000000e+00 2.999999932944774628e-02 -8.999456787109375000e+02
3.124991703033447266e+01 4.610000000000000320e+00 2.999999932944774628e-02 -1.080044189453125000e+03
3.135890436172485352e+01 4.610000000000000320e+00 2.999999932944774628e-02 -1.169984008789062500e+03
3.144790601730346680e+01 4.530000000000000249e+00 2.999999932944774628e-02 -1.079934814453125000e+03
3.153890419006347656e+01 4.459999999999999964e+00 2.999999932944774628e-02 -9.901042480468750000e+02
3.165190386772155762e+01 4.549999999999999822e+00 2.999999932944774628e-02 -9.000549316406250000e+02
3.174689459800720215e+01 4.500000000000000000e+00 2.999999932944774628e-02 -9.000549316406250000e+02
3.185392117500305176e+01 4.530000000000000249e+00 2.999999932944774628e-02 -9.901042480468750000e+02
3.194790363311767578e+01 4.549999999999999822e+00 2.999999932944774628e-02 -9.000549316406250000e+02
3.205500245094299316e+01 4.540000000000000036e+00 2.999999932944774628e-02 -9.898856811523437500e+02
3.214600419998168945e+01 4.540000000000000036e+00 2.999999932944774628e-02 -9.901042480468750000e+02
3.224798583984375000e+01 4.509999999999999787e+00 2.999999932944774628e-02 -8.100057373046875000e+02
3.234789538383483887e+01 4.549999999999999822e+00 2.999999932944774628e-02 -7.199565429687500000e+02
3.246099543571472168e+01 4.480000000000000426e+00 2.999999932944774628e-02 -9.000549316406250000e+02
3.255590844154357910e+01 4.519999999999999574e+00 2.999999932944774628e-02 -1.079934814453125000e+03
3.264790320396423340e+01 4.580000000000000071e+00 2.999999932944774628e-02 -1.260033203125000000e+03
3.275290298461914062e+01 4.530000000000000249e+00 2.999999932944774628e-02 -1.169984008789062500e+03
3.284789562225341797e+01 4.450000000000000178e+00 2.999999932944774628e-02 -1.080153442382812500e+03
3.295589852333068848e+01 4.469999999999999751e+00 2.999999932944774628e-02 -1.079934814453125000e+03
3.304491329193115234e+01 4.519999999999999574e+00 2.999999932944774628e-02 -1.079934814453125000e+03
3.316190385818481445e+01 4.509999999999999787e+00 2.999999932944774628e-02 -1.169984008789062500e+03
3.324890327453613281e+01 4.519999999999999574e+00 2.999999932944774628e-02 -1.170202514648437500e+03
3.335989451408386230e+01 4.559999999999999609e+00 2.999999932944774628e-02 -1.260251708984375000e+03
3.345490217208862305e+01 4.540000000000000036e+00 2.999999932944774628e-02 -1.259814575195312500e+03
3.354192900657653809e+01 4.480000000000000426e+00 2.999999932944774628e-02 -1.259814575195312500e+03
3.365293526649475098e+01 4.440000000000000391e+00 2.999999932944774628e-02 -1.169765380859375000e+03
3.374390649795532227e+01 4.400000000000000355e+00 2.999999932944774628e-02 -9.901042480468750000e+02
3.385690689086914062e+01 4.429999999999999716e+00 2.999999932944774628e-02 -1.080153442382812500e+03
3.394490790367126465e+01 4.480000000000000426e+00 2.999999932944774628e-02 -1.079716308593750000e+03
3.405890393257141113e+01 4.549999999999999822e+00 2.999999932944774628e-02 -9.901042480468750000e+02
3.415290546417236328e+01 4.459999999999999964e+00 2.999999932944774628e-02 -9.000549316406250000e+02
3.425990223884582520e+01 4.480000000000000426e+00 2.999999932944774628e-02 -8.100057373046875000e+02
3.435090374946594238e+01 4.530000000000000249e+00 2.999999932944774628e-02 -8.996177978515625000e+02
3.444590616226196289e+01 4.570000000000000284e+00 2.999999932944774628e-02 -9.901042480468750000e+02
3.455290603637695312e+01 4.530000000000000249e+00 2.999999932944774628e-02 -9.901042480468750000e+02
3.464290452003479004e+01 4.509999999999999787e+00 2.999999932944774628e-02 -9.896671142578125000e+02
3.476090359687805176e+01 4.580000000000000071e+00 2.999999932944774628e-02 -1.260251708984375000e+03
3.484598898887634277e+01 4.530000000000000249e+00 2.999999932944774628e-02 -1.259814575195312500e+03
3.495790982246398926e+01 4.469999999999999751e+00 2.999999932944774628e-02 -9.901042480468750000e+02
3.505298733711242676e+01 4.379999999999999893e+00 2.999999932944774628e-02 -9.000549316406250000e+02
3.516099858283996582e+01 4.440000000000000391e+00 2.999999932944774628e-02 -9.000549316406250000e+02
3.524998688697814941e+01 4.509999999999999787e+00 2.999999932944774628e-02 -8.100057373046875000e+02
3.534499788284301758e+01 4.469999999999999751e+00 2.999999932944774628e-02 -9.000549316406250000e+02
3.545400166511535645e+01 4.540000000000000036e+00 2.999999932944774628e-02 -9.901042480468750000e+02
3.554299926757812500e+01 4.530000000000000249e+00 2.999999932944774628e-02 -1.170202514648437500e+03
3.565999555587768555e+01 4.549999999999999822e+00 2.999999932944774628e-02 -9.000549316406250000e+02
3.574699997901916504e+01 4.450000000000000178e+00 2.999999932944774628e-02 -8.100057373046875000e+02
3.585798764228820801e+01 4.530000000000000249e+00 2.999999932944774628e-02 -7.199565429687500000e+02
3.594900012016296387e+01 4.530000000000000249e+00 2.999999932944774628e-02 -9.000549316406250000e+02
3.606199908256530762e+01 4.589999999999999858e+00 2.999999932944774628e-02 0.000000000000000000e+00
3.614999866485595703e+01 3.540000000000000036e+00 2.999999932944774628e-02 0.000000000000000000e+00
3.624090337753295898e+01 3.290000000000000036e+00 2.999999932944774628e-02 0.000000000000000000e+00
3.635790038108825684e+01 3.290000000000000036e+00 2.999999932944774628e-02 9.004920959472656250e+01
3.644289541244506836e+01 2.600000000000000089e+00 2.999999932944774628e-02 4.498088989257812500e+02
3.655590462684631348e+01 1.739999999999999991e+00 2.999999932944774628e-02 5.398581542968750000e+02
3.665090322494506836e+01 1.820000000000000062e+00 2.999999932944774628e-02 7.199565429687500000e+02
3.675790524482727051e+01 1.850000000000000089e+00 2.999999932944774628e-02 1.169765380859375000e+03
3.684790515899658203e+01 1.760000000000000009e+00 2.999999932944774628e-02 1.260251708984375000e+03
3.694290351867675781e+01 1.840000000000000080e+00 2.999999932944774628e-02 9.896671142578125000e+02
3.705089950561523438e+01 1.889999999999999902e+00 2.999999932944774628e-02 8.100057373046875000e+02
3.713990354537963867e+01 1.889999999999999902e+00 2.999999932944774628e-02 9.901042480468750000e+02
3.725790452957153320e+01 1.790000000000000036e+00 2.999999932944774628e-02 1.169765380859375000e+03
3.734390258789062500e+01 1.860000000000000098e+00 2.999999932944774628e-02 1.259814575195312500e+03
3.745490765571594238e+01 1.850000000000000089e+00 2.999999932944774628e-02 1.080153442382812500e+03
3.754992270469665527e+01 1.899999999999999911e+00 2.999999932944774628e-02 9.000549316406250000e+02
3.765891218185424805e+01 1.919999999999999929e+00 2.999999932944774628e-02 9.000549316406250000e+02
3.774790382385253906e+01 1.860000000000000098e+00 2.999999932944774628e-02 1.169765380859375000e+03
3.783890318870544434e+01 1.820000000000000062e+00 2.999999932944774628e-02 1.439913085937500000e+03
3.795190262794494629e+01 1.820000000000000062e+00 2.999999932944774628e-02 1.349863891601562500e+03
3.804590654373168945e+01 1.879999999999999893e+00 2.999999932944774628e-02 1.259814575195312500e+03
3.815390920639038086e+01 1.889999999999999902e+00 2.999999932944774628e-02 1.170202514648437500e+03
3.824790215492248535e+01 1.909999999999999920e+00 2.999999932944774628e-02 1.439913085937500000e+03
3.835491037368774414e+01 1.800000000000000044e+00 2.999999932944774628e-02 1.709623535156250000e+03
3.844590711593627930e+01 1.820000000000000062e+00 2.999999932944774628e-02 1.710060668945312500e+03
3.854790282249450684e+01 1.899999999999999911e+00 2.999999932944774628e-02 1.710060668945312500e+03
3.864801216125488281e+01 1.870000000000000107e+00 2.999999932944774628e-02 1.440350219726562500e+03
3.876090121269226074e+01 1.959999999999999964e+00 2.999999932944774628e-02 1.259814575195312500e+03
3.885590744018554688e+01 1.929999999999999938e+00 2.999999932944774628e-02 1.260033203125000000e+03
3.894790339469909668e+01 1.860000000000000098e+00 2.999999932944774628e-02 1.260033203125000000e+03
3.905291104316711426e+01 1.889999999999999902e+00 2.999999932944774628e-02 1.080153442382812500e+03
3.914790678024291992e+01 1.899999999999999911e+00 2.999999932944774628e-02 9.000549316406250000e+02
3.925590705871582031e+01 1.870000000000000107e+00 2.999999932944774628e-02 8.998363647460937500e+02
3.934490561485290527e+01 1.879999999999999893e+00 2.999999932944774628e-02 9.901042480468750000e+02
3.946192336082458496e+01 1.870000000000000107e+00 2.999999932944774628e-02 9.898856811523437500e+02
3.954890275001525879e+01 1.879999999999999893e+00 2.999999932944774628e-02 9.901042480468750000e+02
3.965990424156188965e+01 1.850000000000000089e+00 2.999999932944774628e-02 1.169984008789062500e+03
3.975490045547485352e+01 1.820000000000000062e+00 2.999999932944774628e-02 1.260033203125000000e+03
3.984188747406005859e+01 1.840000000000000080e+00 2.999999932944774628e-02 1.169984008789062500e+03
3.995290064811706543e+01 1.929999999999999938e+00 2.999999932944774628e-02 9.898856811523437500e+02
4.004390263557434082e+01 1.899999999999999911e+00 2.999999932944774628e-02 9.901042480468750000e+02
4.015690279006958008e+01 1.870000000000000107e+00 2.999999932944774628e-02 9.901042480468750000e+02
4.024491930007934570e+01 1.860000000000000098e+00 2.999999932944774628e-02 1.079934814453125000e+03
4.035890173912048340e+01 1.899999999999999911e+00 2.999999932944774628e-02 9.000549316406250000e+02
4.045290374755859375e+01 1.860000000000000098e+00 2.999999932944774628e-02 8.100057373046875000e+02
4.055991029739379883e+01 1.879999999999999893e+00 2.999999932944774628e-02 8.998363647460937500e+02
4.065090966224670410e+01 1.850000000000000089e+00 2.999999932944774628e-02 8.100057373046875000e+02
4.074593734741210938e+01 1.889999999999999902e+00 2.999999932944774628e-02 8.100057373046875000e+02
4.085290956497192383e+01 1.879999999999999893e+00 2.999999932944774628e-02 8.100057373046875000e+02
4.094299793243408203e+01 1.889999999999999902e+00 2.999999932944774628e-02 7.200657958984375000e+02
4.106100130081176758e+01 1.870000000000000107e+00 2.999999932944774628e-02 9.000549316406250000e+02
4.114590978622436523e+01 1.840000000000000080e+00 2.999999932944774628e-02 1.169984008789062500e+03
4.125790739059448242e+01 1.770000000000000018e+00 2.999999932944774628e-02 1.350082397460937500e+03
4.135290241241455078e+01 1.870000000000000107e+00 2.999999932944774628e-02 1.169984008789062500e+03
4.146090197563171387e+01 1.870000000000000107e+00 2.999999932944774628e-02 9.899949340820312500e+02
4.154990339279174805e+01 1.899999999999999911e+00 2.999999932944774628e-02 9.900495605468750000e+02
4.164490842819213867e+01 1.899999999999999911e+00 2.999999932944774628e-02 9.000003051757812500e+02
4.175390577316284180e+01 1.830000000000000071e+00 2.999999932944774628e-02 9.899949340820312500e+02
4.184289288520812988e+01 1.840000000000000080e+00 2.999999932944774628e-02 9.899949340820312500e+02
4.195990419387817383e+01 1.850000000000000089e+00 2.999999932944774628e-02 9.000003051757812500e+02
4.204690313339233398e+01 1.860000000000000098e+00 2.999999932944774628e-02 8.100057373046875000e+02
4.215790748596191406e+01 1.879999999999999893e+00 2.999999932944774628e-02 7.200111694335937500e+02
4.224890136718750000e+01 1.909999999999999920e+00 2.999999932944774628e-02 9.000003051757812500e+02
4.236090445518493652e+01 1.840000000000000080e+00 2.999999932944774628e-02 8.100057373046875000e+02
4.244990372657775879e+01 1.879999999999999893e+00 2.999999932944774628e-02 8.099920654296875000e+02
4.254090452194213867e+01 1.870000000000000107e+00 2.999999932944774628e-02 6.299960937500000000e+02
4.265790700912475586e+01 1.860000000000000098e+00 2.999999932944774628e-02 3.600000305175781250e+02
4.274290084838867188e+01 1.850000000000000089e+00 2.999999932944774628e-02 0.000000000000000000e+00
4.285591053962707520e+01 1.739999999999999991e+00 2.999999932944774628e-02 2.699990844726562500e+02
4.295101642608642578e+01 1.459999999999999964e+00 2.999999932944774628e-02 0.000000000000000000e+00
4.305799913406372070e+01 1.780000000000000027e+00 2.999999932944774628e-02 -5.399998168945312500e+02
4.314791917800903320e+01 3.910000000000000142e+00 2.999999932944774628e-02 -8.099989013671875000e+02
4.324290347099304199e+01 4.440000000000000391e+00 2.999999932944774628e-02 -1.439994995117187500e+03
4.335090541839599609e+01 4.730000000000000426e+00 2.999999932944774628e-02 -1.979989868164062500e+03
4.346190381050109863e+01 4.620000000000000107e+00 2.999999932944774628e-02 -1.620011474609375000e+03
4.355790281295776367e+01 4.410000000000000142e+00 2.999999932944774628e-02 -1.710006103515625000e+03
4.364399838447570801e+01 4.450000000000000178e+00 2.999999932944774628e-02 -1.889995361328125000e+03
4.375490236282348633e+01 4.540000000000000036e+00 2.999999932944774628e-02 -1.800000610351562500e+03
4.384997701644897461e+01 4.400000000000000355e+00 2.999999932944774628e-02 -1.620011474609375000e+03
4.395900392532348633e+01 4.379999999999999893e+00 2.999999932944774628e-02 -1.529962280273437500e+03
4.406999993324279785e+01 4.400000000000000355e+00 2.999999932944774628e-02 -1.620011474609375000e+03
4.416500377655029297e+01 4.450000000000000178e+00 2.999999932944774628e-02 -1.800000610351562500e+03
4.427400135993957520e+01 4.509999999999999787e+00 2.999999932944774628e-02 -1.889940673828125000e+03
4.436299586296081543e+01 4.419999999999999929e+00 2.999999932944774628e-02 -1.799891357421875000e+03
4.448000192642211914e+01 4.400000000000000355e+00 2.999999932944774628e-02 -1.620011474609375000e+03
4.456700062751770020e+01 4.410000000000000142e+00 2.999999932944774628e-02 -1.710060668945312500e+03
4.467790055274963379e+01 4.509999999999999787e+00 2.999999932944774628e-02 -1.620011474609375000e+03
4.476890254020690918e+01 4.440000000000000391e+00 2.999999932944774628e-02 -1.620011474609375000e+03
4.488192224502563477e+01 4.429999999999999716e+00 2.999999932944774628e-02 -1.620011474609375000e+03
4.496989822387695312e+01 4.440000000000000391e+00 2.999999932944774628e-02 -1.799891357421875000e+03
4.506090259552001953e+01 4.480000000000000426e+00 2.999999932944774628e-02 -1.980208496093750000e+03
4.517791080474853516e+01 4.450000000000000178e+00 2.999999932944774628e-02 -2.070039062500000000e+03
4.526290345191955566e+01 4.450000000000000178e+00 2.999999932944774628e-02 -2.160306884765625000e+03
4.537590503692626953e+01 4.400000000000000355e+00 2.999999932944774628e-02 -2.069820556640625000e+03
4.547090315818786621e+01 4.379999999999999893e+00 2.999999932944774628e-02 -2.070257568359375000e+03
4.557793450355529785e+01 4.320000000000000284e+00 2.999999932944774628e-02 -1.889722045898437500e+03
4.566790747642517090e+01 4.309999999999999609e+00 2.999999932944774628e-02 -1.620011474609375000e+03
4.576298880577087402e+01 4.349999999999999645e+00 2.999999932944774628e-02 -1.439913085937500000e+03
4.587100005149841309e+01 4.400000000000000355e+00 2.999999932944774628e-02 -1.529962280273437500e+03
4.595999717712402344e+01 4.480000000000000426e+00 2.999999932944774628e-02 -1.800109863281250000e+03
4.607799959182739258e+01 4.530000000000000249e+00 2.999999932944774628e-02 -2.069820556640625000e+03
4.616399884223937988e+01 4.480000000000000426e+00 2.999999932944774628e-02 -1.890159179687500000e+03
4.627490091323852539e+01 4.320000000000000284e+00 2.999999932944774628e-02 -1.800109863281250000e+03
4.636991214752197266e+01 4.339999999999999858e+00 2.999999932944774628e-02 -1.979771362304687500e+03
4.647890591621398926e+01 4.440000000000000391e+00 2.999999932944774628e-02 -1.980208496093750000e+03
4.656790447235107422e+01 4.389999999999999680e+00 2.999999932944774628e-02 -1.620011474609375000e+03
4.665889668464660645e+01 4.299999999999999822e+00 2.999999932944774628e-02 -1.080153442382812500e+03
4.677189612388610840e+01 4.320000000000000284e+00 2.999999932944774628e-02 -1.170202514648437500e+03
4.685990738868713379e+01 4.490000000000000213e+00 2.999999932944774628e-02 -8.100057373046875000e+02
4.697391176223754883e+01 4.480000000000000426e+00 2.999999932944774628e-02 0.000000000000000000e+00
4.706790924072265625e+01 2.589999999999999858e+00 2.999999932944774628e-02 0.000000000000000000e+00
4.717492747306823730e+01 2.399999999999999911e+00 2.999999932944774628e-02 9.901042480468750000e+02
4.726591324806213379e+01 1.800000000000000044e+00 2.999999932944774628e-02 2.070257568359375000e+03
4.736090207099914551e+01 1.570000000000000062e+00 2.999999932944774628e-02 2.430017089843750000e+03
4.746790194511413574e+01 1.790000000000000036e+00 2.999999932944774628e-02 2.159869628906250000e+03
4.758090424537658691e+01 1.929999999999999938e+00 2.999999932944774628e-02 1.709623535156250000e+03
4.767589926719665527e+01 1.989999999999999991e+00 2.999999932944774628e-02 1.710060668945312500e+03
4.776090335845947266e+01 1.909999999999999920e+00 2.999999932944774628e-02 1.620011474609375000e+03
4.787289667129516602e+01 1.919999999999999929e+00 2.999999932944774628e-02 1.440350219726562500e+03
4.796790289878845215e+01 1.919999999999999929e+00 2.999999932944774628e-02 1.349863891601562500e+03
4.807590508460998535e+01 1.919999999999999929e+00 2.999999932944774628e-02 1.529962280273437500e+03
4.816491222381591797e+01 1.850000000000000089e+00 2.999999932944774628e-02 1.889722045898437500e+03
4.828090405464172363e+01 1.780000000000000027e+00 2.999999932944774628e-02 2.069820556640625000e+03
4.836890673637390137e+01 1.840000000000000080e+00 2.999999932944774628e-02 1.800109863281250000e+03
4.847990417480468750e+01 1.959999999999999964e+00 2.999999932944774628e-02 1.529962280273437500e+03
4.857491016387939453e+01 1.929999999999999938e+00 2.999999932944774628e-02 1.439913085937500000e+03
4.866190552711486816e+01 1.909999999999999920e+00 2.999999932944774628e-02 1.529962280273437500e+03
4.877289915084838867e+01 1.899999999999999911e+00 2.999999932944774628e-02 1.620011474609375000e+03
4.886389803886413574e+01 1.860000000000000098e+00 2.999999932944774628e-02 1.620011474609375000e+03
4.897689962387084961e+01 1.860000000000000098e+00 2.999999932944774628e-02 1.620011474609375000e+03
4.906491994857788086e+01 1.870000000000000107e+00 2.999999932944774628e-02 1.529962280273437500e+03
4.917890501022338867e+01 1.889999999999999902e+00 2.999999932944774628e-02 1.620011474609375000e+03
4.927290487289428711e+01 1.889999999999999902e+00 2.999999932944774628e-02 1.529962280273437500e+03
4.937991094589233398e+01 1.860000000000000098e+00 2.999999932944774628e-02 1.889940673828125000e+03
4.947090291976928711e+01 1.810000000000000053e+00 2.999999932944774628e-02 2.070039062500000000e+03
4.956590747833251953e+01 1.870000000000000107e+00 2.999999932944774628e-02 2.339968017578125000e+03
4.967290830612182617e+01 1.830000000000000071e+00 2.999999932944774628e-02 2.339968017578125000e+03
4.976290965080261230e+01 1.879999999999999893e+00 2.999999932944774628e-02 2.339968017578125000e+03
4.988100910186767578e+01 1.879999999999999893e+00 2.999999932944774628e-02 2.340077148437500000e+03
4.996591234207153320e+01 1.919999999999999929e+00 2.999999932944774628e-02 2.159979003906250000e+03
5.007794237136840820e+01 1.909999999999999920e+00 2.999999932944774628e-02 1.980099121093750000e+03
5.017290782928466797e+01 1.909999999999999920e+00 2.999999932944774628e-02 1.709951416015625000e+03
5.028090858459472656e+01 1.949999999999999956e+00 2.999999932944774628e-02 1.620011474609375000e+03
5.036992835998535156e+01 1.919999999999999929e+00 2.999999932944774628e-02 1.439967651367187500e+03
5.046493649482727051e+01 1.899999999999999911e+00 2.999999932944774628e-02 1.440022338867187500e+03
5.057394623756408691e+01 1.860000000000000098e+00 2.999999932944774628e-02 1.260005859375000000e+03
5.066290807723999023e+01 1.959999999999999964e+00 2.999999932944774628e-02 1.169984008789062500e+03
5.077991557121276855e+01 1.889999999999999902e+00 2.999999932944774628e-02 1.169997680664062500e+03
5.086690211296081543e+01 1.870000000000000107e+00 2.999999932944774628e-02 8.999998779296875000e+02
5.097790217399597168e+01 1.899999999999999911e+00 2.999999932944774628e-02 0.000000000000000000e+00
5.106890392303466797e+01 1.800000000000000044e+00 2.999999932944774628e-02 0.000000000000000000e+00
5.118191266059875488e+01 1.520000000000000018e+00 2.999999932944774628e-02 0.000000000000000000e+00
5.126990818977355957e+01 1.570000000000000062e+00 2.999999932944774628e-02 0.000000000000000000e+00
5.136091232299804688e+01 1.860000000000000098e+00 2.999999932944774628e-02 0.000000000000000000e+00
5.147799730300903320e+01 1.929999999999999938e+00 2.999999932944774628e-02 0.000000000000000000e+00
5.156291723251342773e+01 1.899999999999999911e+00 2.999999932944774628e-02 0.000000000000000000e+00
5.167590498924255371e+01 1.870000000000000107e+00 2.999999932944774628e-02 0.000000000000000000e+00
5.177089476585388184e+01 1.850000000000000089e+00 2.999999932944774628e-02 0.000000000000000000e+00
5.187790346145629883e+01 1.820000000000000062e+00 2.999999932944774628e-02 0.000000000000000000e+00
5.196795511245727539e+01 1.800000000000000044e+00 2.999999932944774628e-02 0.000000000000000000e+00
5.206289482116699219e+01 1.790000000000000036e+00 2.999999932944774628e-02 0.000000000000000000e+00
5.217090272903442383e+01 1.770000000000000018e+00 2.999999932944774628e-02 0.000000000000000000e+00
5.225990271568298340e+01 1.760000000000000009e+00 2.999999932944774628e-02 0.000000000000000000e+00
5.237792992591857910e+01 1.750000000000000000e+00 2.999999932944774628e-02 0.000000000000000000e+00
5.246390867233276367e+01 1.739999999999999991e+00 2.999999932944774628e-02 0.000000000000000000e+00
