6.999874114990234375e-02 6.999999999999999556e-01 1.200000010430812836e-02 0.000000000000000000e+00
1.639947891235351562e-01 6.999999999999999556e-01 1.200000010430812836e-02 0.000000000000000000e+00
2.539937496185302734e-01 6.999999999999999556e-01 1.200000010430812836e-02 0.000000000000000000e+00
3.609962463378906250e-01 6.999999999999999556e-01 1.200000010430812836e-02 0.000000000000000000e+00
4.559965133666992188e-01 6.999999999999999556e-01 1.200000010430812836e-02 0.000000000000000000e+00
5.689961910247802734e-01 6.999999999999999556e-01 1.200000010430812836e-02 0.000000000000000000e+00
6.539962291717529297e-01 6.999999999999999556e-01 1.200000010430812836e-02 0.000000000000000000e+00
7.450120449066162109e-01 6.999999999999999556e-01 1.200000010430812836e-02 0.000000000000000000e+00
8.619971275329589844e-01 6.999999999999999556e-01 1.200000010430812836e-02 0.000000000000000000e+00
9.689962863922119141e-01 6.999999999999999556e-01 1.200000010430812836e-02 0.000000000000000000e+00
1.059994459152221680e+00 6.899999999999999467e-01 1.200000010430812836e-02 0.000000000000000000e+00
1.153995752334594727e+00 6.899999999999999467e-01 1.200000010430812836e-02 0.000000000000000000e+00
1.261994123458862305e+00 6.899999999999999467e-01 1.200000010430812836e-02 0.000000000000000000e+00
1.351995706558227539e+00 6.800000000000000488e-01 1.200000010430812836e-02 0.000000000000000000e+00
1.468995571136474609e+00 6.700000000000000400e-01 1.200000010430812836e-02 0.000000000000000000e+00
1.555013418197631836e+00 6.700000000000000400e-01 1.200000010430812836e-02 0.000000000000000000e+00
1.666999578475952148e+00 6.600000000000000311e-01 1.200000010430812836e-02 0.000000000000000000e+00
1.761995553970336914e+00 6.600000000000000311e-01 1.200000010430812836e-02 0.000000000000000000e+00
1.865002632141113281e+00 6.700000000000000400e-01 1.200000010430812836e-02 0.000000000000000000e+00
1.958996057510375977e+00 6.500000000000000222e-01 1.200000010430812836e-02 0.000000000000000000e+00
2.053997755050659180e+00 6.500000000000000222e-01 1.200000010430812836e-02 0.000000000000000000e+00
2.166000604629516602e+00 6.600000000000000311e-01 1.200000010430812836e-02 0.000000000000000000e+00
2.250994920730590820e+00 6.700000000000000400e-01 1.200000010430812836e-02 0.000000000000000000e+00
2.368998289108276367e+00 7.099999999999999645e-01 1.200000010430812836e-02 0.000000000000000000e+00
2.458994865417480469e+00 8.399999999999999689e-01 1.200000010430812836e-02 0.000000000000000000e+00
2.565997600555419922e+00 1.209999999999999964e+00 1.200000010430812836e-02 0.000000000000000000e+00
2.660997629165649414e+00 1.239999999999999991e+00 1.200000010430812836e-02 0.000000000000000000e+00
2.752005815505981445e+00 1.310000000000000053e+00 1.200000010430812836e-02 0.000000000000000000e+00
2.858994245529174805e+00 1.429999999999999938e+00 1.200000010430812836e-02 0.000000000000000000e+00
2.949998378753662109e+00 1.370000000000000107e+00 1.200000010430812836e-02 0.000000000000000000e+00
3.066997528076171875e+00 1.399999999999999911e+00 1.200000010430812836e-02 0.000000000000000000e+00
3.151997089385986328e+00 1.409999999999999920e+00 1.200000010430812836e-02 0.000000000000000000e+00
3.264999151229858398e+00 1.250000000000000000e+00 1.200000010430812836e-02 0.000000000000000000e+00
3.358995437622070312e+00 1.239999999999999991e+00 1.200000010430812836e-02 0.000000000000000000e+00
3.466995000839233398e+00 1.290000000000000036e+00 1.200000010430812836e-02 0.000000000000000000e+00
3.556997776031494141e+00 1.250000000000000000e+00 1.200000010430812836e-02 0.000000000000000000e+00
3.652001619338989258e+00 1.199999999999999956e+00 1.200000010430812836e-02 0.000000000000000000e+00
3.759994983673095703e+00 1.209999999999999964e+00 1.200000010430812836e-02 0.000000000000000000e+00
3.848995447158813477e+00 1.209999999999999964e+00 1.200000010430812836e-02 0.000000000000000000e+00
3.966997623443603516e+00 1.250000000000000000e+00 1.200000010430812836e-02 0.000000000000000000e+00
4.055996894836425781e+00 1.370000000000000107e+00 1.200000010430812836e-02 0.000000000000000000e+00
4.163996696472167969e+00 1.879999999999999893e+00 1.200000010430812836e-02 0.000000000000000000e+00
4.258993625640869141e+00 1.669999999999999929e+00 1.200000010430812836e-02 0.000000000000000000e+00
4.348998308181762695e+00 1.050000000000000044e+00 1.200000010430812836e-02 0.000000000000000000e+00
4.455996513366699219e+00 7.299999999999999822e-01 1.200000010430812836e-02 0.000000000000000000e+00
4.550996780395507812e+00 6.999999999999999556e-01 1.200000010430812836e-02 0.000000000000000000e+00
4.663995265960693359e+00 7.399999999999999911e-01 1.200000010430812836e-02 0.000000000000000000e+00
4.748997449874877930e+00 7.199999999999999734e-01 1.200000010430812836e-02 0.000000000000000000e+00
4.865998268127441406e+00 6.800000000000000488e-01 1.200000010430812836e-02 0.000000000000000000e+00
4.956995964050292969e+00 6.700000000000000400e-01 1.200000010430812836e-02 0.000000000000000000e+00
5.063997268676757812e+00 6.700000000000000400e-01 1.200000010430812836e-02 0.000000000000000000e+00
5.155001640319824219e+00 6.700000000000000400e-01 1.200000010430812836e-02 0.000000000000000000e+00
5.249039173126220703e+00 6.700000000000000400e-01 1.200000010430812836e-02 0.000000000000000000e+00
5.357002735137939453e+00 6.700000000000000400e-01 1.200000010430812836e-02 0.000000000000000000e+00
5.468994855880737305e+00 6.700000000000000400e-01 1.200000010430812836e-02 0.000000000000000000e+00
5.563995838165283203e+00 6.700000000000000400e-01 1.200000010430812836e-02 0.000000000000000000e+00
5.649995088577270508e+00 6.700000000000000400e-01 1.200000010430812836e-02 0.000000000000000000e+00
5.761994600296020508e+00 6.700000000000000400e-01 1.200000010430812836e-02 0.000000000000000000e+00
5.856997489929199219e+00 6.700000000000000400e-01 1.200000010430812836e-02 0.000000000000000000e+00
5.965000152587890625e+00 6.899999999999999467e-01 1.200000010430812836e-02 0.000000000000000000e+00
6.053994655609130859e+00 8.699999999999999956e-01 1.200000010430812836e-02 0.000000000000000000e+00
6.148998260498046875e+00 7.399999999999999911e-01 1.200000010430812836e-02 0.000000000000000000e+00
6.260997295379638672e+00 6.899999999999999467e-01 1.200000010430812836e-02 0.000000000000000000e+00
6.368999481201171875e+00 7.199999999999999734e-01 1.200000010430812836e-02 0.000000000000000000e+00
6.463995695114135742e+00 1.169999999999999929e+00 1.200000010430812836e-02 0.000000000000000000e+00
6.553994894027709961e+00 1.790000000000000036e+00 1.200000010430812836e-02 0.000000000000000000e+00
6.660993814468383789e+00 2.049999999999999822e+00 1.200000010430812836e-02 0.000000000000000000e+00
6.755998849868774414e+00 2.009999999999999787e+00 1.200000010430812836e-02 0.000000000000000000e+00
6.868999004364013672e+00 2.370000000000000107e+00 1.200000010430812836e-02 -9.000139617919921875e+01
6.953994512557983398e+00 2.520000000000000018e+00 1.200000010430812836e-02 0.000000000000000000e+00
7.045003652572631836e+00 2.750000000000000000e+00 1.499999966472387314e-02 -7.200043334960937500e+02
7.161996364593505859e+00 2.950000000000000178e+00 1.499999966472387314e-02 -1.169997680664062500e+03
7.269086122512817383e+00 2.839999999999999858e+00 1.499999966472387314e-02 -1.889995361328125000e+03
7.359996318817138672e+00 2.870000000000000107e+00 1.499999966472387314e-02 -2.520011718750000000e+03
7.454088211059570312e+00 2.879999999999999893e+00 1.499999966472387314e-02 -2.610006347656250000e+03
7.562005519866943359e+00 2.879999999999999893e+00 1.499999966472387314e-02 -2.969984619140625000e+03
7.652091979980468750e+00 2.879999999999999893e+00 1.499999966472387314e-02 -2.969984619140625000e+03
7.768996953964233398e+00 2.879999999999999893e+00 1.499999966472387314e-02 -3.060033691406250000e+03
7.855018854141235352e+00 2.910000000000000142e+00 1.499999966472387314e-02 -3.060143066406250000e+03
7.966998577117919922e+00 2.839999999999999858e+00 1.499999966472387314e-02 -2.880044677734375000e+03
8.061999082565307617e+00 2.830000000000000071e+00 1.499999966472387314e-02 -2.880044677734375000e+03
8.165038108825683594e+00 2.810000000000000053e+00 1.499999966472387314e-02 -2.789995361328125000e+03
8.258996009826660156e+00 2.879999999999999893e+00 1.499999966472387314e-02 -2.789995361328125000e+03
8.353999614715576172e+00 2.910000000000000142e+00 1.499999966472387314e-02 -2.970093994140625000e+03
8.465997457504272461e+00 2.870000000000000107e+00 1.499999966472387314e-02 -3.059924560546875000e+03
8.551082611083984375e+00 2.830000000000000071e+00 1.499999966472387314e-02 -2.969875244140625000e+03
8.669087648391723633e+00 2.830000000000000071e+00 1.499999966472387314e-02 -2.790214111328125000e+03
8.759090423583984375e+00 2.810000000000000053e+00 1.499999966472387314e-02 -2.610115478515625000e+03
8.866095066070556641e+00 2.750000000000000000e+00 1.499999966472387314e-02 -2.159869628906250000e+03
8.960997819900512695e+00 2.660000000000000142e+00 1.499999966472387314e-02 -1.349863891601562500e+03
9.051997661590576172e+00 2.459999999999999964e+00 1.499999966472387314e-02 0.000000000000000000e+00
9.158999919891357422e+00 1.909999999999999920e+00 1.499999966472387314e-02 0.000000000000000000e+00
9.250094175338745117e+00 1.340000000000000080e+00 1.499999966472387314e-02 0.000000000000000000e+00
9.367091417312622070e+00 9.799999999999999822e-01 1.499999966472387314e-02 8.961207580566406250e+01
9.452092885971069336e+00 1.010000000000000009e+00 4.500000178813934326e-02 2.430017089843750000e+03
9.564999818801879883e+00 2.459999999999999964e+00 4.500000178813934326e-02 5.220230957031250000e+03
9.658994674682617188e+00 2.819999999999999840e+00 4.500000178813934326e-02 5.850138671875000000e+03
9.766995429992675781e+00 3.310000000000000053e+00 4.500000178813934326e-02 4.679936035156250000e+03
9.857001066207885742e+00 3.490000000000000213e+00 4.500000178813934326e-02 3.690050781250000000e+03
9.951995372772216797e+00 3.450000000000000178e+00 4.500000178813934326e-02 2.880044677734375000e+03
1.005999541282653809e+01 3.310000000000000053e+00 4.500000178813934326e-02 2.700164794921875000e+03
1.014899659156799316e+01 3.200000000000000178e+00 4.500000178813934326e-02 2.699946289062500000e+03
1.026699924468994141e+01 3.189999999999999947e+00 4.500000178813934326e-02 2.789995361328125000e+03
1.035600185394287109e+01 3.209999999999999964e+00 4.500000178813934326e-02 2.789995361328125000e+03
1.046399569511413574e+01 3.259999999999999787e+00 4.500000178813934326e-02 2.520066406250000000e+03
1.055900859832763672e+01 3.270000000000000018e+00 4.500000178813934326e-02 2.159979003906250000e+03
1.064899849891662598e+01 3.220000000000000195e+00 4.500000178813934326e-02 1.800000610351562500e+03
1.075600242614746094e+01 3.240000000000000213e+00 4.500000178813934326e-02 1.439967651367187500e+03
1.085108113288879395e+01 3.250000000000000000e+00 4.500000178813934326e-02 9.000003051757812500e+02
1.096399474143981934e+01 3.379999999999999893e+00 1.200000010430812836e-02 -1.799891357421875000e+02
1.104900503158569336e+01 2.959999999999999964e+00 1.499999966472387314e-02 -7.200111694335937500e+02
1.116600608825683594e+01 2.970000000000000195e+00 1.499999966472387314e-02 -1.530016845703125000e+03
1.125700664520263672e+01 2.879999999999999893e+00 1.499999966472387314e-02 -1.889995361328125000e+03
1.136399912834167480e+01 2.770000000000000018e+00 1.499999966472387314e-02 -2.339968017578125000e+03
1.145500683784484863e+01 2.729999999999999982e+00 1.499999966472387314e-02 -2.430017089843750000e+03
1.154899978637695312e+01 2.810000000000000053e+00 1.499999966472387314e-02 -2.430017089843750000e+03
1.165699958801269531e+01 2.910000000000000142e+00 1.499999966472387314e-02 -2.610115478515625000e+03
1.174700069427490234e+01 2.919999999999999929e+00 1.499999966472387314e-02 -2.520066406250000000e+03
1.186399602890014648e+01 2.850000000000000089e+00 1.499999966472387314e-02 -2.520066406250000000e+03
1.194999694824218750e+01 2.899999999999999911e+00 1.499999966472387314e-02 -2.520066406250000000e+03
1.206199574470520020e+01 2.839999999999999858e+00 1.499999966472387314e-02 -2.520066406250000000e+03
1.215700364112854004e+01 2.879999999999999893e+00 1.499999966472387314e-02 -2.520066406250000000e+03
1.226505517959594727e+01 2.950000000000000178e+00 1.499999966472387314e-02 -2.699946289062500000e+03
1.235399580001831055e+01 2.890000000000000124e+00 1.499999966472387314e-02 -2.610115478515625000e+03
1.244909048080444336e+01 2.819999999999999840e+00 1.499999966472387314e-02 -2.430017089843750000e+03
1.256108927726745605e+01 2.799999999999999822e+00 1.499999966472387314e-02 -2.159869628906250000e+03
1.266907477378845215e+01 2.779999999999999805e+00 1.499999966472387314e-02 -1.800109863281250000e+03
1.276408982276916504e+01 2.779999999999999805e+00 1.499999966472387314e-02 -1.620011474609375000e+03
1.285409307479858398e+01 2.810000000000000053e+00 1.499999966472387314e-02 -1.529962280273437500e+03
1.296108984947204590e+01 2.919999999999999929e+00 1.499999966472387314e-02 -1.890159179687500000e+03
1.305608701705932617e+01 2.839999999999999858e+00 1.499999966472387314e-02 -1.710060668945312500e+03
1.316908574104309082e+01 2.770000000000000018e+00 1.499999966472387314e-02 -1.259814575195312500e+03
1.325410127639770508e+01 2.709999999999999964e+00 1.499999966472387314e-02 -3.601968383789062500e+02
1.334509229660034180e+01 2.529999999999999805e+00 1.300000026822090149e-02 0.000000000000000000e+00
1.346209287643432617e+01 2.209999999999999964e+00 1.300000026822090149e-02 0.000000000000000000e+00
1.356907606124877930e+01 1.709999999999999964e+00 1.300000026822090149e-02 0.000000000000000000e+00
1.366008949279785156e+01 1.340000000000000080e+00 1.300000026822090149e-02 0.000000000000000000e+00
1.375409364700317383e+01 1.070000000000000062e+00 1.300000026822090149e-02 0.000000000000000000e+00
1.386209392547607422e+01 6.800000000000000488e-01 1.200000010430812836e-02 0.000000000000000000e+00
1.395199608802795410e+01 3.099999999999999978e-01 4.500000178813934326e-02 7.199565429687500000e+02
1.406899881362915039e+01 1.729999999999999982e+00 4.500000178813934326e-02 3.779881347656250000e+03
1.415502452850341797e+01 3.080000000000000071e+00 4.500000178813934326e-02 3.779881347656250000e+03
1.426699519157409668e+01 3.240000000000000213e+00 4.500000178813934326e-02 3.149973632812500000e+03
1.436199998855590820e+01 3.290000000000000036e+00 4.500000178813934326e-02 2.610115478515625000e+03
1.446999931335449219e+01 3.379999999999999893e+00 4.500000178813934326e-02 1.800109863281250000e+03
1.458199644088745117e+01 3.240000000000000213e+00 4.500000178813934326e-02 1.710060668945312500e+03
1.467709302902221680e+01 3.189999999999999947e+00 4.500000178813934326e-02 1.620011474609375000e+03
1.478508424758911133e+01 3.189999999999999947e+00 4.500000178813934326e-02 1.620011474609375000e+03
1.487399744987487793e+01 3.189999999999999947e+00 4.500000178813934326e-02 1.710060668945312500e+03
1.496899986267089844e+01 3.169999999999999929e+00 4.500000178813934326e-02 1.889940673828125000e+03
1.508099675178527832e+01 3.259999999999999787e+00 4.500000178813934326e-02 1.709842163085937500e+03
1.518899655342102051e+01 3.189999999999999947e+00 4.500000178813934326e-02 1.800109863281250000e+03
1.528399515151977539e+01 3.189999999999999947e+00 4.500000178813934326e-02 1.889940673828125000e+03
1.537399840354919434e+01 3.160000000000000142e+00 4.500000178813934326e-02 1.979989868164062500e+03
1.548108768463134766e+01 3.200000000000000178e+00 4.500000178813934326e-02 1.889940673828125000e+03
1.557600355148315430e+01 3.189999999999999947e+00 4.500000178813934326e-02 1.890049926757812500e+03
1.568900156021118164e+01 3.259999999999999787e+00 4.500000178813934326e-02 1.620011474609375000e+03
1.577408790588378906e+01 3.250000000000000000e+00 4.500000178813934326e-02 1.440022338867187500e+03
1.586509680747985840e+01 3.189999999999999947e+00 4.500000178813934326e-02 1.440022338867187500e+03
1.598209095001220703e+01 3.189999999999999947e+00 4.500000178813934326e-02 1.169984008789062500e+03
1.608808898925781250e+01 3.149999999999999911e+00 4.500000178813934326e-02 1.079934814453125000e+03
1.618008494377136230e+01 3.160000000000000142e+00 4.500000178813934326e-02 7.199565429687500000e+02
1.627399468421936035e+01 3.189999999999999947e+00 4.500000178813934326e-02 4.500274658203125000e+02
1.638208913803100586e+01 3.180000000000000160e+00 1.400000043213367462e-02 -2.699837036132812500e+02
1.647199463844299316e+01 2.870000000000000107e+00 1.499999966472387314e-02 -6.299619750976562500e+02
1.658301258087158203e+01 2.939999999999999947e+00 1.499999966472387314e-02 -1.530071533203125000e+03
1.667508077621459961e+01 2.870000000000000107e+00 1.499999966472387314e-02 -1.979989868164062500e+03
1.678709363937377930e+01 2.810000000000000053e+00 1.499999966472387314e-02 -2.430017089843750000e+03
1.688208341598510742e+01 2.750000000000000000e+00 1.499999966472387314e-02 -2.430017089843750000e+03
1.697109031677246094e+01 2.919999999999999929e+00 1.499999966472387314e-02 -2.519847900390625000e+03
1.707899689674377441e+01 2.919999999999999929e+00 1.499999966472387314e-02 -2.249918945312500000e+03
1.717400217056274414e+01 2.859999999999999876e+00 1.499999966472387314e-02 -2.430017089843750000e+03
1.728600025177001953e+01 2.879999999999999893e+00 1.499999966472387314e-02 -2.519847900390625000e+03
1.737099504470825195e+01 2.850000000000000089e+00 1.499999966472387314e-02 -2.340186523437500000e+03
1.748799657821655273e+01 2.899999999999999911e+00 1.499999966472387314e-02 -2.430017089843750000e+03
1.757899737358093262e+01 2.939999999999999947e+00 1.499999966472387314e-02 -2.610115478515625000e+03
1.768599987030029297e+01 2.919999999999999929e+00 1.499999966472387314e-02 -2.699946289062500000e+03
1.778108787536621094e+01 2.899999999999999911e+00 1.499999966472387314e-02 -2.699727783203125000e+03
1.787208962440490723e+01 2.839999999999999858e+00 1.499999966472387314e-02 -2.520066406250000000e+03
1.797900938987731934e+01 2.779999999999999805e+00 1.499999966472387314e-02 -2.249918945312500000e+03
1.806999516487121582e+01 2.790000000000000036e+00 1.499999966472387314e-02 -1.799672729492187500e+03
1.818699622154235840e+01 2.740000000000000213e+00 1.499999966472387314e-02 -1.439913085937500000e+03
1.827199625968933105e+01 2.819999999999999840e+00 1.499999966472387314e-02 -1.169765380859375000e+03
1.838501095771789551e+01 2.819999999999999840e+00 1.499999966472387314e-02 -1.079716308593750000e+03
1.847900986671447754e+01 2.819999999999999840e+00 1.499999966472387314e-02 -9.901042480468750000e+02
1.858701372146606445e+01 2.799999999999999822e+00 1.499999966472387314e-02 -1.796612854003906250e+02
1.867699980735778809e+01 2.450000000000000178e+00 1.300000026822090149e-02 0.000000000000000000e+00
1.877199816703796387e+01 1.790000000000000036e+00 1.300000026822090149e-02 0.000000000000000000e+00
1.887999749183654785e+01 1.459999999999999964e+00 1.300000026822090149e-02 0.000000000000000000e+00
1.896899700164794922e+01 1.330000000000000071e+00 1.300000026822090149e-02 0.000000000000000000e+00
1.908699607849121094e+01 1.169999999999999929e+00 1.200000010430812836e-02 0.000000000000000000e+00
1.917600131034851074e+01 8.000000000000000444e-01 1.200000010430812836e-02 0.000000000000000000e+00
1.928399586677551270e+01 4.699999999999999734e-01 1.200000010430812836e-02 0.000000000000000000e+00
1.937899637222290039e+01 3.200000000000000067e-01 1.200000010430812836e-02 9.004920959472656250e+01
1.946899938583374023e+01 1.219999999999999973e+00 4.500000178813934326e-02 4.140078125000000000e+03
1.957599878311157227e+01 2.600000000000000089e+00 4.500000178813934326e-02 5.760089355468750000e+03
1.967099618911743164e+01 2.979999999999999982e+00 4.500000178813934326e-02 6.119849121093750000e+03
1.978399682044982910e+01 3.520000000000000018e+00 4.500000178813934326e-02 3.869930664062500000e+03
1.986899900436401367e+01 3.620000000000000107e+00 4.500000178813934326e-02 2.430017089843750000e+03
1.998599863052368164e+01 3.419999999999999929e+00 4.500000178813934326e-02 1.889940673828125000e+03
2.007699704170227051e+01 3.209999999999999964e+00 4.500000178813934326e-02 1.889940673828125000e+03
2.018399643898010254e+01 3.180000000000000160e+00 4.500000178813934326e-02 2.069820556640625000e+03
2.027501773834228516e+01 3.129999999999999893e+00 4.500000178813934326e-02 2.159869628906250000e+03
2.036901116371154785e+01 3.180000000000000160e+00 4.500000178813934326e-02 2.249918945312500000e+03
2.047699570655822754e+01 3.240000000000000213e+00 4.500000178813934326e-02 1.800000610351562500e+03
2.058902359008789062e+01 3.259999999999999787e+00 4.500000178813934326e-02 1.350082397460937500e+03
2.068399715423583984e+01 3.310000000000000053e+00 4.500000178813934326e-02 6.299072875976562500e+02
2.076999807357788086e+01 3.240000000000000213e+00 4.500000178813934326e-02 5.400767211914062500e+02
2.088199901580810547e+01 3.129999999999999893e+00 4.500000178813934326e-02 6.300166015625000000e+02
2.097699904441833496e+01 3.060000000000000053e+00 4.500000178813934326e-02 1.169984008789062500e+03
2.108503198623657227e+01 3.069999999999999840e+00 4.500000178813934326e-02 1.529962280273437500e+03
2.117399382591247559e+01 3.129999999999999893e+00 4.500000178813934326e-02 1.350082397460937500e+03
2.126899790763854980e+01 3.200000000000000178e+00 4.500000178813934326e-02 1.170038574218750000e+03
2.138100075721740723e+01 3.180000000000000160e+00 4.500000178813934326e-02 7.200111694335937500e+02
2.148900246620178223e+01 3.160000000000000142e+00 4.500000178813934326e-02 8.100057373046875000e+02
2.158399438858032227e+01 3.120000000000000107e+00 4.500000178813934326e-02 2.700383605957031250e+02
2.167410874366760254e+01 3.120000000000000107e+00 1.499999966472387314e-02 -6.300166015625000000e+02
2.178099608421325684e+01 2.970000000000000195e+00 1.499999966472387314e-02 -9.000003051757812500e+02
2.187600135803222656e+01 2.750000000000000000e+00 1.499999966472387314e-02 -5.400220947265625000e+02
2.198899674415588379e+01 2.879999999999999893e+00 1.499999966472387314e-02 -9.899949340820312500e+02
2.207399439811706543e+01 2.950000000000000178e+00 1.499999966472387314e-02 -1.620011474609375000e+03
2.216510295867919922e+01 2.759999999999999787e+00 1.499999966472387314e-02 -1.800000610351562500e+03
2.228208875656127930e+01 2.750000000000000000e+00 1.499999966472387314e-02 -2.069929687500000000e+03
2.238901662826538086e+01 2.720000000000000195e+00 1.499999966472387314e-02 -2.430017089843750000e+03
2.247999668121337891e+01 2.750000000000000000e+00 1.499999966472387314e-02 -2.430017089843750000e+03
2.257399988174438477e+01 2.779999999999999805e+00 1.499999966472387314e-02 -2.070039062500000000e+03
2.268199515342712402e+01 2.799999999999999822e+00 1.499999966472387314e-02 -1.709842163085937500e+03
2.277199888229370117e+01 2.879999999999999893e+00 1.499999966472387314e-02 -1.889940673828125000e+03
2.288799929618835449e+01 2.990000000000000213e+00 1.499999966472387314e-02 -1.979989868164062500e+03
2.297504067420959473e+01 2.850000000000000089e+00 1.499999966472387314e-02 -1.799891357421875000e+03
2.308700275421142578e+01 2.870000000000000107e+00 1.499999966472387314e-02 -1.979989868164062500e+03
2.318200349807739258e+01 2.979999999999999982e+00 1.499999966472387314e-02 -2.249918945312500000e+03
2.328899669647216797e+01 2.979999999999999982e+00 1.499999966472387314e-02 -2.249918945312500000e+03
2.337899518013000488e+01 2.859999999999999876e+00 1.499999966472387314e-02 -2.249918945312500000e+03
2.347399473190307617e+01 2.850000000000000089e+00 1.499999966472387314e-02 -2.159869628906250000e+03
2.358600044250488281e+01 2.910000000000000142e+00 1.499999966472387314e-02 -2.159869628906250000e+03
2.367100191116333008e+01 2.899999999999999911e+00 1.499999966472387314e-02 -2.250356201171875000e+03
2.378799533843994141e+01 2.939999999999999947e+00 1.499999966472387314e-02 -2.249918945312500000e+03
2.387899589538574219e+01 2.790000000000000036e+00 1.499999966472387314e-02 -2.159869628906250000e+03
2.398599958419799805e+01 2.850000000000000089e+00 1.499999966472387314e-02 -2.069820556640625000e+03
2.408100104331970215e+01 2.779999999999999805e+00 1.499999966472387314e-02 -1.620011474609375000e+03
2.417200112342834473e+01 2.770000000000000018e+00 1.499999966472387314e-02 -1.350301025390625000e+03
2.427899622917175293e+01 2.740000000000000213e+00 1.499999966472387314e-02 -7.199565429687500000e+02
2.437000894546508789e+01 2.490000000000000213e+00 1.300000026822090149e-02 0.000000000000000000e+00
2.448699712753295898e+01 2.080000000000000071e+00 1.300000026822090149e-02 0.000000000000000000e+00
2.457199597358703613e+01 1.229999999999999982e+00 1.300000026822090149e-02 0.000000000000000000e+00
2.468499994277954102e+01 6.999999999999999556e-01 1.300000026822090149e-02 1.800984191894531250e+02
2.477899909019470215e+01 1.129999999999999893e+00 4.500000178813934326e-02 4.050029052734375000e+03
2.488708138465881348e+01 2.750000000000000000e+00 4.500000178813934326e-02 4.230127441406250000e+03
2.497707939147949219e+01 3.310000000000000053e+00 4.500000178813934326e-02 3.510170654296875000e+03
2.507209038734436035e+01 3.359999999999999876e+00 4.500000178813934326e-02 2.790214111328125000e+03
2.518009305000305176e+01 3.149999999999999911e+00 4.500000178813934326e-02 3.330072265625000000e+03
2.526908898353576660e+01 3.180000000000000160e+00 4.500000178813934326e-02 3.149973632812500000e+03
2.538708782196044922e+01 3.319999999999999840e+00 4.500000178813934326e-02 2.520066406250000000e+03
2.547609114646911621e+01 3.180000000000000160e+00 4.500000178813934326e-02 2.699946289062500000e+03
2.558408951759338379e+01 3.250000000000000000e+00 4.500000178813934326e-02 2.520066406250000000e+03
2.567908787727355957e+01 3.240000000000000213e+00 4.500000178813934326e-02 2.430017089843750000e+03
2.576908898353576660e+01 3.149999999999999911e+00 4.500000178813934326e-02 2.609896972656250000e+03
2.587609100341796875e+01 3.200000000000000178e+00 4.500000178813934326e-02 2.609896972656250000e+03
2.597101259231567383e+01 3.189999999999999947e+00 4.500000178813934326e-02 2.429907958984375000e+03
2.608399629592895508e+01 3.259999999999999787e+00 4.500000178813934326e-02 2.069929687500000000e+03
2.616899657249450684e+01 3.259999999999999787e+00 4.500000178813934326e-02 1.979989868164062500e+03
2.628600263595581055e+01 3.259999999999999787e+00 4.500000178813934326e-02 1.349973144531250000e+03
2.637699723243713379e+01 3.189999999999999947e+00 4.500000178813934326e-02 1.169984008789062500e+03
2.648410558700561523e+01 3.189999999999999947e+00 4.500000178813934326e-02 7.200111694335937500e+02
2.657509446144104004e+01 3.180000000000000160e+00 4.500000178813934326e-02 4.499728393554687500e+02
2.666908979415893555e+01 3.209999999999999964e+00 1.499999966472387314e-02 -3.599782714843750000e+02
2.677700257301330566e+01 2.939999999999999947e+00 1.499999966472387314e-02 -9.000003051757812500e+02
2.688200378417968750e+01 3.000000000000000000e+00 1.499999966472387314e-02 -1.709951416015625000e+03
2.698399496078491211e+01 2.790000000000000036e+00 1.499999966472387314e-02 -2.070039062500000000e+03
2.706999707221984863e+01 2.709999999999999964e+00 1.499999966472387314e-02 -2.160088378906250000e+03
2.718199992179870605e+01 2.680000000000000160e+00 1.499999966472387314e-02 -2.430017089843750000e+03
2.727700972557067871e+01 2.700000000000000178e+00 1.499999966472387314e-02 -2.430017089843750000e+03
2.738502383232116699e+01 2.700000000000000178e+00 1.499999966472387314e-02 -2.430017089843750000e+03
2.747408890724182129e+01 2.629999999999999893e+00 1.499999966472387314e-02 -2.430017089843750000e+03
2.756899881362915039e+01 2.649999999999999911e+00 1.499999966472387314e-02 -2.250137451171875000e+03
2.768099832534790039e+01 2.689999999999999947e+00 1.499999966472387314e-02 -2.249918945312500000e+03
2.778899693489074707e+01 2.700000000000000178e+00 1.499999966472387314e-02 -2.430017089843750000e+03
2.788399600982666016e+01 2.750000000000000000e+00 1.499999966472387314e-02 -2.339968017578125000e+03
2.797399616241455078e+01 2.930000000000000160e+00 1.499999966472387314e-02 -2.430017089843750000e+03
2.808102273941040039e+01 2.870000000000000107e+00 1.499999966472387314e-02 -2.339968017578125000e+03
2.817603039741516113e+01 2.839999999999999858e+00 1.499999966472387314e-02 -2.249918945312500000e+03
2.828900241851806641e+01 2.910000000000000142e+00 1.499999966472387314e-02 -2.430017089843750000e+03
2.837400102615356445e+01 2.899999999999999911e+00 1.499999966472387314e-02 -2.610115478515625000e+03
2.846504592895507812e+01 2.819999999999999840e+00 1.499999966472387314e-02 -2.249918945312500000e+03
2.858199763298034668e+01 2.810000000000000053e+00 1.499999966472387314e-02 -2.069820556640625000e+03
2.868899703025817871e+01 2.779999999999999805e+00 1.499999966472387314e-02 -1.889722045898437500e+03
2.877999758720397949e+01 2.870000000000000107e+00 1.499999966472387314e-02 -1.800109863281250000e+03
2.887399601936340332e+01 2.810000000000000053e+00 1.499999966472387314e-02 -1.709623535156250000e+03
2.898210859298706055e+01 2.799999999999999822e+00 1.499999966472387314e-02 -1.529962280273437500e+03
2.907199811935424805e+01 2.890000000000000124e+00 1.499999966472387314e-02 -1.620011474609375000e+03
2.918899679183959961e+01 2.810000000000000053e+00 1.499999966472387314e-02 -9.000549316406250000e+02
2.927503108978271484e+01 2.680000000000000160e+00 1.499999966472387314e-02 0.000000000000000000e+00
2.938699531555175781e+01 2.490000000000000213e+00 1.499999966472387314e-02 0.000000000000000000e+00
2.948202276229858398e+01 1.969999999999999973e+00 1.499999966472387314e-02 0.000000000000000000e+00
2.958899569511413574e+01 1.219999999999999973e+00 1.499999966472387314e-02 0.000000000000000000e+00
2.967899560928344727e+01 7.299999999999999822e-01 4.500000178813934326e-02 1.170202514648437500e+03
2.977399754524230957e+01 1.870000000000000107e+00 4.500000178813934326e-02 3.420121337890625000e+03
2.988599824905395508e+01 3.259999999999999787e+00 4.500000178813934326e-02 2.520066406250000000e+03
2.997099614143371582e+01 3.180000000000000160e+00 4.500000178813934326e-02 3.059924560546875000e+03
3.008909153938293457e+01 2.959999999999999964e+00 4.500000178813934326e-02 3.599782714843750000e+03
3.017909097671508789e+01 3.209999999999999964e+00 4.500000178813934326e-02 3.240022949218750000e+03
3.028609251976013184e+01 3.180000000000000160e+00 4.500000178813934326e-02 3.330072265625000000e+03
3.038099789619445801e+01 3.189999999999999947e+00 4.500000178813934326e-02 3.149973632812500000e+03
3.047199487686157227e+01 3.250000000000000000e+00 4.500000178813934326e-02 3.149973632812500000e+03
3.057900118827819824e+01 3.189999999999999947e+00 4.500000178813934326e-02 3.150192382812500000e+03
3.066999721527099609e+01 3.169999999999999929e+00 4.500000178813934326e-02 3.149973632812500000e+03
3.078699398040771484e+01 3.220000000000000195e+00 4.500000178813934326e-02 3.149973632812500000e+03
3.087199711799621582e+01 3.140000000000000124e+00 4.500000178813934326e-02 3.600001220703125000e+03
3.098500227928161621e+01 3.169999999999999929e+00 4.500000178813934326e-02 3.690050781250000000e+03
3.107900238037109375e+01 3.180000000000000160e+00 4.500000178813934326e-02 3.509952148437500000e+03
3.118700766563415527e+01 3.240000000000000213e+00 4.500000178813934326e-02 3.240022949218750000e+03
3.127699804306030273e+01 3.209999999999999964e+00 4.500000178813934326e-02 2.879989990234375000e+03
3.137199759483337402e+01 3.250000000000000000e+00 4.500000178813934326e-02 2.339968017578125000e+03
3.147999668121337891e+01 3.259999999999999787e+00 4.500000178813934326e-02 2.160006347656250000e+03
3.156899428367614746e+01 3.189999999999999947e+00 4.500000178813934326e-02 1.980003417968750000e+03
3.168699598312377930e+01 4.129999999999999893e+00 1.200000010430812836e-02 0.000000000000000000e+00
3.177609038352966309e+01 2.439999999999999947e+00 1.200000010430812836e-02 0.000000000000000000e+00
3.188409018516540527e+01 1.919999999999999929e+00 1.200000010430812836e-02 0.000000000000000000e+00
3.197908854484558105e+01 1.699999999999999956e+00 1.200000010430812836e-02 0.000000000000000000e+00
3.209008955955505371e+01 1.639999999999999902e+00 1.200000010430812836e-02 0.000000000000000000e+00
3.217600011825561523e+01 1.620000000000000107e+00 1.200000010430812836e-02 0.000000000000000000e+00
3.227099728584289551e+01 1.600000000000000089e+00 1.200000010430812836e-02 0.000000000000000000e+00
3.238399934768676758e+01 1.580000000000000071e+00 1.200000010430812836e-02 0.000000000000000000e+00
3.246899628639221191e+01 1.560000000000000053e+00 1.200000010430812836e-02 0.000000000000000000e+00
3.258599901199340820e+01 1.550000000000000044e+00 1.200000010430812836e-02 0.000000000000000000e+00
3.267699933052062988e+01 1.530000000000000027e+00 1.200000010430812836e-02 0.000000000000000000e+00
3.278399610519409180e+01 1.520000000000000018e+00 1.200000010430812836e-02 0.000000000000000000e+00
3.287501549720764160e+01 1.510000000000000009e+00 1.200000010430812836e-02 0.000000000000000000e+00
3.296900749206542969e+01 1.500000000000000000e+00 1.200000010430812836e-02 0.000000000000000000e+00
3.307702255249023438e+01 1.489999999999999991e+00 1.200000010430812836e-02 0.000000000000000000e+00
3.317399692535400391e+01 1.489999999999999991e+00 1.200000010430812836e-02 0.000000000000000000e+00
3.328399419784545898e+01 1.479999999999999982e+00 1.200000010430812836e-02 0.000000000000000000e+00
3.336999583244323730e+01 1.469999999999999973e+00 1.200000010430812836e-02 0.000000000000000000e+00
3.348202180862426758e+01 1.469999999999999973e+00 1.200000010430812836e-02 0.000000000000000000e+00
3.357699775695800781e+01 1.459999999999999964e+00 1.200000010430812836e-02 0.000000000000000000e+00
3.368501472473144531e+01 1.449999999999999956e+00 1.200000010430812836e-02 0.000000000000000000e+00
3.377399778366088867e+01 1.449999999999999956e+00 1.200000010430812836e-02 0.000000000000000000e+00
3.386899709701538086e+01 1.439999999999999947e+00 1.200000010430812836e-02 0.000000000000000000e+00
3.398099493980407715e+01 1.439999999999999947e+00 1.200000010430812836e-02 0.000000000000000000e+00
3.408799481391906738e+01 1.429999999999999938e+00 1.200000010430812836e-02 0.000000000000000000e+00
3.418399715423583984e+01 1.429999999999999938e+00 1.200000010430812836e-02 0.000000000000000000e+00
3.427399826049804688e+01 1.419999999999999929e+00 1.200000010430812836e-02 0.000000000000000000e+00
3.438099575042724609e+01 1.419999999999999929e+00 1.200000010430812836e-02 0.000000000000000000e+00
3.447600054740905762e+01 1.409999999999999920e+00 1.200000010430812836e-02 0.000000000000000000e+00
3.458800911903381348e+01 1.409999999999999920e+00 1.200000010430812836e-02 0.000000000000000000e+00
3.467399549484252930e+01 1.399999999999999911e+00 1.200000010430812836e-02 0.000000000000000000e+00
3.476504302024841309e+01 1.399999999999999911e+00 1.200000010430812836e-02 0.000000000000000000e+00
3.488200402259826660e+01 1.399999999999999911e+00 1.200000010430812836e-02 0.000000000000000000e+00
3.498900556564331055e+01 1.389999999999999902e+00 1.200000010430812836e-02 0.000000000000000000e+00
3.508103227615356445e+01 1.389999999999999902e+00 1.200000010430812836e-02 0.000000000000000000e+00
3.517500042915344238e+01 1.389999999999999902e+00 1.200000010430812836e-02 0.000000000000000000e+00
3.528299975395202637e+01 1.379999999999999893e+00 1.200000010430812836e-02 0.000000000000000000e+00
3.537302803993225098e+01 1.379999999999999893e+00 1.200000010430812836e-02 0.000000000000000000e+00
3.546799945831298828e+01 1.379999999999999893e+00 1.200000010430812836e-02 0.000000000000000000e+00
3.557599830627441406e+01 1.370000000000000107e+00 1.200000010430812836e-02 0.000000000000000000e+00
3.568800234794616699e+01 1.370000000000000107e+00 1.200000010430812836e-02 0.000000000000000000e+00
