3.991603851318359375e-02 4.299999999999999822e+00 6.199999898672103882e-02 0.000000000000000000e+00
1.388635635375976562e-01 4.290000000000000036e+00 6.199999898672103882e-02 0.000000000000000000e+00
2.319214344024658203e-01 4.280000000000000249e+00 6.199999898672103882e-02 0.000000000000000000e+00
3.399281501770019531e-01 4.280000000000000249e+00 6.199999898672103882e-02 0.000000000000000000e+00
4.288651943206787109e-01 4.269999999999999574e+00 6.199999898672103882e-02 0.000000000000000000e+00
5.199112892150878906e-01 4.269999999999999574e+00 6.199999898672103882e-02 0.000000000000000000e+00
6.328637599945068359e-01 4.259999999999999787e+00 6.199999898672103882e-02 0.000000000000000000e+00
7.208645343780517578e-01 4.259999999999999787e+00 6.199999898672103882e-02 0.000000000000000000e+00
8.348662853240966797e-01 4.259999999999999787e+00 6.199999898672103882e-02 0.000000000000000000e+00
9.288661479949951172e-01 4.259999999999999787e+00 6.199999898672103882e-02 0.000000000000000000e+00
1.035917997360229492e+00 4.240000000000000213e+00 6.199999898672103882e-02 0.000000000000000000e+00
1.126864194869995117e+00 4.269999999999999574e+00 6.199999898672103882e-02 0.000000000000000000e+00
1.221866846084594727e+00 4.339999999999999858e+00 6.199999898672103882e-02 0.000000000000000000e+00
1.328863620758056641e+00 4.309999999999999609e+00 6.199999898672103882e-02 0.000000000000000000e+00
1.418866634368896484e+00 4.320000000000000284e+00 6.199999898672103882e-02 0.000000000000000000e+00
1.536868095397949219e+00 4.450000000000000178e+00 6.199999898672103882e-02 0.000000000000000000e+00
1.621864557266235352e+00 4.400000000000000355e+00 6.199999898672103882e-02 0.000000000000000000e+00
1.733867883682250977e+00 4.400000000000000355e+00 6.199999898672103882e-02 0.000000000000000000e+00
1.828864574432373047e+00 4.419999999999999929e+00 6.199999898672103882e-02 0.000000000000000000e+00
1.936868190765380859e+00 4.669999999999999929e+00 6.199999898672103882e-02 0.000000000000000000e+00
2.025865793228149414e+00 4.879999999999999893e+00 6.199999898672103882e-02 0.000000000000000000e+00
2.120866775512695312e+00 5.309999999999999609e+00 6.199999898672103882e-02 0.000000000000000000e+00
2.229865550994873047e+00 5.750000000000000000e+00 6.199999898672103882e-02 0.000000000000000000e+00
2.318866968154907227e+00 6.190000000000000391e+00 6.199999898672103882e-02 0.000000000000000000e+00
2.435920476913452148e+00 6.580000000000000071e+00 6.199999898672103882e-02 0.000000000000000000e+00
2.522866964340209961e+00 6.759999999999999787e+00 6.199999898672103882e-02 0.000000000000000000e+00
2.633866071701049805e+00 7.030000000000000249e+00 6.199999898672103882e-02 0.000000000000000000e+00
2.724865674972534180e+00 7.530000000000000249e+00 6.199999898672103882e-02 0.000000000000000000e+00
2.837866067886352539e+00 7.879999999999999893e+00 3.299999982118606567e-02 -6.300166015625000000e+02
2.925863265991210938e+00 5.790000000000000036e+00 3.299999982118606567e-02 -2.699837036132812500e+02
3.036876201629638672e+00 4.900000000000000355e+00 3.299999982118606567e-02 0.000000000000000000e+00
3.133863687515258789e+00 5.150000000000000355e+00 3.299999982118606567e-02 -2.699837036132812500e+02
3.225868225097656250e+00 5.099999999999999645e+00 3.299999982118606567e-02 -3.599782714843750000e+02
3.331911087036132812e+00 4.940000000000000391e+00 3.299999982118606567e-02 -1.799891357421875000e+02
3.426866531372070312e+00 5.049999999999999822e+00 3.299999982118606567e-02 -3.599782714843750000e+02
3.533864736557006836e+00 5.099999999999999645e+00 3.299999982118606567e-02 -3.600055847167968750e+02
3.623907327651977539e+00 5.070000000000000284e+00 3.299999982118606567e-02 -4.500001525878906250e+02
3.718863725662231445e+00 5.089999999999999858e+00 3.299999982118606567e-02 -4.500001525878906250e+02
3.826869010925292969e+00 5.049999999999999822e+00 3.299999982118606567e-02 -3.600055847167968750e+02
3.938864946365356445e+00 5.089999999999999858e+00 3.299999982118606567e-02 -5.400220947265625000e+02
4.033864021301269531e+00 5.080000000000000071e+00 3.299999982118606567e-02 -3.599919128417968750e+02
4.119922161102294922e+00 5.120000000000000107e+00 3.299999982118606567e-02 -3.600055847167968750e+02
4.230864524841308594e+00 5.150000000000000355e+00 3.299999982118606567e-02 -4.500001525878906250e+02
4.325888633728027344e+00 5.089999999999999858e+00 3.299999982118606567e-02 -2.699973754882812500e+02
4.434866428375244141e+00 5.240000000000000213e+00 3.299999982118606567e-02 -1.799993743896484375e+02
4.523915767669677734e+00 5.259999999999999787e+00 3.299999982118606567e-02 -3.599987487792968750e+02
4.631920576095581055e+00 5.150000000000000355e+00 3.299999982118606567e-02 -5.399998168945312500e+02
4.727913379669189453e+00 5.099999999999999645e+00 3.299999982118606567e-02 -5.400015869140625000e+02
4.838866233825683594e+00 5.049999999999999822e+00 3.299999982118606567e-02 -6.299892578125000000e+02
4.929867982864379883e+00 4.950000000000000178e+00 3.299999982118606567e-02 -6.300029296875000000e+02
5.023938417434692383e+00 4.929999999999999716e+00 3.299999982118606567e-02 -6.299892578125000000e+02
5.130867004394531250e+00 4.990000000000000213e+00 3.299999982118606567e-02 -4.500001525878906250e+02
5.221866130828857422e+00 4.950000000000000178e+00 3.299999982118606567e-02 -2.700110473632812500e+02
5.338864326477050781e+00 5.049999999999999822e+00 3.299999982118606567e-02 -2.700110473632812500e+02
5.423958778381347656e+00 5.040000000000000036e+00 3.299999982118606567e-02 -2.700110473632812500e+02
5.536872625350952148e+00 4.919999999999999929e+00 3.299999982118606567e-02 -2.700110473632812500e+02
5.631917476654052734e+00 4.929999999999999716e+00 3.299999982118606567e-02 -1.799891357421875000e+02
5.738863945007324219e+00 5.000000000000000000e+00 3.299999982118606567e-02 -2.700383605957031250e+02
5.828867912292480469e+00 5.009999999999999787e+00 3.299999982118606567e-02 -2.699837036132812500e+02
5.923912286758422852e+00 5.019999999999999574e+00 3.299999982118606567e-02 -1.799891357421875000e+02
6.031910657882690430e+00 5.009999999999999787e+00 3.299999982118606567e-02 -8.999456787109375000e+01
6.120867967605590820e+00 5.129999999999999893e+00 3.299999982118606567e-02 -1.799891357421875000e+02
6.238863945007324219e+00 5.080000000000000071e+00 3.299999982118606567e-02 -2.699837036132812500e+02
6.324867248535156250e+00 5.009999999999999787e+00 3.299999982118606567e-02 -2.699837036132812500e+02
6.435919046401977539e+00 4.929999999999999716e+00 3.299999982118606567e-02 -8.999456787109375000e+01
6.530868291854858398e+00 5.120000000000000107e+00 3.299999982118606567e-02 -1.799891357421875000e+02
6.624868869781494141e+00 5.150000000000000355e+00 3.299999982118606567e-02 -3.599782714843750000e+02
6.728865861892700195e+00 5.110000000000000320e+00 3.299999982118606567e-02 -7.199565429687500000e+02
6.819991588592529297e+00 4.919999999999999929e+00 3.299999982118606567e-02 -4.499728393554687500e+02
6.932864665985107422e+00 4.950000000000000178e+00 3.299999982118606567e-02 -4.500274658203125000e+02
7.020865440368652344e+00 5.040000000000000036e+00 3.299999982118606567e-02 -5.399674072265625000e+02
7.134866237640380859e+00 5.059999999999999609e+00 3.299999982118606567e-02 -4.500274658203125000e+02
7.228865385055541992e+00 4.969999999999999751e+00 3.299999982118606567e-02 -1.800437774658203125e+02
7.335910320281982422e+00 4.980000000000000426e+00 3.299999982118606567e-02 -9.004920959472656250e+01
7.426865100860595703e+00 5.280000000000000249e+00 3.299999982118606567e-02 0.000000000000000000e+00
7.521866083145141602e+00 5.429999999999999716e+00 3.299999982118606567e-02 -9.004920959472656250e+01
7.628865480422973633e+00 5.099999999999999645e+00 3.299999982118606567e-02 -1.799891357421875000e+02
7.718871355056762695e+00 5.019999999999999574e+00 3.299999982118606567e-02 -1.799891357421875000e+02
7.836872577667236328e+00 5.150000000000000355e+00 3.299999982118606567e-02 -4.499181823730468750e+02
7.921865463256835938e+00 5.230000000000000426e+00 3.299999982118606567e-02 -5.399674072265625000e+02
8.033864021301269531e+00 5.070000000000000284e+00 3.299999982118606567e-02 -5.399674072265625000e+02
8.128864526748657227e+00 5.080000000000000071e+00 3.299999982118606567e-02 -4.500274658203125000e+02
8.236869573593139648e+00 5.209999999999999964e+00 3.299999982118606567e-02 -7.200657958984375000e+02
8.325864553451538086e+00 5.169999999999999929e+00 3.299999982118606567e-02 -7.199565429687500000e+02
8.420867204666137695e+00 5.000000000000000000e+00 3.299999982118606567e-02 -6.300166015625000000e+02
8.529864549636840820e+00 5.089999999999999858e+00 3.299999982118606567e-02 -5.400767211914062500e+02
8.618931531906127930e+00 5.070000000000000284e+00 3.299999982118606567e-02 -7.199565429687500000e+02
8.735919475555419922e+00 4.980000000000000426e+00 3.299999982118606567e-02 -5.400767211914062500e+02
8.822865724563598633e+00 4.990000000000000213e+00 3.299999982118606567e-02 -3.599782714843750000e+02
8.933865070343017578e+00 4.959999999999999964e+00 3.299999982118606567e-02 -2.700383605957031250e+02
9.024869203567504883e+00 4.959999999999999964e+00 3.299999982118606567e-02 -2.700383605957031250e+02
9.137866973876953125e+00 5.009999999999999787e+00 3.299999982118606567e-02 -2.700383605957031250e+02
9.225866317749023438e+00 4.969999999999999751e+00 3.299999982118606567e-02 -2.699290771484375000e+02
9.323912858963012695e+00 5.080000000000000071e+00 3.299999982118606567e-02 -3.599782714843750000e+02
9.433865785598754883e+00 5.070000000000000284e+00 3.299999982118606567e-02 -1.799891357421875000e+02
9.518865346908569336e+00 5.049999999999999822e+00 3.299999982118606567e-02 -2.700383605957031250e+02
9.631915330886840820e+00 5.040000000000000036e+00 3.299999982118606567e-02 -4.500274658203125000e+02
9.726872205734252930e+00 5.009999999999999787e+00 3.299999982118606567e-02 -6.299072875976562500e+02
9.833864688873291016e+00 4.950000000000000178e+00 3.299999982118606567e-02 -6.301258544921875000e+02
9.923915863037109375e+00 4.839999999999999858e+00 3.299999982118606567e-02 -2.701476440429687500e+02
1.002586865425109863e+01 4.870000000000000107e+00 3.299999982118606567e-02 0.000000000000000000e+00
1.012686705589294434e+01 5.089999999999999858e+00 3.299999982118606567e-02 0.000000000000000000e+00
1.023886871337890625e+01 5.230000000000000426e+00 3.299999982118606567e-02 0.000000000000000000e+00
1.033386588096618652e+01 5.290000000000000036e+00 3.299999982118606567e-02 0.000000000000000000e+00
1.041991662979125977e+01 5.410000000000000142e+00 3.299999982118606567e-02 0.000000000000000000e+00
1.053086590766906738e+01 5.419999999999999929e+00 3.299999982118606567e-02 0.000000000000000000e+00
1.062586617469787598e+01 5.419999999999999929e+00 3.299999982118606567e-02 -3.599782714843750000e+02
1.073486757278442383e+01 4.980000000000000426e+00 3.299999982118606567e-02 -3.599782714843750000e+02
1.082391500473022461e+01 5.000000000000000000e+00 3.299999982118606567e-02 -1.798798522949218750e+02
1.091486716270446777e+01 5.049999999999999822e+00 3.299999982118606567e-02 -1.798798522949218750e+02
1.102791929244995117e+01 5.169999999999999929e+00 3.299999982118606567e-02 -2.701476440429687500e+02
1.113886356353759766e+01 5.019999999999999574e+00 3.299999982118606567e-02 -4.500274658203125000e+02
1.122986412048339844e+01 5.059999999999999609e+00 3.299999982118606567e-02 -4.500274658203125000e+02
1.132391023635864258e+01 4.990000000000000213e+00 3.299999982118606567e-02 -3.599782714843750000e+02
1.143086290359497070e+01 4.959999999999999964e+00 3.299999982118606567e-02 -3.599782714843750000e+02
1.152186584472656250e+01 5.019999999999999574e+00 3.299999982118606567e-02 -3.599782714843750000e+02
1.163886427879333496e+01 5.049999999999999822e+00 3.299999982118606567e-02 -3.599782714843750000e+02
1.172391748428344727e+01 5.030000000000000249e+00 3.299999982118606567e-02 -1.800984191894531250e+02
1.183687281608581543e+01 5.209999999999999964e+00 3.299999982118606567e-02 -3.599782714843750000e+02
1.193191075325012207e+01 5.179999999999999716e+00 3.299999982118606567e-02 -2.699290771484375000e+02
1.203886604309082031e+01 5.269999999999999574e+00 3.299999982118606567e-02 -2.699290771484375000e+02
1.212886738777160645e+01 5.259999999999999787e+00 3.299999982118606567e-02 -1.798798522949218750e+02
1.222391605377197266e+01 5.360000000000000320e+00 3.299999982118606567e-02 -2.701476440429687500e+02
1.233191347122192383e+01 5.299999999999999822e+00 3.299999982118606567e-02 -3.599782714843750000e+02
1.242086553573608398e+01 5.150000000000000355e+00 3.299999982118606567e-02 -4.500274658203125000e+02
1.253886532783508301e+01 5.120000000000000107e+00 3.299999982118606567e-02 -3.601968383789062500e+02
1.262486624717712402e+01 5.150000000000000355e+00 3.299999982118606567e-02 -4.500274658203125000e+02
1.273591160774230957e+01 5.080000000000000071e+00 3.299999982118606567e-02 -5.398581542968750000e+02
1.283086633682250977e+01 5.019999999999999574e+00 3.299999982118606567e-02 -6.299072875976562500e+02
1.293886446952819824e+01 5.019999999999999574e+00 3.299999982118606567e-02 -6.301258544921875000e+02
1.302886843681335449e+01 4.969999999999999751e+00 3.299999982118606567e-02 -5.398581542968750000e+02
1.311992883682250977e+01 4.910000000000000142e+00 3.299999982118606567e-02 -3.599782714843750000e+02
1.323286700248718262e+01 4.959999999999999964e+00 3.299999982118606567e-02 -3.599782714843750000e+02
1.332086658477783203e+01 5.019999999999999574e+00 3.299999982118606567e-02 -2.701476440429687500e+02
1.343486618995666504e+01 5.049999999999999822e+00 3.299999982118606567e-02 -9.004920959472656250e+01
1.352887129783630371e+01 5.429999999999999716e+00 3.299999982118606567e-02 0.000000000000000000e+00
1.363591432571411133e+01 5.349999999999999645e+00 3.299999982118606567e-02 -2.699290771484375000e+02
1.372687411308288574e+01 5.129999999999999893e+00 3.299999982118606567e-02 -5.398581542968750000e+02
1.382186555862426758e+01 4.940000000000000391e+00 3.299999982118606567e-02 -3.599782714843750000e+02
1.392886614799499512e+01 4.980000000000000426e+00 3.299999982118606567e-02 -3.599782714843750000e+02
1.401886510848999023e+01 5.009999999999999787e+00 3.299999982118606567e-02 -3.599782714843750000e+02
1.413687419891357422e+01 5.049999999999999822e+00 3.299999982118606567e-02 -4.500274658203125000e+02
1.422186565399169922e+01 4.940000000000000391e+00 3.299999982118606567e-02 -4.500274658203125000e+02
1.433386516571044922e+01 4.959999999999999964e+00 3.299999982118606567e-02 -3.599782714843750000e+02
1.442886686325073242e+01 4.919999999999999929e+00 3.299999982118606567e-02 -9.004920959472656250e+01
1.453686738014221191e+01 4.980000000000000426e+00 3.299999982118606567e-02 0.000000000000000000e+00
1.462586688995361328e+01 5.070000000000000284e+00 3.299999982118606567e-02 0.000000000000000000e+00
1.472086763381958008e+01 5.179999999999999716e+00 3.299999982118606567e-02 0.000000000000000000e+00
1.482986545562744141e+01 5.250000000000000000e+00 3.299999982118606567e-02 0.000000000000000000e+00
1.491887593269348145e+01 5.219999999999999751e+00 3.299999982118606567e-02 -1.798798522949218750e+02
1.503591942787170410e+01 5.129999999999999893e+00 3.299999982118606567e-02 -3.599782714843750000e+02
1.512286591529846191e+01 5.019999999999999574e+00 3.299999982118606567e-02 -1.800984191894531250e+02
1.523386883735656738e+01 4.929999999999999716e+00 3.299999982118606567e-02 0.000000000000000000e+00
1.532486987113952637e+01 5.240000000000000213e+00 3.299999982118606567e-02 0.000000000000000000e+00
1.543786573410034180e+01 5.339999999999999858e+00 3.299999982118606567e-02 0.000000000000000000e+00
1.552586555480957031e+01 5.379999999999999893e+00 3.299999982118606567e-02 0.000000000000000000e+00
1.563991737365722656e+01 5.389999999999999680e+00 3.299999982118606567e-02 0.000000000000000000e+00
1.573386549949645996e+01 5.379999999999999893e+00 3.299999982118606567e-02 0.000000000000000000e+00
1.582587647438049316e+01 5.440000000000000391e+00 3.299999982118606567e-02 0.000000000000000000e+00
1.593191409111022949e+01 5.450000000000000178e+00 3.299999982118606567e-02 0.000000000000000000e+00
1.602686858177185059e+01 5.480000000000000426e+00 3.299999982118606567e-02 0.000000000000000000e+00
1.613386559486389160e+01 5.349999999999999645e+00 3.299999982118606567e-02 -2.701476440429687500e+02
1.622391843795776367e+01 5.150000000000000355e+00 3.299999982118606567e-02 -5.400767211914062500e+02
1.631886529922485352e+01 5.030000000000000249e+00 3.299999982118606567e-02 -4.500274658203125000e+02
1.642686867713928223e+01 5.040000000000000036e+00 3.299999982118606567e-02 -5.400767211914062500e+02
1.653886580467224121e+01 5.030000000000000249e+00 3.299999982118606567e-02 -4.500274658203125000e+02
1.663386487960815430e+01 5.019999999999999574e+00 3.299999982118606567e-02 -3.601968383789062500e+02
1.671993422508239746e+01 5.080000000000000071e+00 3.299999982118606567e-02 -4.502460327148437500e+02
1.683086371421813965e+01 5.089999999999999858e+00 3.299999982118606567e-02 -4.502460327148437500e+02
1.692586731910705566e+01 5.110000000000000320e+00 3.299999982118606567e-02 -2.701476440429687500e+02
1.703486394882202148e+01 5.089999999999999858e+00 3.299999982118606567e-02 -9.004920959472656250e+01
1.712391901016235352e+01 5.309999999999999609e+00 3.299999982118606567e-02 -1.796612854003906250e+02
1.721486473083496094e+01 5.250000000000000000e+00 3.299999982118606567e-02 -1.800984191894531250e+02
1.732791996002197266e+01 5.349999999999999645e+00 3.299999982118606567e-02 -3.601968383789062500e+02
1.743886613845825195e+01 5.259999999999999787e+00 3.299999982118606567e-02 -3.597597045898437500e+02
1.752986812591552734e+01 5.200000000000000178e+00 3.299999982118606567e-02 -5.398581542968750000e+02
1.762391352653503418e+01 5.150000000000000355e+00 3.299999982118606567e-02 -7.199565429687500000e+02
1.773087501525878906e+01 5.099999999999999645e+00 3.299999982118606567e-02 -8.100057373046875000e+02
1.782186508178710938e+01 4.929999999999999716e+00 3.299999982118606567e-02 -6.299072875976562500e+02
1.793886542320251465e+01 4.950000000000000178e+00 3.299999982118606567e-02 -5.398581542968750000e+02
1.802391600608825684e+01 4.980000000000000426e+00 3.299999982118606567e-02 -4.502460327148437500e+02
1.813687229156494141e+01 4.990000000000000213e+00 3.299999982118606567e-02 -5.398581542968750000e+02
1.823192572593688965e+01 4.969999999999999751e+00 3.299999982118606567e-02 -7.199565429687500000e+02
1.833886432647705078e+01 4.910000000000000142e+00 3.299999982118606567e-02 -8.100057373046875000e+02
1.842886662483215332e+01 4.910000000000000142e+00 3.299999982118606567e-02 -7.199565429687500000e+02
1.852390766143798828e+01 4.980000000000000426e+00 3.299999982118606567e-02 -8.100057373046875000e+02
1.863191390037536621e+01 4.940000000000000391e+00 3.299999982118606567e-02 -9.000549316406250000e+02
1.872086858749389648e+01 4.929999999999999716e+00 3.299999982118606567e-02 -9.000549316406250000e+02
1.883886551856994629e+01 4.919999999999999929e+00 3.299999982118606567e-02 -4.502460327148437500e+02
1.892486953735351562e+01 4.900000000000000355e+00 3.299999982118606567e-02 -5.398581542968750000e+02
1.903592038154602051e+01 5.009999999999999787e+00 3.299999982118606567e-02 -5.398581542968750000e+02
1.913087177276611328e+01 5.019999999999999574e+00 3.299999982118606567e-02 -1.800984191894531250e+02
1.923886585235595703e+01 5.120000000000000107e+00 3.299999982118606567e-02 0.000000000000000000e+00
1.932887411117553711e+01 4.929999999999999716e+00 3.299999982118606567e-02 0.000000000000000000e+00
1.941990995407104492e+01 5.089999999999999858e+00 3.299999982118606567e-02 0.000000000000000000e+00
1.953286886215209961e+01 5.219999999999999751e+00 3.299999982118606567e-02 0.000000000000000000e+00
1.962086701393127441e+01 5.330000000000000071e+00 3.299999982118606567e-02 0.000000000000000000e+00
1.973486685752868652e+01 5.389999999999999680e+00 3.299999982118606567e-02 0.000000000000000000e+00
1.982886767387390137e+01 5.429999999999999716e+00 3.299999982118606567e-02 -9.004920959472656250e+01
1.993591427803039551e+01 5.190000000000000391e+00 3.299999982118606567e-02 -3.597597045898437500e+02
2.002688741683959961e+01 5.150000000000000355e+00 3.299999982118606567e-02 -3.597597045898437500e+02
2.012186622619628906e+01 5.129999999999999893e+00 3.299999982118606567e-02 -2.697105102539062500e+02
2.022886681556701660e+01 5.040000000000000036e+00 3.299999982118606567e-02 0.000000000000000000e+00
2.031886839866638184e+01 5.089999999999999858e+00 3.299999982118606567e-02 0.000000000000000000e+00
2.043686914443969727e+01 5.169999999999999929e+00 3.299999982118606567e-02 0.000000000000000000e+00
2.052186727523803711e+01 5.410000000000000142e+00 3.299999982118606567e-02 -2.701476440429687500e+02
2.063386583328247070e+01 5.309999999999999609e+00 3.299999982118606567e-02 -4.502460327148437500e+02
2.072886514663696289e+01 5.169999999999999929e+00 3.299999982118606567e-02 -2.701476440429687500e+02
2.083686661720275879e+01 5.299999999999999822e+00 3.299999982118606567e-02 0.000000000000000000e+00
2.092586636543273926e+01 5.750000000000000000e+00 3.299999982118606567e-02 0.000000000000000000e+00
2.102086949348449707e+01 5.780000000000000249e+00 3.299999982118606567e-02 0.000000000000000000e+00
2.112986612319946289e+01 5.709999999999999964e+00 3.299999982118606567e-02 -5.402952880859375000e+02
2.121886730194091797e+01 5.209999999999999964e+00 3.299999982118606567e-02 -7.199565429687500000e+02
2.133592200279235840e+01 5.139999999999999680e+00 3.299999982118606567e-02 -8.100057373046875000e+02
2.142286729812622070e+01 4.950000000000000178e+00 3.299999982118606567e-02 -8.100057373046875000e+02
2.153386449813842773e+01 4.969999999999999751e+00 3.299999982118606567e-02 -5.402952880859375000e+02
2.162486720085144043e+01 4.919999999999999929e+00 3.299999982118606567e-02 -6.299072875976562500e+02
2.173786711692810059e+01 4.919999999999999929e+00 3.299999982118606567e-02 -5.398581542968750000e+02
2.182586622238159180e+01 5.019999999999999574e+00 3.299999982118606567e-02 -4.498088989257812500e+02
2.193191671371459961e+01 4.929999999999999716e+00 3.299999982118606567e-02 -3.597597045898437500e+02
2.203386545181274414e+01 4.900000000000000355e+00 3.299999982118606567e-02 -2.697105102539062500e+02
2.212586641311645508e+01 5.030000000000000249e+00 3.299999982118606567e-02 -9.004920959472656250e+01
2.223191475868225098e+01 4.980000000000000426e+00 3.299999982118606567e-02 -1.796612854003906250e+02
2.232686924934387207e+01 4.980000000000000426e+00 3.299999982118606567e-02 0.000000000000000000e+00
2.243386650085449219e+01 5.139999999999999680e+00 3.299999982118606567e-02 0.000000000000000000e+00
2.252391386032104492e+01 5.280000000000000249e+00 3.299999982118606567e-02 0.000000000000000000e+00
2.261886811256408691e+01 5.330000000000000071e+00 3.299999982118606567e-02 0.000000000000000000e+00
2.272686743736267090e+01 5.440000000000000391e+00 3.299999982118606567e-02 -9.004920959472656250e+01
2.283886432647705078e+01 5.299999999999999822e+00 3.299999982118606567e-02 0.000000000000000000e+00
2.293386507034301758e+01 5.360000000000000320e+00 3.299999982118606567e-02 0.000000000000000000e+00
2.301992082595825195e+01 5.139999999999999680e+00 3.299999982118606567e-02 0.000000000000000000e+00
2.313086485862731934e+01 4.719999999999999751e+00 3.299999982118606567e-02 0.000000000000000000e+00
2.322586464881896973e+01 3.770000000000000018e+00 3.299999982118606567e-02 0.000000000000000000e+00
2.333486413955688477e+01 2.899999999999999911e+00 3.299999982118606567e-02 0.000000000000000000e+00
2.342390680313110352e+01 2.399999999999999911e+00 3.299999982118606567e-02 0.000000000000000000e+00
2.351486635208129883e+01 3.479999999999999982e+00 6.700000166893005371e-02 6.299072875976562500e+02
2.362791132926940918e+01 4.980000000000000426e+00 6.700000166893005371e-02 2.701476440429687500e+02
2.373887133598327637e+01 4.879999999999999893e+00 6.700000166893005371e-02 0.000000000000000000e+00
2.382986354827880859e+01 4.809999999999999609e+00 6.700000166893005371e-02 9.004920959472656250e+01
2.392392134666442871e+01 4.700000000000000178e+00 6.700000166893005371e-02 9.004920959472656250e+01
2.403086376190185547e+01 4.709999999999999964e+00 6.700000166893005371e-02 4.502460327148437500e+02
2.412186694145202637e+01 4.780000000000000249e+00 6.700000166893005371e-02 6.303444213867187500e+02
2.423886799812316895e+01 4.860000000000000320e+00 6.700000166893005371e-02 8.100057373046875000e+02
2.432392263412475586e+01 5.019999999999999574e+00 6.700000166893005371e-02 9.000549316406250000e+02
2.443687057495117188e+01 5.000000000000000000e+00 6.700000166893005371e-02 8.100057373046875000e+02
2.453191995620727539e+01 4.969999999999999751e+00 6.700000166893005371e-02 5.398581542968750000e+02
2.463886594772338867e+01 5.019999999999999574e+00 6.700000166893005371e-02 5.398581542968750000e+02
2.472886610031127930e+01 5.019999999999999574e+00 6.700000166893005371e-02 4.498088989257812500e+02
2.482391595840454102e+01 5.019999999999999574e+00 6.700000166893005371e-02 7.199565429687500000e+02
2.493191504478454590e+01 5.030000000000000249e+00 6.700000166893005371e-02 7.199565429687500000e+02
2.502087736129760742e+01 5.019999999999999574e+00 6.700000166893005371e-02 8.100057373046875000e+02
2.513886666297912598e+01 5.059999999999999609e+00 6.700000166893005371e-02 6.299072875976562500e+02
2.522486567497253418e+01 5.009999999999999787e+00 6.700000166893005371e-02 6.303444213867187500e+02
2.533592534065246582e+01 5.000000000000000000e+00 6.700000166893005371e-02 9.004920959472656250e+01
2.543086600303649902e+01 4.849999999999999645e+00 6.700000166893005371e-02 0.000000000000000000e+00
2.553886675834655762e+01 4.700000000000000178e+00 6.700000166893005371e-02 0.000000000000000000e+00
2.562886762619018555e+01 4.750000000000000000e+00 6.700000166893005371e-02 1.800984191894531250e+02
2.571991324424743652e+01 4.879999999999999893e+00 6.700000166893005371e-02 4.502460327148437500e+02
2.583286595344543457e+01 4.889999999999999680e+00 6.700000166893005371e-02 5.398581542968750000e+02
2.592086815834045410e+01 4.929999999999999716e+00 6.700000166893005371e-02 4.498088989257812500e+02
2.603486847877502441e+01 4.889999999999999680e+00 6.700000166893005371e-02 3.597597045898437500e+02
2.612887024879455566e+01 4.889999999999999680e+00 6.700000166893005371e-02 2.701476440429687500e+02
2.623591256141662598e+01 4.879999999999999893e+00 6.700000166893005371e-02 9.004920959472656250e+01
2.632686638832092285e+01 4.660000000000000142e+00 6.700000166893005371e-02 9.004920959472656250e+01
2.642186474800109863e+01 4.820000000000000284e+00 6.700000166893005371e-02 9.004920959472656250e+01
2.652886652946472168e+01 4.809999999999999609e+00 6.700000166893005371e-02 3.601968383789062500e+02
2.661886548995971680e+01 4.889999999999999680e+00 6.700000166893005371e-02 4.498088989257812500e+02
2.673687362670898438e+01 4.919999999999999929e+00 6.700000166893005371e-02 5.398581542968750000e+02
2.682186818122863770e+01 4.919999999999999929e+00 6.700000166893005371e-02 4.498088989257812500e+02
2.693386816978454590e+01 4.900000000000000355e+00 6.700000166893005371e-02 1.796612854003906250e+02
2.702886748313903809e+01 4.799999999999999822e+00 6.700000166893005371e-02 0.000000000000000000e+00
2.713686895370483398e+01 4.660000000000000142e+00 6.700000166893005371e-02 0.000000000000000000e+00
2.722586536407470703e+01 4.639999999999999680e+00 6.700000166893005371e-02 9.004920959472656250e+01
2.732086658477783203e+01 4.780000000000000249e+00 6.700000166893005371e-02 3.597597045898437500e+02
2.742986702919006348e+01 4.849999999999999645e+00 6.700000166893005371e-02 3.601968383789062500e+02
2.751886343955993652e+01 4.919999999999999929e+00 6.700000166893005371e-02 3.597597045898437500e+02
2.763590764999389648e+01 4.929999999999999716e+00 6.700000166893005371e-02 3.597597045898437500e+02
2.772286725044250488e+01 4.910000000000000142e+00 6.700000166893005371e-02 3.601968383789062500e+02
2.783386421203613281e+01 4.830000000000000071e+00 6.700000166893005371e-02 3.601968383789062500e+02
2.792486715316772461e+01 4.879999999999999893e+00 6.700000166893005371e-02 4.498088989257812500e+02
2.803787302970886230e+01 4.919999999999999929e+00 6.700000166893005371e-02 3.597597045898437500e+02
2.812589454650878906e+01 4.990000000000000213e+00 6.700000166893005371e-02 2.701476440429687500e+02
2.822391295433044434e+01 4.990000000000000213e+00 6.700000166893005371e-02 2.701476440429687500e+02
2.833386540412902832e+01 4.969999999999999751e+00 6.700000166893005371e-02 0.000000000000000000e+00
2.841886734962463379e+01 4.879999999999999893e+00 6.700000166893005371e-02 0.000000000000000000e+00
2.853191065788269043e+01 4.929999999999999716e+00 6.700000166893005371e-02 1.796612854003906250e+02
2.862688302993774414e+01 4.910000000000000142e+00 6.700000166893005371e-02 1.796612854003906250e+02
2.873386502265930176e+01 4.950000000000000178e+00 6.700000166893005371e-02 5.402952880859375000e+02
2.882391810417175293e+01 4.980000000000000426e+00 6.700000166893005371e-02 7.199565429687500000e+02
2.891886425018310547e+01 4.990000000000000213e+00 6.700000166893005371e-02 9.901042480468750000e+02
2.902687358856201172e+01 5.070000000000000284e+00 6.700000166893005371e-02 8.100057373046875000e+02
2.913886547088623047e+01 5.139999999999999680e+00 6.700000166893005371e-02 2.699290771484375000e+02
2.923386549949645996e+01 5.089999999999999858e+00 6.700000166893005371e-02 0.000000000000000000e+00
2.931991124153137207e+01 4.799999999999999822e+00 6.700000166893005371e-02 0.000000000000000000e+00
2.943086886405944824e+01 4.709999999999999964e+00 6.700000166893005371e-02 0.000000000000000000e+00
2.952586817741394043e+01 4.669999999999999929e+00 6.700000166893005371e-02 9.004920959472656250e+01
2.963486552238464355e+01 4.769999999999999574e+00 6.700000166893005371e-02 9.004920959472656250e+01
2.972391557693481445e+01 4.870000000000000107e+00 6.700000166893005371e-02 9.004920959472656250e+01
2.982391738891601562e+01 4.870000000000000107e+00 6.700000166893005371e-02 0.000000000000000000e+00
2.992792987823486328e+01 4.759999999999999787e+00 6.700000166893005371e-02 1.798798522949218750e+02
3.003886771202087402e+01 4.839999999999999858e+00 6.700000166893005371e-02 6.299072875976562500e+02
3.012988758087158203e+01 4.929999999999999716e+00 6.700000166893005371e-02 7.199565429687500000e+02
3.022391486167907715e+01 5.019999999999999574e+00 6.700000166893005371e-02 5.400767211914062500e+02
3.033086490631103516e+01 4.969999999999999751e+00 6.700000166893005371e-02 5.400767211914062500e+02
3.042186427116394043e+01 4.969999999999999751e+00 6.700000166893005371e-02 4.500274658203125000e+02
3.053886604309082031e+01 5.009999999999999787e+00 6.700000166893005371e-02 4.500274658203125000e+02
3.062392425537109375e+01 5.019999999999999574e+00 6.700000166893005371e-02 3.599782714843750000e+02
3.073688435554504395e+01 4.929999999999999716e+00 6.700000166893005371e-02 3.599782714843750000e+02
3.083191132545471191e+01 4.900000000000000355e+00 6.700000166893005371e-02 2.699290771484375000e+02
3.093886566162109375e+01 4.929999999999999716e+00 6.700000166893005371e-02 3.599782714843750000e+02
3.102887082099914551e+01 4.919999999999999929e+00 6.700000166893005371e-02 2.701476440429687500e+02
3.112391042709350586e+01 4.870000000000000107e+00 6.700000166893005371e-02 3.599782714843750000e+02
3.123191213607788086e+01 4.929999999999999716e+00 6.700000166893005371e-02 3.599782714843750000e+02
3.132086777687072754e+01 4.929999999999999716e+00 6.700000166893005371e-02 4.500274658203125000e+02
3.143886613845825195e+01 4.929999999999999716e+00 6.700000166893005371e-02 5.400767211914062500e+02
3.152486562728881836e+01 4.910000000000000142e+00 6.700000166893005371e-02 4.500274658203125000e+02
3.163591599464416504e+01 4.870000000000000107e+00 6.700000166893005371e-02 6.301258544921875000e+02
3.175386643409729004e+01 4.929999999999999716e+00 6.700000166893005371e-02 5.398581542968750000e+02
3.183991718292236328e+01 4.969999999999999751e+00 6.700000166893005371e-02 3.599782714843750000e+02
3.195086693763732910e+01 5.000000000000000000e+00 6.700000166893005371e-02 1.800984191894531250e+02
3.204586791992187500e+01 4.919999999999999929e+00 6.700000166893005371e-02 0.000000000000000000e+00
3.215486526489257812e+01 4.799999999999999822e+00 6.700000166893005371e-02 9.004920959472656250e+01
3.224390983581542969e+01 4.839999999999999858e+00 6.700000166893005371e-02 9.004920959472656250e+01
3.233486485481262207e+01 4.830000000000000071e+00 6.700000166893005371e-02 9.004920959472656250e+01
3.244791269302368164e+01 4.830000000000000071e+00 6.700000166893005371e-02 0.000000000000000000e+00
3.255886387825012207e+01 4.709999999999999964e+00 6.700000166893005371e-02 1.800984191894531250e+02
3.264986443519592285e+01 4.700000000000000178e+00 6.700000166893005371e-02 8.983064270019531250e+01
3.274390625953674316e+01 4.589999999999999858e+00 6.700000166893005371e-02 0.000000000000000000e+00
3.285086512565612793e+01 4.509999999999999787e+00 6.700000166893005371e-02 0.000000000000000000e+00
3.294186568260192871e+01 4.519999999999999574e+00 6.700000166893005371e-02 2.701476440429687500e+02
3.305886483192443848e+01 4.830000000000000071e+00 6.700000166893005371e-02 4.500274658203125000e+02
3.314391374588012695e+01 4.959999999999999964e+00 6.700000166893005371e-02 3.599782714843750000e+02
3.325687170028686523e+01 5.000000000000000000e+00 6.700000166893005371e-02 3.599782714843750000e+02
3.335192275047302246e+01 4.910000000000000142e+00 6.700000166893005371e-02 5.398581542968750000e+02
3.345886492729187012e+01 4.980000000000000426e+00 6.700000166893005371e-02 5.400767211914062500e+02
3.354886674880981445e+01 4.969999999999999751e+00 6.700000166893005371e-02 5.400767211914062500e+02
3.364393281936645508e+01 5.000000000000000000e+00 6.700000166893005371e-02 5.398581542968750000e+02
3.375191807746887207e+01 4.990000000000000213e+00 6.700000166893005371e-02 3.599782714843750000e+02
3.384086489677429199e+01 4.940000000000000391e+00 6.700000166893005371e-02 9.004920959472656250e+01
3.395886373519897461e+01 4.879999999999999893e+00 6.700000166893005371e-02 9.004920959472656250e+01
3.404487133026123047e+01 4.690000000000000391e+00 6.700000166893005371e-02 4.500274658203125000e+02
3.415591907501220703e+01 4.839999999999999858e+00 6.700000166893005371e-02 7.199565429687500000e+02
3.425086688995361328e+01 4.950000000000000178e+00 6.700000166893005371e-02 7.199565429687500000e+02
3.435386562347412109e+01 4.959999999999999964e+00 6.700000166893005371e-02 7.199565429687500000e+02
3.444886779785156250e+01 5.000000000000000000e+00 6.700000166893005371e-02 6.301258544921875000e+02
3.453991746902465820e+01 4.950000000000000178e+00 6.700000166893005371e-02 5.400767211914062500e+02
3.465286493301391602e+01 4.929999999999999716e+00 6.700000166893005371e-02 2.699290771484375000e+02
3.474086809158325195e+01 4.849999999999999645e+00 6.700000166893005371e-02 0.000000000000000000e+00
3.485486674308776855e+01 4.570000000000000284e+00 6.700000166893005371e-02 0.000000000000000000e+00
3.494886541366577148e+01 4.629999999999999893e+00 6.700000166893005371e-02 9.004920959472656250e+01
3.505592489242553711e+01 4.769999999999999574e+00 6.700000166893005371e-02 2.701476440429687500e+02
3.514688229560852051e+01 4.809999999999999609e+00 6.700000166893005371e-02 3.599782714843750000e+02
3.524186635017395020e+01 4.940000000000000391e+00 6.700000166893005371e-02 1.799891357421875000e+02
3.534887146949768066e+01 4.839999999999999858e+00 6.700000166893005371e-02 8.993992614746093750e+01
3.543886709213256836e+01 4.759999999999999787e+00 6.700000166893005371e-02 2.699290771484375000e+02
3.555687260627746582e+01 4.839999999999999858e+00 6.700000166893005371e-02 3.599782714843750000e+02
3.564186644554138184e+01 4.919999999999999929e+00 6.700000166893005371e-02 3.599782714843750000e+02
3.575386548042297363e+01 4.969999999999999751e+00 6.700000166893005371e-02 2.700383605957031250e+02
3.584886765480041504e+01 4.910000000000000142e+00 6.700000166893005371e-02 1.799891357421875000e+02
3.595687341690063477e+01 4.900000000000000355e+00 6.700000166893005371e-02 3.599782714843750000e+02
3.604586815834045410e+01 4.950000000000000178e+00 6.700000166893005371e-02 3.599782714843750000e+02
3.614087057113647461e+01 4.980000000000000426e+00 6.700000166893005371e-02 5.399674072265625000e+02
3.624987244606018066e+01 5.000000000000000000e+00 6.700000166893005371e-02 3.599782714843750000e+02
3.633886551856994629e+01 4.950000000000000178e+00 6.700000166893005371e-02 3.599782714843750000e+02
3.645591783523559570e+01 4.879999999999999893e+00 6.700000166893005371e-02 1.799891357421875000e+02
3.654286837577819824e+01 4.830000000000000071e+00 6.700000166893005371e-02 0.000000000000000000e+00
3.665386700630187988e+01 4.349999999999999645e+00 6.700000166893005371e-02 0.000000000000000000e+00
3.674486780166625977e+01 4.339999999999999858e+00 6.700000166893005371e-02 3.599782714843750000e+02
3.685786962509155273e+01 4.809999999999999609e+00 6.700000166893005371e-02 3.600875549316406250e+02
3.694586873054504395e+01 4.940000000000000391e+00 6.700000166893005371e-02 4.499181823730468750e+02
3.704392671585083008e+01 4.969999999999999751e+00 6.700000166893005371e-02 5.400767211914062500e+02
3.715386438369750977e+01 5.040000000000000036e+00 6.700000166893005371e-02 5.399674072265625000e+02
3.725991296768188477e+01 5.049999999999999822e+00 6.700000166893005371e-02 3.599782714843750000e+02
3.735191726684570312e+01 5.009999999999999787e+00 6.700000166893005371e-02 5.400767211914062500e+02
3.744687485694885254e+01 4.959999999999999964e+00 6.700000166893005371e-02 5.399674072265625000e+02
3.755386543273925781e+01 4.969999999999999751e+00 6.700000166893005371e-02 0.000000000000000000e+00
3.764391016960144043e+01 4.940000000000000391e+00 6.700000166893005371e-02 0.000000000000000000e+00
3.773896932601928711e+01 4.790000000000000036e+00 6.700000166893005371e-02 8.993992614746093750e+01
3.784687185287475586e+01 4.860000000000000320e+00 6.700000166893005371e-02 9.004920959472656250e+01
3.795886468887329102e+01 4.839999999999999858e+00 6.700000166893005371e-02 9.004920959472656250e+01
3.805386471748352051e+01 4.769999999999999574e+00 6.700000166893005371e-02 9.004920959472656250e+01
3.813990974426269531e+01 4.740000000000000213e+00 6.700000166893005371e-02 1.799891357421875000e+02
3.825086379051208496e+01 4.809999999999999609e+00 6.700000166893005371e-02 9.004920959472656250e+01
3.834586668014526367e+01 4.730000000000000426e+00 6.700000166893005371e-02 0.000000000000000000e+00
3.845486474037170410e+01 4.629999999999999893e+00 6.700000166893005371e-02 1.799891357421875000e+02
3.854391193389892578e+01 4.839999999999999858e+00 6.700000166893005371e-02 3.599782714843750000e+02
3.863486385345458984e+01 4.990000000000000213e+00 6.700000166893005371e-02 2.700383605957031250e+02
3.874791097640991211e+01 4.900000000000000355e+00 6.700000166893005371e-02 0.000000000000000000e+00
3.885886430740356445e+01 4.690000000000000391e+00 6.700000166893005371e-02 1.799891357421875000e+02
3.894986391067504883e+01 4.799999999999999822e+00 6.700000166893005371e-02 6.300166015625000000e+02
3.904390907287597656e+01 4.950000000000000178e+00 6.700000166893005371e-02 8.100057373046875000e+02
3.915086364746093750e+01 4.980000000000000426e+00 6.700000166893005371e-02 9.899949340820312500e+02
3.924186754226684570e+01 4.969999999999999751e+00 6.700000166893005371e-02 9.000003051757812500e+02
3.935886716842651367e+01 5.049999999999999822e+00 6.700000166893005371e-02 7.200111694335937500e+02
3.944390892982482910e+01 5.019999999999999574e+00 6.700000166893005371e-02 6.299892578125000000e+02
3.955687355995178223e+01 4.879999999999999893e+00 6.700000166893005371e-02 5.399947509765625000e+02
3.965191650390625000e+01 4.870000000000000107e+00 6.700000166893005371e-02 6.300166015625000000e+02
3.975886321067810059e+01 4.940000000000000391e+00 6.700000166893005371e-02 5.400220947265625000e+02
3.984886240959167480e+01 5.000000000000000000e+00 6.700000166893005371e-02 4.500001525878906250e+02
3.994391441345214844e+01 5.009999999999999787e+00 6.700000166893005371e-02 1.800027923583984375e+02
4.005191493034362793e+01 4.889999999999999680e+00 6.700000166893005371e-02 2.699973754882812500e+02
4.014086532592773438e+01 4.870000000000000107e+00 6.700000166893005371e-02 2.699973754882812500e+02
4.025886249542236328e+01 4.910000000000000142e+00 6.700000166893005371e-02 4.500001525878906250e+02
4.034487557411193848e+01 4.990000000000000213e+00 6.700000166893005371e-02 3.599987487792968750e+02
4.045592117309570312e+01 5.000000000000000000e+00 6.700000166893005371e-02 4.500001525878906250e+02
4.055086922645568848e+01 5.009999999999999787e+00 6.700000166893005371e-02 3.600021667480468750e+02
4.065991067886352539e+01 5.009999999999999787e+00 6.700000166893005371e-02 3.599987487792968750e+02
4.074886727333068848e+01 4.929999999999999716e+00 6.700000166893005371e-02 5.400015869140625000e+02
4.083991241455078125e+01 4.919999999999999929e+00 6.700000166893005371e-02 5.400084228515625000e+02
4.095287537574768066e+01 4.950000000000000178e+00 6.700000166893005371e-02 6.299892578125000000e+02
4.104086709022521973e+01 4.969999999999999751e+00 6.700000166893005371e-02 5.399947509765625000e+02
4.115486454963684082e+01 5.009999999999999787e+00 6.700000166893005371e-02 4.500001525878906250e+02
4.124886775016784668e+01 4.950000000000000178e+00 6.700000166893005371e-02 3.600055847167968750e+02
4.135591530799865723e+01 4.929999999999999716e+00 6.700000166893005371e-02 4.500001525878906250e+02
4.144687438011169434e+01 4.980000000000000426e+00 6.700000166893005371e-02 4.500001525878906250e+02
4.154186391830444336e+01 4.950000000000000178e+00 6.700000166893005371e-02 4.499728393554687500e+02
4.164886522293090820e+01 4.940000000000000391e+00 6.700000166893005371e-02 3.600328979492187500e+02
4.173886942863464355e+01 4.830000000000000071e+00 6.700000166893005371e-02 4.499728393554687500e+02
4.185686421394348145e+01 4.940000000000000391e+00 6.700000166893005371e-02 0.000000000000000000e+00
4.194186353683471680e+01 4.889999999999999680e+00 6.700000166893005371e-02 0.000000000000000000e+00
4.205387258529663086e+01 4.730000000000000426e+00 6.700000166893005371e-02 0.000000000000000000e+00
4.214886593818664551e+01 4.540000000000000036e+00 6.700000166893005371e-02 0.000000000000000000e+00
4.225686836242675781e+01 4.620000000000000107e+00 6.700000166893005371e-02 0.000000000000000000e+00
4.234586524963378906e+01 6.540000000000000036e+00 6.700000166893005371e-02 0.000000000000000000e+00
4.244086909294128418e+01 7.610000000000000320e+00 3.299999982118606567e-02 -1.170038574218750000e+03
4.254986357688903809e+01 5.120000000000000107e+00 3.299999982118606567e-02 -1.439994995117187500e+03
4.263886475563049316e+01 4.830000000000000071e+00 3.299999982118606567e-02 -9.000003051757812500e+02
4.275591111183166504e+01 4.969999999999999751e+00 3.299999982118606567e-02 -7.200111694335937500e+02
4.284286761283874512e+01 5.110000000000000320e+00 3.299999982118606567e-02 -7.199974975585937500e+02
4.295386648178100586e+01 5.120000000000000107e+00 3.299999982118606567e-02 -6.300029296875000000e+02
4.304486560821533203e+01 5.169999999999999929e+00 3.299999982118606567e-02 -9.000003051757812500e+02
4.315786838531494141e+01 5.049999999999999822e+00 3.299999982118606567e-02 -9.000003051757812500e+02
4.324586582183837891e+01 4.950000000000000178e+00 3.299999982118606567e-02 -9.000003051757812500e+02
4.335886430740356445e+01 4.860000000000000320e+00 3.299999982118606567e-02 -6.300166015625000000e+02
4.345386385917663574e+01 5.019999999999999574e+00 3.299999982118606567e-02 -5.399947509765625000e+02
4.353886628150939941e+01 5.080000000000000071e+00 3.299999982118606567e-02 -8.100057373046875000e+02
4.365191102027893066e+01 4.940000000000000391e+00 3.299999982118606567e-02 -9.000003051757812500e+02
4.374687051773071289e+01 4.940000000000000391e+00 3.299999982118606567e-02 -8.100057373046875000e+02
4.385386490821838379e+01 4.959999999999999964e+00 3.299999982118606567e-02 -7.200111694335937500e+02
4.394390273094177246e+01 4.980000000000000426e+00 3.299999982118606567e-02 -8.099511108398437500e+02
4.403886485099792480e+01 5.040000000000000036e+00 3.299999982118606567e-02 -9.900495605468750000e+02
4.414687228202819824e+01 5.099999999999999645e+00 3.299999982118606567e-02 -1.349973144531250000e+03
4.425887441635131836e+01 4.900000000000000355e+00 3.299999982118606567e-02 -9.899949340820312500e+02
4.435386514663696289e+01 4.990000000000000213e+00 3.299999982118606567e-02 -9.899949340820312500e+02
4.443991279602050781e+01 5.139999999999999680e+00 3.299999982118606567e-02 -1.169984008789062500e+03
4.455086445808410645e+01 5.070000000000000284e+00 3.299999982118606567e-02 -1.170093261718750000e+03
4.464586710929870605e+01 4.919999999999999929e+00 3.299999982118606567e-02 -9.899949340820312500e+02
4.475486636161804199e+01 4.950000000000000178e+00 3.299999982118606567e-02 -8.100057373046875000e+02
4.484391808509826660e+01 4.940000000000000391e+00 3.299999982118606567e-02 -9.899949340820312500e+02
4.495191383361816406e+01 4.950000000000000178e+00 3.299999982118606567e-02 -9.899949340820312500e+02
4.504791736602783203e+01 4.929999999999999716e+00 3.299999982118606567e-02 -9.898856811523437500e+02
4.515886497497558594e+01 4.879999999999999893e+00 3.299999982118606567e-02 -8.100057373046875000e+02
4.524986648559570312e+01 4.820000000000000284e+00 3.299999982118606567e-02 -6.299072875976562500e+02
4.534390950202941895e+01 4.990000000000000213e+00 3.299999982118606567e-02 -5.400767211914062500e+02
4.545086550712585449e+01 5.040000000000000036e+00 3.299999982118606567e-02 -8.100057373046875000e+02
4.554186487197875977e+01 5.019999999999999574e+00 3.299999982118606567e-02 -8.998363647460937500e+02
4.565886473655700684e+01 4.940000000000000391e+00 3.299999982118606567e-02 -9.000549316406250000e+02
4.574391317367553711e+01 5.030000000000000249e+00 3.299999982118606567e-02 -8.998363647460937500e+02
4.585687279701232910e+01 5.110000000000000320e+00 3.299999982118606567e-02 -6.299072875976562500e+02
4.595190787315368652e+01 5.070000000000000284e+00 3.299999982118606567e-02 -5.400767211914062500e+02
4.605886507034301758e+01 5.150000000000000355e+00 3.299999982118606567e-02 -8.100057373046875000e+02
4.614886689186096191e+01 5.080000000000000071e+00 3.299999982118606567e-02 -9.000549316406250000e+02
4.624390792846679688e+01 4.929999999999999716e+00 3.299999982118606567e-02 -8.100057373046875000e+02
4.635191035270690918e+01 5.000000000000000000e+00 3.299999982118606567e-02 -8.100057373046875000e+02
4.644086790084838867e+01 4.889999999999999680e+00 3.299999982118606567e-02 -9.000549316406250000e+02
4.655886578559875488e+01 4.969999999999999751e+00 3.299999982118606567e-02 -7.199565429687500000e+02
4.664486861228942871e+01 4.950000000000000178e+00 3.299999982118606567e-02 -8.100057373046875000e+02
4.675599837303161621e+01 5.019999999999999574e+00 3.299999982118606567e-02 -9.901042480468750000e+02
4.685086703300476074e+01 4.929999999999999716e+00 3.299999982118606567e-02 -8.100057373046875000e+02
4.695386457443237305e+01 4.900000000000000355e+00 3.299999982118606567e-02 -7.199565429687500000e+02
4.704886960983276367e+01 4.900000000000000355e+00 3.299999982118606567e-02 -6.299072875976562500e+02
4.713991975784301758e+01 4.950000000000000178e+00 3.299999982118606567e-02 -4.500274658203125000e+02
4.725286841392517090e+01 5.080000000000000071e+00 3.299999982118606567e-02 -6.299072875976562500e+02
4.734086871147155762e+01 5.059999999999999609e+00 3.299999982118606567e-02 -6.301258544921875000e+02
4.745486831665039062e+01 5.049999999999999822e+00 3.299999982118606567e-02 -7.199565429687500000e+02
4.754894852638244629e+01 5.009999999999999787e+00 3.299999982118606567e-02 -6.303444213867187500e+02
4.765590691566467285e+01 5.070000000000000284e+00 3.299999982118606567e-02 -4.498088989257812500e+02
4.774687170982360840e+01 5.129999999999999893e+00 3.299999982118606567e-02 -4.502460327148437500e+02
4.784186697006225586e+01 5.250000000000000000e+00 3.299999982118606567e-02 -4.498088989257812500e+02
4.794886541366577148e+01 5.230000000000000426e+00 3.299999982118606567e-02 -8.100057373046875000e+02
4.804586529731750488e+01 5.120000000000000107e+00 3.299999982118606567e-02 -9.000549316406250000e+02
4.815687251091003418e+01 5.040000000000000036e+00 3.299999982118606567e-02 -1.079716308593750000e+03
4.824186706542968750e+01 4.919999999999999929e+00 3.299999982118606567e-02 -9.000549316406250000e+02
4.835387349128723145e+01 4.969999999999999751e+00 3.299999982118606567e-02 -8.100057373046875000e+02
4.844886732101440430e+01 4.959999999999999964e+00 3.299999982118606567e-02 -9.000549316406250000e+02
4.855687212944030762e+01 4.940000000000000391e+00 3.299999982118606567e-02 -1.170202514648437500e+03
4.864586734771728516e+01 4.980000000000000426e+00 3.299999982118606567e-02 -1.170202514648437500e+03
4.874086833000183105e+01 4.900000000000000355e+00 3.299999982118606567e-02 -1.169765380859375000e+03
4.884986829757690430e+01 4.879999999999999893e+00 3.299999982118606567e-02 -7.199565429687500000e+02
4.895991015434265137e+01 4.870000000000000107e+00 3.299999982118606567e-02 -6.303444213867187500e+02
4.905591154098510742e+01 4.940000000000000391e+00 3.299999982118606567e-02 -7.199565429687500000e+02
4.914286565780639648e+01 5.129999999999999893e+00 3.299999982118606567e-02 -9.000549316406250000e+02
4.925386404991149902e+01 5.040000000000000036e+00 3.299999982118606567e-02 -9.000549316406250000e+02
4.934486746788024902e+01 5.059999999999999609e+00 3.299999982118606567e-02 -6.303444213867187500e+02
4.945786786079406738e+01 5.049999999999999822e+00 3.299999982118606567e-02 -3.601968383789062500e+02
4.954589128494262695e+01 5.160000000000000142e+00 3.299999982118606567e-02 -4.502460327148437500e+02
4.965886449813842773e+01 5.169999999999999929e+00 3.299999982118606567e-02 -6.299072875976562500e+02
4.975386452674865723e+01 5.089999999999999858e+00 3.299999982118606567e-02 -7.199565429687500000e+02
4.986086511611938477e+01 5.000000000000000000e+00 3.299999982118606567e-02 -7.199565429687500000e+02
4.995191121101379395e+01 4.959999999999999964e+00 3.299999982118606567e-02 -6.299072875976562500e+02
5.004687333106994629e+01 4.910000000000000142e+00 3.299999982118606567e-02 -7.199565429687500000e+02
5.015386295318603516e+01 5.019999999999999574e+00 3.299999982118606567e-02 -5.398581542968750000e+02
5.024390912055969238e+01 4.940000000000000391e+00 3.299999982118606567e-02 -6.299072875976562500e+02
5.033886981010437012e+01 4.910000000000000142e+00 3.299999982118606567e-02 -5.402952880859375000e+02
5.044686889648437500e+01 4.570000000000000284e+00 3.299999982118606567e-02 0.000000000000000000e+00
5.055886363983154297e+01 4.500000000000000000e+00 3.299999982118606567e-02 0.000000000000000000e+00
5.065386438369750977e+01 4.419999999999999929e+00 3.299999982118606567e-02 0.000000000000000000e+00
5.076186966896057129e+01 4.110000000000000320e+00 3.299999982118606567e-02 0.000000000000000000e+00
5.085086941719055176e+01 3.640000000000000124e+00 3.299999982118606567e-02 0.000000000000000000e+00
5.094587182998657227e+01 3.509999999999999787e+00 3.299999982118606567e-02 0.000000000000000000e+00
5.105486702919006348e+01 3.189999999999999947e+00 3.299999982118606567e-02 0.000000000000000000e+00
5.114391970634460449e+01 2.819999999999999840e+00 3.299999982118606567e-02 0.000000000000000000e+00
5.123486924171447754e+01 2.259999999999999787e+00 3.299999982118606567e-02 0.000000000000000000e+00
5.134792041778564453e+01 2.609999999999999876e+00 6.700000166893005371e-02 7.199565429687500000e+02
5.145887947082519531e+01 4.959999999999999964e+00 6.700000166893005371e-02 2.701476440429687500e+02
5.154986763000488281e+01 4.910000000000000142e+00 6.700000166893005371e-02 0.000000000000000000e+00
5.164391136169433594e+01 4.540000000000000036e+00 6.700000166893005371e-02 4.498088989257812500e+02
5.175086402893066406e+01 4.660000000000000142e+00 6.700000166893005371e-02 1.439913085937500000e+03
5.184187030792236328e+01 4.849999999999999645e+00 6.700000166893005371e-02 1.529962280273437500e+03
5.195886516571044922e+01 5.099999999999999645e+00 6.700000166893005371e-02 1.349863891601562500e+03
5.204391098022460938e+01 5.150000000000000355e+00 6.700000166893005371e-02 8.100057373046875000e+02
5.215687394142150879e+01 5.129999999999999893e+00 6.700000166893005371e-02 8.100057373046875000e+02
5.225192546844482422e+01 5.089999999999999858e+00 6.700000166893005371e-02 8.100057373046875000e+02
5.235886621475219727e+01 5.040000000000000036e+00 6.700000166893005371e-02 6.299072875976562500e+02
5.244887208938598633e+01 5.070000000000000284e+00 6.700000166893005371e-02 4.498088989257812500e+02
5.254392123222351074e+01 5.000000000000000000e+00 6.700000166893005371e-02 2.697105102539062500e+02
5.265191149711608887e+01 4.959999999999999964e+00 6.700000166893005371e-02 4.502460327148437500e+02
5.274086880683898926e+01 4.879999999999999893e+00 6.700000166893005371e-02 6.299072875976562500e+02
5.285886502265930176e+01 4.919999999999999929e+00 6.700000166893005371e-02 9.901042480468750000e+02
5.294486546516418457e+01 4.950000000000000178e+00 6.700000166893005371e-02 9.901042480468750000e+02
5.305590796470642090e+01 4.950000000000000178e+00 6.700000166893005371e-02 8.100057373046875000e+02
5.315086674690246582e+01 5.009999999999999787e+00 6.700000166893005371e-02 9.000549316406250000e+02
5.324486494064331055e+01 5.049999999999999822e+00 6.700000166893005371e-02 4.498088989257812500e+02
5.334886693954467773e+01 4.910000000000000142e+00 6.700000166893005371e-02 2.697105102539062500e+02
5.343991875648498535e+01 4.839999999999999858e+00 6.700000166893005371e-02 3.601968383789062500e+02
5.355286860466003418e+01 4.860000000000000320e+00 6.700000166893005371e-02 6.299072875976562500e+02
5.364086914062500000e+01 4.879999999999999893e+00 6.700000166893005371e-02 9.000549316406250000e+02
5.375486445426940918e+01 4.929999999999999716e+00 6.700000166893005371e-02 9.901042480468750000e+02
5.384886598587036133e+01 4.990000000000000213e+00 6.700000166893005371e-02 1.080153442382812500e+03
5.395592045783996582e+01 5.120000000000000107e+00 6.700000166893005371e-02 9.000549316406250000e+02
5.404688072204589844e+01 5.150000000000000355e+00 6.700000166893005371e-02 4.498088989257812500e+02
5.414186501502990723e+01 5.009999999999999787e+00 6.700000166893005371e-02 4.498088989257812500e+02
5.424886989593505859e+01 4.940000000000000391e+00 6.700000166893005371e-02 6.299072875976562500e+02
5.433886647224426270e+01 4.990000000000000213e+00 6.700000166893005371e-02 8.100057373046875000e+02
5.445687389373779297e+01 5.009999999999999787e+00 6.700000166893005371e-02 9.000549316406250000e+02
5.454186773300170898e+01 5.099999999999999645e+00 6.700000166893005371e-02 7.199565429687500000e+02
5.465386748313903809e+01 5.049999999999999822e+00 6.700000166893005371e-02 6.299072875976562500e+02
5.474886703491210938e+01 4.980000000000000426e+00 6.700000166893005371e-02 9.000549316406250000e+02
5.485687756538391113e+01 4.980000000000000426e+00 6.700000166893005371e-02 1.079934814453125000e+03
5.494586873054504395e+01 4.990000000000000213e+00 6.700000166893005371e-02 1.079934814453125000e+03
5.504086470603942871e+01 5.049999999999999822e+00 6.700000166893005371e-02 1.079934814453125000e+03
5.514986515045166016e+01 5.070000000000000284e+00 6.700000166893005371e-02 7.199565429687500000e+02
5.523887562751770020e+01 5.070000000000000284e+00 6.700000166893005371e-02 4.498088989257812500e+02
5.535591578483581543e+01 4.959999999999999964e+00 6.700000166893005371e-02 4.500274658203125000e+02
5.544286632537841797e+01 4.900000000000000355e+00 6.700000166893005371e-02 4.500274658203125000e+02
5.555386471748352051e+01 4.910000000000000142e+00 6.700000166893005371e-02 7.199565429687500000e+02
5.564486861228942871e+01 4.969999999999999751e+00 6.700000166893005371e-02 9.000549316406250000e+02
5.575786638259887695e+01 4.980000000000000426e+00 6.700000166893005371e-02 5.398581542968750000e+02
5.584586620330810547e+01 5.040000000000000036e+00 6.700000166893005371e-02 3.599782714843750000e+02
5.595886397361755371e+01 5.009999999999999787e+00 6.700000166893005371e-02 5.400767211914062500e+02
5.605386447906494141e+01 4.950000000000000178e+00 6.700000166893005371e-02 7.199565429687500000e+02
5.613886666297912598e+01 4.980000000000000426e+00 6.700000166893005371e-02 9.000549316406250000e+02
5.625191974639892578e+01 5.040000000000000036e+00 6.700000166893005371e-02 8.100057373046875000e+02
5.634687328338623047e+01 4.990000000000000213e+00 6.700000166893005371e-02 8.100057373046875000e+02
5.645386481285095215e+01 5.019999999999999574e+00 6.700000166893005371e-02 8.100057373046875000e+02
5.654390907287597656e+01 4.980000000000000426e+00 6.700000166893005371e-02 8.998363647460937500e+02
5.663886642456054688e+01 4.969999999999999751e+00 6.700000166893005371e-02 9.901042480468750000e+02
5.674687004089355469e+01 4.950000000000000178e+00 6.700000166893005371e-02 9.000549316406250000e+02
5.685886597633361816e+01 5.030000000000000249e+00 6.700000166893005371e-02 7.199565429687500000e+02
5.695386505126953125e+01 5.080000000000000071e+00 6.700000166893005371e-02 3.599782714843750000e+02
5.703991985321044922e+01 5.049999999999999822e+00 6.700000166893005371e-02 1.799891357421875000e+02
5.715086483955383301e+01 4.900000000000000355e+00 6.700000166893005371e-02 2.700383605957031250e+02
5.724588704109191895e+01 4.889999999999999680e+00 6.700000166893005371e-02 4.500274658203125000e+02
5.735486531257629395e+01 4.950000000000000178e+00 6.700000166893005371e-02 5.399674072265625000e+02
5.744393038749694824e+01 5.000000000000000000e+00 6.700000166893005371e-02 7.199565429687500000e+02
5.753486609458923340e+01 4.959999999999999964e+00 6.700000166893005371e-02 9.000549316406250000e+02
5.764791488647460938e+01 4.990000000000000213e+00 6.700000166893005371e-02 6.299072875976562500e+02
5.775886511802673340e+01 5.070000000000000284e+00 6.700000166893005371e-02 6.300166015625000000e+02
5.784986424446105957e+01 5.049999999999999822e+00 6.700000166893005371e-02 5.399674072265625000e+02
5.794391846656799316e+01 5.030000000000000249e+00 6.700000166893005371e-02 6.300166015625000000e+02
5.805086493492126465e+01 5.009999999999999787e+00 6.700000166893005371e-02 7.199565429687500000e+02
5.814186453819274902e+01 4.990000000000000213e+00 6.700000166893005371e-02 6.300166015625000000e+02
5.825886535644531250e+01 5.019999999999999574e+00 6.700000166893005371e-02 6.300166015625000000e+02
5.834391856193542480e+01 5.019999999999999574e+00 6.700000166893005371e-02 6.300166015625000000e+02
5.845687174797058105e+01 5.009999999999999787e+00 6.700000166893005371e-02 7.200111694335937500e+02
5.855190777778625488e+01 4.969999999999999751e+00 6.700000166893005371e-02 9.899949340820312500e+02
5.865886449813842773e+01 4.980000000000000426e+00 6.700000166893005371e-02 9.000003051757812500e+02
5.874886918067932129e+01 5.120000000000000107e+00 6.700000166893005371e-02 5.400220947265625000e+02
5.884391832351684570e+01 5.030000000000000249e+00 6.700000166893005371e-02 5.400220947265625000e+02
5.895190811157226562e+01 4.910000000000000142e+00 6.700000166893005371e-02 5.399947509765625000e+02
5.904086780548095703e+01 4.820000000000000284e+00 6.700000166893005371e-02 8.100057373046875000e+02
5.915887022018432617e+01 4.889999999999999680e+00 6.700000166893005371e-02 8.100057373046875000e+02
5.924486780166625977e+01 4.980000000000000426e+00 6.700000166893005371e-02 9.900086059570312500e+02
5.935592770576477051e+01 4.990000000000000213e+00 6.700000166893005371e-02 9.000003051757812500e+02
5.945087099075317383e+01 5.019999999999999574e+00 6.700000166893005371e-02 9.000003051757812500e+02
5.955991578102111816e+01 5.059999999999999609e+00 6.700000166893005371e-02 9.000003051757812500e+02
5.964886498451232910e+01 5.049999999999999822e+00 6.700000166893005371e-02 9.899949340820312500e+02
5.973991346359252930e+01 5.009999999999999787e+00 6.700000166893005371e-02 8.100057373046875000e+02
5.985286641120910645e+01 5.009999999999999787e+00 6.700000166893005371e-02 1.079989501953125000e+03
5.994086575508117676e+01 5.030000000000000249e+00 6.700000166893005371e-02 9.000003051757812500e+02
6.005486321449279785e+01 5.030000000000000249e+00 6.700000166893005371e-02 9.000003051757812500e+02
6.014886784553527832e+01 4.929999999999999716e+00 6.700000166893005371e-02 7.200111694335937500e+02
6.025590825080871582e+01 5.080000000000000071e+00 6.700000166893005371e-02 0.000000000000000000e+00
6.034686517715454102e+01 5.000000000000000000e+00 6.700000166893005371e-02 0.000000000000000000e+00
6.044186425209045410e+01 5.959999999999999964e+00 6.700000166893005371e-02 0.000000000000000000e+00
6.054886674880981445e+01 7.870000000000000107e+00 3.299999982118606567e-02 -1.259978515625000000e+03
6.063887119293212891e+01 5.120000000000000107e+00 3.299999982118606567e-02 -1.620011474609375000e+03
6.075687289237976074e+01 4.870000000000000107e+00 3.299999982118606567e-02 -1.260005859375000000e+03
6.084186768531799316e+01 5.070000000000000284e+00 3.299999982118606567e-02 -1.350000488281250000e+03
6.095386409759521484e+01 5.200000000000000178e+00 3.299999982118606567e-02 -1.979999877929687500e+03
6.104886722564697266e+01 4.969999999999999751e+00 3.299999982118606567e-02 -2.160006347656250000e+03
6.115686750411987305e+01 4.769999999999999574e+00 3.299999982118606567e-02 -1.800000610351562500e+03
6.124586534500122070e+01 4.769999999999999574e+00 3.299999982118606567e-02 -1.349973144531250000e+03
6.134086632728576660e+01 4.959999999999999964e+00 3.299999982118606567e-02 -1.620011474609375000e+03
6.144986534118652344e+01 5.019999999999999574e+00 3.299999982118606567e-02 -1.710006103515625000e+03
6.153886461257934570e+01 4.830000000000000071e+00 3.299999982118606567e-02 -1.620011474609375000e+03
6.165590953826904297e+01 4.950000000000000178e+00 3.299999982118606567e-02 -1.440022338867187500e+03
6.174286770820617676e+01 5.070000000000000284e+00 3.299999982118606567e-02 -1.529962280273437500e+03
6.185394072532653809e+01 4.929999999999999716e+00 3.299999982118606567e-02 -1.440022338867187500e+03
6.194486665725708008e+01 4.990000000000000213e+00 3.299999982118606567e-02 -1.800000610351562500e+03
6.205786728858947754e+01 4.900000000000000355e+00 3.299999982118606567e-02 -1.979989868164062500e+03
6.214586663246154785e+01 4.820000000000000284e+00 3.299999982118606567e-02 -1.890159179687500000e+03
6.225886535644531250e+01 4.820000000000000284e+00 3.299999982118606567e-02 -1.710060668945312500e+03
6.235386610031127930e+01 4.809999999999999609e+00 3.299999982118606567e-02 -1.620011474609375000e+03
6.243886661529541016e+01 5.040000000000000036e+00 3.299999982118606567e-02 -1.799891357421875000e+03
6.255191802978515625e+01 4.959999999999999964e+00 3.299999982118606567e-02 -1.979989868164062500e+03
6.264687252044677734e+01 4.809999999999999609e+00 3.299999982118606567e-02 -1.890159179687500000e+03
6.275386524200439453e+01 4.790000000000000036e+00 3.299999982118606567e-02 -1.439913085937500000e+03
6.284391546249389648e+01 4.849999999999999645e+00 3.299999982118606567e-02 -1.439913085937500000e+03
6.293886542320251465e+01 4.900000000000000355e+00 3.299999982118606567e-02 -1.350082397460937500e+03
6.304687356948852539e+01 4.950000000000000178e+00 3.299999982118606567e-02 -1.350082397460937500e+03
6.315886664390563965e+01 4.870000000000000107e+00 3.299999982118606567e-02 -1.080153442382812500e+03
6.325386404991149902e+01 4.929999999999999716e+00 3.299999982118606567e-02 -8.996177978515625000e+02
6.333992505073547363e+01 5.070000000000000284e+00 3.299999982118606567e-02 -9.000549316406250000e+02
6.345086598396301270e+01 5.120000000000000107e+00 3.299999982118606567e-02 -9.896671142578125000e+02
6.354586410522460938e+01 5.049999999999999822e+00 3.299999982118606567e-02 -9.901042480468750000e+02
6.365486574172973633e+01 4.959999999999999964e+00 3.299999982118606567e-02 -1.260251708984375000e+03
6.374390649795532227e+01 4.940000000000000391e+00 3.299999982118606567e-02 -1.259814575195312500e+03
6.383486771583557129e+01 4.889999999999999680e+00 3.299999982118606567e-02 -1.350301025390625000e+03
6.394792008399963379e+01 4.940000000000000391e+00 3.299999982118606567e-02 -1.620011474609375000e+03
6.405886554718017578e+01 4.929999999999999716e+00 3.299999982118606567e-02 -1.620011474609375000e+03
6.414986419677734375e+01 4.860000000000000320e+00 3.299999982118606567e-02 -1.260251708984375000e+03
6.424392485618591309e+01 4.860000000000000320e+00 3.299999982118606567e-02 -1.349863891601562500e+03
6.435086488723754883e+01 5.030000000000000249e+00 3.299999982118606567e-02 -1.439913085937500000e+03
6.444186711311340332e+01 4.990000000000000213e+00 3.299999982118606567e-02 -1.259814575195312500e+03
6.455886888504028320e+01 4.929999999999999716e+00 3.299999982118606567e-02 -1.259814575195312500e+03
6.464391326904296875e+01 4.919999999999999929e+00 3.299999982118606567e-02 -1.259814575195312500e+03
6.475687789916992188e+01 4.849999999999999645e+00 3.299999982118606567e-02 -1.169765380859375000e+03
6.485191392898559570e+01 4.879999999999999893e+00 3.299999982118606567e-02 -1.080153442382812500e+03
6.495886564254760742e+01 4.099999999999999645e+00 3.299999982118606567e-02 0.000000000000000000e+00
6.504887056350708008e+01 3.459999999999999964e+00 3.299999982118606567e-02 0.000000000000000000e+00
6.514391016960144043e+01 3.520000000000000018e+00 3.299999982118606567e-02 0.000000000000000000e+00
6.525190353393554688e+01 3.220000000000000195e+00 3.299999982118606567e-02 0.000000000000000000e+00
6.534087729454040527e+01 2.490000000000000213e+00 3.299999982118606567e-02 0.000000000000000000e+00
6.545887684822082520e+01 2.930000000000000160e+00 6.700000166893005371e-02 9.000549316406250000e+02
6.554487228393554688e+01 4.919999999999999929e+00 6.700000166893005371e-02 3.601968383789062500e+02
6.565593099594116211e+01 5.009999999999999787e+00 6.700000166893005371e-02 4.498088989257812500e+02
6.575086784362792969e+01 4.799999999999999822e+00 6.700000166893005371e-02 8.100057373046875000e+02
6.584486532211303711e+01 4.809999999999999609e+00 6.700000166893005371e-02 1.259814575195312500e+03
6.594886660575866699e+01 5.030000000000000249e+00 6.700000166893005371e-02 1.260251708984375000e+03
6.603991460800170898e+01 5.030000000000000249e+00 6.700000166893005371e-02 1.170202514648437500e+03
6.615286707878112793e+01 5.070000000000000284e+00 6.700000166893005371e-02 1.260251708984375000e+03
6.624086642265319824e+01 5.110000000000000320e+00 6.700000166893005371e-02 1.439913085937500000e+03
6.635486626625061035e+01 5.049999999999999822e+00 6.700000166893005371e-02 1.620011474609375000e+03
6.644886708259582520e+01 5.059999999999999609e+00 6.700000166893005371e-02 1.620011474609375000e+03
6.655590939521789551e+01 5.059999999999999609e+00 6.700000166893005371e-02 1.349863891601562500e+03
6.664686846733093262e+01 5.000000000000000000e+00 6.700000166893005371e-02 1.260251708984375000e+03
6.674186849594116211e+01 5.059999999999999609e+00 6.700000166893005371e-02 1.170202514648437500e+03
6.684886598587036133e+01 4.969999999999999751e+00 6.700000166893005371e-02 1.169765380859375000e+03
6.693886542320251465e+01 5.009999999999999787e+00 6.700000166893005371e-02 1.259814575195312500e+03
6.705687093734741211e+01 5.000000000000000000e+00 6.700000166893005371e-02 1.349863891601562500e+03
6.714186477661132812e+01 5.110000000000000320e+00 6.700000166893005371e-02 1.529962280273437500e+03
6.725386595726013184e+01 5.070000000000000284e+00 6.700000166893005371e-02 1.620011474609375000e+03
6.734886813163757324e+01 5.169999999999999929e+00 6.700000166893005371e-02 1.439913085937500000e+03
6.745687413215637207e+01 5.099999999999999645e+00 6.700000166893005371e-02 1.349863891601562500e+03
6.754586720466613770e+01 4.990000000000000213e+00 6.700000166893005371e-02 1.530180786132812500e+03
6.764086842536926270e+01 4.980000000000000426e+00 6.700000166893005371e-02 2.070039062500000000e+03
6.774986672401428223e+01 5.080000000000000071e+00 6.700000166893005371e-02 1.710060668945312500e+03
6.783886861801147461e+01 5.089999999999999858e+00 6.700000166893005371e-02 1.529962280273437500e+03
6.795592284202575684e+01 5.059999999999999609e+00 6.700000166893005371e-02 1.529962280273437500e+03
6.804286837577819824e+01 5.059999999999999609e+00 6.700000166893005371e-02 1.709842163085937500e+03
6.815386462211608887e+01 5.089999999999999858e+00 6.700000166893005371e-02 1.620011474609375000e+03
6.824486923217773438e+01 5.080000000000000071e+00 6.700000166893005371e-02 1.529962280273437500e+03
6.835786747932434082e+01 5.040000000000000036e+00 6.700000166893005371e-02 1.439913085937500000e+03
6.844586896896362305e+01 5.000000000000000000e+00 6.700000166893005371e-02 1.350082397460937500e+03
6.855991721153259277e+01 5.059999999999999609e+00 6.700000166893005371e-02 1.349973144531250000e+03
6.865387225151062012e+01 5.070000000000000284e+00 6.700000166893005371e-02 1.169984008789062500e+03
6.873886561393737793e+01 5.080000000000000071e+00 6.700000166893005371e-02 1.260033203125000000e+03
6.885191917419433594e+01 5.040000000000000036e+00 6.700000166893005371e-02 1.350082397460937500e+03
6.894687151908874512e+01 5.049999999999999822e+00 6.700000166893005371e-02 1.620011474609375000e+03
6.905386567115783691e+01 5.089999999999999858e+00 6.700000166893005371e-02 1.439913085937500000e+03
6.914391946792602539e+01 5.120000000000000107e+00 6.700000166893005371e-02 1.439967651367187500e+03
6.923886632919311523e+01 5.070000000000000284e+00 6.700000166893005371e-02 1.440022338867187500e+03
6.934687614440917969e+01 4.980000000000000426e+00 6.700000166893005371e-02 1.529962280273437500e+03
6.945886611938476562e+01 5.150000000000000355e+00 6.700000166893005371e-02 1.080016845703125000e+03
6.955386495590209961e+01 4.900000000000000355e+00 6.700000166893005371e-02 1.170011352539062500e+03
6.963991856575012207e+01 4.980000000000000426e+00 6.700000166893005371e-02 1.619997802734375000e+03
6.975087857246398926e+01 5.030000000000000249e+00 6.700000166893005371e-02 1.529999877929687500e+03
6.984586644172668457e+01 5.129999999999999893e+00 6.700000166893005371e-02 1.440008666992187500e+03
6.995486831665039062e+01 5.110000000000000320e+00 6.700000166893005371e-02 1.260005859375000000e+03
7.004392051696777344e+01 5.070000000000000284e+00 6.700000166893005371e-02 1.260005859375000000e+03
7.013487792015075684e+01 5.070000000000000284e+00 6.700000166893005371e-02 1.169984008789062500e+03
7.024792027473449707e+01 5.049999999999999822e+00 6.700000166893005371e-02 2.699837036132812500e+02
7.035886764526367188e+01 4.940000000000000391e+00 6.700000166893005371e-02 0.000000000000000000e+00
7.044986486434936523e+01 4.669999999999999929e+00 6.700000166893005371e-02 0.000000000000000000e+00
7.054392099380493164e+01 4.549999999999999822e+00 6.700000166893005371e-02 0.000000000000000000e+00
7.065086674690246582e+01 4.509999999999999787e+00 6.700000166893005371e-02 0.000000000000000000e+00
7.074186658859252930e+01 4.440000000000000391e+00 6.700000166893005371e-02 8.999456787109375000e+01
7.085886383056640625e+01 4.540000000000000036e+00 6.700000166893005371e-02 0.000000000000000000e+00
7.094391083717346191e+01 4.540000000000000036e+00 6.700000166893005371e-02 0.000000000000000000e+00
7.105687117576599121e+01 4.519999999999999574e+00 6.700000166893005371e-02 0.000000000000000000e+00
7.115191721916198730e+01 4.509999999999999787e+00 6.700000166893005371e-02 0.000000000000000000e+00
7.125886392593383789e+01 4.459999999999999964e+00 6.700000166893005371e-02 0.000000000000000000e+00
7.134886693954467773e+01 4.450000000000000178e+00 6.700000166893005371e-02 0.000000000000000000e+00
7.144391322135925293e+01 4.440000000000000391e+00 6.700000166893005371e-02 0.000000000000000000e+00
7.155191469192504883e+01 4.440000000000000391e+00 6.700000166893005371e-02 0.000000000000000000e+00
7.164086437225341797e+01 4.419999999999999929e+00 6.700000166893005371e-02 0.000000000000000000e+00
7.175886631011962891e+01 4.389999999999999680e+00 6.700000166893005371e-02 0.000000000000000000e+00
7.184487724304199219e+01 4.379999999999999893e+00 6.700000166893005371e-02 0.000000000000000000e+00
7.195591330528259277e+01 4.370000000000000107e+00 6.700000166893005371e-02 0.000000000000000000e+00
7.205088257789611816e+01 4.349999999999999645e+00 6.700000166893005371e-02 0.000000000000000000e+00
7.213787603378295898e+01 4.330000000000000071e+00 6.700000166893005371e-02 0.000000000000000000e+00
7.224887156486511230e+01 4.320000000000000284e+00 6.700000166893005371e-02 0.000000000000000000e+00
7.233993196487426758e+01 4.320000000000000284e+00 6.700000166893005371e-02 0.000000000000000000e+00
7.245295977592468262e+01 4.299999999999999822e+00 6.700000166893005371e-02 0.000000000000000000e+00
7.254087758064270020e+01 4.280000000000000249e+00 6.700000166893005371e-02 0.000000000000000000e+00
