1.094293594360351562e-02 2.069999999999999840e+00 1.200000010430812836e-02 -9.004920959472656250e+01
1.109480857849121094e-01 2.359999999999999876e+00 4.500000178813934326e-02 0.000000000000000000e+00
2.049460411071777344e-01 2.600000000000000089e+00 4.500000178813934326e-02 3.601968383789062500e+02
2.989442348480224609e-01 2.779999999999999805e+00 1.200000010430812836e-02 0.000000000000000000e+00
4.109425544738769531e-01 2.459999999999999964e+00 1.499999966472387314e-02 0.000000000000000000e+00
4.969522953033447266e-01 2.189999999999999947e+00 1.300000026822090149e-02 -2.701476440429687500e+02
5.909442901611328125e-01 2.270000000000000018e+00 4.500000178813934326e-02 0.000000000000000000e+00
7.039859294891357422e-01 2.319999999999999840e+00 4.500000178813934326e-02 0.000000000000000000e+00
8.109424114227294922e-01 2.669999999999999929e+00 4.500000178813934326e-02 0.000000000000000000e+00
9.059436321258544922e-01 2.660000000000000142e+00 4.500000178813934326e-02 2.701476440429687500e+02
9.969494342803955078e-01 2.640000000000000124e+00 1.400000043213367462e-02 0.000000000000000000e+00
1.103988409042358398e+00 2.419999999999999929e+00 1.499999966472387314e-02 0.000000000000000000e+00
1.194943428039550781e+00 2.209999999999999964e+00 1.200000010430812836e-02 -3.601968383789062500e+02
1.311995983123779297e+00 2.259999999999999787e+00 1.200000010430812836e-02 -2.701476440429687500e+02
1.396951913833618164e+00 2.379999999999999893e+00 4.500000178813934326e-02 0.000000000000000000e+00
1.509942770004272461e+00 2.919999999999999929e+00 1.300000026822090149e-02 -1.800984191894531250e+02
1.603992938995361328e+00 2.259999999999999787e+00 1.400000043213367462e-02 -9.004920959472656250e+01
1.711990594863891602e+00 2.410000000000000142e+00 1.400000043213367462e-02 -1.796612854003906250e+02
1.801944017410278320e+00 2.350000000000000089e+00 1.300000026822090149e-02 -1.800984191894531250e+02
1.896950006484985352e+00 2.549999999999999822e+00 1.499999966472387314e-02 -3.601968383789062500e+02
2.004944801330566406e+00 2.600000000000000089e+00 1.499999966472387314e-02 -5.398581542968750000e+02
2.093941688537597656e+00 2.600000000000000089e+00 1.499999966472387314e-02 -4.498088989257812500e+02
2.212002038955688477e+00 2.629999999999999893e+00 1.499999966472387314e-02 -3.601968383789062500e+02
2.300944089889526367e+00 2.600000000000000089e+00 1.499999966472387314e-02 -3.601968383789062500e+02
2.408943176269531250e+00 2.700000000000000178e+00 1.499999966472387314e-02 -4.502460327148437500e+02
2.503989219665527344e+00 2.660000000000000142e+00 1.499999966472387314e-02 -3.601968383789062500e+02
2.593943119049072266e+00 2.709999999999999964e+00 1.499999966472387314e-02 -3.601968383789062500e+02
2.701942682266235352e+00 2.770000000000000018e+00 1.499999966472387314e-02 -3.601968383789062500e+02
2.795989751815795898e+00 2.700000000000000178e+00 1.499999966472387314e-02 -3.597597045898437500e+02
2.908945083618164062e+00 2.750000000000000000e+00 1.499999966472387314e-02 -5.402952880859375000e+02
2.993942260742187500e+00 2.740000000000000213e+00 1.499999966472387314e-02 -4.498088989257812500e+02
3.110948085784912109e+00 2.770000000000000018e+00 1.499999966472387314e-02 -5.402952880859375000e+02
3.201942682266235352e+00 2.700000000000000178e+00 1.499999966472387314e-02 -5.398581542968750000e+02
3.308942079544067383e+00 2.720000000000000195e+00 1.499999966472387314e-02 -5.402952880859375000e+02
3.399986982345581055e+00 2.709999999999999964e+00 1.499999966472387314e-02 -4.502460327148437500e+02
3.493942260742187500e+00 2.729999999999999982e+00 1.499999966472387314e-02 -4.498088989257812500e+02
3.601944684982299805e+00 2.770000000000000018e+00 1.499999966472387314e-02 -5.398581542968750000e+02
3.692010402679443359e+00 2.759999999999999787e+00 1.499999966472387314e-02 -3.601968383789062500e+02
3.808940887451171875e+00 2.729999999999999982e+00 1.499999966472387314e-02 -3.597597045898437500e+02
3.894944190979003906e+00 2.759999999999999787e+00 1.499999966472387314e-02 -2.697105102539062500e+02
4.006947994232177734e+00 2.799999999999999822e+00 1.499999966472387314e-02 -2.701476440429687500e+02
4.101942062377929688e+00 2.740000000000000213e+00 1.499999966472387314e-02 -2.701476440429687500e+02
4.209945201873779297e+00 2.810000000000000053e+00 1.499999966472387314e-02 -3.601968383789062500e+02
4.298942804336547852e+00 2.770000000000000018e+00 1.499999966472387314e-02 -4.498088989257812500e+02
4.393943071365356445e+00 2.790000000000000036e+00 1.499999966472387314e-02 -3.601968383789062500e+02
4.505942106246948242e+00 2.799999999999999822e+00 1.499999966472387314e-02 -4.498088989257812500e+02
4.591991186141967773e+00 2.830000000000000071e+00 1.499999966472387314e-02 -6.299072875976562500e+02
4.708943843841552734e+00 2.810000000000000053e+00 1.499999966472387314e-02 -5.398581542968750000e+02
4.798942804336547852e+00 2.810000000000000053e+00 1.499999966472387314e-02 -5.398581542968750000e+02
4.906954526901245117e+00 2.819999999999999840e+00 1.499999966472387314e-02 -6.303444213867187500e+02
5.000945329666137695e+00 2.790000000000000036e+00 1.499999966472387314e-02 -5.402952880859375000e+02
5.091985225677490234e+00 2.799999999999999822e+00 1.499999966472387314e-02 -4.502460327148437500e+02
5.198949813842773438e+00 2.779999999999999805e+00 1.499999966472387314e-02 -6.303444213867187500e+02
5.289942502975463867e+00 2.819999999999999840e+00 1.499999966472387314e-02 -5.398581542968750000e+02
5.406951427459716797e+00 2.839999999999999858e+00 1.499999966472387314e-02 -4.502460327148437500e+02
5.491992712020874023e+00 2.850000000000000089e+00 1.499999966472387314e-02 -4.498088989257812500e+02
5.604948282241821289e+00 2.850000000000000089e+00 1.499999966472387314e-02 -4.498088989257812500e+02
5.698942661285400391e+00 2.819999999999999840e+00 1.499999966472387314e-02 -3.601968383789062500e+02
5.806945323944091797e+00 2.790000000000000036e+00 1.499999966472387314e-02 -4.498088989257812500e+02
5.896950244903564453e+00 2.859999999999999876e+00 1.499999966472387314e-02 -4.502460327148437500e+02
5.991986274719238281e+00 2.819999999999999840e+00 1.499999966472387314e-02 -3.601968383789062500e+02
6.099987745285034180e+00 2.850000000000000089e+00 1.499999966472387314e-02 -4.498088989257812500e+02
6.210942983627319336e+00 2.799999999999999822e+00 1.499999966472387314e-02 -3.597597045898437500e+02
6.306960821151733398e+00 2.890000000000000124e+00 1.499999966472387314e-02 -6.299072875976562500e+02
6.395991802215576172e+00 2.830000000000000071e+00 1.499999966472387314e-02 -5.398581542968750000e+02
6.503979682922363281e+00 2.939999999999999947e+00 1.499999966472387314e-02 -6.299072875976562500e+02
6.598942518234252930e+00 2.919999999999999929e+00 1.499999966472387314e-02 -6.299072875976562500e+02
6.710948467254638672e+00 2.859999999999999876e+00 1.499999966472387314e-02 -5.398581542968750000e+02
6.796952486038208008e+00 2.859999999999999876e+00 1.499999966472387314e-02 -5.402952880859375000e+02
6.890946149826049805e+00 2.899999999999999911e+00 1.499999966472387314e-02 -5.398581542968750000e+02
7.003994941711425781e+00 2.810000000000000053e+00 1.499999966472387314e-02 -5.398581542968750000e+02
7.095983505249023438e+00 2.799999999999999822e+00 1.499999966472387314e-02 -4.498088989257812500e+02
7.205944061279296875e+00 2.839999999999999858e+00 1.499999966472387314e-02 -4.498088989257812500e+02
7.296950817108154297e+00 2.859999999999999876e+00 1.499999966472387314e-02 -3.601968383789062500e+02
7.403984785079956055e+00 2.830000000000000071e+00 1.499999966472387314e-02 -3.597597045898437500e+02
7.494944334030151367e+00 2.899999999999999911e+00 1.499999966472387314e-02 -3.601968383789062500e+02
7.610941886901855469e+00 2.859999999999999876e+00 1.499999966472387314e-02 -4.502460327148437500e+02
7.696946620941162109e+00 2.810000000000000053e+00 1.499999966472387314e-02 -4.502460327148437500e+02
7.809941530227661133e+00 2.819999999999999840e+00 1.499999966472387314e-02 -5.402952880859375000e+02
7.903984069824218750e+00 2.839999999999999858e+00 1.499999966472387314e-02 -5.402952880859375000e+02
8.005942583084106445e+00 2.819999999999999840e+00 1.499999966472387314e-02 -5.398581542968750000e+02
8.101945638656616211e+00 2.799999999999999822e+00 1.499999966472387314e-02 -6.301258544921875000e+02
8.196950197219848633e+00 2.859999999999999876e+00 1.499999966472387314e-02 -7.199565429687500000e+02
8.304944276809692383e+00 2.850000000000000089e+00 1.499999966472387314e-02 -7.199565429687500000e+02
8.393942594528198242e+00 2.839999999999999858e+00 1.499999966472387314e-02 -6.299072875976562500e+02
8.510943412780761719e+00 2.850000000000000089e+00 1.499999966472387314e-02 -7.201751098632812500e+02
8.600945949554443359e+00 2.810000000000000053e+00 1.499999966472387314e-02 -7.199565429687500000e+02
8.708945274353027344e+00 2.810000000000000053e+00 1.499999966472387314e-02 -6.301258544921875000e+02
8.803993701934814453e+00 2.859999999999999876e+00 1.499999966472387314e-02 -6.301258544921875000e+02
8.893943071365356445e+00 2.830000000000000071e+00 1.499999966472387314e-02 -6.301258544921875000e+02
9.001942634582519531e+00 2.810000000000000053e+00 1.499999966472387314e-02 -5.398581542968750000e+02
9.095988750457763672e+00 2.879999999999999893e+00 1.499999966472387314e-02 -4.500274658203125000e+02
9.208950042724609375e+00 2.890000000000000124e+00 1.499999966472387314e-02 -5.400767211914062500e+02
9.293945312500000000e+00 2.799999999999999822e+00 1.499999966472387314e-02 -6.301258544921875000e+02
9.410949230194091797e+00 2.850000000000000089e+00 1.499999966472387314e-02 -6.301258544921875000e+02
9.502034664154052734e+00 2.839999999999999858e+00 1.499999966472387314e-02 -6.299072875976562500e+02
9.623988389968872070e+00 2.830000000000000071e+00 1.499999966472387314e-02 -5.400767211914062500e+02
9.725942373275756836e+00 2.810000000000000053e+00 1.499999966472387314e-02 -5.398581542968750000e+02
9.816947937011718750e+00 2.859999999999999876e+00 1.499999966472387314e-02 -5.398581542968750000e+02
9.923991918563842773e+00 2.879999999999999893e+00 1.499999966472387314e-02 -6.299072875976562500e+02
1.001494336128234863e+01 2.859999999999999876e+00 1.499999966472387314e-02 -7.199565429687500000e+02
1.013095164299011230e+01 2.819999999999999840e+00 1.499999966472387314e-02 -7.201751098632812500e+02
1.021695089340209961e+01 2.810000000000000053e+00 1.499999966472387314e-02 -6.301258544921875000e+02
1.032994556427001953e+01 2.819999999999999840e+00 1.499999966472387314e-02 -5.400767211914062500e+02
1.042398500442504883e+01 2.870000000000000107e+00 1.499999966472387314e-02 -6.299072875976562500e+02
1.053094053268432617e+01 2.879999999999999893e+00 1.499999966472387314e-02 -8.100057373046875000e+02
1.062194561958312988e+01 2.879999999999999893e+00 1.499999966472387314e-02 -8.100057373046875000e+02
1.071694922447204590e+01 2.810000000000000053e+00 1.499999966472387314e-02 -9.898856811523437500e+02
1.082494521141052246e+01 2.779999999999999805e+00 1.499999966472387314e-02 -9.000549316406250000e+02
1.091394305229187012e+01 2.779999999999999805e+00 1.499999966472387314e-02 -8.100057373046875000e+02
1.103094196319580078e+01 2.810000000000000053e+00 1.499999966472387314e-02 -8.999456787109375000e+02
1.112094998359680176e+01 2.790000000000000036e+00 1.499999966472387314e-02 -8.100057373046875000e+02
1.122894501686096191e+01 2.979999999999999982e+00 1.499999966472387314e-02 -8.100057373046875000e+02
1.132399749755859375e+01 2.870000000000000107e+00 1.499999966472387314e-02 -8.100057373046875000e+02
1.141394424438476562e+01 2.810000000000000053e+00 1.499999966472387314e-02 -7.199565429687500000e+02
1.152194356918334961e+01 2.810000000000000053e+00 1.499999966472387314e-02 -6.300166015625000000e+02
1.161598849296569824e+01 2.810000000000000053e+00 1.499999966472387314e-02 -5.399674072265625000e+02
1.172894549369812012e+01 2.799999999999999822e+00 1.499999966472387314e-02 -4.500274658203125000e+02
1.181394219398498535e+01 2.859999999999999876e+00 1.499999966472387314e-02 -4.500274658203125000e+02
1.193094325065612793e+01 2.799999999999999822e+00 1.499999966472387314e-02 -5.400767211914062500e+02
1.202194142341613770e+01 2.790000000000000036e+00 1.499999966472387314e-02 -4.499181823730468750e+02
1.212894296646118164e+01 2.810000000000000053e+00 1.499999966472387314e-02 -5.400220947265625000e+02
1.221998310089111328e+01 2.839999999999999858e+00 1.499999966472387314e-02 -4.500274658203125000e+02
1.231394147872924805e+01 2.870000000000000107e+00 1.499999966472387314e-02 -5.400220947265625000e+02
1.242194461822509766e+01 2.850000000000000089e+00 1.499999966472387314e-02 -4.500274658203125000e+02
1.251198720932006836e+01 2.839999999999999858e+00 1.499999966472387314e-02 -4.500274658203125000e+02
1.262894582748413086e+01 2.870000000000000107e+00 1.499999966472387314e-02 -6.300166015625000000e+02
1.271494269371032715e+01 2.879999999999999893e+00 1.499999966472387314e-02 -6.300166015625000000e+02
1.282694673538208008e+01 2.850000000000000089e+00 1.499999966472387314e-02 -5.400220947265625000e+02
1.292194271087646484e+01 2.779999999999999805e+00 1.499999966472387314e-02 -2.700383605957031250e+02
1.302994155883789062e+01 2.810000000000000053e+00 1.499999966472387314e-02 -3.599782714843750000e+02
1.311894083023071289e+01 2.859999999999999876e+00 1.499999966472387314e-02 -3.600055847167968750e+02
1.321394181251525879e+01 2.879999999999999893e+00 1.499999966472387314e-02 -4.500001525878906250e+02
1.332603907585144043e+01 2.879999999999999893e+00 1.499999966472387314e-02 -4.500001525878906250e+02
1.341201186180114746e+01 2.870000000000000107e+00 1.499999966472387314e-02 -5.399947509765625000e+02
1.352894639968872070e+01 2.899999999999999911e+00 1.499999966472387314e-02 -5.400220947265625000e+02
1.361896300315856934e+01 2.810000000000000053e+00 1.499999966472387314e-02 -4.500001525878906250e+02
1.372694921493530273e+01 2.830000000000000071e+00 1.499999966472387314e-02 -4.500001525878906250e+02
1.382094502449035645e+01 2.600000000000000089e+00 4.500000178813934326e-02 0.000000000000000000e+00
1.391199016571044922e+01 2.959999999999999964e+00 4.500000178813934326e-02 5.399947509765625000e+02
1.401894974708557129e+01 3.029999999999999805e+00 4.500000178813934326e-02 4.500001525878906250e+02
1.410996341705322266e+01 3.120000000000000107e+00 4.500000178813934326e-02 5.399947509765625000e+02
1.422695350646972656e+01 3.120000000000000107e+00 4.500000178813934326e-02 9.000003051757812500e+02
1.431198787689208984e+01 3.049999999999999822e+00 4.500000178813934326e-02 8.100057373046875000e+02
1.442494392395019531e+01 3.160000000000000142e+00 4.500000178813934326e-02 7.200111694335937500e+02
1.451894283294677734e+01 3.180000000000000160e+00 4.500000178813934326e-02 6.299619750976562500e+02
1.462695050239562988e+01 3.189999999999999947e+00 4.500000178813934326e-02 6.300166015625000000e+02
1.471695899963378906e+01 3.189999999999999947e+00 4.500000178813934326e-02 7.200111694335937500e+02
1.481198334693908691e+01 3.149999999999999911e+00 4.500000178813934326e-02 5.400220947265625000e+02
1.491999077796936035e+01 3.200000000000000178e+00 4.500000178813934326e-02 5.400220947265625000e+02
1.503094100952148438e+01 3.160000000000000142e+00 4.500000178813934326e-02 4.500274658203125000e+02
1.512694716453552246e+01 3.109999999999999876e+00 4.500000178813934326e-02 6.300166015625000000e+02
1.521607661247253418e+01 3.089999999999999858e+00 4.500000178813934326e-02 6.299619750976562500e+02
1.532399106025695801e+01 3.189999999999999947e+00 4.500000178813934326e-02 5.400767211914062500e+02
1.541894245147705078e+01 3.189999999999999947e+00 4.500000178813934326e-02 4.500274658203125000e+02
1.553094649314880371e+01 3.060000000000000053e+00 4.500000178813934326e-02 3.599782714843750000e+02
1.561694645881652832e+01 3.129999999999999893e+00 4.500000178813934326e-02 3.599782714843750000e+02
1.571094393730163574e+01 3.100000000000000089e+00 4.500000178813934326e-02 5.399674072265625000e+02
1.582398200035095215e+01 3.120000000000000107e+00 4.500000178813934326e-02 4.500274658203125000e+02
1.593094277381896973e+01 3.109999999999999876e+00 4.500000178813934326e-02 5.400767211914062500e+02
1.602595448493957520e+01 3.129999999999999893e+00 4.500000178813934326e-02 7.199565429687500000e+02
1.611695432662963867e+01 3.209999999999999964e+00 4.500000178813934326e-02 4.500274658203125000e+02
1.622399044036865234e+01 3.160000000000000142e+00 4.500000178813934326e-02 4.500274658203125000e+02
1.631494188308715820e+01 3.169999999999999929e+00 4.500000178813934326e-02 4.499181823730468750e+02
1.643095231056213379e+01 3.160000000000000142e+00 4.500000178813934326e-02 5.399674072265625000e+02
1.651694965362548828e+01 3.100000000000000089e+00 4.500000178813934326e-02 8.100057373046875000e+02
1.662994503974914551e+01 3.149999999999999911e+00 4.500000178813934326e-02 7.200657958984375000e+02
1.672398328781127930e+01 3.180000000000000160e+00 4.500000178813934326e-02 8.100057373046875000e+02
1.683094620704650879e+01 3.180000000000000160e+00 4.500000178813934326e-02 8.100057373046875000e+02
1.692194414138793945e+01 3.250000000000000000e+00 4.500000178813934326e-02 8.100057373046875000e+02
1.701694703102111816e+01 3.169999999999999929e+00 4.500000178813934326e-02 8.100057373046875000e+02
1.712494921684265137e+01 3.149999999999999911e+00 4.500000178813934326e-02 7.201751098632812500e+02
1.721394157409667969e+01 3.109999999999999876e+00 4.500000178813934326e-02 7.199565429687500000e+02
1.732994508743286133e+01 3.149999999999999911e+00 4.500000178813934326e-02 7.199565429687500000e+02
1.742094635963439941e+01 3.189999999999999947e+00 4.500000178813934326e-02 8.100057373046875000e+02
1.752894902229309082e+01 3.080000000000000071e+00 4.500000178813934326e-02 7.199565429687500000e+02
1.762398409843444824e+01 3.189999999999999947e+00 4.500000178813934326e-02 7.199565429687500000e+02
1.771394252777099609e+01 3.160000000000000142e+00 4.500000178813934326e-02 6.301258544921875000e+02
1.782194304466247559e+01 3.180000000000000160e+00 4.500000178813934326e-02 5.400767211914062500e+02
1.791599321365356445e+01 3.169999999999999929e+00 4.500000178813934326e-02 5.400767211914062500e+02
1.802894377708435059e+01 3.120000000000000107e+00 4.500000178813934326e-02 5.398581542968750000e+02
1.811399149894714355e+01 3.129999999999999893e+00 4.500000178813934326e-02 1.798798522949218750e+02
1.823094820976257324e+01 2.890000000000000124e+00 4.500000178813934326e-02 0.000000000000000000e+00
1.832194161415100098e+01 2.939999999999999947e+00 1.300000026822090149e-02 -1.798798522949218750e+02
1.842894554138183594e+01 2.600000000000000089e+00 1.300000026822090149e-02 0.000000000000000000e+00
1.851999306678771973e+01 2.680000000000000160e+00 4.500000178813934326e-02 0.000000000000000000e+00
1.861394333839416504e+01 2.810000000000000053e+00 4.500000178813934326e-02 0.000000000000000000e+00
1.872194218635559082e+01 2.799999999999999822e+00 4.500000178813934326e-02 0.000000000000000000e+00
1.881198906898498535e+01 2.859999999999999876e+00 4.500000178813934326e-02 1.800984191894531250e+02
1.892894315719604492e+01 2.950000000000000178e+00 4.500000178813934326e-02 8.983064270019531250e+01
1.901494145393371582e+01 2.770000000000000018e+00 1.200000010430812836e-02 0.000000000000000000e+00
1.912695264816284180e+01 2.740000000000000213e+00 4.500000178813934326e-02 2.701476440429687500e+02
1.922194314002990723e+01 3.100000000000000089e+00 4.500000178813934326e-02 2.701476440429687500e+02
1.932994461059570312e+01 3.129999999999999893e+00 4.500000178813934326e-02 4.500274658203125000e+02
1.941895103454589844e+01 3.100000000000000089e+00 4.500000178813934326e-02 3.599782714843750000e+02
1.951394486427307129e+01 3.129999999999999893e+00 4.500000178813934326e-02 4.498088989257812500e+02
1.962594199180603027e+01 3.149999999999999911e+00 4.500000178813934326e-02 6.299072875976562500e+02
1.971199774742126465e+01 3.160000000000000142e+00 4.500000178813934326e-02 7.199565429687500000e+02
1.982894778251647949e+01 3.149999999999999911e+00 4.500000178813934326e-02 7.199565429687500000e+02
1.991894531250000000e+01 3.200000000000000178e+00 4.500000178813934326e-02 6.299072875976562500e+02
2.002695012092590332e+01 3.149999999999999911e+00 4.500000178813934326e-02 6.299072875976562500e+02
2.012094569206237793e+01 3.149999999999999911e+00 4.500000178813934326e-02 6.301258544921875000e+02
2.021199798583984375e+01 3.149999999999999911e+00 4.500000178813934326e-02 6.299072875976562500e+02
2.031894469261169434e+01 3.160000000000000142e+00 4.500000178813934326e-02 8.100057373046875000e+02
2.040994310379028320e+01 3.149999999999999911e+00 4.500000178813934326e-02 8.100057373046875000e+02
2.052695274353027344e+01 3.149999999999999911e+00 4.500000178813934326e-02 1.080153442382812500e+03
2.061198544502258301e+01 3.160000000000000142e+00 4.500000178813934326e-02 1.079934814453125000e+03
2.072494459152221680e+01 3.140000000000000124e+00 4.500000178813934326e-02 1.080153442382812500e+03
2.081894087791442871e+01 3.209999999999999964e+00 4.500000178813934326e-02 9.000549316406250000e+02
2.092695713043212891e+01 3.100000000000000089e+00 4.500000178813934326e-02 9.000549316406250000e+02
2.101695418357849121e+01 3.140000000000000124e+00 4.500000178813934326e-02 9.896671142578125000e+02
2.111198401451110840e+01 3.220000000000000195e+00 4.500000178813934326e-02 8.100057373046875000e+02
2.121998786926269531e+01 3.189999999999999947e+00 4.500000178813934326e-02 6.299072875976562500e+02
2.133094525337219238e+01 3.180000000000000160e+00 4.500000178813934326e-02 4.498088989257812500e+02
2.142694640159606934e+01 3.069999999999999840e+00 4.500000178813934326e-02 5.398581542968750000e+02
2.151599264144897461e+01 3.089999999999999858e+00 4.500000178813934326e-02 7.203936767578125000e+02
2.162399148941040039e+01 3.149999999999999911e+00 4.500000178813934326e-02 6.299072875976562500e+02
2.171895265579223633e+01 3.149999999999999911e+00 4.500000178813934326e-02 5.402952880859375000e+02
2.183095431327819824e+01 3.189999999999999947e+00 4.500000178813934326e-02 5.402952880859375000e+02
2.191695165634155273e+01 3.120000000000000107e+00 4.500000178813934326e-02 6.303444213867187500e+02
2.201094341278076172e+01 3.080000000000000071e+00 4.500000178813934326e-02 6.299072875976562500e+02
2.212399125099182129e+01 3.149999999999999911e+00 4.500000178813934326e-02 7.199565429687500000e+02
2.223094272613525391e+01 3.100000000000000089e+00 4.500000178813934326e-02 6.299072875976562500e+02
2.232594799995422363e+01 3.060000000000000053e+00 4.500000178813934326e-02 5.398581542968750000e+02
2.241695141792297363e+01 3.120000000000000107e+00 4.500000178813934326e-02 6.299072875976562500e+02
2.252398610115051270e+01 3.089999999999999858e+00 4.500000178813934326e-02 6.299072875976562500e+02
2.261494779586791992e+01 3.080000000000000071e+00 4.500000178813934326e-02 6.299072875976562500e+02
2.273094749450683594e+01 3.049999999999999822e+00 4.500000178813934326e-02 6.299072875976562500e+02
2.281695032119750977e+01 3.040000000000000036e+00 4.500000178813934326e-02 7.203936767578125000e+02
2.292994189262390137e+01 3.040000000000000036e+00 4.500000178813934326e-02 6.299072875976562500e+02
2.302399253845214844e+01 3.100000000000000089e+00 4.500000178813934326e-02 6.299072875976562500e+02
2.313095045089721680e+01 3.080000000000000071e+00 4.500000178813934326e-02 4.502460327148437500e+02
2.322194504737854004e+01 3.040000000000000036e+00 4.500000178813934326e-02 4.502460327148437500e+02
2.331694746017456055e+01 3.120000000000000107e+00 4.500000178813934326e-02 5.402952880859375000e+02
2.342494320869445801e+01 3.100000000000000089e+00 4.500000178813934326e-02 1.796612854003906250e+02
2.351394248008728027e+01 3.089999999999999858e+00 1.200000010430812836e-02 -9.004920959472656250e+01
2.363198757171630859e+01 2.850000000000000089e+00 1.200000010430812836e-02 0.000000000000000000e+00
2.372094464302062988e+01 2.729999999999999982e+00 1.200000010430812836e-02 -1.796612854003906250e+02
2.382894515991210938e+01 2.790000000000000036e+00 1.300000026822090149e-02 -9.004920959472656250e+01
2.392398262023925781e+01 2.680000000000000160e+00 1.200000010430812836e-02 -1.796612854003906250e+02
2.401394748687744141e+01 2.700000000000000178e+00 4.500000178813934326e-02 0.000000000000000000e+00
2.412194299697875977e+01 2.640000000000000124e+00 4.500000178813934326e-02 9.004920959472656250e+01
2.421598792076110840e+01 2.979999999999999982e+00 4.500000178813934326e-02 2.701476440429687500e+02
2.432894587516784668e+01 2.910000000000000142e+00 4.500000178813934326e-02 6.299072875976562500e+02
2.441394209861755371e+01 3.000000000000000000e+00 4.500000178813934326e-02 5.398581542968750000e+02
2.453094244003295898e+01 3.029999999999999805e+00 4.500000178813934326e-02 6.303444213867187500e+02
2.462194204330444336e+01 2.979999999999999982e+00 4.500000178813934326e-02 5.398581542968750000e+02
2.472894382476806641e+01 3.060000000000000053e+00 4.500000178813934326e-02 6.299072875976562500e+02
2.481998777389526367e+01 3.080000000000000071e+00 4.500000178813934326e-02 5.398581542968750000e+02
2.491394829750061035e+01 2.990000000000000213e+00 4.500000178813934326e-02 6.303444213867187500e+02
2.502194309234619141e+01 2.970000000000000195e+00 4.500000178813934326e-02 5.398581542968750000e+02
2.511198616027832031e+01 2.970000000000000195e+00 4.500000178813934326e-02 5.402952880859375000e+02
2.522894620895385742e+01 2.899999999999999911e+00 4.500000178813934326e-02 7.199565429687500000e+02
2.531494450569152832e+01 2.930000000000000160e+00 4.500000178813934326e-02 7.199565429687500000e+02
2.542695379257202148e+01 2.970000000000000195e+00 4.500000178813934326e-02 6.299072875976562500e+02
2.552194237709045410e+01 2.930000000000000160e+00 4.500000178813934326e-02 4.498088989257812500e+02
2.562994241714477539e+01 2.879999999999999893e+00 4.500000178813934326e-02 1.800984191894531250e+02
2.571894502639770508e+01 2.850000000000000089e+00 4.500000178813934326e-02 1.800984191894531250e+02
2.581394267082214355e+01 2.810000000000000053e+00 4.500000178813934326e-02 2.701476440429687500e+02
2.592594504356384277e+01 2.810000000000000053e+00 4.500000178813934326e-02 1.800984191894531250e+02
2.601198625564575195e+01 2.729999999999999982e+00 4.500000178813934326e-02 9.004920959472656250e+01
2.612894439697265625e+01 2.750000000000000000e+00 1.200000010430812836e-02 0.000000000000000000e+00
2.621895241737365723e+01 2.350000000000000089e+00 1.300000026822090149e-02 -1.800984191894531250e+02
2.632695150375366211e+01 1.989999999999999991e+00 4.500000178813934326e-02 3.597597045898437500e+02
2.642094755172729492e+01 2.709999999999999964e+00 4.500000178813934326e-02 2.701476440429687500e+02
2.651199936866760254e+01 2.790000000000000036e+00 4.500000178813934326e-02 1.796612854003906250e+02
2.661894226074218750e+01 2.319999999999999840e+00 4.500000178813934326e-02 0.000000000000000000e+00
2.670995378494262695e+01 2.330000000000000071e+00 4.500000178813934326e-02 3.597597045898437500e+02
2.682695364952087402e+01 2.689999999999999947e+00 1.499999966472387314e-02 -4.498088989257812500e+02
2.693394708633422852e+01 2.520000000000000018e+00 1.499999966472387314e-02 -6.299072875976562500e+02
2.702494812011718750e+01 2.620000000000000107e+00 1.499999966472387314e-02 -8.100057373046875000e+02
2.711894392967224121e+01 2.649999999999999911e+00 1.499999966472387314e-02 -9.000549316406250000e+02
2.722694802284240723e+01 2.629999999999999893e+00 1.499999966472387314e-02 -9.901042480468750000e+02
2.731695032119750977e+01 2.689999999999999947e+00 1.499999966472387314e-02 -9.000549316406250000e+02
2.741198539733886719e+01 2.669999999999999929e+00 1.499999966472387314e-02 -9.000549316406250000e+02
2.751999139785766602e+01 2.689999999999999947e+00 1.499999966472387314e-02 -8.100057373046875000e+02
2.763199067115783691e+01 2.669999999999999929e+00 1.499999966472387314e-02 -6.303444213867187500e+02
2.772694754600524902e+01 2.729999999999999982e+00 1.499999966472387314e-02 -8.100057373046875000e+02
2.781599330902099609e+01 2.790000000000000036e+00 1.499999966472387314e-02 -7.199565429687500000e+02
2.792398881912231445e+01 2.750000000000000000e+00 1.499999966472387314e-02 -8.100057373046875000e+02
2.801894283294677734e+01 2.729999999999999982e+00 1.499999966472387314e-02 -8.100057373046875000e+02
2.813094592094421387e+01 2.740000000000000213e+00 1.499999966472387314e-02 -7.199565429687500000e+02
2.821695303916931152e+01 2.729999999999999982e+00 1.499999966472387314e-02 -7.199565429687500000e+02
2.831094503402709961e+01 2.750000000000000000e+00 1.499999966472387314e-02 -6.299072875976562500e+02
2.842398810386657715e+01 2.830000000000000071e+00 1.499999966472387314e-02 -7.199565429687500000e+02
2.850894379615783691e+01 2.810000000000000053e+00 1.499999966472387314e-02 -7.199565429687500000e+02
2.862594413757324219e+01 2.799999999999999822e+00 1.499999966472387314e-02 -7.199565429687500000e+02
2.871694588661193848e+01 2.759999999999999787e+00 1.499999966472387314e-02 -5.398581542968750000e+02
2.882398653030395508e+01 2.750000000000000000e+00 1.499999966472387314e-02 -6.299072875976562500e+02
2.891494345664978027e+01 2.790000000000000036e+00 1.499999966472387314e-02 -6.303444213867187500e+02
2.900894498825073242e+01 2.870000000000000107e+00 1.499999966472387314e-02 -8.100057373046875000e+02
2.911695575714111328e+01 2.819999999999999840e+00 1.499999966472387314e-02 -8.100057373046875000e+02
2.922994589805603027e+01 2.779999999999999805e+00 1.499999966472387314e-02 -7.203936767578125000e+02
2.932398986816406250e+01 2.830000000000000071e+00 1.499999966472387314e-02 -9.901042480468750000e+02
2.942596888542175293e+01 2.810000000000000053e+00 1.499999966472387314e-02 -1.080153442382812500e+03
2.952194261550903320e+01 2.790000000000000036e+00 1.499999966472387314e-02 -9.901042480468750000e+02
2.961694884300231934e+01 2.790000000000000036e+00 1.499999966472387314e-02 -1.080153442382812500e+03
2.972494578361511230e+01 2.790000000000000036e+00 1.499999966472387314e-02 -9.896671142578125000e+02
2.981394100189208984e+01 2.720000000000000195e+00 1.499999966472387314e-02 -7.203936767578125000e+02
2.993094134330749512e+01 2.709999999999999964e+00 1.499999966472387314e-02 -5.398581542968750000e+02
3.002094483375549316e+01 2.799999999999999822e+00 1.499999966472387314e-02 -2.701476440429687500e+02
3.012894272804260254e+01 2.810000000000000053e+00 1.499999966472387314e-02 -2.701476440429687500e+02
3.022398948669433594e+01 2.759999999999999787e+00 1.400000043213367462e-02 -2.697105102539062500e+02
3.031395125389099121e+01 2.750000000000000000e+00 1.300000026822090149e-02 -9.004920959472656250e+01
3.042194175720214844e+01 2.799999999999999822e+00 4.500000178813934326e-02 0.000000000000000000e+00
3.051598882675170898e+01 3.009999999999999787e+00 4.500000178813934326e-02 0.000000000000000000e+00
3.062894606590270996e+01 3.040000000000000036e+00 4.500000178813934326e-02 0.000000000000000000e+00
3.071394467353820801e+01 3.049999999999999822e+00 4.500000178813934326e-02 9.004920959472656250e+01
3.083094906806945801e+01 3.069999999999999840e+00 4.500000178813934326e-02 0.000000000000000000e+00
3.092194843292236328e+01 3.129999999999999893e+00 1.499999966472387314e-02 0.000000000000000000e+00
3.102894401550292969e+01 3.299999999999999822e+00 1.499999966472387314e-02 -5.398581542968750000e+02
3.111998581886291504e+01 2.919999999999999929e+00 1.499999966472387314e-02 -9.000549316406250000e+02
3.121400690078735352e+01 2.779999999999999805e+00 1.499999966472387314e-02 -8.996177978515625000e+02
3.132194256782531738e+01 2.779999999999999805e+00 1.499999966472387314e-02 -1.080153442382812500e+03
3.141198968887329102e+01 2.799999999999999822e+00 1.499999966472387314e-02 -1.259814575195312500e+03
3.152894544601440430e+01 2.799999999999999822e+00 1.499999966472387314e-02 -1.529962280273437500e+03
3.161494278907775879e+01 2.729999999999999982e+00 1.499999966472387314e-02 -1.620011474609375000e+03
3.172694706916809082e+01 2.720000000000000195e+00 1.499999966472387314e-02 -1.349863891601562500e+03
3.182194304466247559e+01 2.669999999999999929e+00 1.499999966472387314e-02 -9.901042480468750000e+02
3.192994356155395508e+01 2.759999999999999787e+00 1.499999966472387314e-02 -8.100057373046875000e+02
3.201894688606262207e+01 2.740000000000000213e+00 1.499999966472387314e-02 -8.097871704101562500e+02
3.211394309997558594e+01 2.779999999999999805e+00 1.499999966472387314e-02 -7.199565429687500000e+02
3.222594237327575684e+01 2.879999999999999893e+00 1.499999966472387314e-02 -8.100057373046875000e+02
3.231201267242431641e+01 2.799999999999999822e+00 1.499999966472387314e-02 -8.100057373046875000e+02
3.242894458770751953e+01 2.830000000000000071e+00 1.499999966472387314e-02 -8.100057373046875000e+02
3.251894211769104004e+01 2.799999999999999822e+00 1.499999966472387314e-02 -5.400767211914062500e+02
3.262695407867431641e+01 2.750000000000000000e+00 1.400000043213367462e-02 -1.798798522949218750e+02
3.272094631195068359e+01 2.750000000000000000e+00 1.300000026822090149e-02 -1.798798522949218750e+02
3.281198763847351074e+01 2.589999999999999858e+00 1.400000043213367462e-02 -9.004920959472656250e+01
3.291894364356994629e+01 2.700000000000000178e+00 1.200000010430812836e-02 -2.699290771484375000e+02
3.300994205474853516e+01 2.930000000000000160e+00 1.200000010430812836e-02 0.000000000000000000e+00
3.312694573402404785e+01 2.830000000000000071e+00 1.200000010430812836e-02 -2.699290771484375000e+02
3.321198964118957520e+01 2.990000000000000213e+00 1.400000043213367462e-02 -1.800984191894531250e+02
3.332494544982910156e+01 2.770000000000000018e+00 1.499999966472387314e-02 -2.701476440429687500e+02
3.341894149780273438e+01 2.850000000000000089e+00 1.499999966472387314e-02 -3.599782714843750000e+02
3.352695584297180176e+01 2.930000000000000160e+00 1.499999966472387314e-02 -6.301258544921875000e+02
3.361695051193237305e+01 2.910000000000000142e+00 1.499999966472387314e-02 -7.199565429687500000e+02
3.371198558807373047e+01 2.890000000000000124e+00 1.499999966472387314e-02 -8.100057373046875000e+02
3.381999063491821289e+01 2.870000000000000107e+00 1.499999966472387314e-02 -9.000549316406250000e+02
3.390894603729248047e+01 2.810000000000000053e+00 1.499999966472387314e-02 -1.079934814453125000e+03
3.402694773674011230e+01 2.830000000000000071e+00 1.499999966472387314e-02 -9.899949340820312500e+02
3.411605596542358398e+01 2.779999999999999805e+00 1.499999966472387314e-02 -1.079934814453125000e+03
3.422398543357849121e+01 2.779999999999999805e+00 1.499999966472387314e-02 -1.079934814453125000e+03
3.431894826889038086e+01 2.750000000000000000e+00 1.499999966472387314e-02 -9.000549316406250000e+02
3.443094372749328613e+01 2.779999999999999805e+00 1.499999966472387314e-02 -9.000549316406250000e+02
3.451695680618286133e+01 2.879999999999999893e+00 1.499999966472387314e-02 -8.100057373046875000e+02
3.461094236373901367e+01 2.930000000000000160e+00 1.499999966472387314e-02 -6.300166015625000000e+02
3.472399210929870605e+01 2.959999999999999964e+00 1.499999966472387314e-02 -6.300166015625000000e+02
3.481599235534667969e+01 2.890000000000000124e+00 1.499999966472387314e-02 -6.300166015625000000e+02
3.492594218254089355e+01 2.899999999999999911e+00 1.499999966472387314e-02 -8.999456787109375000e+02
3.501704359054565430e+01 2.750000000000000000e+00 1.499999966472387314e-02 -8.100057373046875000e+02
3.512398791313171387e+01 2.779999999999999805e+00 1.499999966472387314e-02 -6.299619750976562500e+02
3.521494531631469727e+01 2.850000000000000089e+00 1.499999966472387314e-02 -5.400220947265625000e+02
3.531494092941284180e+01 2.879999999999999893e+00 1.499999966472387314e-02 -6.300166015625000000e+02
3.541694784164428711e+01 2.899999999999999911e+00 1.499999966472387314e-02 -9.000003051757812500e+02
3.552994298934936523e+01 2.859999999999999876e+00 1.499999966472387314e-02 -8.099511108398437500e+02
3.562398719787597656e+01 2.799999999999999822e+00 1.499999966472387314e-02 -7.200111694335937500e+02
3.571694731712341309e+01 2.819999999999999840e+00 1.499999966472387314e-02 -6.299892578125000000e+02
3.582194113731384277e+01 2.890000000000000124e+00 1.499999966472387314e-02 -5.399947509765625000e+02
3.591695332527160645e+01 2.879999999999999893e+00 1.499999966472387314e-02 -6.300166015625000000e+02
3.602494621276855469e+01 2.879999999999999893e+00 1.499999966472387314e-02 -6.300029296875000000e+02
3.611394214630126953e+01 2.779999999999999805e+00 1.499999966472387314e-02 -3.600055847167968750e+02
3.623094129562377930e+01 2.759999999999999787e+00 1.400000043213367462e-02 -2.700110473632812500e+02
3.632094287872314453e+01 2.770000000000000018e+00 1.300000026822090149e-02 -9.000822448730468750e+01
3.642896294593811035e+01 2.910000000000000142e+00 1.499999966472387314e-02 0.000000000000000000e+00
3.652398753166198730e+01 2.790000000000000036e+00 1.200000010430812836e-02 -2.699973754882812500e+02
3.661394286155700684e+01 2.790000000000000036e+00 4.500000178813934326e-02 0.000000000000000000e+00
3.672194218635559082e+01 2.990000000000000213e+00 4.500000178813934326e-02 0.000000000000000000e+00
3.681598567962646484e+01 2.959999999999999964e+00 4.500000178813934326e-02 8.999456787109375000e+01
3.692894554138183594e+01 3.080000000000000071e+00 4.500000178813934326e-02 0.000000000000000000e+00
3.701394176483154297e+01 3.180000000000000160e+00 4.500000178813934326e-02 1.800027923583984375e+02
3.713094305992126465e+01 3.279999999999999805e+00 1.300000026822090149e-02 0.000000000000000000e+00
3.722194147109985352e+01 2.859999999999999876e+00 1.200000010430812836e-02 -3.599919128417968750e+02
3.732894492149353027e+01 2.680000000000000160e+00 1.400000043213367462e-02 -3.600055847167968750e+02
3.741998815536499023e+01 2.680000000000000160e+00 4.500000178813934326e-02 0.000000000000000000e+00
3.751394176483154297e+01 2.850000000000000089e+00 4.500000178813934326e-02 5.399947509765625000e+02
3.762194681167602539e+01 2.770000000000000018e+00 4.500000178813934326e-02 1.259992187500000000e+03
3.771198701858520508e+01 3.049999999999999822e+00 4.500000178813934326e-02 1.439994995117187500e+03
3.782894349098205566e+01 3.200000000000000178e+00 4.500000178813934326e-02 1.260033203125000000e+03
3.791494059562683105e+01 3.200000000000000178e+00 4.500000178813934326e-02 1.259978515625000000e+03
3.802695202827453613e+01 3.160000000000000142e+00 4.500000178813934326e-02 1.439967651367187500e+03
3.812194037437438965e+01 3.149999999999999911e+00 4.500000178813934326e-02 1.530016845703125000e+03
3.822994184494018555e+01 3.169999999999999929e+00 4.500000178813934326e-02 1.620011474609375000e+03
3.831895089149475098e+01 3.169999999999999929e+00 4.500000178813934326e-02 1.620011474609375000e+03
3.841404962539672852e+01 3.209999999999999964e+00 4.500000178813934326e-02 1.529962280273437500e+03
3.852595138549804688e+01 3.229999999999999982e+00 4.500000178813934326e-02 1.079934814453125000e+03
3.861203193664550781e+01 3.250000000000000000e+00 4.500000178813934326e-02 7.200657958984375000e+02
3.872894382476806641e+01 3.189999999999999947e+00 4.500000178813934326e-02 6.300166015625000000e+02
3.881895112991333008e+01 3.220000000000000195e+00 4.500000178813934326e-02 3.599782714843750000e+02
3.892695450782775879e+01 3.209999999999999964e+00 1.200000010430812836e-02 -3.599782714843750000e+02
3.902094578742980957e+01 2.990000000000000213e+00 1.200000010430812836e-02 -2.699290771484375000e+02
3.911198949813842773e+01 2.919999999999999929e+00 4.500000178813934326e-02 0.000000000000000000e+00
3.921894288063049316e+01 3.060000000000000053e+00 4.500000178813934326e-02 0.000000000000000000e+00
3.930994749069213867e+01 3.020000000000000018e+00 4.500000178813934326e-02 0.000000000000000000e+00
3.942694711685180664e+01 3.129999999999999893e+00 4.500000178813934326e-02 0.000000000000000000e+00
3.951199054718017578e+01 3.020000000000000018e+00 4.500000178813934326e-02 1.799891357421875000e+02
3.962494468688964844e+01 2.970000000000000195e+00 4.500000178813934326e-02 1.799891357421875000e+02
3.971894359588623047e+01 3.109999999999999876e+00 4.500000178813934326e-02 1.799891357421875000e+02
3.982695126533508301e+01 3.089999999999999858e+00 4.500000178813934326e-02 3.599782714843750000e+02
3.991695070266723633e+01 3.100000000000000089e+00 4.500000178813934326e-02 6.300166015625000000e+02
4.001198816299438477e+01 3.189999999999999947e+00 4.500000178813934326e-02 7.201751098632812500e+02
4.011998248100280762e+01 3.160000000000000142e+00 4.500000178813934326e-02 8.100057373046875000e+02
4.021598553657531738e+01 3.129999999999999893e+00 4.500000178813934326e-02 8.100057373046875000e+02
4.032694745063781738e+01 3.160000000000000142e+00 4.500000178813934326e-02 6.301258544921875000e+02
4.041598510742187500e+01 3.209999999999999964e+00 4.500000178813934326e-02 7.199565429687500000e+02
4.052398586273193359e+01 3.169999999999999929e+00 4.500000178813934326e-02 9.000549316406250000e+02
4.061894345283508301e+01 3.120000000000000107e+00 4.500000178813934326e-02 1.079934814453125000e+03
4.073094677925109863e+01 3.149999999999999911e+00 4.500000178813934326e-02 1.079934814453125000e+03
4.081694722175598145e+01 3.180000000000000160e+00 4.500000178813934326e-02 9.898856811523437500e+02
4.091094684600830078e+01 3.120000000000000107e+00 4.500000178813934326e-02 9.898856811523437500e+02
4.102398991584777832e+01 3.169999999999999929e+00 4.500000178813934326e-02 9.898856811523437500e+02
4.111600542068481445e+01 3.140000000000000124e+00 4.500000178813934326e-02 9.901042480468750000e+02
4.122595000267028809e+01 3.189999999999999947e+00 4.500000178813934326e-02 9.901042480468750000e+02
4.131695055961608887e+01 3.189999999999999947e+00 4.500000178813934326e-02 9.898856811523437500e+02
4.142399263381958008e+01 3.189999999999999947e+00 4.500000178813934326e-02 7.199565429687500000e+02
4.151494359970092773e+01 3.209999999999999964e+00 4.500000178813934326e-02 6.299072875976562500e+02
4.161494660377502441e+01 3.180000000000000160e+00 4.500000178813934326e-02 3.599782714843750000e+02
4.171694803237915039e+01 3.209999999999999964e+00 4.500000178813934326e-02 1.800984191894531250e+02
4.182994222640991211e+01 3.220000000000000195e+00 1.400000043213367462e-02 0.000000000000000000e+00
4.192398881912231445e+01 2.950000000000000178e+00 1.400000043213367462e-02 0.000000000000000000e+00
4.201695036888122559e+01 2.620000000000000107e+00 4.500000178813934326e-02 0.000000000000000000e+00
4.212194299697875977e+01 3.180000000000000160e+00 4.500000178813934326e-02 1.798798522949218750e+02
4.221694898605346680e+01 2.870000000000000107e+00 1.200000010430812836e-02 0.000000000000000000e+00
4.232494258880615234e+01 2.779999999999999805e+00 4.500000178813934326e-02 1.800984191894531250e+02
4.241394925117492676e+01 2.750000000000000000e+00 1.200000010430812836e-02 0.000000000000000000e+00
4.253094172477722168e+01 2.689999999999999947e+00 4.500000178813934326e-02 0.000000000000000000e+00
4.262094283103942871e+01 2.560000000000000053e+00 4.500000178813934326e-02 5.400767211914062500e+02
4.272894477844238281e+01 3.040000000000000036e+00 4.500000178813934326e-02 8.100057373046875000e+02
4.282399010658264160e+01 3.149999999999999911e+00 4.500000178813934326e-02 1.079934814453125000e+03
4.291394281387329102e+01 3.140000000000000124e+00 4.500000178813934326e-02 9.901042480468750000e+02
4.302194380760192871e+01 3.160000000000000142e+00 4.500000178813934326e-02 1.169765380859375000e+03
4.311598253250122070e+01 3.160000000000000142e+00 4.500000178813934326e-02 1.079716308593750000e+03
4.322894573211669922e+01 3.069999999999999840e+00 4.500000178813934326e-02 1.170202514648437500e+03
4.331394171714782715e+01 3.189999999999999947e+00 4.500000178813934326e-02 9.000549316406250000e+02
4.343094158172607422e+01 3.189999999999999947e+00 4.500000178813934326e-02 9.000549316406250000e+02
4.352194786071777344e+01 3.169999999999999929e+00 4.500000178813934326e-02 9.000549316406250000e+02
4.362894606590270996e+01 3.089999999999999858e+00 4.500000178813934326e-02 1.080153442382812500e+03
4.372007584571838379e+01 3.140000000000000124e+00 4.500000178813934326e-02 1.080153442382812500e+03
4.381394267082214355e+01 3.180000000000000160e+00 4.500000178813934326e-02 8.996177978515625000e+02
4.392194366455078125e+01 3.189999999999999947e+00 4.500000178813934326e-02 7.199565429687500000e+02
4.401199340820312500e+01 3.240000000000000213e+00 4.500000178813934326e-02 4.498088989257812500e+02
4.412895083427429199e+01 3.200000000000000178e+00 4.500000178813934326e-02 9.004920959472656250e+01
4.421494388580322266e+01 2.799999999999999822e+00 4.500000178813934326e-02 0.000000000000000000e+00
4.432695293426513672e+01 2.660000000000000142e+00 4.500000178813934326e-02 0.000000000000000000e+00
4.442194271087646484e+01 2.689999999999999947e+00 4.500000178813934326e-02 9.004920959472656250e+01
4.452994465827941895e+01 2.689999999999999947e+00 4.500000178813934326e-02 0.000000000000000000e+00
4.461894130706787109e+01 2.729999999999999982e+00 4.500000178813934326e-02 1.800984191894531250e+02
4.471394515037536621e+01 2.640000000000000124e+00 4.500000178813934326e-02 1.800984191894531250e+02
4.482594442367553711e+01 2.700000000000000178e+00 4.500000178813934326e-02 4.498088989257812500e+02
4.491203236579895020e+01 3.009999999999999787e+00 4.500000178813934326e-02 5.398581542968750000e+02
4.502894377708435059e+01 3.049999999999999822e+00 4.500000178813934326e-02 7.199565429687500000e+02
4.511894178390502930e+01 3.100000000000000089e+00 4.500000178813934326e-02 8.100057373046875000e+02
4.522694921493530273e+01 3.069999999999999840e+00 4.500000178813934326e-02 9.901042480468750000e+02
4.532094478607177734e+01 3.020000000000000018e+00 4.500000178813934326e-02 1.259814575195312500e+03
4.541198611259460449e+01 3.040000000000000036e+00 4.500000178813934326e-02 1.170202514648437500e+03
4.551894211769104004e+01 3.109999999999999876e+00 4.500000178813934326e-02 1.169765380859375000e+03
4.560994243621826172e+01 3.100000000000000089e+00 4.500000178813934326e-02 9.896671142578125000e+02
4.572694993019104004e+01 3.040000000000000036e+00 4.500000178813934326e-02 9.000549316406250000e+02
4.581199336051940918e+01 3.080000000000000071e+00 4.500000178813934326e-02 9.000549316406250000e+02
4.592494797706604004e+01 2.990000000000000213e+00 4.500000178813934326e-02 9.000549316406250000e+02
4.601894617080688477e+01 3.109999999999999876e+00 4.500000178813934326e-02 5.402952880859375000e+02
4.612696981430053711e+01 3.100000000000000089e+00 4.500000178813934326e-02 9.004920959472656250e+01
4.621695327758789062e+01 3.000000000000000000e+00 1.300000026822090149e-02 -9.004920959472656250e+01
4.631198358535766602e+01 2.439999999999999947e+00 1.300000026822090149e-02 0.000000000000000000e+00
4.641999435424804688e+01 2.580000000000000071e+00 4.500000178813934326e-02 1.800984191894531250e+02
4.651598906517028809e+01 2.569999999999999840e+00 1.200000010430812836e-02 0.000000000000000000e+00
4.662694978713989258e+01 2.549999999999999822e+00 4.500000178813934326e-02 2.701476440429687500e+02
4.671599197387695312e+01 2.580000000000000071e+00 4.500000178813934326e-02 1.796612854003906250e+02
4.682398056983947754e+01 2.910000000000000142e+00 4.500000178813934326e-02 4.502460327148437500e+02
4.691894555091857910e+01 2.939999999999999947e+00 4.500000178813934326e-02 6.299072875976562500e+02
4.703094387054443359e+01 2.910000000000000142e+00 4.500000178813934326e-02 8.100057373046875000e+02
4.711694717407226562e+01 2.890000000000000124e+00 4.500000178813934326e-02 9.896671142578125000e+02
4.721094179153442383e+01 2.939999999999999947e+00 4.500000178813934326e-02 1.079716308593750000e+03
4.732398939132690430e+01 2.939999999999999947e+00 4.500000178813934326e-02 8.996177978515625000e+02
4.742399239540100098e+01 2.890000000000000124e+00 4.500000178813934326e-02 7.199565429687500000e+02
4.752594399452209473e+01 2.779999999999999805e+00 4.500000178813934326e-02 6.299072875976562500e+02
4.761695122718811035e+01 2.720000000000000195e+00 4.500000178813934326e-02 4.498088989257812500e+02
4.772400331497192383e+01 2.410000000000000142e+00 4.500000178813934326e-02 0.000000000000000000e+00
4.781495642662048340e+01 2.359999999999999876e+00 4.500000178813934326e-02 2.701476440429687500e+02
4.791599297523498535e+01 2.459999999999999964e+00 1.200000010430812836e-02 0.000000000000000000e+00
4.801695132255554199e+01 2.419999999999999929e+00 1.400000043213367462e-02 0.000000000000000000e+00
4.812994265556335449e+01 2.169999999999999929e+00 1.499999966472387314e-02 0.000000000000000000e+00
4.822399306297302246e+01 2.100000000000000089e+00 1.200000010430812836e-02 -2.701476440429687500e+02
4.832594442367553711e+01 2.020000000000000018e+00 4.500000178813934326e-02 0.000000000000000000e+00
4.842194437980651855e+01 2.279999999999999805e+00 4.500000178813934326e-02 0.000000000000000000e+00
4.851695108413696289e+01 2.540000000000000036e+00 4.500000178813934326e-02 5.398581542968750000e+02
4.862494444847106934e+01 2.500000000000000000e+00 1.200000010430812836e-02 0.000000000000000000e+00
4.871394538879394531e+01 2.310000000000000053e+00 1.499999966472387314e-02 -9.004920959472656250e+01
4.883094477653503418e+01 2.140000000000000124e+00 1.200000010430812836e-02 -2.697105102539062500e+02
4.892094230651855469e+01 2.569999999999999840e+00 4.500000178813934326e-02 0.000000000000000000e+00
4.902894711494445801e+01 3.069999999999999840e+00 1.499999966472387314e-02 -1.169765380859375000e+03
4.912399077415466309e+01 2.640000000000000124e+00 1.499999966472387314e-02 -1.800109863281250000e+03
4.921394300460815430e+01 2.600000000000000089e+00 1.499999966472387314e-02 -1.800109863281250000e+03
4.932194375991821289e+01 2.649999999999999911e+00 1.499999966472387314e-02 -2.069820556640625000e+03
4.941598606109619141e+01 2.589999999999999858e+00 1.499999966472387314e-02 -2.249918945312500000e+03
4.952895402908325195e+01 2.720000000000000195e+00 1.499999966472387314e-02 -2.610115478515625000e+03
4.961394309997558594e+01 2.759999999999999787e+00 1.499999966472387314e-02 -2.339968017578125000e+03
4.972994303703308105e+01 2.890000000000000124e+00 1.499999966472387314e-02 -2.520066406250000000e+03
4.982194495201110840e+01 2.950000000000000178e+00 1.499999966472387314e-02 -2.699727783203125000e+03
4.992894768714904785e+01 2.859999999999999876e+00 1.499999966472387314e-02 -2.610115478515625000e+03
5.001999950408935547e+01 2.779999999999999805e+00 1.499999966472387314e-02 -1.980208496093750000e+03
5.011397528648376465e+01 2.799999999999999822e+00 1.499999966472387314e-02 -1.620011474609375000e+03
5.022194266319274902e+01 2.839999999999999858e+00 1.499999966472387314e-02 -1.259814575195312500e+03
5.031198740005493164e+01 2.810000000000000053e+00 1.499999966472387314e-02 -9.896671142578125000e+02
5.042894458770751953e+01 2.830000000000000071e+00 1.499999966472387314e-02 -9.898856811523437500e+02
5.051494240760803223e+01 2.990000000000000213e+00 1.499999966472387314e-02 -1.349863891601562500e+03
5.062695050239562988e+01 3.089999999999999858e+00 1.499999966472387314e-02 -1.979989868164062500e+03
5.072194361686706543e+01 2.979999999999999982e+00 1.499999966472387314e-02 -2.160088378906250000e+03
5.082994675636291504e+01 2.850000000000000089e+00 1.499999966472387314e-02 -1.620011474609375000e+03
5.091894221305847168e+01 2.750000000000000000e+00 1.499999966472387314e-02 -1.079934814453125000e+03
5.101394343376159668e+01 2.700000000000000178e+00 1.499999966472387314e-02 -4.500274658203125000e+02
5.112594509124755859e+01 2.729999999999999982e+00 1.300000026822090149e-02 -1.800984191894531250e+02
5.121199154853820801e+01 2.819999999999999840e+00 1.200000010430812836e-02 -9.004920959472656250e+01
5.132894587516784668e+01 2.770000000000000018e+00 1.300000026822090149e-02 -8.983064270019531250e+01
5.141894364356994629e+01 2.700000000000000178e+00 1.300000026822090149e-02 0.000000000000000000e+00
5.152695131301879883e+01 2.779999999999999805e+00 1.499999966472387314e-02 -2.699290771484375000e+02
5.162094616889953613e+01 2.990000000000000213e+00 1.499999966472387314e-02 -8.100057373046875000e+02
5.171198558807373047e+01 3.040000000000000036e+00 1.499999966472387314e-02 -1.530180786132812500e+03
5.181894111633300781e+01 2.959999999999999964e+00 1.499999966472387314e-02 -2.159869628906250000e+03
5.190994095802307129e+01 2.850000000000000089e+00 1.499999966472387314e-02 -2.430017089843750000e+03
5.202695012092590332e+01 2.870000000000000107e+00 1.499999966472387314e-02 -2.700055419921875000e+03
5.211198496818542480e+01 2.930000000000000160e+00 1.499999966472387314e-02 -2.789995361328125000e+03
5.222494244575500488e+01 2.930000000000000160e+00 1.499999966472387314e-02 -2.969984619140625000e+03
5.231894659996032715e+01 2.839999999999999858e+00 1.499999966472387314e-02 -2.609896972656250000e+03
5.242703962326049805e+01 2.830000000000000071e+00 1.499999966472387314e-02 -2.430017089843750000e+03
5.251694607734680176e+01 2.700000000000000178e+00 1.499999966472387314e-02 -1.530016845703125000e+03
5.261198186874389648e+01 2.609999999999999876e+00 1.499999966472387314e-02 -6.299892578125000000e+02
5.271998786926269531e+01 2.609999999999999876e+00 4.500000178813934326e-02 2.700110473632812500e+02
5.282398700714111328e+01 3.020000000000000018e+00 4.500000178813934326e-02 6.300166015625000000e+02
5.292694377899169922e+01 2.979999999999999982e+00 4.500000178813934326e-02 1.440022338867187500e+03
5.301598238945007324e+01 3.029999999999999805e+00 4.500000178813934326e-02 1.800000610351562500e+03
5.312398910522460938e+01 3.120000000000000107e+00 4.500000178813934326e-02 2.070039062500000000e+03
5.321894454956054688e+01 3.180000000000000160e+00 4.500000178813934326e-02 2.159979003906250000e+03
5.333094620704650879e+01 3.129999999999999893e+00 4.500000178813934326e-02 2.159979003906250000e+03
5.341696047782897949e+01 3.259999999999999787e+00 4.500000178813934326e-02 2.069929687500000000e+03
5.351094603538513184e+01 3.299999999999999822e+00 4.500000178813934326e-02 1.439913085937500000e+03
5.362399172782897949e+01 3.379999999999999893e+00 4.500000178813934326e-02 7.199565429687500000e+02
5.371598553657531738e+01 3.299999999999999822e+00 4.500000178813934326e-02 4.500274658203125000e+02
5.382594275474548340e+01 3.080000000000000071e+00 4.500000178813934326e-02 9.901042480468750000e+02
5.391694974899291992e+01 2.970000000000000195e+00 4.500000178813934326e-02 1.890159179687500000e+03
5.402398538589477539e+01 3.060000000000000053e+00 4.500000178813934326e-02 2.609896972656250000e+03
5.411494135856628418e+01 3.029999999999999805e+00 4.500000178813934326e-02 2.789995361328125000e+03
5.423094224929809570e+01 3.229999999999999982e+00 4.500000178813934326e-02 2.250137451171875000e+03
5.431695199012756348e+01 3.379999999999999893e+00 4.500000178813934326e-02 1.620011474609375000e+03
5.442994356155395508e+01 3.339999999999999858e+00 4.500000178813934326e-02 8.100057373046875000e+02
5.452399086952209473e+01 3.279999999999999805e+00 4.500000178813934326e-02 4.500274658203125000e+02
5.461004209518432617e+01 3.180000000000000160e+00 4.500000178813934326e-02 4.500274658203125000e+02
5.472194385528564453e+01 3.120000000000000107e+00 4.500000178813934326e-02 7.201751098632812500e+02
5.481694865226745605e+01 3.200000000000000178e+00 4.500000178813934326e-02 2.701476440429687500e+02
5.492494416236877441e+01 3.279999999999999805e+00 1.300000026822090149e-02 -8.983064270019531250e+01
5.501394367218017578e+01 2.830000000000000071e+00 4.500000178813934326e-02 0.000000000000000000e+00
5.513095378875732422e+01 2.629999999999999893e+00 4.500000178813934326e-02 5.400767211914062500e+02
5.522094464302062988e+01 2.939999999999999947e+00 4.500000178813934326e-02 1.439913085937500000e+03
5.532894635200500488e+01 2.990000000000000213e+00 4.500000178813934326e-02 2.159869628906250000e+03
5.542399430274963379e+01 3.080000000000000071e+00 4.500000178813934326e-02 2.249918945312500000e+03
5.551394271850585938e+01 3.149999999999999911e+00 4.500000178813934326e-02 2.159869628906250000e+03
5.562194490432739258e+01 3.189999999999999947e+00 4.500000178813934326e-02 2.069820556640625000e+03
5.571601366996765137e+01 3.220000000000000195e+00 4.500000178813934326e-02 1.980208496093750000e+03
5.582895040512084961e+01 3.189999999999999947e+00 4.500000178813934326e-02 1.979771362304687500e+03
5.591394472122192383e+01 3.160000000000000142e+00 4.500000178813934326e-02 1.710060668945312500e+03
5.602994227409362793e+01 3.169999999999999929e+00 4.500000178813934326e-02 1.349863891601562500e+03
5.612194371223449707e+01 3.200000000000000178e+00 4.500000178813934326e-02 7.199565429687500000e+02
5.622895693778991699e+01 3.209999999999999964e+00 4.500000178813934326e-02 9.004920959472656250e+01
5.631998872756958008e+01 3.180000000000000160e+00 1.400000043213367462e-02 -2.701476440429687500e+02
5.641394162178039551e+01 2.899999999999999911e+00 1.499999966472387314e-02 -7.199565429687500000e+02
5.652194213867187500e+01 2.979999999999999982e+00 1.499999966472387314e-02 -1.260251708984375000e+03
5.661198449134826660e+01 2.899999999999999911e+00 1.499999966472387314e-02 -1.799672729492187500e+03
5.672894573211669922e+01 2.850000000000000089e+00 1.499999966472387314e-02 -2.520066406250000000e+03
5.681494283676147461e+01 2.819999999999999840e+00 1.499999966472387314e-02 -2.610115478515625000e+03
5.692695450782775879e+01 2.879999999999999893e+00 1.499999966472387314e-02 -2.519629150390625000e+03
5.702204871177673340e+01 2.930000000000000160e+00 1.499999966472387314e-02 -2.610115478515625000e+03
5.712994122505187988e+01 2.830000000000000071e+00 1.499999966472387314e-02 -2.070257568359375000e+03
5.721894621849060059e+01 2.859999999999999876e+00 1.499999966472387314e-02 -2.159869628906250000e+03
5.731394600868225098e+01 2.850000000000000089e+00 1.499999966472387314e-02 -1.799891357421875000e+03
5.742594385147094727e+01 2.819999999999999840e+00 1.499999966472387314e-02 -1.620011474609375000e+03
5.751208567619323730e+01 2.779999999999999805e+00 1.499999966472387314e-02 -1.079934814453125000e+03
5.762894654273986816e+01 2.640000000000000124e+00 1.200000010430812836e-02 0.000000000000000000e+00
5.771894526481628418e+01 2.680000000000000160e+00 4.500000178813934326e-02 3.599782714843750000e+02
5.782695412635803223e+01 3.129999999999999893e+00 4.500000178813934326e-02 3.599782714843750000e+02
5.792094397544860840e+01 3.180000000000000160e+00 4.500000178813934326e-02 9.004920959472656250e+01
5.801198840141296387e+01 2.950000000000000178e+00 4.500000178813934326e-02 0.000000000000000000e+00
5.811894512176513672e+01 2.750000000000000000e+00 4.500000178813934326e-02 2.701476440429687500e+02
5.820994305610656738e+01 2.979999999999999982e+00 4.500000178813934326e-02 5.398581542968750000e+02
5.832695317268371582e+01 2.959999999999999964e+00 4.500000178813934326e-02 1.169984008789062500e+03
5.841199135780334473e+01 3.020000000000000018e+00 4.500000178813934326e-02 1.799891357421875000e+03
5.852494549751281738e+01 3.029999999999999805e+00 4.500000178813934326e-02 2.609896972656250000e+03
5.861894917488098145e+01 3.080000000000000071e+00 4.500000178813934326e-02 2.520066406250000000e+03
5.872695159912109375e+01 3.180000000000000160e+00 4.500000178813934326e-02 2.339968017578125000e+03
5.881695103645324707e+01 3.250000000000000000e+00 4.500000178813934326e-02 2.249918945312500000e+03
5.891198873519897461e+01 3.169999999999999929e+00 4.500000178813934326e-02 2.159869628906250000e+03
5.901999187469482422e+01 3.200000000000000178e+00 4.500000178813934326e-02 1.890159179687500000e+03
5.912398695945739746e+01 3.169999999999999929e+00 4.500000178813934326e-02 1.800109863281250000e+03
5.922695827484130859e+01 3.100000000000000089e+00 4.500000178813934326e-02 1.890159179687500000e+03
5.931602311134338379e+01 3.060000000000000053e+00 4.500000178813934326e-02 1.980208496093750000e+03
5.942398405075073242e+01 3.149999999999999911e+00 4.500000178813934326e-02 1.710060668945312500e+03
5.951899957656860352e+01 3.100000000000000089e+00 4.500000178813934326e-02 1.529962280273437500e+03
5.963094401359558105e+01 3.109999999999999876e+00 4.500000178813934326e-02 1.169765380859375000e+03
5.971698832511901855e+01 3.109999999999999876e+00 4.500000178813934326e-02 1.080153442382812500e+03
5.981094217300415039e+01 2.979999999999999982e+00 4.500000178813934326e-02 7.199565429687500000e+02
5.992398333549499512e+01 2.910000000000000142e+00 4.500000178813934326e-02 7.199565429687500000e+02
6.002399873733520508e+01 2.939999999999999947e+00 4.500000178813934326e-02 8.100057373046875000e+02
6.012594747543334961e+01 2.950000000000000178e+00 4.500000178813934326e-02 6.299072875976562500e+02
6.021695137023925781e+01 2.879999999999999893e+00 4.500000178813934326e-02 5.398581542968750000e+02
6.032398629188537598e+01 2.810000000000000053e+00 4.500000178813934326e-02 3.601968383789062500e+02
6.041494488716125488e+01 2.779999999999999805e+00 4.500000178813934326e-02 3.601968383789062500e+02
6.050894498825073242e+01 2.720000000000000195e+00 4.500000178813934326e-02 4.498088989257812500e+02
6.061695075035095215e+01 2.700000000000000178e+00 4.500000178813934326e-02 4.502460327148437500e+02
6.072995162010192871e+01 2.720000000000000195e+00 4.500000178813934326e-02 1.800984191894531250e+02
6.082398676872253418e+01 2.700000000000000178e+00 4.500000178813934326e-02 1.800984191894531250e+02
6.093198800086975098e+01 2.410000000000000142e+00 4.500000178813934326e-02 0.000000000000000000e+00
6.102194547653198242e+01 2.370000000000000107e+00 4.500000178813934326e-02 3.597597045898437500e+02
6.111695003509521484e+01 2.209999999999999964e+00 1.200000010430812836e-02 0.000000000000000000e+00
6.122494316101074219e+01 2.250000000000000000e+00 1.200000010430812836e-02 0.000000000000000000e+00
6.131394290924072266e+01 2.220000000000000195e+00 1.499999966472387314e-02 0.000000000000000000e+00
6.142994570732116699e+01 2.319999999999999840e+00 1.499999966472387314e-02 0.000000000000000000e+00
6.152094364166259766e+01 2.049999999999999822e+00 1.200000010430812836e-02 -4.502460327148437500e+02
6.162894177436828613e+01 2.049999999999999822e+00 1.200000010430812836e-02 0.000000000000000000e+00
6.172398829460144043e+01 2.399999999999999911e+00 4.500000178813934326e-02 0.000000000000000000e+00
6.181394529342651367e+01 2.540000000000000036e+00 4.500000178813934326e-02 3.601968383789062500e+02
6.192194175720214844e+01 2.569999999999999840e+00 1.200000010430812836e-02 0.000000000000000000e+00
6.201598405838012695e+01 2.279999999999999805e+00 1.499999966472387314e-02 0.000000000000000000e+00
6.212894535064697266e+01 2.180000000000000160e+00 1.499999966472387314e-02 -1.796612854003906250e+02
6.221394276618957520e+01 2.129999999999999893e+00 4.500000178813934326e-02 0.000000000000000000e+00
6.233095312118530273e+01 2.279999999999999805e+00 4.500000178813934326e-02 0.000000000000000000e+00
6.242194819450378418e+01 2.620000000000000107e+00 4.500000178813934326e-02 0.000000000000000000e+00
6.252894544601440430e+01 2.709999999999999964e+00 4.500000178813934326e-02 5.402952880859375000e+02
6.261999058723449707e+01 2.569999999999999840e+00 1.400000043213367462e-02 0.000000000000000000e+00
6.271394181251525879e+01 2.270000000000000018e+00 1.200000010430812836e-02 -4.502460327148437500e+02
6.282194447517395020e+01 2.180000000000000160e+00 1.200000010430812836e-02 -1.800984191894531250e+02
6.291202139854431152e+01 2.319999999999999840e+00 4.500000178813934326e-02 0.000000000000000000e+00
6.302894520759582520e+01 2.629999999999999893e+00 4.500000178813934326e-02 0.000000000000000000e+00
6.311494278907775879e+01 2.490000000000000213e+00 4.500000178813934326e-02 4.502460327148437500e+02
6.322695517539978027e+01 2.700000000000000178e+00 1.200000010430812836e-02 0.000000000000000000e+00
6.332194256782531738e+01 2.390000000000000124e+00 1.499999966472387314e-02 0.000000000000000000e+00
6.342994427680969238e+01 2.290000000000000036e+00 1.200000010430812836e-02 -1.800984191894531250e+02
6.351894402503967285e+01 2.189999999999999947e+00 4.500000178813934326e-02 0.000000000000000000e+00
6.361394453048706055e+01 2.479999999999999982e+00 4.500000178813934326e-02 0.000000000000000000e+00
6.372594499588012695e+01 2.740000000000000213e+00 4.500000178813934326e-02 2.701476440429687500e+02
6.381198906898498535e+01 2.669999999999999929e+00 1.200000010430812836e-02 0.000000000000000000e+00
6.392894339561462402e+01 2.439999999999999947e+00 1.200000010430812836e-02 0.000000000000000000e+00
6.401894307136535645e+01 2.229999999999999982e+00 1.499999966472387314e-02 -3.597597045898437500e+02
6.412698340415954590e+01 2.339999999999999858e+00 4.500000178813934326e-02 0.000000000000000000e+00
6.422094750404357910e+01 2.509999999999999787e+00 4.500000178813934326e-02 0.000000000000000000e+00
6.431199502944946289e+01 2.669999999999999929e+00 4.500000178813934326e-02 1.796612854003906250e+02
6.441894221305847168e+01 2.680000000000000160e+00 1.200000010430812836e-02 0.000000000000000000e+00
6.450994133949279785e+01 2.419999999999999929e+00 1.400000043213367462e-02 -1.800984191894531250e+02
6.462695145606994629e+01 2.279999999999999805e+00 1.200000010430812836e-02 -9.004920959472656250e+01
6.471198940277099609e+01 2.450000000000000178e+00 4.500000178813934326e-02 0.000000000000000000e+00
