2.096104621887207031e-02 2.919999999999999929e+00 1.499999966472387314e-02 -6.299072875976562500e+02
1.219508647918701172e-01 2.839999999999999858e+00 1.499999966472387314e-02 -2.701476440429687500e+02
2.059526443481445312e-01 3.080000000000000071e+00 1.499999966472387314e-02 -5.398581542968750000e+02
3.169534206390380859e-01 3.040000000000000036e+00 1.499999966472387314e-02 -9.000549316406250000e+02
4.059534072875976562e-01 2.959999999999999964e+00 1.499999966472387314e-02 -1.170202514648437500e+03
5.199859142303466797e-01 2.770000000000000018e+00 1.499999966472387314e-02 -1.170202514648437500e+03
6.099531650543212891e-01 2.799999999999999822e+00 1.499999966472387314e-02 -1.170202514648437500e+03
7.209548950195312500e-01 2.810000000000000053e+00 1.499999966472387314e-02 -1.440350219726562500e+03
8.129692077636718750e-01 2.729999999999999982e+00 1.499999966472387314e-02 -1.259814575195312500e+03
9.029538631439208984e-01 2.700000000000000178e+00 1.499999966472387314e-02 -9.901042480468750000e+02
1.013955831527709961e+00 2.759999999999999787e+00 1.499999966472387314e-02 -1.080153442382812500e+03
1.104956865310668945e+00 2.779999999999999805e+00 1.499999966472387314e-02 -1.170202514648437500e+03
1.217954397201538086e+00 2.779999999999999805e+00 1.499999966472387314e-02 -9.901042480468750000e+02
1.306963682174682617e+00 2.790000000000000036e+00 1.499999966472387314e-02 -9.901042480468750000e+02
1.420003175735473633e+00 2.770000000000000018e+00 1.499999966472387314e-02 -9.000549316406250000e+02
1.509956121444702148e+00 2.819999999999999840e+00 1.499999966472387314e-02 -1.080153442382812500e+03
1.605956792831420898e+00 2.899999999999999911e+00 1.499999966472387314e-02 -1.529962280273437500e+03
1.711993694305419922e+00 2.709999999999999964e+00 1.499999966472387314e-02 -1.439913085937500000e+03
1.801952123641967773e+00 2.720000000000000195e+00 1.499999966472387314e-02 -1.439913085937500000e+03
1.913955211639404297e+00 2.759999999999999787e+00 1.499999966472387314e-02 -1.620011474609375000e+03
2.003994464874267578e+00 2.660000000000000142e+00 1.499999966472387314e-02 -1.620011474609375000e+03
2.116954088211059570e+00 2.720000000000000195e+00 1.499999966472387314e-02 -1.620011474609375000e+03
2.206953287124633789e+00 2.740000000000000213e+00 1.499999966472387314e-02 -1.709842163085937500e+03
2.318954229354858398e+00 2.740000000000000213e+00 1.499999966472387314e-02 -1.710060668945312500e+03
2.409950733184814453e+00 2.660000000000000142e+00 1.499999966472387314e-02 -1.439913085937500000e+03
2.521951436996459961e+00 2.669999999999999929e+00 1.499999966472387314e-02 -1.169984008789062500e+03
2.610951662063598633e+00 2.660000000000000142e+00 1.499999966472387314e-02 -1.260033203125000000e+03
2.702955961227416992e+00 2.680000000000000160e+00 1.499999966472387314e-02 -1.169984008789062500e+03
2.814984560012817383e+00 2.729999999999999982e+00 1.499999966472387314e-02 -9.898856811523437500e+02
2.903997421264648438e+00 2.700000000000000178e+00 1.499999966472387314e-02 -1.079934814453125000e+03
3.017954349517822266e+00 2.700000000000000178e+00 1.499999966472387314e-02 -9.000549316406250000e+02
3.107996940612792969e+00 2.779999999999999805e+00 1.499999966472387314e-02 -7.199565429687500000e+02
3.218954324722290039e+00 2.830000000000000071e+00 1.499999966472387314e-02 -4.500274658203125000e+02
3.309944391250610352e+00 2.819999999999999840e+00 1.499999966472387314e-02 -6.299072875976562500e+02
3.406951189041137695e+00 2.810000000000000053e+00 1.499999966472387314e-02 -6.300166015625000000e+02
3.511998653411865234e+00 2.830000000000000071e+00 1.499999966472387314e-02 -5.399674072265625000e+02
3.601951599121093750e+00 2.790000000000000036e+00 1.499999966472387314e-02 -3.599782714843750000e+02
3.714952707290649414e+00 2.890000000000000124e+00 1.499999966472387314e-02 -3.600875549316406250e+02
3.803999662399291992e+00 2.979999999999999982e+00 1.499999966472387314e-02 -4.499181823730468750e+02
3.916953086853027344e+00 2.899999999999999911e+00 1.499999966472387314e-02 -5.399674072265625000e+02
4.006953239440917969e+00 2.879999999999999893e+00 1.499999966472387314e-02 -7.199565429687500000e+02
4.118960857391357422e+00 2.850000000000000089e+00 1.499999966472387314e-02 -8.100057373046875000e+02
4.208955287933349609e+00 2.799999999999999822e+00 1.499999966472387314e-02 -1.079934814453125000e+03
4.320952653884887695e+00 2.819999999999999840e+00 1.499999966472387314e-02 -1.080044189453125000e+03
4.412008047103881836e+00 2.759999999999999787e+00 1.499999966472387314e-02 -1.080044189453125000e+03
4.500957727432250977e+00 2.750000000000000000e+00 1.499999966472387314e-02 -1.259923950195312500e+03
4.614961624145507812e+00 2.729999999999999982e+00 1.499999966472387314e-02 -9.899949340820312500e+02
4.704959154129028320e+00 2.750000000000000000e+00 1.499999966472387314e-02 -8.100057373046875000e+02
4.816002607345581055e+00 2.770000000000000018e+00 1.499999966472387314e-02 -8.100057373046875000e+02
4.908000230789184570e+00 2.810000000000000053e+00 1.499999966472387314e-02 -9.000003051757812500e+02
5.019999027252197266e+00 2.759999999999999787e+00 1.499999966472387314e-02 -9.000003051757812500e+02
5.108952999114990234e+00 2.830000000000000071e+00 1.499999966472387314e-02 -7.200111694335937500e+02
5.199995994567871094e+00 2.770000000000000018e+00 1.499999966472387314e-02 -3.600055847167968750e+02
5.312954187393188477e+00 2.839999999999999858e+00 1.499999966472387314e-02 -6.300166015625000000e+02
5.401951074600219727e+00 2.899999999999999911e+00 1.499999966472387314e-02 -9.000003051757812500e+02
5.514949321746826172e+00 2.770000000000000018e+00 1.499999966472387314e-02 -8.999866333007812500e+02
5.604951858520507812e+00 2.830000000000000071e+00 1.499999966472387314e-02 -8.100057373046875000e+02
5.716954469680786133e+00 2.810000000000000053e+00 1.499999966472387314e-02 -8.099989013671875000e+02
5.806943655014038086e+00 2.799999999999999822e+00 1.499999966472387314e-02 -8.100006713867187500e+02
5.919995069503784180e+00 2.830000000000000071e+00 1.499999966472387314e-02 -9.000003051757812500e+02
6.008958339691162109e+00 2.819999999999999840e+00 1.499999966472387314e-02 -1.079989501953125000e+03
6.120952367782592773e+00 2.759999999999999787e+00 1.499999966472387314e-02 -1.080016845703125000e+03
6.211994409561157227e+00 2.700000000000000178e+00 1.499999966472387314e-02 -1.079989501953125000e+03
6.301951408386230469e+00 2.799999999999999822e+00 1.499999966472387314e-02 -1.079989501953125000e+03
6.413952350616455078e+00 2.700000000000000178e+00 1.499999966472387314e-02 -7.200111694335937500e+02
6.504956007003784180e+00 2.490000000000000213e+00 1.499999966472387314e-02 0.000000000000000000e+00
6.616954803466796875e+00 1.959999999999999964e+00 1.499999966472387314e-02 0.000000000000000000e+00
6.705951213836669922e+00 2.560000000000000053e+00 1.499999966472387314e-02 0.000000000000000000e+00
6.820000886917114258e+00 2.500000000000000000e+00 1.499999966472387314e-02 0.000000000000000000e+00
6.909950017929077148e+00 2.450000000000000178e+00 1.499999966472387314e-02 0.000000000000000000e+00
7.020951271057128906e+00 2.299999999999999822e+00 1.499999966472387314e-02 0.000000000000000000e+00
7.112956047058105469e+00 2.089999999999999858e+00 1.499999966472387314e-02 0.000000000000000000e+00
7.202954769134521484e+00 1.979999999999999982e+00 1.499999966472387314e-02 0.000000000000000000e+00
7.313952684402465820e+00 1.949999999999999956e+00 1.499999966472387314e-02 0.000000000000000000e+00
7.404951572418212891e+00 1.949999999999999956e+00 1.499999966472387314e-02 0.000000000000000000e+00
7.517950057983398438e+00 1.929999999999999938e+00 1.499999966472387314e-02 0.000000000000000000e+00
7.606952428817749023e+00 2.020000000000000018e+00 1.499999966472387314e-02 0.000000000000000000e+00
7.719991445541381836e+00 2.120000000000000107e+00 1.499999966472387314e-02 0.000000000000000000e+00
7.809950351715087891e+00 2.169999999999999929e+00 1.499999966472387314e-02 0.000000000000000000e+00
7.921951055526733398e+00 2.209999999999999964e+00 1.499999966472387314e-02 0.000000000000000000e+00
8.011992454528808594e+00 2.189999999999999947e+00 1.499999966472387314e-02 0.000000000000000000e+00
8.101942539215087891e+00 2.080000000000000071e+00 1.499999966472387314e-02 0.000000000000000000e+00
8.213952302932739258e+00 1.959999999999999964e+00 1.499999966472387314e-02 0.000000000000000000e+00
8.304002285003662109e+00 1.580000000000000071e+00 1.499999966472387314e-02 0.000000000000000000e+00
8.416956663131713867e+00 1.169999999999999929e+00 1.499999966472387314e-02 0.000000000000000000e+00
8.506952524185180664e+00 7.800000000000000266e-01 1.499999966472387314e-02 0.000000000000000000e+00
8.618952035903930664e+00 6.600000000000000311e-01 1.499999966472387314e-02 4.500274658203125000e+02
8.709951400756835938e+00 4.600000000000000200e-01 1.499999966472387314e-02 9.899949340820312500e+02
8.815999746322631836e+00 4.799999999999999822e-01 1.499999966472387314e-02 1.260005859375000000e+03
8.910951614379882812e+00 6.899999999999999467e-01 1.499999966472387314e-02 6.300166015625000000e+02
9.002959489822387695e+00 6.199999999999999956e-01 1.499999966472387314e-02 6.299892578125000000e+02
9.114951848983764648e+00 5.400000000000000355e-01 1.499999966472387314e-02 6.300029296875000000e+02
9.204001188278198242e+00 5.600000000000000533e-01 1.499999966472387314e-02 4.500001525878906250e+02
9.317960262298583984e+00 5.799999999999999600e-01 1.499999966472387314e-02 4.500001525878906250e+02
9.407997131347656250e+00 5.799999999999999600e-01 1.499999966472387314e-02 5.400015869140625000e+02
9.518950939178466797e+00 5.999999999999999778e-01 1.499999966472387314e-02 5.400015869140625000e+02
9.609950065612792969e+00 5.300000000000000266e-01 1.499999966472387314e-02 4.500001525878906250e+02
9.700005531311035156e+00 5.699999999999999512e-01 1.499999966472387314e-02 5.400015869140625000e+02
9.811998844146728516e+00 5.699999999999999512e-01 1.499999966472387314e-02 4.500001525878906250e+02
9.901950359344482422e+00 5.600000000000000533e-01 1.499999966472387314e-02 5.399947509765625000e+02
1.001495146751403809e+01 5.300000000000000266e-01 1.499999966472387314e-02 6.300166015625000000e+02
1.010400438308715820e+01 5.600000000000000533e-01 1.499999966472387314e-02 8.100057373046875000e+02
1.021695685386657715e+01 5.400000000000000355e-01 1.499999966472387314e-02 9.899949340820312500e+02
1.030694246292114258e+01 5.799999999999999600e-01 1.499999966472387314e-02 8.100057373046875000e+02
1.041894912719726562e+01 6.099999999999999867e-01 1.499999966472387314e-02 6.300166015625000000e+02
1.050895190238952637e+01 6.099999999999999867e-01 1.499999966472387314e-02 4.500274658203125000e+02
1.062195491790771484e+01 6.300000000000000044e-01 1.499999966472387314e-02 2.700383605957031250e+02
1.071200132369995117e+01 6.199999999999999956e-01 1.499999966472387314e-02 6.300166015625000000e+02
1.080095458030700684e+01 4.600000000000000200e-01 1.499999966472387314e-02 9.899949340820312500e+02
1.091495275497436523e+01 5.100000000000000089e-01 1.499999966472387314e-02 1.080044189453125000e+03
1.100495433807373047e+01 5.999999999999999778e-01 1.499999966472387314e-02 9.899949340820312500e+02
1.111599326133728027e+01 6.500000000000000222e-01 1.499999966472387314e-02 6.300166015625000000e+02
1.120799279212951660e+01 6.199999999999999956e-01 1.499999966472387314e-02 3.599782714843750000e+02
1.132001543045043945e+01 6.500000000000000222e-01 1.499999966472387314e-02 2.700383605957031250e+02
1.140895223617553711e+01 5.500000000000000444e-01 1.499999966472387314e-02 4.499181823730468750e+02
1.149999666213989258e+01 5.100000000000000089e-01 1.499999966472387314e-02 6.300166015625000000e+02
1.161296105384826660e+01 4.600000000000000200e-01 1.499999966472387314e-02 1.079934814453125000e+03
1.170195174217224121e+01 5.699999999999999512e-01 1.499999966472387314e-02 1.079934814453125000e+03
1.181495141983032227e+01 6.099999999999999867e-01 1.499999966472387314e-02 8.999456787109375000e+02
1.190495276451110840e+01 6.099999999999999867e-01 1.499999966472387314e-02 8.999456787109375000e+02
1.201695489883422852e+01 5.699999999999999512e-01 1.499999966472387314e-02 7.200657958984375000e+02
1.210696053504943848e+01 6.099999999999999867e-01 1.499999966472387314e-02 7.200657958984375000e+02
1.221999931335449219e+01 5.799999999999999600e-01 1.499999966472387314e-02 6.301258544921875000e+02
1.230895209312438965e+01 6.099999999999999867e-01 1.499999966472387314e-02 5.398581542968750000e+02
1.241395282745361328e+01 5.899999999999999689e-01 1.499999966472387314e-02 4.500274658203125000e+02
1.251199865341186523e+01 5.500000000000000444e-01 1.499999966472387314e-02 4.500274658203125000e+02
1.260195279121398926e+01 5.899999999999999689e-01 1.499999966472387314e-02 4.498088989257812500e+02
1.271395444869995117e+01 5.899999999999999689e-01 1.499999966472387314e-02 5.400767211914062500e+02
1.280495238304138184e+01 5.999999999999999778e-01 1.499999966472387314e-02 5.398581542968750000e+02
1.291695332527160645e+01 5.400000000000000355e-01 1.499999966472387314e-02 7.199565429687500000e+02
1.300595283508300781e+01 5.600000000000000533e-01 1.499999966472387314e-02 8.100057373046875000e+02
1.311999440193176270e+01 5.500000000000000444e-01 1.499999966472387314e-02 8.998363647460937500e+02
1.320995092391967773e+01 6.099999999999999867e-01 1.499999966472387314e-02 6.301258544921875000e+02
1.332095241546630859e+01 6.400000000000000133e-01 1.499999966472387314e-02 3.599782714843750000e+02
1.341295671463012695e+01 5.699999999999999512e-01 1.499999966472387314e-02 4.500274658203125000e+02
1.350295400619506836e+01 5.500000000000000444e-01 1.499999966472387314e-02 6.299072875976562500e+02
1.361395478248596191e+01 5.400000000000000355e-01 1.499999966472387314e-02 7.199565429687500000e+02
1.370495510101318359e+01 5.400000000000000355e-01 1.499999966472387314e-02 7.199565429687500000e+02
1.381795167922973633e+01 6.099999999999999867e-01 1.499999966472387314e-02 6.301258544921875000e+02
1.390695118904113770e+01 6.199999999999999956e-01 1.499999966472387314e-02 3.599782714843750000e+02
1.401999545097351074e+01 5.600000000000000533e-01 1.499999966472387314e-02 5.400767211914062500e+02
1.410995173454284668e+01 5.300000000000000266e-01 1.499999966472387314e-02 7.199565429687500000e+02
1.422195291519165039e+01 5.500000000000000444e-01 1.499999966472387314e-02 8.998363647460937500e+02
1.431200790405273438e+01 5.300000000000000266e-01 1.499999966472387314e-02 9.000549316406250000e+02
1.440195107460021973e+01 6.099999999999999867e-01 1.499999966472387314e-02 7.199565429687500000e+02
1.451395773887634277e+01 6.099999999999999867e-01 1.499999966472387314e-02 6.301258544921875000e+02
1.460400581359863281e+01 5.899999999999999689e-01 1.499999966472387314e-02 6.299072875976562500e+02
1.471695351600646973e+01 5.799999999999999600e-01 1.499999966472387314e-02 7.199565429687500000e+02
1.480695199966430664e+01 5.200000000000000178e-01 1.499999966472387314e-02 9.898856811523437500e+02
1.491895198822021484e+01 6.099999999999999867e-01 1.499999966472387314e-02 8.100057373046875000e+02
1.500995063781738281e+01 6.199999999999999956e-01 1.499999966472387314e-02 7.199565429687500000e+02
1.510695981979370117e+01 6.099999999999999867e-01 1.499999966472387314e-02 5.402952880859375000e+02
1.521095061302185059e+01 5.799999999999999600e-01 1.499999966472387314e-02 4.502460327148437500e+02
1.530295705795288086e+01 5.899999999999999689e-01 1.499999966472387314e-02 3.601968383789062500e+02
1.541495084762573242e+01 6.099999999999999867e-01 1.499999966472387314e-02 3.597597045898437500e+02
1.550399971008300781e+01 5.799999999999999600e-01 1.499999966472387314e-02 5.402952880859375000e+02
1.561795186996459961e+01 5.000000000000000000e-01 1.499999966472387314e-02 8.100057373046875000e+02
1.570800137519836426e+01 5.300000000000000266e-01 1.499999966472387314e-02 1.080153442382812500e+03
1.581895089149475098e+01 5.100000000000000089e-01 1.499999966472387314e-02 1.079716308593750000e+03
1.590995168685913086e+01 5.699999999999999512e-01 1.499999966472387314e-02 1.080153442382812500e+03
1.602195215225219727e+01 6.099999999999999867e-01 1.499999966472387314e-02 9.000549316406250000e+02
1.611199617385864258e+01 6.199999999999999956e-01 1.499999966472387314e-02 9.000549316406250000e+02
1.620195078849792480e+01 6.300000000000000044e-01 1.499999966472387314e-02 6.299072875976562500e+02
1.631495141983032227e+01 6.600000000000000311e-01 1.499999966472387314e-02 4.498088989257812500e+02
1.640399861335754395e+01 5.500000000000000444e-01 1.499999966472387314e-02 6.299072875976562500e+02
1.651696038246154785e+01 5.300000000000000266e-01 1.499999966472387314e-02 8.996177978515625000e+02
1.660696220397949219e+01 5.600000000000000533e-01 1.499999966472387314e-02 9.000549316406250000e+02
1.671895170211791992e+01 5.600000000000000533e-01 1.499999966472387314e-02 8.100057373046875000e+02
1.680895662307739258e+01 6.600000000000000311e-01 1.499999966472387314e-02 5.398581542968750000e+02
1.692094731330871582e+01 5.899999999999999689e-01 1.499999966472387314e-02 5.402952880859375000e+02
1.701200437545776367e+01 5.400000000000000355e-01 1.499999966472387314e-02 6.299072875976562500e+02
1.710095191001892090e+01 5.799999999999999600e-01 1.499999966472387314e-02 6.303444213867187500e+02
1.721495175361633301e+01 5.999999999999999778e-01 1.499999966472387314e-02 4.498088989257812500e+02
1.730495190620422363e+01 5.500000000000000444e-01 1.499999966472387314e-02 3.601968383789062500e+02
1.741601085662841797e+01 5.600000000000000533e-01 1.499999966472387314e-02 5.398581542968750000e+02
1.750799131393432617e+01 5.500000000000000444e-01 1.499999966472387314e-02 6.299072875976562500e+02
1.762001347541809082e+01 5.500000000000000444e-01 1.499999966472387314e-02 6.299072875976562500e+02
1.770895171165466309e+01 5.799999999999999600e-01 1.499999966472387314e-02 6.299072875976562500e+02
1.780001759529113770e+01 6.099999999999999867e-01 1.499999966472387314e-02 3.597597045898437500e+02
1.791295528411865234e+01 6.099999999999999867e-01 1.499999966472387314e-02 4.498088989257812500e+02
1.800195336341857910e+01 4.600000000000000200e-01 1.499999966472387314e-02 5.398581542968750000e+02
1.811495089530944824e+01 5.300000000000000266e-01 1.499999966472387314e-02 6.303444213867187500e+02
1.820495581626892090e+01 6.400000000000000133e-01 1.499999966472387314e-02 4.498088989257812500e+02
1.831695365905761719e+01 5.699999999999999512e-01 1.499999966472387314e-02 4.502460327148437500e+02
1.840695333480834961e+01 5.899999999999999689e-01 1.499999966472387314e-02 9.004920959472656250e+01
1.852000451087951660e+01 6.800000000000000488e-01 1.499999966472387314e-02 0.000000000000000000e+00
1.860895180702209473e+01 5.300000000000000266e-01 1.499999966472387314e-02 8.961207580566406250e+01
1.872194266319274902e+01 6.300000000000000044e-01 1.499999966472387314e-02 0.000000000000000000e+00
1.881199741363525391e+01 9.000000000000000222e-01 1.499999966472387314e-02 0.000000000000000000e+00
1.890195083618164062e+01 1.719999999999999973e+00 1.499999966472387314e-02 0.000000000000000000e+00
1.901395320892333984e+01 2.029999999999999805e+00 1.499999966472387314e-02 0.000000000000000000e+00
1.910495400428771973e+01 2.060000000000000053e+00 1.499999966472387314e-02 0.000000000000000000e+00
1.921694350242614746e+01 2.500000000000000000e+00 1.499999966472387314e-02 -2.701476440429687500e+02
1.930594325065612793e+01 2.970000000000000195e+00 1.499999966472387314e-02 -3.601968383789062500e+02
1.941999936103820801e+01 2.930000000000000160e+00 1.499999966472387314e-02 -4.502460327148437500e+02
1.950994849205017090e+01 2.990000000000000213e+00 1.499999966472387314e-02 -5.398581542968750000e+02
1.962094449996948242e+01 2.979999999999999982e+00 1.499999966472387314e-02 -8.100057373046875000e+02
1.971296119689941406e+01 2.979999999999999982e+00 1.499999966472387314e-02 -1.080153442382812500e+03
1.980295491218566895e+01 2.919999999999999929e+00 1.499999966472387314e-02 -1.350301025390625000e+03
1.991395521163940430e+01 2.870000000000000107e+00 1.499999966472387314e-02 -1.800109863281250000e+03
2.000496149063110352e+01 2.859999999999999876e+00 1.499999966472387314e-02 -2.430017089843750000e+03
2.011795973777770996e+01 2.750000000000000000e+00 1.499999966472387314e-02 -2.339968017578125000e+03
2.020695328712463379e+01 2.700000000000000178e+00 1.499999966472387314e-02 -2.430017089843750000e+03
2.031999111175537109e+01 2.689999999999999947e+00 1.499999966472387314e-02 -2.249918945312500000e+03
2.040995240211486816e+01 2.700000000000000178e+00 1.499999966472387314e-02 -2.159869628906250000e+03
2.052195405960083008e+01 2.629999999999999893e+00 1.499999966472387314e-02 -1.710060668945312500e+03
2.061199665069580078e+01 2.629999999999999893e+00 1.499999966472387314e-02 -1.620011474609375000e+03
2.070194387435913086e+01 2.680000000000000160e+00 1.499999966472387314e-02 -1.529962280273437500e+03
2.081395387649536133e+01 2.729999999999999982e+00 1.499999966472387314e-02 -1.529962280273437500e+03
2.090400815010070801e+01 2.700000000000000178e+00 1.499999966472387314e-02 -1.440131591796875000e+03
2.101696324348449707e+01 2.700000000000000178e+00 1.499999966472387314e-02 -1.260033203125000000e+03
2.110695362091064453e+01 2.790000000000000036e+00 1.499999966472387314e-02 -1.079934814453125000e+03
2.121894264221191406e+01 2.750000000000000000e+00 1.499999966472387314e-02 -1.079934814453125000e+03
2.130995154380798340e+01 2.799999999999999822e+00 1.499999966472387314e-02 -9.901042480468750000e+02
2.142095017433166504e+01 2.770000000000000018e+00 1.499999966472387314e-02 -9.000549316406250000e+02
2.151095080375671387e+01 2.839999999999999858e+00 1.499999966472387314e-02 -1.079934814453125000e+03
2.160296273231506348e+01 2.750000000000000000e+00 1.499999966472387314e-02 -1.079934814453125000e+03
2.171495008468627930e+01 2.770000000000000018e+00 1.499999966472387314e-02 -1.079934814453125000e+03
2.180400395393371582e+01 2.799999999999999822e+00 1.499999966472387314e-02 -1.260033203125000000e+03
2.191796827316284180e+01 2.709999999999999964e+00 1.499999966472387314e-02 -1.169984008789062500e+03
2.200800180435180664e+01 2.750000000000000000e+00 1.499999966472387314e-02 -1.260033203125000000e+03
2.211895251274108887e+01 2.859999999999999876e+00 1.499999966472387314e-02 -1.350082397460937500e+03
2.220995283126831055e+01 2.750000000000000000e+00 1.499999966472387314e-02 -1.259923950195312500e+03
2.229999947547912598e+01 2.729999999999999982e+00 1.499999966472387314e-02 -1.260033203125000000e+03
2.241200184822082520e+01 2.770000000000000018e+00 1.499999966472387314e-02 -1.079934814453125000e+03
2.250195646286010742e+01 2.740000000000000213e+00 1.499999966472387314e-02 -9.000549316406250000e+02
2.261495614051818848e+01 2.750000000000000000e+00 1.499999966472387314e-02 -9.899949340820312500e+02
2.270400619506835938e+01 2.819999999999999840e+00 1.499999966472387314e-02 -9.000549316406250000e+02
2.281695270538330078e+01 2.750000000000000000e+00 1.499999966472387314e-02 -9.899949340820312500e+02
2.290695142745971680e+01 2.770000000000000018e+00 1.499999966472387314e-02 -9.899949340820312500e+02
2.301895141601562500e+01 2.770000000000000018e+00 1.499999966472387314e-02 -9.000003051757812500e+02
2.310895299911499023e+01 2.810000000000000053e+00 1.499999966472387314e-02 -7.199565429687500000e+02
2.322095060348510742e+01 2.819999999999999840e+00 1.499999966472387314e-02 -7.200111694335937500e+02
2.331199717521667480e+01 2.799999999999999822e+00 1.499999966472387314e-02 -7.199565429687500000e+02
2.340095591545104980e+01 2.810000000000000053e+00 1.499999966472387314e-02 -8.100057373046875000e+02
2.351495099067687988e+01 2.799999999999999822e+00 1.499999966472387314e-02 -6.300166015625000000e+02
2.360495376586914062e+01 2.939999999999999947e+00 1.499999966472387314e-02 -5.399674072265625000e+02
2.371599960327148438e+01 2.910000000000000142e+00 1.499999966472387314e-02 -6.299892578125000000e+02
2.380799198150634766e+01 2.839999999999999858e+00 1.499999966472387314e-02 -8.100057373046875000e+02
2.391999697685241699e+01 2.819999999999999840e+00 1.499999966472387314e-02 -6.300166015625000000e+02
2.400895333290100098e+01 2.810000000000000053e+00 1.499999966472387314e-02 -7.199974975585937500e+02
2.409999752044677734e+01 2.870000000000000107e+00 1.499999966472387314e-02 -6.300029296875000000e+02
2.421295738220214844e+01 2.890000000000000124e+00 1.499999966472387314e-02 -6.299960937500000000e+02
2.430195140838623047e+01 2.879999999999999893e+00 1.499999966472387314e-02 -6.299995727539062500e+02
2.441495966911315918e+01 2.830000000000000071e+00 1.499999966472387314e-02 -6.299995727539062500e+02
2.450495362281799316e+01 2.790000000000000036e+00 1.499999966472387314e-02 -6.300029296875000000e+02
2.461695551872253418e+01 2.879999999999999893e+00 1.499999966472387314e-02 -7.200111694335937500e+02
2.470695281028747559e+01 2.879999999999999893e+00 1.499999966472387314e-02 -4.500001525878906250e+02
2.481999421119689941e+01 2.839999999999999858e+00 1.499999966472387314e-02 -4.500001525878906250e+02
2.490894484519958496e+01 2.810000000000000053e+00 1.499999966472387314e-02 -5.399947509765625000e+02
2.500595116615295410e+01 2.779999999999999805e+00 1.499999966472387314e-02 -6.300166015625000000e+02
2.511198854446411133e+01 2.830000000000000071e+00 1.499999966472387314e-02 -5.400220947265625000e+02
2.520195364952087402e+01 2.830000000000000071e+00 1.499999966472387314e-02 -5.399674072265625000e+02
2.531395292282104492e+01 2.890000000000000124e+00 1.499999966472387314e-02 -6.300166015625000000e+02
2.540495109558105469e+01 2.899999999999999911e+00 1.499999966472387314e-02 -5.400220947265625000e+02
2.551695156097412109e+01 2.790000000000000036e+00 1.499999966472387314e-02 -3.599782714843750000e+02
2.560595035552978516e+01 2.850000000000000089e+00 1.499999966472387314e-02 0.000000000000000000e+00
2.571999979019165039e+01 2.649999999999999911e+00 1.499999966472387314e-02 0.000000000000000000e+00
2.580995178222656250e+01 2.700000000000000178e+00 1.499999966472387314e-02 0.000000000000000000e+00
2.592095136642456055e+01 2.890000000000000124e+00 1.499999966472387314e-02 0.000000000000000000e+00
2.601295828819274902e+01 2.850000000000000089e+00 1.499999966472387314e-02 0.000000000000000000e+00
2.610295176506042480e+01 2.720000000000000195e+00 1.499999966472387314e-02 0.000000000000000000e+00
2.621395301818847656e+01 2.399999999999999911e+00 1.499999966472387314e-02 0.000000000000000000e+00
2.630495381355285645e+01 1.389999999999999902e+00 1.499999966472387314e-02 0.000000000000000000e+00
2.641794848442077637e+01 7.500000000000000000e-01 1.499999966472387314e-02 8.999456787109375000e+01
2.650695300102233887e+01 6.199999999999999956e-01 1.499999966472387314e-02 4.500274658203125000e+02
2.661999201774597168e+01 4.899999999999999911e-01 1.499999966472387314e-02 3.600328979492187500e+02
2.670995283126831055e+01 5.999999999999999778e-01 1.499999966472387314e-02 4.500274658203125000e+02
2.682195258140563965e+01 4.699999999999999734e-01 1.499999966472387314e-02 9.899949340820312500e+02
2.691199803352355957e+01 4.199999999999999845e-01 1.499999966472387314e-02 1.350000488281250000e+03
2.700195312500000000e+01 5.500000000000000444e-01 1.499999966472387314e-02 1.169984008789062500e+03
2.711395382881164551e+01 5.600000000000000533e-01 1.499999966472387314e-02 1.170004516601562500e+03
2.720399570465087891e+01 5.500000000000000444e-01 1.499999966472387314e-02 1.439999267578125000e+03
2.731695127487182617e+01 5.100000000000000089e-01 1.499999966472387314e-02 1.529989624023437500e+03
2.740694952011108398e+01 5.899999999999999689e-01 1.499999966472387314e-02 1.350000488281250000e+03
2.751895189285278320e+01 5.899999999999999689e-01 1.499999966472387314e-02 1.259978515625000000e+03
2.760995030403137207e+01 5.600000000000000533e-01 1.499999966472387314e-02 1.349973144531250000e+03
2.772094416618347168e+01 4.799999999999999822e-01 1.499999966472387314e-02 1.889995361328125000e+03
2.781094241142272949e+01 5.400000000000000355e-01 1.499999966472387314e-02 1.710006103515625000e+03
2.790295171737670898e+01 6.300000000000000044e-01 1.499999966472387314e-02 1.440022338867187500e+03
2.801495122909545898e+01 6.300000000000000044e-01 1.499999966472387314e-02 1.350082397460937500e+03
2.810399508476257324e+01 5.200000000000000178e-01 1.499999966472387314e-02 1.439913085937500000e+03
2.821795129776000977e+01 5.500000000000000444e-01 1.499999966472387314e-02 1.529962280273437500e+03
2.830802059173583984e+01 5.400000000000000355e-01 1.499999966472387314e-02 1.619902221679687500e+03
2.841895723342895508e+01 5.400000000000000355e-01 1.499999966472387314e-02 1.529962280273437500e+03
2.850996112823486328e+01 5.899999999999999689e-01 1.499999966472387314e-02 1.439913085937500000e+03
2.859999990463256836e+01 6.300000000000000044e-01 1.499999966472387314e-02 1.259814575195312500e+03
2.871199131011962891e+01 6.099999999999999867e-01 1.499999966472387314e-02 1.079934814453125000e+03
2.880195093154907227e+01 5.899999999999999689e-01 1.499999966472387314e-02 1.080153442382812500e+03
2.891495013236999512e+01 5.799999999999999600e-01 1.499999966472387314e-02 9.898856811523437500e+02
2.900399422645568848e+01 5.699999999999999512e-01 1.499999966472387314e-02 1.079934814453125000e+03
2.911695241928100586e+01 5.500000000000000444e-01 1.499999966472387314e-02 1.260033203125000000e+03
2.920695114135742188e+01 5.000000000000000000e-01 1.499999966472387314e-02 1.439913085937500000e+03
2.931895208358764648e+01 5.200000000000000178e-01 1.499999966472387314e-02 1.620011474609375000e+03
2.940895271301269531e+01 6.099999999999999867e-01 1.499999966472387314e-02 1.440131591796875000e+03
2.950695419311523438e+01 5.999999999999999778e-01 1.499999966472387314e-02 1.079934814453125000e+03
2.961199426651000977e+01 6.400000000000000133e-01 1.499999966472387314e-02 9.000549316406250000e+02
2.970095539093017578e+01 6.099999999999999867e-01 1.499999966472387314e-02 9.000549316406250000e+02
2.981495118141174316e+01 5.100000000000000089e-01 1.499999966472387314e-02 1.080153442382812500e+03
2.990495276451110840e+01 5.200000000000000178e-01 1.499999966472387314e-02 1.349863891601562500e+03
3.001600170135498047e+01 5.500000000000000444e-01 1.499999966472387314e-02 1.259814575195312500e+03
3.010799527168273926e+01 5.999999999999999778e-01 1.499999966472387314e-02 1.169765380859375000e+03
3.021999764442443848e+01 6.300000000000000044e-01 1.499999966472387314e-02 9.000549316406250000e+02
3.030895352363586426e+01 5.799999999999999600e-01 1.499999966472387314e-02 1.169765380859375000e+03
3.042195415496826172e+01 5.100000000000000089e-01 1.499999966472387314e-02 1.260251708984375000e+03
3.051295542716979980e+01 5.899999999999999689e-01 1.499999966472387314e-02 1.169765380859375000e+03
3.060195350646972656e+01 6.600000000000000311e-01 1.499999966472387314e-02 8.100057373046875000e+02
3.071495580673217773e+01 5.899999999999999689e-01 1.499999966472387314e-02 9.000549316406250000e+02
3.080495500564575195e+01 5.400000000000000355e-01 1.499999966472387314e-02 9.000549316406250000e+02
3.091695404052734375e+01 5.699999999999999512e-01 1.499999966472387314e-02 9.901042480468750000e+02
3.100695037841796875e+01 5.699999999999999512e-01 1.499999966472387314e-02 9.000549316406250000e+02
3.111999487876892090e+01 5.999999999999999778e-01 1.499999966472387314e-02 7.199565429687500000e+02
3.120896196365356445e+01 6.099999999999999867e-01 1.499999966472387314e-02 6.299072875976562500e+02
3.130594491958618164e+01 5.699999999999999512e-01 1.499999966472387314e-02 7.199565429687500000e+02
3.141199731826782227e+01 4.799999999999999822e-01 1.499999966472387314e-02 9.000549316406250000e+02
3.150195097923278809e+01 5.899999999999999689e-01 1.499999966472387314e-02 7.199565429687500000e+02
3.161400747299194336e+01 6.099999999999999867e-01 1.499999966472387314e-02 6.299072875976562500e+02
3.170495343208312988e+01 5.400000000000000355e-01 1.499999966472387314e-02 6.299072875976562500e+02
3.181695199012756348e+01 5.600000000000000533e-01 1.499999966472387314e-02 7.199565429687500000e+02
3.190595340728759766e+01 5.600000000000000533e-01 1.499999966472387314e-02 6.299072875976562500e+02
3.202000117301940918e+01 5.500000000000000444e-01 1.499999966472387314e-02 7.199565429687500000e+02
3.210995268821716309e+01 5.699999999999999512e-01 1.499999966472387314e-02 6.299072875976562500e+02
3.222095251083374023e+01 5.799999999999999600e-01 1.499999966472387314e-02 4.498088989257812500e+02
3.231295537948608398e+01 5.300000000000000266e-01 1.499999966472387314e-02 4.502460327148437500e+02
3.240296339988708496e+01 5.500000000000000444e-01 1.499999966472387314e-02 5.402952880859375000e+02
3.251395487785339355e+01 5.899999999999999689e-01 1.499999966472387314e-02 4.498088989257812500e+02
3.260495376586914062e+01 5.799999999999999600e-01 1.499999966472387314e-02 4.498088989257812500e+02
3.271795201301574707e+01 5.600000000000000533e-01 1.499999966472387314e-02 2.701476440429687500e+02
3.280695104598999023e+01 6.099999999999999867e-01 1.499999966472387314e-02 0.000000000000000000e+00
3.292000317573547363e+01 5.600000000000000533e-01 1.499999966472387314e-02 0.000000000000000000e+00
3.300995063781738281e+01 1.409999999999999920e+00 1.499999966472387314e-02 0.000000000000000000e+00
3.312195062637329102e+01 2.919999999999999929e+00 1.499999966472387314e-02 -2.701476440429687500e+02
3.321199965476989746e+01 2.979999999999999982e+00 1.499999966472387314e-02 -5.402952880859375000e+02
3.330195093154907227e+01 3.060000000000000053e+00 1.499999966472387314e-02 -9.000549316406250000e+02
3.341396522521972656e+01 2.970000000000000195e+00 1.499999966472387314e-02 -1.079716308593750000e+03
3.350400161743164062e+01 2.899999999999999911e+00 1.499999966472387314e-02 -1.259814575195312500e+03
3.361695122718811035e+01 2.830000000000000071e+00 1.499999966472387314e-02 -1.529962280273437500e+03
3.370697617530822754e+01 2.810000000000000053e+00 1.499999966472387314e-02 -1.439913085937500000e+03
3.381895136833190918e+01 2.790000000000000036e+00 1.499999966472387314e-02 -1.620011474609375000e+03
3.390995097160339355e+01 2.779999999999999805e+00 1.499999966472387314e-02 -1.620011474609375000e+03
3.402095293998718262e+01 2.750000000000000000e+00 1.499999966472387314e-02 -2.070257568359375000e+03
3.411095118522644043e+01 2.750000000000000000e+00 1.499999966472387314e-02 -2.069820556640625000e+03
3.420295834541320801e+01 2.770000000000000018e+00 1.499999966472387314e-02 -2.160306884765625000e+03
3.431494903564453125e+01 2.759999999999999787e+00 1.499999966472387314e-02 -2.249918945312500000e+03
3.440400505065917969e+01 2.680000000000000160e+00 1.499999966472387314e-02 -2.249918945312500000e+03
3.451795268058776855e+01 2.720000000000000195e+00 1.499999966472387314e-02 -2.160088378906250000e+03
3.460799789428710938e+01 2.700000000000000178e+00 1.499999966472387314e-02 -2.339968017578125000e+03
3.471894979476928711e+01 2.689999999999999947e+00 1.499999966472387314e-02 -2.250137451171875000e+03
3.480995106697082520e+01 2.689999999999999947e+00 1.499999966472387314e-02 -2.070039062500000000e+03
3.490001058578491211e+01 2.720000000000000195e+00 1.499999966472387314e-02 -2.340186523437500000e+03
3.501199841499328613e+01 2.689999999999999947e+00 1.499999966472387314e-02 -2.339968017578125000e+03
3.510195350646972656e+01 2.640000000000000124e+00 1.499999966472387314e-02 -2.159869628906250000e+03
3.521495079994201660e+01 2.649999999999999911e+00 1.499999966472387314e-02 -2.160088378906250000e+03
3.530400228500366211e+01 2.709999999999999964e+00 1.499999966472387314e-02 -2.249918945312500000e+03
3.541695499420166016e+01 2.680000000000000160e+00 1.499999966472387314e-02 -2.159979003906250000e+03
3.550695157051086426e+01 2.649999999999999911e+00 1.499999966472387314e-02 -1.889940673828125000e+03
3.561895036697387695e+01 2.700000000000000178e+00 1.499999966472387314e-02 -1.979989868164062500e+03
3.570896267890930176e+01 2.689999999999999947e+00 1.499999966472387314e-02 -1.890049926757812500e+03
3.580694961547851562e+01 2.660000000000000142e+00 1.499999966472387314e-02 -1.620011474609375000e+03
3.591199851036071777e+01 2.629999999999999893e+00 1.499999966472387314e-02 -1.169984008789062500e+03
3.600095701217651367e+01 2.640000000000000124e+00 1.499999966472387314e-02 -8.100057373046875000e+02
3.611494946479797363e+01 2.819999999999999840e+00 1.499999966472387314e-02 -7.200111694335937500e+02
3.620495176315307617e+01 2.910000000000000142e+00 1.499999966472387314e-02 -9.000003051757812500e+02
3.631599450111389160e+01 2.830000000000000071e+00 1.499999966472387314e-02 -9.000003051757812500e+02
3.640799856185913086e+01 2.779999999999999805e+00 1.499999966472387314e-02 -9.899949340820312500e+02
3.651999878883361816e+01 2.850000000000000089e+00 1.499999966472387314e-02 -1.079989501953125000e+03
3.660895228385925293e+01 2.870000000000000107e+00 1.499999966472387314e-02 -1.350000488281250000e+03
3.669999885559082031e+01 2.790000000000000036e+00 1.499999966472387314e-02 -1.439994995117187500e+03
3.681295800209045410e+01 2.750000000000000000e+00 1.499999966472387314e-02 -1.260005859375000000e+03
3.690195131301879883e+01 2.709999999999999964e+00 1.499999966472387314e-02 -1.080016845703125000e+03
3.701495099067687988e+01 2.700000000000000178e+00 1.499999966472387314e-02 -9.899949340820312500e+02
3.710495305061340332e+01 2.770000000000000018e+00 1.499999966472387314e-02 -8.100057373046875000e+02
3.721695137023925781e+01 2.799999999999999822e+00 1.499999966472387314e-02 -7.200111694335937500e+02
3.730695033073425293e+01 2.740000000000000213e+00 1.499999966472387314e-02 0.000000000000000000e+00
3.741999173164367676e+01 2.089999999999999858e+00 1.499999966472387314e-02 0.000000000000000000e+00
3.750895309448242188e+01 1.949999999999999956e+00 1.499999966472387314e-02 0.000000000000000000e+00
3.762195038795471191e+01 1.969999999999999973e+00 1.499999966472387314e-02 0.000000000000000000e+00
3.773495006561279297e+01 1.800000000000000044e+00 1.499999966472387314e-02 0.000000000000000000e+00
3.782400035858154297e+01 1.439999999999999947e+00 1.499999966472387314e-02 0.000000000000000000e+00
3.793695020675659180e+01 1.100000000000000089e+00 1.499999966472387314e-02 0.000000000000000000e+00
3.802695202827453613e+01 7.500000000000000000e-01 1.499999966472387314e-02 1.799891357421875000e+02
3.813895273208618164e+01 5.500000000000000444e-01 1.499999966472387314e-02 6.300166015625000000e+02
3.822895383834838867e+01 5.200000000000000178e-01 1.499999966472387314e-02 9.000003051757812500e+02
3.832695102691650391e+01 4.199999999999999845e-01 1.499999966472387314e-02 1.350000488281250000e+03
3.843200230598449707e+01 4.699999999999999734e-01 1.499999966472387314e-02 1.709978759765625000e+03
3.852095317840576172e+01 5.100000000000000089e-01 1.499999966472387314e-02 1.710006103515625000e+03
3.863495182991027832e+01 5.699999999999999512e-01 1.499999966472387314e-02 1.529999877929687500e+03
3.872496104240417480e+01 5.500000000000000444e-01 1.499999966472387314e-02 1.710006103515625000e+03
3.883599734306335449e+01 5.600000000000000533e-01 1.499999966472387314e-02 1.619984130859375000e+03
3.892799472808837891e+01 5.500000000000000444e-01 1.499999966472387314e-02 1.529962280273437500e+03
3.903999900817871094e+01 5.500000000000000444e-01 1.499999966472387314e-02 1.710006103515625000e+03
3.912896037101745605e+01 5.500000000000000444e-01 1.499999966472387314e-02 1.889995361328125000e+03
3.922695016860961914e+01 5.400000000000000355e-01 1.499999966472387314e-02 1.890049926757812500e+03
3.933295631408691406e+01 5.600000000000000533e-01 1.499999966472387314e-02 1.890049926757812500e+03
3.942195844650268555e+01 5.200000000000000178e-01 1.499999966472387314e-02 1.979989868164062500e+03
3.953495168685913086e+01 5.400000000000000355e-01 1.499999966472387314e-02 2.069929687500000000e+03
3.962496471405029297e+01 5.799999999999999600e-01 1.499999966472387314e-02 1.979989868164062500e+03
3.973695325851440430e+01 5.699999999999999512e-01 1.499999966472387314e-02 2.070039062500000000e+03
3.982694363594055176e+01 5.300000000000000266e-01 1.499999966472387314e-02 1.979989868164062500e+03
3.993999505043029785e+01 5.600000000000000533e-01 1.499999966472387314e-02 1.979989868164062500e+03
4.002895259857177734e+01 5.899999999999999689e-01 1.499999966472387314e-02 1.979989868164062500e+03
4.014095211029052734e+01 6.199999999999999956e-01 1.499999966472387314e-02 1.529962280273437500e+03
4.023199605941772461e+01 6.800000000000000488e-01 1.499999966472387314e-02 1.169984008789062500e+03
4.032195496559143066e+01 6.099999999999999867e-01 1.499999966472387314e-02 1.079934814453125000e+03
4.043395495414733887e+01 5.400000000000000355e-01 1.499999966472387314e-02 1.169984008789062500e+03
4.052495384216308594e+01 5.500000000000000444e-01 1.499999966472387314e-02 1.350082397460937500e+03
4.063696146011352539e+01 5.400000000000000355e-01 1.499999966472387314e-02 1.620011474609375000e+03
4.072595095634460449e+01 5.400000000000000355e-01 1.499999966472387314e-02 1.529962280273437500e+03
4.083999490737915039e+01 5.600000000000000533e-01 1.499999966472387314e-02 1.620011474609375000e+03
4.092994952201843262e+01 5.400000000000000355e-01 1.499999966472387314e-02 1.439913085937500000e+03
4.104094648361206055e+01 5.500000000000000444e-01 1.499999966472387314e-02 1.799672729492187500e+03
4.113295888900756836e+01 5.699999999999999512e-01 1.499999966472387314e-02 1.710060668945312500e+03
4.122296023368835449e+01 5.899999999999999689e-01 1.499999966472387314e-02 1.710060668945312500e+03
4.133394885063171387e+01 5.600000000000000533e-01 1.499999966472387314e-02 1.620011474609375000e+03
4.142495512962341309e+01 5.600000000000000533e-01 1.499999966472387314e-02 1.800109863281250000e+03
4.153795289993286133e+01 5.999999999999999778e-01 1.499999966472387314e-02 1.349863891601562500e+03
4.162695860862731934e+01 6.899999999999999467e-01 1.499999966472387314e-02 1.260251708984375000e+03
4.174095296859741211e+01 5.100000000000000089e-01 1.499999966472387314e-02 1.439913085937500000e+03
4.183199429512023926e+01 5.500000000000000444e-01 1.499999966472387314e-02 1.529962280273437500e+03
4.192095279693603516e+01 6.300000000000000044e-01 1.499999966472387314e-02 1.259814575195312500e+03
4.203395581245422363e+01 6.099999999999999867e-01 1.499999966472387314e-02 9.000549316406250000e+02
4.212400460243225098e+01 5.100000000000000089e-01 1.499999966472387314e-02 1.259814575195312500e+03
4.223599314689636230e+01 5.300000000000000266e-01 1.499999966472387314e-02 8.100057373046875000e+02
4.232595276832580566e+01 1.310000000000000053e+00 1.499999966472387314e-02 0.000000000000000000e+00
4.243895554542541504e+01 1.659999999999999920e+00 1.499999966472387314e-02 0.000000000000000000e+00
4.252895379066467285e+01 1.040000000000000036e+00 1.499999966472387314e-02 0.000000000000000000e+00
4.264095139503479004e+01 1.120000000000000107e+00 1.499999966472387314e-02 0.000000000000000000e+00
4.273199653625488281e+01 1.550000000000000044e+00 1.499999966472387314e-02 0.000000000000000000e+00
4.282194209098815918e+01 1.649999999999999911e+00 1.499999966472387314e-02 0.000000000000000000e+00
4.293295550346374512e+01 1.639999999999999902e+00 1.499999966472387314e-02 0.000000000000000000e+00
4.302495646476745605e+01 1.610000000000000098e+00 1.499999966472387314e-02 0.000000000000000000e+00
4.313695430755615234e+01 1.600000000000000089e+00 1.499999966472387314e-02 0.000000000000000000e+00
4.322595405578613281e+01 1.580000000000000071e+00 1.499999966472387314e-02 0.000000000000000000e+00
4.333999705314636230e+01 1.570000000000000062e+00 1.499999966472387314e-02 0.000000000000000000e+00
4.342995262145996094e+01 1.560000000000000053e+00 1.499999966472387314e-02 0.000000000000000000e+00
4.354095292091369629e+01 1.560000000000000053e+00 1.499999966472387314e-02 0.000000000000000000e+00
4.363199591636657715e+01 1.540000000000000036e+00 1.499999966472387314e-02 0.000000000000000000e+00
4.372195124626159668e+01 1.540000000000000036e+00 1.499999966472387314e-02 0.000000000000000000e+00
4.383395266532897949e+01 1.530000000000000027e+00 1.499999966472387314e-02 0.000000000000000000e+00
4.392399644851684570e+01 1.530000000000000027e+00 1.499999966472387314e-02 0.000000000000000000e+00
4.403695034980773926e+01 1.520000000000000018e+00 1.499999966472387314e-02 0.000000000000000000e+00
4.412595295906066895e+01 1.520000000000000018e+00 1.499999966472387314e-02 0.000000000000000000e+00
4.423895049095153809e+01 1.510000000000000009e+00 1.499999966472387314e-02 0.000000000000000000e+00
4.432895183563232422e+01 1.510000000000000009e+00 1.499999966472387314e-02 0.000000000000000000e+00
4.444095110893249512e+01 1.500000000000000000e+00 1.499999966472387314e-02 0.000000000000000000e+00
4.453094983100891113e+01 1.489999999999999991e+00 1.499999966472387314e-02 0.000000000000000000e+00
4.462195348739624023e+01 1.489999999999999991e+00 1.499999966472387314e-02 0.000000000000000000e+00
4.473395347595214844e+01 1.489999999999999991e+00 1.499999966472387314e-02 0.000000000000000000e+00
4.482295560836791992e+01 1.479999999999999982e+00 1.499999966472387314e-02 0.000000000000000000e+00
4.493695139884948730e+01 1.479999999999999982e+00 1.499999966472387314e-02 0.000000000000000000e+00
