2.604460716247558594e-02 3.160000000000000142e+00 4.800000041723251343e-02 0.000000000000000000e+00
1.249971389770507812e-01 3.689999999999999947e+00 4.800000041723251343e-02 0.000000000000000000e+00
2.100431919097900391e-01 4.129999999999999893e+00 4.800000041723251343e-02 0.000000000000000000e+00
3.240005970001220703e-01 4.500000000000000000e+00 4.800000041723251343e-02 0.000000000000000000e+00
4.119994640350341797e-01 4.750000000000000000e+00 4.800000041723251343e-02 0.000000000000000000e+00
5.189971923828125000e-01 5.200000000000000178e+00 4.800000041723251343e-02 0.000000000000000000e+00
6.100468635559082031e-01 5.429999999999999716e+00 4.800000041723251343e-02 0.000000000000000000e+00
7.210068702697753906e-01 5.519999999999999574e+00 4.800000041723251343e-02 0.000000000000000000e+00
8.100414276123046875e-01 5.490000000000000213e+00 4.800000041723251343e-02 0.000000000000000000e+00
9.239988327026367188e-01 5.700000000000000178e+00 4.800000041723251343e-02 0.000000000000000000e+00
1.018046855926513672e+00 5.879999999999999893e+00 4.800000041723251343e-02 0.000000000000000000e+00
1.107002019882202148e+00 6.070000000000000284e+00 4.800000041723251343e-02 0.000000000000000000e+00
1.214050292968750000e+00 6.110000000000000320e+00 2.199999988079071045e-02 -6.299072875976562500e+02
1.326037406921386719e+00 3.689999999999999947e+00 2.199999988079071045e-02 -8.100057373046875000e+02
1.421006202697753906e+00 3.319999999999999840e+00 4.800000041723251343e-02 0.000000000000000000e+00
1.511998653411865234e+00 3.419999999999999929e+00 4.800000041723251343e-02 0.000000000000000000e+00
1.619002103805541992e+00 4.259999999999999787e+00 4.800000041723251343e-02 0.000000000000000000e+00
1.714044332504272461e+00 4.370000000000000107e+00 4.800000041723251343e-02 0.000000000000000000e+00
1.826043128967285156e+00 4.240000000000000213e+00 2.199999988079071045e-02 -4.498088989257812500e+02
1.911017894744873047e+00 3.740000000000000213e+00 2.199999988079071045e-02 -3.601968383789062500e+02
1.993000984191894531e+00 3.680000000000000160e+00 2.199999988079071045e-02 -3.597597045898437500e+02
2.112998962402343750e+00 3.689999999999999947e+00 2.199999988079071045e-02 -4.502460327148437500e+02
2.219997644424438477e+00 3.600000000000000089e+00 2.199999988079071045e-02 -2.701476440429687500e+02
2.308997869491577148e+00 3.669999999999999929e+00 2.199999988079071045e-02 -1.796612854003906250e+02
2.423007249832153320e+00 3.850000000000000089e+00 2.199999988079071045e-02 -3.601968383789062500e+02
2.516997337341308594e+00 3.680000000000000160e+00 2.199999988079071045e-02 -4.498088989257812500e+02
2.623999118804931641e+00 3.790000000000000036e+00 2.199999988079071045e-02 -6.299072875976562500e+02
2.714999437332153320e+00 3.759999999999999787e+00 2.199999988079071045e-02 -6.299072875976562500e+02
2.810091733932495117e+00 3.700000000000000178e+00 2.199999988079071045e-02 -5.398581542968750000e+02
2.917001008987426758e+00 3.680000000000000160e+00 2.199999988079071045e-02 -7.199565429687500000e+02
3.007001638412475586e+00 3.649999999999999911e+00 2.199999988079071045e-02 -9.000549316406250000e+02
3.124998092651367188e+00 3.620000000000000107e+00 2.199999988079071045e-02 -7.199565429687500000e+02
3.210034847259521484e+00 3.580000000000000071e+00 2.199999988079071045e-02 -4.502460327148437500e+02
3.322044134140014648e+00 3.669999999999999929e+00 2.199999988079071045e-02 -2.697105102539062500e+02
3.416999340057373047e+00 3.729999999999999982e+00 2.199999988079071045e-02 -4.498088989257812500e+02
3.525000333786010742e+00 3.700000000000000178e+00 2.199999988079071045e-02 -5.398581542968750000e+02
3.614048004150390625e+00 3.649999999999999911e+00 2.199999988079071045e-02 -5.398581542968750000e+02
3.708996295928955078e+00 3.680000000000000160e+00 2.199999988079071045e-02 -5.402952880859375000e+02
3.818043708801269531e+00 3.629999999999999893e+00 2.199999988079071045e-02 -4.502460327148437500e+02
3.906999111175537109e+00 3.629999999999999893e+00 2.199999988079071045e-02 -2.701476440429687500e+02
4.024000883102416992e+00 3.680000000000000160e+00 2.199999988079071045e-02 -9.004920959472656250e+01
4.110998868942260742e+00 3.899999999999999911e+00 2.199999988079071045e-02 0.000000000000000000e+00
4.222051620483398438e+00 4.030000000000000249e+00 2.199999988079071045e-02 -3.601968383789062500e+02
4.313001871109008789e+00 3.959999999999999964e+00 2.199999988079071045e-02 -6.299072875976562500e+02
4.426046609878540039e+00 3.740000000000000213e+00 2.199999988079071045e-02 -9.000549316406250000e+02
4.514046669006347656e+00 3.629999999999999893e+00 2.199999988079071045e-02 -9.000549316406250000e+02
4.605075359344482422e+00 3.589999999999999858e+00 2.199999988079071045e-02 -8.100057373046875000e+02
4.722080230712890625e+00 3.560000000000000053e+00 2.199999988079071045e-02 -5.402952880859375000e+02
4.806997537612915039e+00 3.629999999999999893e+00 2.199999988079071045e-02 -4.498088989257812500e+02
4.919998168945312500e+00 3.660000000000000142e+00 2.199999988079071045e-02 -5.402952880859375000e+02
5.015002012252807617e+00 3.700000000000000178e+00 2.199999988079071045e-02 -8.100057373046875000e+02
5.122048616409301758e+00 3.669999999999999929e+00 2.199999988079071045e-02 -7.199565429687500000e+02
5.212000370025634766e+00 3.569999999999999840e+00 2.199999988079071045e-02 -5.398581542968750000e+02
5.306999921798706055e+00 3.640000000000000124e+00 2.199999988079071045e-02 -4.498088989257812500e+02
5.414999246597290039e+00 3.770000000000000018e+00 2.199999988079071045e-02 -4.502460327148437500e+02
5.510043144226074219e+00 3.790000000000000036e+00 2.199999988079071045e-02 -6.299072875976562500e+02
5.622048139572143555e+00 3.729999999999999982e+00 2.199999988079071045e-02 -9.901042480468750000e+02
5.707997322082519531e+00 3.620000000000000107e+00 2.199999988079071045e-02 -8.100057373046875000e+02
5.819000482559204102e+00 3.560000000000000053e+00 2.199999988079071045e-02 -8.100057373046875000e+02
5.914052248001098633e+00 3.680000000000000160e+00 2.199999988079071045e-02 -8.100057373046875000e+02
6.023004770278930664e+00 3.680000000000000160e+00 2.199999988079071045e-02 -8.100057373046875000e+02
6.112000226974487305e+00 3.600000000000000089e+00 2.199999988079071045e-02 -5.402952880859375000e+02
6.203002452850341797e+00 3.540000000000000036e+00 2.199999988079071045e-02 -3.601968383789062500e+02
6.316002130508422852e+00 3.600000000000000089e+00 2.199999988079071045e-02 -3.597597045898437500e+02
6.426047563552856445e+00 3.759999999999999787e+00 2.199999988079071045e-02 -5.402952880859375000e+02
6.518038272857666016e+00 3.779999999999999805e+00 2.199999988079071045e-02 -6.303444213867187500e+02
6.612000226974487305e+00 3.700000000000000178e+00 2.199999988079071045e-02 -6.303444213867187500e+02
6.718998670578002930e+00 3.609999999999999876e+00 2.199999988079071045e-02 -9.000549316406250000e+02
6.810048580169677734e+00 3.580000000000000071e+00 2.199999988079071045e-02 -7.199565429687500000e+02
6.905004024505615234e+00 3.549999999999999822e+00 2.199999988079071045e-02 -3.597597045898437500e+02
7.012000322341918945e+00 3.620000000000000107e+00 2.199999988079071045e-02 -4.498088989257812500e+02
7.124997377395629883e+00 3.729999999999999982e+00 2.199999988079071045e-02 -4.498088989257812500e+02
7.220000267028808594e+00 3.669999999999999929e+00 2.199999988079071045e-02 -5.398581542968750000e+02
7.316998243331909180e+00 3.649999999999999911e+00 2.199999988079071045e-02 -6.299072875976562500e+02
7.416998624801635742e+00 3.640000000000000124e+00 2.199999988079071045e-02 -6.303444213867187500e+02
7.512007951736450195e+00 3.620000000000000107e+00 2.199999988079071045e-02 -4.498088989257812500e+02
7.620000839233398438e+00 3.640000000000000124e+00 2.199999988079071045e-02 -5.398581542968750000e+02
7.708996772766113281e+00 3.660000000000000142e+00 2.199999988079071045e-02 -5.398581542968750000e+02
7.826997280120849609e+00 3.660000000000000142e+00 2.199999988079071045e-02 -4.500274658203125000e+02
7.913017034530639648e+00 3.689999999999999947e+00 2.199999988079071045e-02 -7.199565429687500000e+02
8.023998975753784180e+00 3.680000000000000160e+00 2.199999988079071045e-02 -9.000549316406250000e+02
8.118998289108276367e+00 3.640000000000000124e+00 2.199999988079071045e-02 -7.199565429687500000e+02
8.206042528152465820e+00 3.580000000000000071e+00 2.199999988079071045e-02 -5.400767211914062500e+02
8.317013263702392578e+00 3.669999999999999929e+00 2.199999988079071045e-02 -5.398581542968750000e+02
8.407998323440551758e+00 3.709999999999999964e+00 2.199999988079071045e-02 -6.299072875976562500e+02
8.521003961563110352e+00 3.680000000000000160e+00 2.199999988079071045e-02 -8.100057373046875000e+02
8.608998298645019531e+00 3.629999999999999893e+00 2.199999988079071045e-02 -8.100057373046875000e+02
8.723006963729858398e+00 3.620000000000000107e+00 2.199999988079071045e-02 -7.201751098632812500e+02
8.816998481750488281e+00 3.560000000000000053e+00 2.199999988079071045e-02 -5.398581542968750000e+02
8.923997402191162109e+00 3.640000000000000124e+00 2.199999988079071045e-02 -3.599782714843750000e+02
9.015001535415649414e+00 3.669999999999999929e+00 2.199999988079071045e-02 -5.400767211914062500e+02
9.110043048858642578e+00 3.649999999999999911e+00 2.199999988079071045e-02 -6.301258544921875000e+02
9.216998100280761719e+00 3.629999999999999893e+00 2.199999988079071045e-02 -6.299072875976562500e+02
9.306998491287231445e+00 3.580000000000000071e+00 2.199999988079071045e-02 -6.301258544921875000e+02
9.424999237060546875e+00 3.589999999999999858e+00 2.199999988079071045e-02 -4.500274658203125000e+02
9.510045289993286133e+00 3.709999999999999964e+00 2.199999988079071045e-02 -3.599782714843750000e+02
9.622060775756835938e+00 3.759999999999999787e+00 2.199999988079071045e-02 -5.400767211914062500e+02
9.716999769210815430e+00 3.720000000000000195e+00 2.199999988079071045e-02 -7.199565429687500000e+02
9.825000286102294922e+00 3.620000000000000107e+00 2.199999988079071045e-02 -7.199565429687500000e+02
9.914046287536621094e+00 3.640000000000000124e+00 2.199999988079071045e-02 -6.301258544921875000e+02
1.000899982452392578e+01 3.640000000000000124e+00 2.199999988079071045e-02 -5.398581542968750000e+02
1.011804556846618652e+01 3.680000000000000160e+00 2.199999988079071045e-02 -4.500274658203125000e+02
1.020700120925903320e+01 3.700000000000000178e+00 2.199999988079071045e-02 -4.500274658203125000e+02
1.032399916648864746e+01 3.680000000000000160e+00 2.199999988079071045e-02 -5.400767211914062500e+02
1.041100502014160156e+01 3.680000000000000160e+00 2.199999988079071045e-02 -6.301258544921875000e+02
1.052212572097778320e+01 3.680000000000000160e+00 2.199999988079071045e-02 -7.199565429687500000e+02
1.061300158500671387e+01 3.629999999999999893e+00 2.199999988079071045e-02 -5.398581542968750000e+02
1.072604584693908691e+01 3.600000000000000089e+00 2.199999988079071045e-02 -3.599782714843750000e+02
1.081404066085815430e+01 3.709999999999999964e+00 2.199999988079071045e-02 -2.699290771484375000e+02
1.090500259399414062e+01 3.790000000000000036e+00 2.199999988079071045e-02 -3.599782714843750000e+02
1.102204585075378418e+01 3.720000000000000195e+00 2.199999988079071045e-02 -6.300166015625000000e+02
1.110700201988220215e+01 3.680000000000000160e+00 2.199999988079071045e-02 -8.098964843750000000e+02
1.122002744674682617e+01 3.580000000000000071e+00 2.199999988079071045e-02 -6.300166015625000000e+02
1.131499648094177246e+01 3.560000000000000053e+00 2.199999988079071045e-02 -5.400767211914062500e+02
1.142204880714416504e+01 3.609999999999999876e+00 2.199999988079071045e-02 -4.500274658203125000e+02
1.151200222969055176e+01 3.680000000000000160e+00 2.199999988079071045e-02 -5.400767211914062500e+02
1.160699963569641113e+01 3.649999999999999911e+00 2.199999988079071045e-02 -6.300166015625000000e+02
1.171499967575073242e+01 3.620000000000000107e+00 2.199999988079071045e-02 -5.399674072265625000e+02
1.182604908943176270e+01 3.609999999999999876e+00 2.199999988079071045e-02 -4.499181823730468750e+02
1.192205595970153809e+01 3.649999999999999911e+00 2.199999988079071045e-02 -5.399674072265625000e+02
1.200799989700317383e+01 3.629999999999999893e+00 2.199999988079071045e-02 -2.700383605957031250e+02
1.211899709701538086e+01 3.689999999999999947e+00 2.199999988079071045e-02 -2.700383605957031250e+02
1.221405124664306641e+01 3.750000000000000000e+00 2.199999988079071045e-02 -2.700383605957031250e+02
1.232299971580505371e+01 3.740000000000000213e+00 2.199999988079071045e-02 -2.700383605957031250e+02
1.241200947761535645e+01 3.810000000000000053e+00 2.199999988079071045e-02 -9.004920959472656250e+01
1.250300288200378418e+01 3.799999999999999822e+00 2.199999988079071045e-02 -2.700383605957031250e+02
1.261599588394165039e+01 3.799999999999999822e+00 2.199999988079071045e-02 -4.500274658203125000e+02
1.270399641990661621e+01 3.759999999999999787e+00 2.199999988079071045e-02 -7.200657958984375000e+02
1.281804513931274414e+01 3.649999999999999911e+00 2.199999988079071045e-02 -8.100057373046875000e+02
1.291199827194213867e+01 3.620000000000000107e+00 2.199999988079071045e-02 -7.200111694335937500e+02
1.301899790763854980e+01 3.609999999999999876e+00 2.199999988079071045e-02 -6.300166015625000000e+02
1.311004304885864258e+01 3.649999999999999911e+00 2.199999988079071045e-02 -4.500274658203125000e+02
1.320499634742736816e+01 3.689999999999999947e+00 2.199999988079071045e-02 -4.499728393554687500e+02
1.331200075149536133e+01 3.689999999999999947e+00 2.199999988079071045e-02 -5.399674072265625000e+02
1.342500138282775879e+01 3.680000000000000160e+00 2.199999988079071045e-02 -4.500274658203125000e+02
1.351999807357788086e+01 3.540000000000000036e+00 2.199999988079071045e-02 0.000000000000000000e+00
1.360499644279479980e+01 3.020000000000000018e+00 2.199999988079071045e-02 0.000000000000000000e+00
1.371699643135070801e+01 3.200000000000000178e+00 2.199999988079071045e-02 0.000000000000000000e+00
1.381199908256530762e+01 3.589999999999999858e+00 2.199999988079071045e-02 0.000000000000000000e+00
1.391999983787536621e+01 3.560000000000000053e+00 2.199999988079071045e-02 0.000000000000000000e+00
1.400899553298950195e+01 3.359999999999999876e+00 2.199999988079071045e-02 0.000000000000000000e+00
1.412499594688415527e+01 2.890000000000000124e+00 2.199999988079071045e-02 0.000000000000000000e+00
1.421300792694091797e+01 2.370000000000000107e+00 2.199999988079071045e-02 0.000000000000000000e+00
1.432399654388427734e+01 2.140000000000000124e+00 2.199999988079071045e-02 0.000000000000000000e+00
1.441899991035461426e+01 1.729999999999999982e+00 2.199999988079071045e-02 0.000000000000000000e+00
1.450604438781738281e+01 1.330000000000000071e+00 2.199999988079071045e-02 0.000000000000000000e+00
1.461699604988098145e+01 1.479999999999999982e+00 4.800000041723251343e-02 1.079989501953125000e+03
1.470799589157104492e+01 3.200000000000000178e+00 4.800000041723251343e-02 1.349973144531250000e+03
1.482100248336791992e+01 3.620000000000000107e+00 4.800000041723251343e-02 5.399674072265625000e+02
1.490899538993835449e+01 3.459999999999999964e+00 4.800000041723251343e-02 6.299619750976562500e+02
1.502300190925598145e+01 3.370000000000000107e+00 4.800000041723251343e-02 5.399674072265625000e+02
1.511699652671813965e+01 3.330000000000000071e+00 4.800000041723251343e-02 4.499181823730468750e+02
1.522399783134460449e+01 3.310000000000000053e+00 4.800000041723251343e-02 9.000549316406250000e+02
1.531499838829040527e+01 3.350000000000000089e+00 4.800000041723251343e-02 1.080044189453125000e+03
1.541004037857055664e+01 3.410000000000000142e+00 4.800000041723251343e-02 9.899949340820312500e+02
1.551699709892272949e+01 3.390000000000000124e+00 4.800000041723251343e-02 9.899949340820312500e+02
1.560700225830078125e+01 3.490000000000000213e+00 4.800000041723251343e-02 7.199565429687500000e+02
1.572499752044677734e+01 3.479999999999999982e+00 4.800000041723251343e-02 2.699290771484375000e+02
1.581004428863525391e+01 3.330000000000000071e+00 4.800000041723251343e-02 2.700383605957031250e+02
1.592203855514526367e+01 3.279999999999999805e+00 4.800000041723251343e-02 3.599782714843750000e+02
1.601699733734130859e+01 3.350000000000000089e+00 4.800000041723251343e-02 3.599782714843750000e+02
1.612500095367431641e+01 3.290000000000000036e+00 4.800000041723251343e-02 5.399674072265625000e+02
1.621403312683105469e+01 3.370000000000000107e+00 4.800000041723251343e-02 5.399674072265625000e+02
1.630899786949157715e+01 3.379999999999999893e+00 4.800000041723251343e-02 6.299072875976562500e+02
1.641804718971252441e+01 3.299999999999999822e+00 4.800000041723251343e-02 7.199565429687500000e+02
1.650700354576110840e+01 3.339999999999999858e+00 4.800000041723251343e-02 9.000549316406250000e+02
1.662399744987487793e+01 3.419999999999999929e+00 4.800000041723251343e-02 7.201751098632812500e+02
1.671104598045349121e+01 3.450000000000000178e+00 4.800000041723251343e-02 6.301258544921875000e+02
1.682204556465148926e+01 3.390000000000000124e+00 4.800000041723251343e-02 6.299072875976562500e+02
1.691300201416015625e+01 3.379999999999999893e+00 4.800000041723251343e-02 5.400767211914062500e+02
1.702603840827941895e+01 3.390000000000000124e+00 4.800000041723251343e-02 6.301258544921875000e+02
1.711404800415039062e+01 3.359999999999999876e+00 4.800000041723251343e-02 5.398581542968750000e+02
1.720499897003173828e+01 3.439999999999999947e+00 4.800000041723251343e-02 6.299072875976562500e+02
1.732204699516296387e+01 3.359999999999999876e+00 4.800000041723251343e-02 9.901042480468750000e+02
1.740699958801269531e+01 3.350000000000000089e+00 4.800000041723251343e-02 1.079934814453125000e+03
1.751999592781066895e+01 3.430000000000000160e+00 4.800000041723251343e-02 7.199565429687500000e+02
1.761500096321105957e+01 3.490000000000000213e+00 4.800000041723251343e-02 6.301258544921875000e+02
1.772204566001892090e+01 3.459999999999999964e+00 4.800000041723251343e-02 2.699290771484375000e+02
1.781199932098388672e+01 3.310000000000000053e+00 4.800000041723251343e-02 1.800984191894531250e+02
1.790699934959411621e+01 3.209999999999999964e+00 4.800000041723251343e-02 3.599782714843750000e+02
1.801509284973144531e+01 3.290000000000000036e+00 4.800000041723251343e-02 6.301258544921875000e+02
1.810399818420410156e+01 3.339999999999999858e+00 4.800000041723251343e-02 5.398581542968750000e+02
1.822205090522766113e+01 3.370000000000000107e+00 4.800000041723251343e-02 5.400767211914062500e+02
1.830799746513366699e+01 3.359999999999999876e+00 4.800000041723251343e-02 6.301258544921875000e+02
1.841899919509887695e+01 3.450000000000000178e+00 4.800000041723251343e-02 4.500274658203125000e+02
1.851403522491455078e+01 3.459999999999999964e+00 4.800000041723251343e-02 3.599782714843750000e+02
1.862300658226013184e+01 3.310000000000000053e+00 4.800000041723251343e-02 2.699290771484375000e+02
1.871200251579284668e+01 3.319999999999999840e+00 4.800000041723251343e-02 5.400767211914062500e+02
1.880300307273864746e+01 3.330000000000000071e+00 4.800000041723251343e-02 7.201751098632812500e+02
1.891599798202514648e+01 3.390000000000000124e+00 4.800000041723251343e-02 6.301258544921875000e+02
1.900399827957153320e+01 3.379999999999999893e+00 4.800000041723251343e-02 5.400767211914062500e+02
1.911804747581481934e+01 3.410000000000000142e+00 4.800000041723251343e-02 4.500274658203125000e+02
1.921200561523437500e+01 3.439999999999999947e+00 4.800000041723251343e-02 3.599782714843750000e+02
1.931899595260620117e+01 3.339999999999999858e+00 4.800000041723251343e-02 4.500274658203125000e+02
1.941003751754760742e+01 3.359999999999999876e+00 4.800000041723251343e-02 5.400767211914062500e+02
1.950500035285949707e+01 3.370000000000000107e+00 4.800000041723251343e-02 7.199565429687500000e+02
1.961200070381164551e+01 3.370000000000000107e+00 4.800000041723251343e-02 5.402952880859375000e+02
1.972499942779541016e+01 3.359999999999999876e+00 4.800000041723251343e-02 5.402952880859375000e+02
1.982000231742858887e+01 3.390000000000000124e+00 4.800000041723251343e-02 4.498088989257812500e+02
1.991200661659240723e+01 3.370000000000000107e+00 4.800000041723251343e-02 5.398581542968750000e+02
2.001699733734130859e+01 3.330000000000000071e+00 4.800000041723251343e-02 7.199565429687500000e+02
2.011199975013732910e+01 3.359999999999999876e+00 4.800000041723251343e-02 9.000549316406250000e+02
2.021999859809875488e+01 3.390000000000000124e+00 4.800000041723251343e-02 5.402952880859375000e+02
2.030900096893310547e+01 3.500000000000000000e+00 4.800000041723251343e-02 3.601968383789062500e+02
2.042604637145996094e+01 3.390000000000000124e+00 4.800000041723251343e-02 2.697105102539062500e+02
2.051299905776977539e+01 3.390000000000000124e+00 4.800000041723251343e-02 1.800984191894531250e+02
2.062400054931640625e+01 3.310000000000000053e+00 4.800000041723251343e-02 0.000000000000000000e+00
2.071899724006652832e+01 3.189999999999999947e+00 4.800000041723251343e-02 2.701476440429687500e+02
2.080604052543640137e+01 3.189999999999999947e+00 4.800000041723251343e-02 5.398581542968750000e+02
2.091699981689453125e+01 3.310000000000000053e+00 4.800000041723251343e-02 4.502460327148437500e+02
2.100800871849060059e+01 3.379999999999999893e+00 4.800000041723251343e-02 3.601968383789062500e+02
2.112100219726562500e+01 3.350000000000000089e+00 4.800000041723251343e-02 2.701476440429687500e+02
2.120900011062622070e+01 3.299999999999999822e+00 4.800000041723251343e-02 6.299072875976562500e+02
2.132300305366516113e+01 3.310000000000000053e+00 4.800000041723251343e-02 9.901042480468750000e+02
2.141699767112731934e+01 3.430000000000000160e+00 4.800000041723251343e-02 8.100057373046875000e+02
2.152399826049804688e+01 3.430000000000000160e+00 4.800000041723251343e-02 4.498088989257812500e+02
2.161500096321105957e+01 3.390000000000000124e+00 4.800000041723251343e-02 3.601968383789062500e+02
2.171004939079284668e+01 3.339999999999999858e+00 4.800000041723251343e-02 4.502460327148437500e+02
2.181699895858764648e+01 3.399999999999999911e+00 4.800000041723251343e-02 4.498088989257812500e+02
2.190700197219848633e+01 3.310000000000000053e+00 4.800000041723251343e-02 4.498088989257812500e+02
2.202499938011169434e+01 3.379999999999999893e+00 4.800000041723251343e-02 7.199565429687500000e+02
2.211006021499633789e+01 3.390000000000000124e+00 4.800000041723251343e-02 7.199565429687500000e+02
2.222204899787902832e+01 3.370000000000000107e+00 4.800000041723251343e-02 4.502460327148437500e+02
2.231699776649475098e+01 3.430000000000000160e+00 4.800000041723251343e-02 2.701476440429687500e+02
2.242499804496765137e+01 3.359999999999999876e+00 4.800000041723251343e-02 9.004920959472656250e+01
2.251403999328613281e+01 3.149999999999999911e+00 4.800000041723251343e-02 2.697105102539062500e+02
2.260900425910949707e+01 3.279999999999999805e+00 4.800000041723251343e-02 4.502460327148437500e+02
2.271804189682006836e+01 3.350000000000000089e+00 4.800000041723251343e-02 3.597597045898437500e+02
2.280699992179870605e+01 3.419999999999999929e+00 4.800000041723251343e-02 4.498088989257812500e+02
2.292399930953979492e+01 3.390000000000000124e+00 4.800000041723251343e-02 4.498088989257812500e+02
2.301100158691406250e+01 3.359999999999999876e+00 4.800000041723251343e-02 7.203936767578125000e+02
2.312204289436340332e+01 3.330000000000000071e+00 4.800000041723251343e-02 9.000549316406250000e+02
2.321299934387207031e+01 3.439999999999999947e+00 4.800000041723251343e-02 7.203936767578125000e+02
2.332604694366455078e+01 3.470000000000000195e+00 4.800000041723251343e-02 4.502460327148437500e+02
2.341404628753662109e+01 3.390000000000000124e+00 4.800000041723251343e-02 2.701476440429687500e+02
2.350499773025512695e+01 3.350000000000000089e+00 4.800000041723251343e-02 2.697105102539062500e+02
2.362205481529235840e+01 3.240000000000000213e+00 4.800000041723251343e-02 4.502460327148437500e+02
2.370700097084045410e+01 3.370000000000000107e+00 4.800000041723251343e-02 2.701476440429687500e+02
2.381999874114990234e+01 3.310000000000000053e+00 4.800000041723251343e-02 3.601968383789062500e+02
2.391499853134155273e+01 3.359999999999999876e+00 4.800000041723251343e-02 6.303444213867187500e+02
2.402204561233520508e+01 3.410000000000000142e+00 4.800000041723251343e-02 4.502460327148437500e+02
2.411200666427612305e+01 3.330000000000000071e+00 4.800000041723251343e-02 5.398581542968750000e+02
2.420699787139892578e+01 3.350000000000000089e+00 4.800000041723251343e-02 6.299072875976562500e+02
2.431499814987182617e+01 3.419999999999999929e+00 4.800000041723251343e-02 5.398581542968750000e+02
2.440399789810180664e+01 3.390000000000000124e+00 4.800000041723251343e-02 4.502460327148437500e+02
2.452204275131225586e+01 3.330000000000000071e+00 4.800000041723251343e-02 4.502460327148437500e+02
2.460800170898437500e+01 3.339999999999999858e+00 4.800000041723251343e-02 4.498088989257812500e+02
2.471900534629821777e+01 3.379999999999999893e+00 4.800000041723251343e-02 3.601968383789062500e+02
2.481404733657836914e+01 3.310000000000000053e+00 4.800000041723251343e-02 4.498088989257812500e+02
2.492499709129333496e+01 3.310000000000000053e+00 4.800000041723251343e-02 3.597597045898437500e+02
2.501404237747192383e+01 3.399999999999999911e+00 4.800000041723251343e-02 2.701476440429687500e+02
2.510900044441223145e+01 3.359999999999999876e+00 4.800000041723251343e-02 4.498088989257812500e+02
2.522300267219543457e+01 3.419999999999999929e+00 4.800000041723251343e-02 3.601968383789062500e+02
2.531101417541503906e+01 3.390000000000000124e+00 4.800000041723251343e-02 3.597597045898437500e+02
2.541900110244750977e+01 3.290000000000000036e+00 4.800000041723251343e-02 5.402952880859375000e+02
2.550899744033813477e+01 3.250000000000000000e+00 4.800000041723251343e-02 7.199565429687500000e+02
2.560400056838989258e+01 3.430000000000000160e+00 4.800000041723251343e-02 4.498088989257812500e+02
2.571200037002563477e+01 3.419999999999999929e+00 4.800000041723251343e-02 0.000000000000000000e+00
2.582399749755859375e+01 3.149999999999999911e+00 4.800000041723251343e-02 1.800984191894531250e+02
2.591900396347045898e+01 3.140000000000000124e+00 4.800000041723251343e-02 5.402952880859375000e+02
2.600799846649169922e+01 3.250000000000000000e+00 4.800000041723251343e-02 5.398581542968750000e+02
2.611599993705749512e+01 3.390000000000000124e+00 4.800000041723251343e-02 6.299072875976562500e+02
2.621100521087646484e+01 3.419999999999999929e+00 4.800000041723251343e-02 5.402952880859375000e+02
2.632300138473510742e+01 3.350000000000000089e+00 4.800000041723251343e-02 4.498088989257812500e+02
2.640799784660339355e+01 3.390000000000000124e+00 4.800000041723251343e-02 2.697105102539062500e+02
2.651004385948181152e+01 3.390000000000000124e+00 4.800000041723251343e-02 0.000000000000000000e+00
2.661601376533508301e+01 3.189999999999999947e+00 4.800000041723251343e-02 9.004920959472656250e+01
2.672300243377685547e+01 3.140000000000000124e+00 4.800000041723251343e-02 2.701476440429687500e+02
2.681804060935974121e+01 3.299999999999999822e+00 4.800000041723251343e-02 0.000000000000000000e+00
2.690899825096130371e+01 3.160000000000000142e+00 4.800000041723251343e-02 9.004920959472656250e+01
2.701599693298339844e+01 3.200000000000000178e+00 4.800000041723251343e-02 2.697105102539062500e+02
2.710700011253356934e+01 3.290000000000000036e+00 4.800000041723251343e-02 1.796612854003906250e+02
2.722399854660034180e+01 3.290000000000000036e+00 4.800000041723251343e-02 3.597597045898437500e+02
2.730899858474731445e+01 3.290000000000000036e+00 4.800000041723251343e-02 4.498088989257812500e+02
2.742205309867858887e+01 3.430000000000000160e+00 4.800000041723251343e-02 0.000000000000000000e+00
2.751599860191345215e+01 3.259999999999999787e+00 4.800000041723251343e-02 0.000000000000000000e+00
2.762398982048034668e+01 3.060000000000000053e+00 4.800000041723251343e-02 0.000000000000000000e+00
2.771404361724853516e+01 3.020000000000000018e+00 4.800000041723251343e-02 0.000000000000000000e+00
2.780900001525878906e+01 2.919999999999999929e+00 4.800000041723251343e-02 2.697105102539062500e+02
2.791700816154479980e+01 3.049999999999999822e+00 4.800000041723251343e-02 0.000000000000000000e+00
2.800604486465454102e+01 3.109999999999999876e+00 4.800000041723251343e-02 0.000000000000000000e+00
2.812399840354919434e+01 2.859999999999999876e+00 4.800000041723251343e-02 0.000000000000000000e+00
2.821299886703491211e+01 2.740000000000000213e+00 4.800000041723251343e-02 0.000000000000000000e+00
2.832099866867065430e+01 2.799999999999999822e+00 4.800000041723251343e-02 1.796612854003906250e+02
2.841599845886230469e+01 2.859999999999999876e+00 4.800000041723251343e-02 0.000000000000000000e+00
2.850604820251464844e+01 2.939999999999999947e+00 4.800000041723251343e-02 0.000000000000000000e+00
2.861300444602966309e+01 2.770000000000000018e+00 4.800000041723251343e-02 0.000000000000000000e+00
2.870799875259399414e+01 2.859999999999999876e+00 4.800000041723251343e-02 0.000000000000000000e+00
2.882100296020507812e+01 3.770000000000000018e+00 4.800000041723251343e-02 0.000000000000000000e+00
2.890604043006896973e+01 4.469999999999999751e+00 2.199999988079071045e-02 -1.079716308593750000e+03
2.902300572395324707e+01 3.810000000000000053e+00 2.199999988079071045e-02 -1.620011474609375000e+03
2.911403965950012207e+01 3.390000000000000124e+00 2.199999988079071045e-02 -9.000549316406250000e+02
2.922101879119873047e+01 3.450000000000000178e+00 2.199999988079071045e-02 -5.398581542968750000e+02
2.931200098991394043e+01 3.729999999999999982e+00 2.199999988079071045e-02 -6.299072875976562500e+02
2.940604281425476074e+01 3.790000000000000036e+00 2.199999988079071045e-02 -9.901042480468750000e+02
2.951404714584350586e+01 3.700000000000000178e+00 2.199999988079071045e-02 -1.169765380859375000e+03
2.960399866104125977e+01 3.580000000000000071e+00 2.199999988079071045e-02 -9.901042480468750000e+02
2.972100496292114258e+01 3.560000000000000053e+00 2.199999988079071045e-02 -7.203936767578125000e+02
2.980699920654296875e+01 3.680000000000000160e+00 2.199999988079071045e-02 -7.199565429687500000e+02
2.991899824142456055e+01 3.669999999999999929e+00 2.199999988079071045e-02 -8.100057373046875000e+02
3.001404023170471191e+01 3.629999999999999893e+00 2.199999988079071045e-02 -8.100057373046875000e+02
3.012204909324645996e+01 3.669999999999999929e+00 2.199999988079071045e-02 -9.000549316406250000e+02
3.021100139617919922e+01 3.680000000000000160e+00 2.199999988079071045e-02 -9.901042480468750000e+02
3.030604004859924316e+01 3.640000000000000124e+00 2.199999988079071045e-02 -9.901042480468750000e+02
3.041804313659667969e+01 3.600000000000000089e+00 2.199999988079071045e-02 -9.901042480468750000e+02
3.052499961853027344e+01 3.640000000000000124e+00 2.199999988079071045e-02 -9.901042480468750000e+02
3.062100338935852051e+01 3.620000000000000107e+00 2.199999988079071045e-02 -9.896671142578125000e+02
3.071100521087646484e+01 3.600000000000000089e+00 2.199999988079071045e-02 -9.000549316406250000e+02
3.081805634498596191e+01 3.609999999999999876e+00 2.199999988079071045e-02 -8.100057373046875000e+02
3.091299843788146973e+01 3.589999999999999858e+00 2.199999988079071045e-02 -8.996177978515625000e+02
3.102500176429748535e+01 3.729999999999999982e+00 2.199999988079071045e-02 -9.901042480468750000e+02
3.111101675033569336e+01 3.649999999999999911e+00 2.199999988079071045e-02 -1.169765380859375000e+03
3.120206618309020996e+01 3.609999999999999876e+00 2.199999988079071045e-02 -1.170202514648437500e+03
3.131901335716247559e+01 3.600000000000000089e+00 2.199999988079071045e-02 -1.079716308593750000e+03
3.142499804496765137e+01 3.549999999999999822e+00 2.199999988079071045e-02 -6.299072875976562500e+02
3.151699948310852051e+01 3.470000000000000195e+00 2.199999988079071045e-02 -7.199565429687500000e+02
3.161101007461547852e+01 3.759999999999999787e+00 2.199999988079071045e-02 -6.299072875976562500e+02
3.171899890899658203e+01 3.680000000000000160e+00 2.199999988079071045e-02 -8.100057373046875000e+02
3.180899763107299805e+01 3.700000000000000178e+00 2.199999988079071045e-02 -8.100057373046875000e+02
3.192499756813049316e+01 3.680000000000000160e+00 2.199999988079071045e-02 -8.100057373046875000e+02
3.201199889183044434e+01 3.569999999999999840e+00 2.199999988079071045e-02 -8.100057373046875000e+02
3.212399959564208984e+01 3.589999999999999858e+00 2.199999988079071045e-02 -6.299072875976562500e+02
3.221900033950805664e+01 3.649999999999999911e+00 2.199999988079071045e-02 -8.100057373046875000e+02
3.231299996376037598e+01 3.689999999999999947e+00 2.199999988079071045e-02 -9.000549316406250000e+02
3.241599726676940918e+01 3.660000000000000142e+00 2.199999988079071045e-02 -1.079716308593750000e+03
3.251100420951843262e+01 3.609999999999999876e+00 2.199999988079071045e-02 -1.080153442382812500e+03
3.262300086021423340e+01 3.569999999999999840e+00 2.199999988079071045e-02 -9.901042480468750000e+02
3.270799756050109863e+01 3.620000000000000107e+00 2.199999988079071045e-02 -9.000549316406250000e+02
3.282604503631591797e+01 3.600000000000000089e+00 2.199999988079071045e-02 -9.898856811523437500e+02
3.291599702835083008e+01 3.600000000000000089e+00 2.199999988079071045e-02 -8.100057373046875000e+02
3.302300071716308594e+01 3.620000000000000107e+00 2.199999988079071045e-02 -8.998363647460937500e+02
3.311804318428039551e+01 3.660000000000000142e+00 2.199999988079071045e-02 -9.000549316406250000e+02
3.320899772644042969e+01 3.629999999999999893e+00 2.199999988079071045e-02 -9.898856811523437500e+02
3.331599760055541992e+01 3.669999999999999929e+00 2.199999988079071045e-02 -1.169984008789062500e+03
3.340699982643127441e+01 3.609999999999999876e+00 2.199999988079071045e-02 -1.529962280273437500e+03
3.352399635314941406e+01 3.540000000000000036e+00 2.199999988079071045e-02 -1.620011474609375000e+03
3.360899806022644043e+01 3.509999999999999787e+00 2.199999988079071045e-02 -1.529962280273437500e+03
3.372204661369323730e+01 3.500000000000000000e+00 2.199999988079071045e-02 -1.349863891601562500e+03
3.381599783897399902e+01 3.540000000000000036e+00 2.199999988079071045e-02 -1.260033203125000000e+03
3.392399835586547852e+01 3.560000000000000053e+00 2.199999988079071045e-02 -1.260033203125000000e+03
3.401405286788940430e+01 3.520000000000000018e+00 2.199999988079071045e-02 -1.169984008789062500e+03
3.410899829864501953e+01 3.580000000000000071e+00 2.199999988079071045e-02 -1.079934814453125000e+03
3.421699786186218262e+01 3.609999999999999876e+00 2.199999988079071045e-02 -1.080044189453125000e+03
3.430604362487792969e+01 3.529999999999999805e+00 2.199999988079071045e-02 -9.899949340820312500e+02
3.442399859428405762e+01 3.560000000000000053e+00 2.199999988079071045e-02 -9.899949340820312500e+02
3.451300239562988281e+01 3.560000000000000053e+00 2.199999988079071045e-02 -7.199565429687500000e+02
3.462100219726562500e+01 3.529999999999999805e+00 2.199999988079071045e-02 -6.300166015625000000e+02
3.471600079536437988e+01 3.589999999999999858e+00 2.199999988079071045e-02 -4.500274658203125000e+02
3.480606102943420410e+01 3.640000000000000124e+00 2.199999988079071045e-02 -3.599782714843750000e+02
3.491300058364868164e+01 3.689999999999999947e+00 2.199999988079071045e-02 -4.500274658203125000e+02
3.500800013542175293e+01 3.700000000000000178e+00 2.199999988079071045e-02 -5.399674072265625000e+02
3.512099862098693848e+01 3.680000000000000160e+00 2.199999988079071045e-02 -7.200657958984375000e+02
3.520605254173278809e+01 3.709999999999999964e+00 2.199999988079071045e-02 -8.100057373046875000e+02
3.532300233840942383e+01 3.609999999999999876e+00 2.199999988079071045e-02 -9.000549316406250000e+02
3.541404199600219727e+01 3.609999999999999876e+00 2.199999988079071045e-02 -7.200657958984375000e+02
3.552106618881225586e+01 3.589999999999999858e+00 2.199999988079071045e-02 -7.200111694335937500e+02
3.561199879646301270e+01 3.629999999999999893e+00 2.199999988079071045e-02 -5.399674072265625000e+02
3.570604133605957031e+01 3.660000000000000142e+00 2.199999988079071045e-02 -5.400220947265625000e+02
3.581405472755432129e+01 3.680000000000000160e+00 2.199999988079071045e-02 -4.500274658203125000e+02
3.590399694442749023e+01 3.660000000000000142e+00 2.199999988079071045e-02 -5.400220947265625000e+02
3.602099776268005371e+01 3.720000000000000195e+00 2.199999988079071045e-02 -7.200111694335937500e+02
3.610699868202209473e+01 2.959999999999999964e+00 2.199999988079071045e-02 0.000000000000000000e+00
3.621900153160095215e+01 2.370000000000000107e+00 2.199999988079071045e-02 0.000000000000000000e+00
3.631403803825378418e+01 2.189999999999999947e+00 2.199999988079071045e-02 0.000000000000000000e+00
3.642204117774963379e+01 1.489999999999999991e+00 4.800000041723251343e-02 1.169984008789062500e+03
3.651100420951843262e+01 2.910000000000000142e+00 4.800000041723251343e-02 2.159979003906250000e+03
3.660604572296142578e+01 3.649999999999999911e+00 4.800000041723251343e-02 7.200111694335937500e+02
3.671803545951843262e+01 3.509999999999999787e+00 4.800000041723251343e-02 5.399674072265625000e+02
3.682499957084655762e+01 3.319999999999999840e+00 4.800000041723251343e-02 7.199565429687500000e+02
3.692100095748901367e+01 3.350000000000000089e+00 4.800000041723251343e-02 8.100057373046875000e+02
3.701100444793701172e+01 3.330000000000000071e+00 4.800000041723251343e-02 1.260033203125000000e+03
3.711804485321044922e+01 3.390000000000000124e+00 4.800000041723251343e-02 1.169984008789062500e+03
3.721300339698791504e+01 3.419999999999999929e+00 4.800000041723251343e-02 1.079934814453125000e+03
3.732499766349792480e+01 3.450000000000000178e+00 4.800000041723251343e-02 1.169984008789062500e+03
3.741111087799072266e+01 3.390000000000000124e+00 4.800000041723251343e-02 1.260033203125000000e+03
3.750205564498901367e+01 3.430000000000000160e+00 4.800000041723251343e-02 1.259923950195312500e+03
3.761899852752685547e+01 3.419999999999999929e+00 4.800000041723251343e-02 1.169984008789062500e+03
3.772499823570251465e+01 3.439999999999999947e+00 4.800000041723251343e-02 9.901042480468750000e+02
3.781700730323791504e+01 3.439999999999999947e+00 4.800000041723251343e-02 9.901042480468750000e+02
3.791100263595581055e+01 3.439999999999999947e+00 4.800000041723251343e-02 9.898856811523437500e+02
3.801900362968444824e+01 3.399999999999999911e+00 4.800000041723251343e-02 9.901042480468750000e+02
3.810900139808654785e+01 3.430000000000000160e+00 4.800000041723251343e-02 9.901042480468750000e+02
3.822605156898498535e+01 3.430000000000000160e+00 4.800000041723251343e-02 8.100057373046875000e+02
3.831200695037841797e+01 3.439999999999999947e+00 4.800000041723251343e-02 7.199565429687500000e+02
3.842399764060974121e+01 3.399999999999999911e+00 4.800000041723251343e-02 7.199565429687500000e+02
3.851900219917297363e+01 3.379999999999999893e+00 4.800000041723251343e-02 1.079934814453125000e+03
3.860800051689147949e+01 3.390000000000000124e+00 4.800000041723251343e-02 9.000549316406250000e+02
3.871599698066711426e+01 3.410000000000000142e+00 4.800000041723251343e-02 9.901042480468750000e+02
3.881100535392761230e+01 3.370000000000000107e+00 4.800000041723251343e-02 1.080153442382812500e+03
3.892300629615783691e+01 3.470000000000000195e+00 4.800000041723251343e-02 9.901042480468750000e+02
3.900799822807312012e+01 3.430000000000000160e+00 4.800000041723251343e-02 9.901042480468750000e+02
3.912604570388793945e+01 3.390000000000000124e+00 4.800000041723251343e-02 1.260033203125000000e+03
3.921599864959716797e+01 3.370000000000000107e+00 4.800000041723251343e-02 1.349863891601562500e+03
3.932300114631652832e+01 3.479999999999999982e+00 4.800000041723251343e-02 1.260033203125000000e+03
3.941804790496826172e+01 3.459999999999999964e+00 4.800000041723251343e-02 1.080153442382812500e+03
3.950899744033813477e+01 3.439999999999999947e+00 4.800000041723251343e-02 9.901042480468750000e+02
3.961599755287170410e+01 3.439999999999999947e+00 4.800000041723251343e-02 9.901042480468750000e+02
3.970699954032897949e+01 3.419999999999999929e+00 4.800000041723251343e-02 1.169765380859375000e+03
3.982400035858154297e+01 3.359999999999999876e+00 4.800000041723251343e-02 1.349863891601562500e+03
3.990899562835693359e+01 3.379999999999999893e+00 4.800000041723251343e-02 1.529962280273437500e+03
4.002205348014831543e+01 3.470000000000000195e+00 4.800000041723251343e-02 1.259814575195312500e+03
4.011600017547607422e+01 3.490000000000000213e+00 4.800000041723251343e-02 1.170202514648437500e+03
4.022399830818176270e+01 3.430000000000000160e+00 4.800000041723251343e-02 1.170202514648437500e+03
4.031404662132263184e+01 3.439999999999999947e+00 4.800000041723251343e-02 1.259814575195312500e+03
4.040899872779846191e+01 3.439999999999999947e+00 4.800000041723251343e-02 1.349863891601562500e+03
4.051699829101562500e+01 3.439999999999999947e+00 4.800000041723251343e-02 1.259814575195312500e+03
4.060603833198547363e+01 3.490000000000000213e+00 4.800000041723251343e-02 9.901042480468750000e+02
4.072399711608886719e+01 3.500000000000000000e+00 4.800000041723251343e-02 6.299072875976562500e+02
4.081299924850463867e+01 3.479999999999999982e+00 4.800000041723251343e-02 5.398581542968750000e+02
4.092099905014038086e+01 3.410000000000000142e+00 4.800000041723251343e-02 7.203936767578125000e+02
4.101599812507629395e+01 3.339999999999999858e+00 4.800000041723251343e-02 9.000549316406250000e+02
4.112204194068908691e+01 3.350000000000000089e+00 4.800000041723251343e-02 9.000549316406250000e+02
4.121299934387207031e+01 3.419999999999999929e+00 4.800000041723251343e-02 9.901042480468750000e+02
4.130799913406372070e+01 3.459999999999999964e+00 4.800000041723251343e-02 9.000549316406250000e+02
4.142110919952392578e+01 3.339999999999999858e+00 4.800000041723251343e-02 1.260251708984375000e+03
4.150604343414306641e+01 3.379999999999999893e+00 4.800000041723251343e-02 1.259814575195312500e+03
4.164605116844177246e+01 3.439999999999999947e+00 4.800000041723251343e-02 1.169765380859375000e+03
4.173599863052368164e+01 3.470000000000000195e+00 4.800000041723251343e-02 9.000549316406250000e+02
4.184300088882446289e+01 3.470000000000000195e+00 4.800000041723251343e-02 8.100057373046875000e+02
4.193805599212646484e+01 3.410000000000000142e+00 4.800000041723251343e-02 8.100057373046875000e+02
4.202901077270507812e+01 3.450000000000000178e+00 4.800000041723251343e-02 5.398581542968750000e+02
4.213599705696105957e+01 3.310000000000000053e+00 4.800000041723251343e-02 5.398581542968750000e+02
4.222699785232543945e+01 3.430000000000000160e+00 4.800000041723251343e-02 5.398581542968750000e+02
4.234399795532226562e+01 3.410000000000000142e+00 4.800000041723251343e-02 5.402952880859375000e+02
4.242899632453918457e+01 3.330000000000000071e+00 4.800000041723251343e-02 5.402952880859375000e+02
4.254204511642456055e+01 3.399999999999999911e+00 4.800000041723251343e-02 5.398581542968750000e+02
4.263600039482116699e+01 3.419999999999999929e+00 4.800000041723251343e-02 5.398581542968750000e+02
4.274399900436401367e+01 3.350000000000000089e+00 4.800000041723251343e-02 5.402952880859375000e+02
4.283404827117919922e+01 3.350000000000000089e+00 4.800000041723251343e-02 5.398581542968750000e+02
4.292899632453918457e+01 3.359999999999999876e+00 4.800000041723251343e-02 6.303444213867187500e+02
4.303699803352355957e+01 3.200000000000000178e+00 4.800000041723251343e-02 0.000000000000000000e+00
4.312603855133056641e+01 3.259999999999999787e+00 4.800000041723251343e-02 0.000000000000000000e+00
4.324400043487548828e+01 3.779999999999999805e+00 4.800000041723251343e-02 0.000000000000000000e+00
4.333300209045410156e+01 5.290000000000000036e+00 2.199999988079071045e-02 -1.710060668945312500e+03
4.344099879264831543e+01 3.740000000000000213e+00 2.199999988079071045e-02 -1.889722045898437500e+03
4.353600001335144043e+01 3.450000000000000178e+00 2.199999988079071045e-02 -1.889722045898437500e+03
4.362604784965515137e+01 3.540000000000000036e+00 2.199999988079071045e-02 -2.069820556640625000e+03
4.373299932479858398e+01 3.509999999999999787e+00 2.199999988079071045e-02 -2.069820556640625000e+03
4.382799887657165527e+01 3.450000000000000178e+00 2.199999988079071045e-02 -1.799672729492187500e+03
4.394106435775756836e+01 3.450000000000000178e+00 2.199999988079071045e-02 -1.800109863281250000e+03
4.402603435516357422e+01 3.479999999999999982e+00 2.199999988079071045e-02 -1.710060668945312500e+03
4.414300370216369629e+01 3.500000000000000000e+00 2.199999988079071045e-02 -1.800109863281250000e+03
4.423405051231384277e+01 3.479999999999999982e+00 2.199999988079071045e-02 -1.620011474609375000e+03
4.434100055694580078e+01 3.500000000000000000e+00 2.199999988079071045e-02 -1.710060668945312500e+03
4.443200206756591797e+01 3.549999999999999822e+00 2.199999988079071045e-02 -1.620011474609375000e+03
4.452604627609252930e+01 3.520000000000000018e+00 2.199999988079071045e-02 -1.710060668945312500e+03
4.463404893875122070e+01 3.549999999999999822e+00 2.199999988079071045e-02 -1.800109863281250000e+03
4.473099923133850098e+01 3.540000000000000036e+00 2.199999988079071045e-02 -1.979771362304687500e+03
4.484100031852722168e+01 3.520000000000000018e+00 2.199999988079071045e-02 -1.889722045898437500e+03
4.492700028419494629e+01 3.470000000000000195e+00 2.199999988079071045e-02 -1.889722045898437500e+03
4.503899884223937988e+01 3.470000000000000195e+00 2.199999988079071045e-02 -1.800109863281250000e+03
4.513404679298400879e+01 3.490000000000000213e+00 2.199999988079071045e-02 -1.710060668945312500e+03
4.524204969406127930e+01 3.529999999999999805e+00 2.199999988079071045e-02 -1.709842163085937500e+03
4.533100080490112305e+01 3.529999999999999805e+00 2.199999988079071045e-02 -1.710060668945312500e+03
4.542604041099548340e+01 3.540000000000000036e+00 2.199999988079071045e-02 -1.800109863281250000e+03
4.553804278373718262e+01 3.509999999999999787e+00 2.199999988079071045e-02 -1.799891357421875000e+03
4.564500045776367188e+01 3.490000000000000213e+00 2.199999988079071045e-02 -1.710060668945312500e+03
4.574101138114929199e+01 3.450000000000000178e+00 2.199999988079071045e-02 -1.620011474609375000e+03
4.583106994628906250e+01 3.509999999999999787e+00 2.199999988079071045e-02 -1.620011474609375000e+03
4.593805289268493652e+01 3.529999999999999805e+00 2.199999988079071045e-02 -1.620011474609375000e+03
4.603300309181213379e+01 3.569999999999999840e+00 2.199999988079071045e-02 -1.799891357421875000e+03
4.614604854583740234e+01 3.509999999999999787e+00 2.199999988079071045e-02 -1.799891357421875000e+03
4.623102426528930664e+01 3.509999999999999787e+00 2.199999988079071045e-02 -1.889940673828125000e+03
4.632204413414001465e+01 3.470000000000000195e+00 2.199999988079071045e-02 -1.800000610351562500e+03
4.643899917602539062e+01 3.490000000000000213e+00 2.199999988079071045e-02 -1.620011474609375000e+03
4.654612278938293457e+01 3.419999999999999929e+00 2.199999988079071045e-02 -1.260033203125000000e+03
4.663701319694519043e+01 3.439999999999999947e+00 2.199999988079071045e-02 -9.899949340820312500e+02
4.673100566864013672e+01 3.580000000000000071e+00 2.199999988079071045e-02 -8.999456787109375000e+02
4.683900117874145508e+01 3.669999999999999929e+00 2.199999988079071045e-02 -1.079934814453125000e+03
4.692899727821350098e+01 3.600000000000000089e+00 2.199999988079071045e-02 -9.899949340820312500e+02
4.704604601860046387e+01 3.589999999999999858e+00 2.199999988079071045e-02 -9.000003051757812500e+02
4.713200402259826660e+01 3.609999999999999876e+00 2.199999988079071045e-02 -9.000003051757812500e+02
4.724399805068969727e+01 3.589999999999999858e+00 2.199999988079071045e-02 -7.200111694335937500e+02
4.733899831771850586e+01 3.620000000000000107e+00 2.199999988079071045e-02 -8.100057373046875000e+02
4.744605112075805664e+01 3.169999999999999929e+00 2.199999988079071045e-02 0.000000000000000000e+00
4.753599762916564941e+01 2.660000000000000142e+00 2.199999988079071045e-02 0.000000000000000000e+00
4.763100290298461914e+01 2.509999999999999787e+00 2.199999988079071045e-02 0.000000000000000000e+00
4.774300217628479004e+01 1.760000000000000009e+00 4.800000041723251343e-02 2.699837036132812500e+02
4.782799673080444336e+01 2.109999999999999876e+00 4.800000041723251343e-02 1.889995361328125000e+03
4.794499731063842773e+01 3.430000000000000160e+00 4.800000041723251343e-02 1.079989501953125000e+03
4.803600049018859863e+01 3.569999999999999840e+00 4.800000041723251343e-02 1.080044189453125000e+03
4.814300322532653809e+01 3.339999999999999858e+00 4.800000041723251343e-02 1.710060668945312500e+03
4.823804831504821777e+01 3.299999999999999822e+00 4.800000041723251343e-02 2.250028320312500000e+03
4.832899904251098633e+01 3.370000000000000107e+00 4.800000041723251343e-02 2.520066406250000000e+03
4.843599677085876465e+01 3.459999999999999964e+00 4.800000041723251343e-02 2.250028320312500000e+03
4.852701616287231445e+01 3.520000000000000018e+00 4.800000041723251343e-02 2.249918945312500000e+03
4.864399909973144531e+01 3.520000000000000018e+00 4.800000041723251343e-02 1.800109863281250000e+03
4.872899866104125977e+01 3.479999999999999982e+00 4.800000041723251343e-02 1.709842163085937500e+03
4.884204554557800293e+01 3.500000000000000000e+00 4.800000041723251343e-02 1.529962280273437500e+03
4.893599820137023926e+01 3.450000000000000178e+00 4.800000041723251343e-02 1.529962280273437500e+03
4.904399919509887695e+01 3.439999999999999947e+00 4.800000041723251343e-02 1.529962280273437500e+03
4.913404011726379395e+01 3.459999999999999964e+00 4.800000041723251343e-02 1.529962280273437500e+03
4.922900009155273438e+01 3.479999999999999982e+00 4.800000041723251343e-02 1.350082397460937500e+03
4.933700156211853027e+01 3.439999999999999947e+00 4.800000041723251343e-02 1.439913085937500000e+03
4.942603898048400879e+01 3.419999999999999929e+00 4.800000041723251343e-02 1.440131591796875000e+03
4.954399776458740234e+01 3.479999999999999982e+00 4.800000041723251343e-02 1.350082397460937500e+03
4.963300108909606934e+01 3.450000000000000178e+00 4.800000041723251343e-02 1.349863891601562500e+03
4.974099993705749512e+01 3.430000000000000160e+00 4.800000041723251343e-02 1.439913085937500000e+03
4.983599805831909180e+01 3.450000000000000178e+00 4.800000041723251343e-02 1.439913085937500000e+03
4.992604517936706543e+01 3.379999999999999893e+00 4.800000041723251343e-02 1.529962280273437500e+03
5.003299975395202637e+01 3.430000000000000160e+00 4.800000041723251343e-02 1.529962280273437500e+03
5.012800073623657227e+01 3.450000000000000178e+00 4.800000041723251343e-02 1.530399414062500000e+03
5.024100184440612793e+01 3.439999999999999947e+00 4.800000041723251343e-02 1.620011474609375000e+03
5.032604122161865234e+01 3.459999999999999964e+00 4.800000041723251343e-02 1.620011474609375000e+03
5.044300317764282227e+01 3.479999999999999982e+00 4.800000041723251343e-02 1.529962280273437500e+03
5.053404426574707031e+01 3.459999999999999964e+00 4.800000041723251343e-02 1.260251708984375000e+03
5.064099907875061035e+01 3.490000000000000213e+00 4.800000041723251343e-02 1.259814575195312500e+03
5.073200058937072754e+01 3.430000000000000160e+00 4.800000041723251343e-02 1.170202514648437500e+03
5.082604312896728516e+01 3.430000000000000160e+00 4.800000041723251343e-02 1.439913085937500000e+03
5.093403697013854980e+01 3.430000000000000160e+00 4.800000041723251343e-02 1.349863891601562500e+03
5.102399778366088867e+01 3.470000000000000195e+00 4.800000041723251343e-02 1.440350219726562500e+03
5.114100027084350586e+01 3.419999999999999929e+00 4.800000041723251343e-02 1.349863891601562500e+03
5.122700142860412598e+01 3.450000000000000178e+00 4.800000041723251343e-02 1.349863891601562500e+03
5.133900046348571777e+01 3.459999999999999964e+00 4.800000041723251343e-02 1.260251708984375000e+03
5.143404603004455566e+01 3.410000000000000142e+00 4.800000041723251343e-02 1.259814575195312500e+03
5.154204773902893066e+01 3.439999999999999947e+00 4.800000041723251343e-02 1.259814575195312500e+03
5.163100314140319824e+01 3.430000000000000160e+00 4.800000041723251343e-02 1.260251708984375000e+03
5.172604489326477051e+01 3.430000000000000160e+00 4.800000041723251343e-02 1.170202514648437500e+03
5.183812499046325684e+01 3.470000000000000195e+00 4.800000041723251343e-02 1.079716308593750000e+03
5.194604015350341797e+01 3.479999999999999982e+00 4.800000041723251343e-02 9.000549316406250000e+02
5.204100131988525391e+01 3.350000000000000089e+00 4.800000041723251343e-02 1.080153442382812500e+03
5.213100004196166992e+01 3.370000000000000107e+00 4.800000041723251343e-02 0.000000000000000000e+00
5.223804187774658203e+01 3.379999999999999893e+00 4.800000041723251343e-02 0.000000000000000000e+00
5.233298993110656738e+01 3.310000000000000053e+00 4.800000041723251343e-02 0.000000000000000000e+00
5.244604372978210449e+01 2.799999999999999822e+00 4.800000041723251343e-02 0.000000000000000000e+00
5.253100299835205078e+01 2.709999999999999964e+00 4.800000041723251343e-02 0.000000000000000000e+00
5.262204599380493164e+01 2.649999999999999911e+00 4.800000041723251343e-02 0.000000000000000000e+00
5.273899960517883301e+01 2.600000000000000089e+00 4.800000041723251343e-02 0.000000000000000000e+00
5.284604096412658691e+01 2.560000000000000053e+00 4.800000041723251343e-02 0.000000000000000000e+00
5.293699836730957031e+01 2.529999999999999805e+00 4.800000041723251343e-02 0.000000000000000000e+00
5.303100061416625977e+01 2.509999999999999787e+00 4.800000041723251343e-02 0.000000000000000000e+00
5.313899946212768555e+01 2.500000000000000000e+00 4.800000041723251343e-02 0.000000000000000000e+00
5.322899913787841797e+01 2.490000000000000213e+00 4.800000041723251343e-02 0.000000000000000000e+00
