9.972572326660156250e-03 1.939999999999999947e+00 3.999999910593032837e-02 0.000000000000000000e+00
1.099388599395751953e-01 1.939999999999999947e+00 3.999999910593032837e-02 0.000000000000000000e+00
1.879391670227050781e-01 1.939999999999999947e+00 3.999999910593032837e-02 0.000000000000000000e+00
3.009295463562011719e-01 1.939999999999999947e+00 3.999999910593032837e-02 0.000000000000000000e+00
3.919417858123779297e-01 1.939999999999999947e+00 3.999999910593032837e-02 0.000000000000000000e+00
5.029354095458984375e-01 2.000000000000000000e+00 3.999999910593032837e-02 0.000000000000000000e+00
5.929403305053710938e-01 1.949999999999999956e+00 3.999999910593032837e-02 0.000000000000000000e+00
7.059340476989746094e-01 1.929999999999999938e+00 3.999999910593032837e-02 0.000000000000000000e+00
7.959430217742919922e-01 1.949999999999999956e+00 3.999999910593032837e-02 0.000000000000000000e+00
9.029276371002197266e-01 2.080000000000000071e+00 3.999999910593032837e-02 0.000000000000000000e+00
9.859380722045898438e-01 2.120000000000000107e+00 3.999999910593032837e-02 0.000000000000000000e+00
1.105937719345092773e+00 2.000000000000000000e+00 3.999999910593032837e-02 0.000000000000000000e+00
1.185938119888305664e+00 2.020000000000000018e+00 3.999999910593032837e-02 0.000000000000000000e+00
1.306939601898193359e+00 2.009999999999999787e+00 3.999999910593032837e-02 0.000000000000000000e+00
1.397937774658203125e+00 2.089999999999999858e+00 3.999999910593032837e-02 0.000000000000000000e+00
1.488937854766845703e+00 2.259999999999999787e+00 3.999999910593032837e-02 0.000000000000000000e+00
1.599937200546264648e+00 2.979999999999999982e+00 3.999999910593032837e-02 0.000000000000000000e+00
1.688936948776245117e+00 3.779999999999999805e+00 3.999999910593032837e-02 -9.000139617919921875e+01
1.803036928176879883e+00 4.849999999999999645e+00 3.999999910593032837e-02 -7.199992675781250000e+02
1.891034603118896484e+00 5.339999999999999858e+00 3.999999910593032837e-02 -5.399947509765625000e+02
1.998031377792358398e+00 5.549999999999999822e+00 3.999999910593032837e-02 -4.500001525878906250e+02
2.093035221099853516e+00 5.820000000000000284e+00 3.999999910593032837e-02 -4.500001525878906250e+02
2.207029819488525391e+00 5.830000000000000071e+00 3.999999910593032837e-02 -6.300029296875000000e+02
2.296033382415771484e+00 5.750000000000000000e+00 3.999999910593032837e-02 -4.500001525878906250e+02
2.403036594390869141e+00 5.679999999999999716e+00 3.999999910593032837e-02 -2.699837036132812500e+02
2.497031211853027344e+00 5.740000000000000213e+00 3.999999910593032837e-02 -3.600055847167968750e+02
2.608937740325927734e+00 5.860000000000000320e+00 3.999999910593032837e-02 -2.700110473632812500e+02
2.698941230773925781e+00 5.759999999999999787e+00 3.999999910593032837e-02 -4.500001525878906250e+02
2.785942316055297852e+00 5.940000000000000391e+00 3.999999910593032837e-02 -5.399947509765625000e+02
2.902955770492553711e+00 5.910000000000000142e+00 3.999999910593032837e-02 -8.100057373046875000e+02
2.991940975189208984e+00 5.830000000000000071e+00 3.999999910593032837e-02 -8.100057373046875000e+02
3.100938558578491211e+00 5.669999999999999929e+00 3.999999910593032837e-02 -6.299619750976562500e+02
3.195940494537353516e+00 5.639999999999999680e+00 3.999999910593032837e-02 -6.299619750976562500e+02
3.306939601898193359e+00 5.719999999999999751e+00 3.999999910593032837e-02 -6.300166015625000000e+02
3.392950296401977539e+00 5.759999999999999787e+00 3.999999910593032837e-02 -3.599782714843750000e+02
3.509938716888427734e+00 5.669999999999999929e+00 3.999999910593032837e-02 -2.699837036132812500e+02
3.599940061569213867e+00 5.860000000000000320e+00 3.999999910593032837e-02 -4.500274658203125000e+02
3.707938194274902344e+00 5.820000000000000284e+00 3.999999910593032837e-02 -6.300166015625000000e+02
3.802941560745239258e+00 5.780000000000000249e+00 3.999999910593032837e-02 -6.300166015625000000e+02
3.892942428588867188e+00 5.769999999999999574e+00 3.999999910593032837e-02 -6.300166015625000000e+02
3.999939441680908203e+00 5.690000000000000391e+00 3.999999910593032837e-02 -4.499181823730468750e+02
4.094943284988403320e+00 5.709999999999999964e+00 3.999999910593032837e-02 -5.399674072265625000e+02
4.207938194274902344e+00 5.799999999999999822e+00 3.999999910593032837e-02 -4.500274658203125000e+02
4.292943000793457031e+00 5.719999999999999751e+00 3.999999910593032837e-02 -5.400767211914062500e+02
4.393948554992675781e+00 5.730000000000000426e+00 3.999999910593032837e-02 -7.199565429687500000e+02
4.499945878982543945e+00 5.759999999999999787e+00 3.999999910593032837e-02 -7.200657958984375000e+02
4.607938766479492188e+00 5.759999999999999787e+00 3.999999910593032837e-02 -6.300166015625000000e+02
4.701946258544921875e+00 5.650000000000000355e+00 3.999999910593032837e-02 -6.300166015625000000e+02
4.792940378189086914e+00 5.730000000000000426e+00 3.999999910593032837e-02 -5.399674072265625000e+02
4.903945684432983398e+00 5.709999999999999964e+00 3.999999910593032837e-02 -5.400767211914062500e+02
4.990953445434570312e+00 5.769999999999999574e+00 3.999999910593032837e-02 -6.300166015625000000e+02
5.107935905456542969e+00 5.780000000000000249e+00 3.999999910593032837e-02 -6.300166015625000000e+02
5.196943044662475586e+00 5.750000000000000000e+00 3.999999910593032837e-02 -7.199565429687500000e+02
5.305938959121704102e+00 5.709999999999999964e+00 3.999999910593032837e-02 -5.400767211914062500e+02
5.400938749313354492e+00 5.809999999999999609e+00 3.999999910593032837e-02 -4.498088989257812500e+02
5.489941120147705078e+00 5.740000000000000213e+00 3.999999910593032837e-02 -5.400767211914062500e+02
5.598034620285034180e+00 5.820000000000000284e+00 3.999999910593032837e-02 -7.199565429687500000e+02
5.692933082580566406e+00 5.769999999999999574e+00 3.999999910593032837e-02 -9.000549316406250000e+02
5.804949998855590820e+00 5.730000000000000426e+00 3.999999910593032837e-02 -9.000549316406250000e+02
5.889937639236450195e+00 5.709999999999999964e+00 3.999999910593032837e-02 -9.000549316406250000e+02
6.007940053939819336e+00 5.709999999999999964e+00 3.999999910593032837e-02 -8.998363647460937500e+02
6.097969293594360352e+00 5.709999999999999964e+00 3.999999910593032837e-02 -8.998363647460937500e+02
6.204951286315917969e+00 5.669999999999999929e+00 3.999999910593032837e-02 -6.301258544921875000e+02
6.299937963485717773e+00 5.690000000000000391e+00 3.999999910593032837e-02 -4.500274658203125000e+02
6.389931201934814453e+00 5.769999999999999574e+00 3.999999910593032837e-02 -4.500274658203125000e+02
6.497941017150878906e+00 5.769999999999999574e+00 3.999999910593032837e-02 -6.301258544921875000e+02
6.591948509216308594e+00 5.730000000000000426e+00 3.999999910593032837e-02 -6.299072875976562500e+02
6.704939126968383789e+00 5.690000000000000391e+00 3.999999910593032837e-02 -7.199565429687500000e+02
6.793940782546997070e+00 5.679999999999999716e+00 3.999999910593032837e-02 -6.299072875976562500e+02
6.906942605972290039e+00 5.679999999999999716e+00 3.999999910593032837e-02 -7.199565429687500000e+02
6.997941017150878906e+00 5.730000000000000426e+00 3.999999910593032837e-02 -8.100057373046875000e+02
7.108931303024291992e+00 5.660000000000000142e+00 3.999999910593032837e-02 -7.199565429687500000e+02
7.195959091186523438e+00 5.740000000000000213e+00 3.999999910593032837e-02 -8.100057373046875000e+02
7.290941238403320312e+00 5.669999999999999929e+00 3.999999910593032837e-02 -6.299072875976562500e+02
7.401935100555419922e+00 5.690000000000000391e+00 3.999999910593032837e-02 -5.400767211914062500e+02
7.487939119338989258e+00 5.750000000000000000e+00 3.999999910593032837e-02 -7.199565429687500000e+02
7.605939626693725586e+00 5.740000000000000213e+00 3.999999910593032837e-02 -9.000549316406250000e+02
7.694946765899658203e+00 5.730000000000000426e+00 3.999999910593032837e-02 -9.000549316406250000e+02
7.802941083908081055e+00 5.709999999999999964e+00 3.999999910593032837e-02 -9.901042480468750000e+02
7.897938251495361328e+00 5.690000000000000391e+00 3.999999910593032837e-02 -9.901042480468750000e+02
8.009952068328857422e+00 5.700000000000000178e+00 3.999999910593032837e-02 -9.000549316406250000e+02
8.094950199127197266e+00 5.669999999999999929e+00 3.999999910593032837e-02 -6.299072875976562500e+02
8.189938545227050781e+00 5.599999999999999645e+00 3.999999910593032837e-02 -6.299072875976562500e+02
8.302934408187866211e+00 5.690000000000000391e+00 3.999999910593032837e-02 -1.260251708984375000e+03
8.409012079238891602e+00 5.780000000000000249e+00 3.999999910593032837e-02 -1.260251708984375000e+03
8.504940271377563477e+00 5.660000000000000142e+00 3.999999910593032837e-02 -1.169765380859375000e+03
8.594942808151245117e+00 5.559999999999999609e+00 3.999999910593032837e-02 -8.996177978515625000e+02
8.703027248382568359e+00 5.599999999999999645e+00 3.999999910593032837e-02 -6.299072875976562500e+02
8.797032833099365234e+00 5.639999999999999680e+00 3.999999910593032837e-02 -7.199565429687500000e+02
8.888033390045166016e+00 5.660000000000000142e+00 3.999999910593032837e-02 -9.901042480468750000e+02
8.999039649963378906e+00 5.790000000000000036e+00 3.999999910593032837e-02 -8.100057373046875000e+02
9.085944652557373047e+00 5.690000000000000391e+00 3.999999910593032837e-02 -7.199565429687500000e+02
9.202936887741088867e+00 5.679999999999999716e+00 3.999999910593032837e-02 -7.199565429687500000e+02
9.291948556900024414e+00 5.669999999999999929e+00 3.999999910593032837e-02 -6.299072875976562500e+02
9.400937795639038086e+00 5.700000000000000178e+00 3.999999910593032837e-02 -7.199565429687500000e+02
9.495945930480957031e+00 5.759999999999999787e+00 3.999999910593032837e-02 -7.199565429687500000e+02
9.606943130493164062e+00 5.750000000000000000e+00 3.999999910593032837e-02 -8.100057373046875000e+02
9.692942380905151367e+00 5.759999999999999787e+00 3.999999910593032837e-02 -8.100057373046875000e+02
9.787940263748168945e+00 5.629999999999999893e+00 3.999999910593032837e-02 -6.299072875976562500e+02
9.899940490722656250e+00 5.639999999999999680e+00 3.999999910593032837e-02 -5.398581542968750000e+02
1.000793862342834473e+01 5.629999999999999893e+00 3.999999910593032837e-02 -6.299072875976562500e+02
1.010294532775878906e+01 5.690000000000000391e+00 3.999999910593032837e-02 -8.100057373046875000e+02
1.019294428825378418e+01 5.709999999999999964e+00 3.999999910593032837e-02 -1.079716308593750000e+03
1.029994201660156250e+01 5.730000000000000426e+00 3.999999910593032837e-02 -1.080153442382812500e+03
1.039494132995605469e+01 5.690000000000000391e+00 3.999999910593032837e-02 -9.901042480468750000e+02
1.050793838500976562e+01 5.580000000000000071e+00 3.999999910593032837e-02 -9.000549316406250000e+02
1.059295678138732910e+01 5.650000000000000355e+00 3.999999910593032837e-02 -9.000549316406250000e+02
1.070893144607543945e+01 5.679999999999999716e+00 3.999999910593032837e-02 -7.199565429687500000e+02
1.079992985725402832e+01 5.620000000000000107e+00 3.999999910593032837e-02 -7.199565429687500000e+02
1.090793180465698242e+01 5.650000000000000355e+00 3.999999910593032837e-02 -6.299072875976562500e+02
1.100194740295410156e+01 5.759999999999999787e+00 3.999999910593032837e-02 -6.303444213867187500e+02
1.109294629096984863e+01 5.709999999999999964e+00 3.999999910593032837e-02 -7.199565429687500000e+02
1.120393943786621094e+01 5.769999999999999574e+00 3.999999910593032837e-02 0.000000000000000000e+00
1.129094099998474121e+01 5.450000000000000178e+00 3.999999910593032837e-02 0.000000000000000000e+00
1.140794277191162109e+01 4.790000000000000036e+00 3.999999910593032837e-02 0.000000000000000000e+00
1.149693059921264648e+01 4.959999999999999964e+00 3.999999910593032837e-02 0.000000000000000000e+00
1.160594463348388672e+01 4.730000000000000426e+00 3.999999910593032837e-02 7.199565429687500000e+02
1.170093083381652832e+01 2.899999999999999911e+00 3.999999910593032837e-02 9.004920959472656250e+01
1.178993916511535645e+01 2.720000000000000195e+00 3.999999910593032837e-02 0.000000000000000000e+00
1.189793896675109863e+01 2.580000000000000071e+00 3.999999910593032837e-02 5.398581542968750000e+02
1.199294877052307129e+01 2.450000000000000178e+00 3.999999910593032837e-02 9.901042480468750000e+02
1.210493898391723633e+01 2.629999999999999893e+00 3.999999910593032837e-02 9.000549316406250000e+02
1.218993735313415527e+01 2.720000000000000195e+00 3.999999910593032837e-02 7.199565429687500000e+02
1.230795526504516602e+01 2.779999999999999805e+00 3.999999910593032837e-02 4.498088989257812500e+02
1.239804339408874512e+01 2.720000000000000195e+00 3.999999910593032837e-02 4.502460327148437500e+02
1.250494360923767090e+01 2.669999999999999929e+00 3.999999910593032837e-02 5.398581542968750000e+02
1.259993076324462891e+01 2.700000000000000178e+00 3.999999910593032837e-02 3.601968383789062500e+02
1.269002676010131836e+01 2.689999999999999947e+00 3.999999910593032837e-02 5.402952880859375000e+02
1.279803323745727539e+01 2.660000000000000142e+00 3.999999910593032837e-02 9.000549316406250000e+02
1.289194416999816895e+01 2.629999999999999893e+00 3.999999910593032837e-02 1.079716308593750000e+03
1.300494194030761719e+01 2.709999999999999964e+00 3.999999910593032837e-02 9.901042480468750000e+02
1.309394216537475586e+01 2.729999999999999982e+00 3.999999910593032837e-02 9.000549316406250000e+02
1.320694422721862793e+01 2.790000000000000036e+00 3.999999910593032837e-02 7.199565429687500000e+02
1.329804944992065430e+01 2.709999999999999964e+00 3.999999910593032837e-02 6.299072875976562500e+02
1.340902495384216309e+01 2.720000000000000195e+00 3.999999910593032837e-02 6.299072875976562500e+02
1.349603652954101562e+01 2.700000000000000178e+00 3.999999910593032837e-02 7.199565429687500000e+02
1.359094500541687012e+01 2.709999999999999964e+00 3.999999910593032837e-02 7.199565429687500000e+02
1.370193767547607422e+01 2.700000000000000178e+00 3.999999910593032837e-02 7.199565429687500000e+02
1.378794288635253906e+01 2.729999999999999982e+00 3.999999910593032837e-02 7.199565429687500000e+02
1.390594696998596191e+01 2.729999999999999982e+00 3.999999910593032837e-02 7.199565429687500000e+02
1.399494028091430664e+01 2.729999999999999982e+00 3.999999910593032837e-02 8.100057373046875000e+02
1.410294222831726074e+01 2.720000000000000195e+00 3.999999910593032837e-02 8.100057373046875000e+02
1.419794058799743652e+01 2.709999999999999964e+00 3.999999910593032837e-02 8.100057373046875000e+02
1.430793905258178711e+01 2.700000000000000178e+00 3.999999910593032837e-02 7.199565429687500000e+02
1.439494132995605469e+01 2.770000000000000018e+00 3.999999910593032837e-02 6.299072875976562500e+02
1.448993945121765137e+01 2.750000000000000000e+00 3.999999910593032837e-02 8.100057373046875000e+02
1.460294198989868164e+01 2.700000000000000178e+00 3.999999910593032837e-02 7.199565429687500000e+02
1.469993877410888672e+01 2.709999999999999964e+00 3.999999910593032837e-02 6.299072875976562500e+02
1.480495762825012207e+01 2.709999999999999964e+00 3.999999910593032837e-02 7.199565429687500000e+02
1.489494609832763672e+01 2.759999999999999787e+00 3.999999910593032837e-02 7.199565429687500000e+02
1.500294637680053711e+01 2.709999999999999964e+00 3.999999910593032837e-02 7.199565429687500000e+02
1.509695243835449219e+01 2.680000000000000160e+00 3.999999910593032837e-02 7.199565429687500000e+02
1.520793247222900391e+01 2.709999999999999964e+00 3.999999910593032837e-02 7.199565429687500000e+02
1.529894161224365234e+01 2.700000000000000178e+00 3.999999910593032837e-02 8.100057373046875000e+02
1.538593864440917969e+01 2.720000000000000195e+00 3.999999910593032837e-02 8.100057373046875000e+02
1.550294232368469238e+01 2.759999999999999787e+00 3.999999910593032837e-02 9.000549316406250000e+02
1.559194421768188477e+01 2.709999999999999964e+00 3.999999910593032837e-02 8.100057373046875000e+02
1.570094275474548340e+01 2.750000000000000000e+00 3.999999910593032837e-02 6.303444213867187500e+02
1.579593873023986816e+01 2.720000000000000195e+00 3.999999910593032837e-02 3.599782714843750000e+02
1.590694165229797363e+01 2.740000000000000213e+00 3.999999910593032837e-02 5.400767211914062500e+02
1.599294137954711914e+01 2.709999999999999964e+00 3.999999910593032837e-02 8.100057373046875000e+02
1.608803343772888184e+01 2.689999999999999947e+00 3.999999910593032837e-02 9.901042480468750000e+02
1.619993114471435547e+01 2.689999999999999947e+00 3.999999910593032837e-02 1.169984008789062500e+03
1.630793929100036621e+01 2.669999999999999929e+00 3.999999910593032837e-02 1.169984008789062500e+03
1.640294384956359863e+01 2.770000000000000018e+00 3.999999910593032837e-02 8.100057373046875000e+02
1.649294519424438477e+01 2.810000000000000053e+00 3.999999910593032837e-02 8.100057373046875000e+02
1.659993195533752441e+01 2.740000000000000213e+00 3.999999910593032837e-02 9.000549316406250000e+02
1.669494128227233887e+01 2.700000000000000178e+00 3.999999910593032837e-02 9.000549316406250000e+02
1.680803227424621582e+01 2.720000000000000195e+00 3.999999910593032837e-02 9.901042480468750000e+02
1.689303851127624512e+01 2.729999999999999982e+00 3.999999910593032837e-02 9.000549316406250000e+02
1.701001358032226562e+01 2.740000000000000213e+00 3.999999910593032837e-02 8.100057373046875000e+02
1.709993839263916016e+01 2.790000000000000036e+00 3.999999910593032837e-02 9.898856811523437500e+02
1.720793867111206055e+01 2.700000000000000178e+00 3.999999910593032837e-02 8.998363647460937500e+02
1.730194163322448730e+01 2.720000000000000195e+00 3.999999910593032837e-02 7.199565429687500000e+02
1.739293599128723145e+01 2.790000000000000036e+00 3.999999910593032837e-02 7.199565429687500000e+02
1.750395488739013672e+01 2.750000000000000000e+00 3.999999910593032837e-02 7.199565429687500000e+02
1.759093976020812988e+01 2.759999999999999787e+00 3.999999910593032837e-02 8.100057373046875000e+02
1.770793962478637695e+01 2.660000000000000142e+00 3.999999910593032837e-02 8.100057373046875000e+02
1.779693841934204102e+01 2.709999999999999964e+00 3.999999910593032837e-02 8.100057373046875000e+02
1.790594315528869629e+01 2.729999999999999982e+00 3.999999910593032837e-02 1.079934814453125000e+03
1.800094175338745117e+01 2.709999999999999964e+00 3.999999910593032837e-02 1.169984008789062500e+03
1.808993887901306152e+01 2.729999999999999982e+00 3.999999910593032837e-02 1.349973144531250000e+03
1.819793844223022461e+01 2.720000000000000195e+00 3.999999910593032837e-02 8.100057373046875000e+02
1.829294490814208984e+01 2.810000000000000053e+00 3.999999910593032837e-02 3.599782714843750000e+02
1.840496754646301270e+01 2.779999999999999805e+00 3.999999910593032837e-02 5.400767211914062500e+02
1.848993849754333496e+01 2.649999999999999911e+00 3.999999910593032837e-02 6.300166015625000000e+02
1.860794925689697266e+01 2.689999999999999947e+00 3.999999910593032837e-02 8.100057373046875000e+02
1.869793725013732910e+01 2.660000000000000142e+00 3.999999910593032837e-02 8.100057373046875000e+02
1.880493831634521484e+01 2.689999999999999947e+00 3.999999910593032837e-02 8.100057373046875000e+02
1.889993929862976074e+01 2.729999999999999982e+00 3.999999910593032837e-02 5.399674072265625000e+02
1.898993945121765137e+01 2.779999999999999805e+00 3.999999910593032837e-02 9.004920959472656250e+01
1.909795117378234863e+01 2.799999999999999822e+00 3.999999910593032837e-02 9.004920959472656250e+01
1.919194412231445312e+01 2.600000000000000089e+00 3.999999910593032837e-02 2.700383605957031250e+02
1.930493950843811035e+01 2.629999999999999893e+00 3.999999910593032837e-02 5.400220947265625000e+02
1.939395093917846680e+01 2.609999999999999876e+00 3.999999910593032837e-02 6.300166015625000000e+02
1.950694012641906738e+01 2.640000000000000124e+00 3.999999910593032837e-02 9.000003051757812500e+02
1.959796214103698730e+01 2.660000000000000142e+00 3.999999910593032837e-02 9.000003051757812500e+02
1.970893239974975586e+01 2.750000000000000000e+00 3.999999910593032837e-02 6.300166015625000000e+02
1.979594087600708008e+01 2.729999999999999982e+00 3.999999910593032837e-02 6.299619750976562500e+02
1.989094066619873047e+01 2.709999999999999964e+00 3.999999910593032837e-02 9.000003051757812500e+02
2.000194263458251953e+01 2.640000000000000124e+00 3.999999910593032837e-02 9.000003051757812500e+02
2.010996031761169434e+01 2.750000000000000000e+00 3.999999910593032837e-02 9.000003051757812500e+02
2.020593810081481934e+01 2.740000000000000213e+00 3.999999910593032837e-02 8.099920654296875000e+02
2.029494023323059082e+01 2.750000000000000000e+00 3.999999910593032837e-02 6.299960937500000000e+02
2.040293478965759277e+01 2.740000000000000213e+00 3.999999910593032837e-02 6.299995727539062500e+02
2.049793171882629395e+01 2.700000000000000178e+00 3.999999910593032837e-02 5.399998168945312500e+02
2.060893011093139648e+01 2.689999999999999947e+00 3.999999910593032837e-02 0.000000000000000000e+00
2.069494414329528809e+01 2.459999999999999964e+00 3.999999910593032837e-02 0.000000000000000000e+00
2.078994250297546387e+01 2.330000000000000071e+00 3.999999910593032837e-02 0.000000000000000000e+00
2.090294265747070312e+01 2.270000000000000018e+00 3.999999910593032837e-02 -7.200000610351562500e+02
2.098794198036193848e+01 3.950000000000000178e+00 3.999999910593032837e-02 -1.799993896484375000e+03
2.110494184494018555e+01 5.730000000000000426e+00 3.999999910593032837e-02 -1.260005859375000000e+03
2.119495177268981934e+01 5.580000000000000071e+00 3.999999910593032837e-02 -7.200111694335937500e+02
2.130293440818786621e+01 5.450000000000000178e+00 3.999999910593032837e-02 -9.899949340820312500e+02
2.139694190025329590e+01 5.820000000000000284e+00 3.999999910593032837e-02 -1.350027709960937500e+03
2.149494147300720215e+01 5.799999999999999822e+00 3.999999910593032837e-02 -1.350027709960937500e+03
2.159903383255004883e+01 5.669999999999999929e+00 3.999999910593032837e-02 -1.350027709960937500e+03
2.168603491783142090e+01 5.679999999999999716e+00 3.999999910593032837e-02 -1.260033203125000000e+03
2.180293607711791992e+01 5.599999999999999645e+00 3.999999910593032837e-02 -1.440022338867187500e+03
2.189193654060363770e+01 5.690000000000000391e+00 3.999999910593032837e-02 -1.349973144531250000e+03
2.200094223022460938e+01 5.599999999999999645e+00 3.999999910593032837e-02 -1.080044189453125000e+03
2.209601759910583496e+01 5.559999999999999609e+00 3.999999910593032837e-02 -1.260033203125000000e+03
2.220703005790710449e+01 5.690000000000000391e+00 3.999999910593032837e-02 -1.529962280273437500e+03
2.229303693771362305e+01 5.709999999999999964e+00 3.999999910593032837e-02 -1.620011474609375000e+03
2.238802957534790039e+01 5.620000000000000107e+00 3.999999910593032837e-02 -1.529962280273437500e+03
2.250003337860107422e+01 5.620000000000000107e+00 3.999999910593032837e-02 -1.620011474609375000e+03
2.260803270339965820e+01 5.639999999999999680e+00 3.999999910593032837e-02 -1.259814575195312500e+03
2.270302438735961914e+01 5.570000000000000284e+00 3.999999910593032837e-02 -1.169984008789062500e+03
2.279303789138793945e+01 5.639999999999999680e+00 3.999999910593032837e-02 -1.169984008789062500e+03
2.290003299713134766e+01 5.639999999999999680e+00 3.999999910593032837e-02 -1.079934814453125000e+03
2.299496555328369141e+01 5.639999999999999680e+00 3.999999910593032837e-02 -1.079934814453125000e+03
2.310793828964233398e+01 5.709999999999999964e+00 3.999999910593032837e-02 -1.079934814453125000e+03
2.319294571876525879e+01 5.620000000000000107e+00 3.999999910593032837e-02 -1.169984008789062500e+03
2.330694270133972168e+01 5.639999999999999680e+00 3.999999910593032837e-02 -1.170202514648437500e+03
2.339994382858276367e+01 5.679999999999999716e+00 3.999999910593032837e-02 -1.169984008789062500e+03
2.350793957710266113e+01 5.610000000000000320e+00 3.999999910593032837e-02 -1.080153442382812500e+03
2.360194706916809082e+01 5.650000000000000355e+00 3.999999910593032837e-02 -1.079934814453125000e+03
2.369304537773132324e+01 5.650000000000000355e+00 3.999999910593032837e-02 -1.079934814453125000e+03
2.380404758453369141e+01 5.650000000000000355e+00 3.999999910593032837e-02 -1.079934814453125000e+03
2.389103150367736816e+01 5.679999999999999716e+00 3.999999910593032837e-02 -1.079716308593750000e+03
2.400793862342834473e+01 5.690000000000000391e+00 3.999999910593032837e-02 -1.079716308593750000e+03
2.409693837165832520e+01 5.669999999999999929e+00 3.999999910593032837e-02 -1.170202514648437500e+03
2.420594048500061035e+01 5.650000000000000355e+00 3.999999910593032837e-02 -1.080153442382812500e+03
2.430094051361083984e+01 5.620000000000000107e+00 3.999999910593032837e-02 -1.259814575195312500e+03
2.438993096351623535e+01 5.599999999999999645e+00 3.999999910593032837e-02 -1.349863891601562500e+03
2.449794125556945801e+01 5.639999999999999680e+00 3.999999910593032837e-02 -1.170202514648437500e+03
2.459294390678405762e+01 5.580000000000000071e+00 3.999999910593032837e-02 -1.169765380859375000e+03
2.470493531227111816e+01 5.669999999999999929e+00 3.999999910593032837e-02 -1.080153442382812500e+03
2.478992772102355957e+01 5.610000000000000320e+00 3.999999910593032837e-02 -1.080153442382812500e+03
2.490793943405151367e+01 5.679999999999999716e+00 3.999999910593032837e-02 -1.260251708984375000e+03
2.499793887138366699e+01 5.690000000000000391e+00 3.999999910593032837e-02 -1.260251708984375000e+03
2.510494494438171387e+01 5.639999999999999680e+00 3.999999910593032837e-02 -1.170202514648437500e+03
2.519994282722473145e+01 5.639999999999999680e+00 3.999999910593032837e-02 -1.079716308593750000e+03
2.528993844985961914e+01 5.620000000000000107e+00 3.999999910593032837e-02 -9.901042480468750000e+02
2.539794325828552246e+01 5.599999999999999645e+00 3.999999910593032837e-02 -1.439913085937500000e+03
2.549194431304931641e+01 5.679999999999999716e+00 3.999999910593032837e-02 -1.349863891601562500e+03
2.560494136810302734e+01 5.559999999999999609e+00 3.999999910593032837e-02 -1.080153442382812500e+03
2.569394278526306152e+01 5.580000000000000071e+00 3.999999910593032837e-02 -9.901042480468750000e+02
2.580695009231567383e+01 5.559999999999999609e+00 3.999999910593032837e-02 -6.299072875976562500e+02
2.589793896675109863e+01 5.650000000000000355e+00 3.999999910593032837e-02 -3.601968383789062500e+02
2.600893855094909668e+01 5.690000000000000391e+00 3.999999910593032837e-02 -7.203936767578125000e+02
2.609593772888183594e+01 5.820000000000000284e+00 3.999999910593032837e-02 -8.100057373046875000e+02
2.619094038009643555e+01 5.769999999999999574e+00 3.999999910593032837e-02 -9.000549316406250000e+02
2.630203795433044434e+01 5.660000000000000142e+00 3.999999910593032837e-02 -9.901042480468750000e+02
2.638803291320800781e+01 5.750000000000000000e+00 3.999999910593032837e-02 -8.996177978515625000e+02
2.650602483749389648e+01 5.669999999999999929e+00 3.999999910593032837e-02 -7.199565429687500000e+02
2.659503006935119629e+01 5.679999999999999716e+00 3.999999910593032837e-02 0.000000000000000000e+00
2.670294260978698730e+01 4.980000000000000426e+00 3.999999910593032837e-02 0.000000000000000000e+00
2.679794979095458984e+01 4.759999999999999787e+00 3.999999910593032837e-02 0.000000000000000000e+00
2.690893888473510742e+01 4.240000000000000213e+00 3.999999910593032837e-02 9.901042480468750000e+02
2.699494218826293945e+01 2.680000000000000160e+00 3.999999910593032837e-02 1.349863891601562500e+03
2.709002375602722168e+01 2.629999999999999893e+00 3.999999910593032837e-02 1.169765380859375000e+03
2.720294427871704102e+01 2.779999999999999805e+00 3.999999910593032837e-02 9.901042480468750000e+02
2.729493856430053711e+01 2.790000000000000036e+00 3.999999910593032837e-02 9.901042480468750000e+02
2.740494084358215332e+01 2.729999999999999982e+00 3.999999910593032837e-02 9.000549316406250000e+02
2.749494242668151855e+01 2.750000000000000000e+00 3.999999910593032837e-02 9.000549316406250000e+02
2.760294246673583984e+01 2.709999999999999964e+00 3.999999910593032837e-02 1.079716308593750000e+03
2.769694089889526367e+01 2.720000000000000195e+00 3.999999910593032837e-02 1.350301025390625000e+03
2.780892992019653320e+01 2.669999999999999929e+00 3.999999910593032837e-02 1.169765380859375000e+03
2.789894175529479980e+01 2.759999999999999787e+00 3.999999910593032837e-02 9.896671142578125000e+02
2.798593878746032715e+01 2.759999999999999787e+00 3.999999910593032837e-02 1.080153442382812500e+03
2.810294342041015625e+01 2.740000000000000213e+00 3.999999910593032837e-02 1.080153442382812500e+03
2.819194412231445312e+01 2.700000000000000178e+00 3.999999910593032837e-02 9.901042480468750000e+02
2.830094051361083984e+01 2.759999999999999787e+00 3.999999910593032837e-02 9.000549316406250000e+02
2.839593172073364258e+01 2.770000000000000018e+00 3.999999910593032837e-02 1.169765380859375000e+03
2.850694227218627930e+01 2.689999999999999947e+00 3.999999910593032837e-02 1.349863891601562500e+03
2.859294152259826660e+01 2.640000000000000124e+00 3.999999910593032837e-02 1.439913085937500000e+03
2.868793773651123047e+01 2.740000000000000213e+00 3.999999910593032837e-02 1.260251708984375000e+03
2.879993200302124023e+01 2.779999999999999805e+00 3.999999910593032837e-02 1.080153442382812500e+03
2.890792465209960938e+01 2.799999999999999822e+00 3.999999910593032837e-02 9.000549316406250000e+02
2.900293397903442383e+01 2.729999999999999982e+00 3.999999910593032837e-02 8.100057373046875000e+02
2.909292602539062500e+01 2.750000000000000000e+00 3.999999910593032837e-02 8.100057373046875000e+02
2.919992399215698242e+01 2.700000000000000178e+00 3.999999910593032837e-02 7.199565429687500000e+02
2.929494094848632812e+01 2.759999999999999787e+00 3.999999910593032837e-02 8.100057373046875000e+02
2.940793824195861816e+01 2.750000000000000000e+00 3.999999910593032837e-02 9.901042480468750000e+02
2.949294090270996094e+01 2.709999999999999964e+00 3.999999910593032837e-02 9.901042480468750000e+02
2.959393906593322754e+01 2.700000000000000178e+00 3.999999910593032837e-02 1.260033203125000000e+03
2.969993901252746582e+01 2.700000000000000178e+00 3.999999910593032837e-02 1.439913085937500000e+03
2.980793976783752441e+01 2.709999999999999964e+00 3.999999910593032837e-02 1.620011474609375000e+03
2.990193605422973633e+01 2.700000000000000178e+00 3.999999910593032837e-02 1.799891357421875000e+03
2.999293255805969238e+01 2.720000000000000195e+00 3.999999910593032837e-02 1.620011474609375000e+03
3.010393047332763672e+01 2.770000000000000018e+00 3.999999910593032837e-02 1.440131591796875000e+03
3.019093322753906250e+01 2.790000000000000036e+00 3.999999910593032837e-02 1.259814575195312500e+03
3.030793833732604980e+01 2.799999999999999822e+00 3.999999910593032837e-02 1.169984008789062500e+03
3.039693045616149902e+01 2.790000000000000036e+00 3.999999910593032837e-02 1.170202514648437500e+03
3.050594067573547363e+01 2.729999999999999982e+00 3.999999910593032837e-02 1.079934814453125000e+03
3.060093855857849121e+01 2.750000000000000000e+00 3.999999910593032837e-02 9.898856811523437500e+02
3.068994069099426270e+01 2.770000000000000018e+00 3.999999910593032837e-02 9.000549316406250000e+02
3.079794263839721680e+01 2.790000000000000036e+00 3.999999910593032837e-02 1.260033203125000000e+03
3.089294481277465820e+01 2.669999999999999929e+00 3.999999910593032837e-02 1.260033203125000000e+03
3.100494050979614258e+01 2.700000000000000178e+00 3.999999910593032837e-02 1.260033203125000000e+03
3.108993840217590332e+01 2.799999999999999822e+00 3.999999910593032837e-02 1.169984008789062500e+03
3.120794272422790527e+01 2.759999999999999787e+00 3.999999910593032837e-02 1.260033203125000000e+03
3.129793906211853027e+01 2.729999999999999982e+00 3.999999910593032837e-02 1.170093261718750000e+03
3.140494513511657715e+01 2.720000000000000195e+00 3.999999910593032837e-02 1.260033203125000000e+03
3.149994683265686035e+01 2.729999999999999982e+00 3.999999910593032837e-02 1.260033203125000000e+03
3.158993887901306152e+01 2.729999999999999982e+00 3.999999910593032837e-02 1.080044189453125000e+03
3.169794011116027832e+01 2.740000000000000213e+00 3.999999910593032837e-02 9.000549316406250000e+02
3.179194283485412598e+01 2.770000000000000018e+00 3.999999910593032837e-02 6.299619750976562500e+02
3.190493750572204590e+01 2.790000000000000036e+00 3.999999910593032837e-02 9.899949340820312500e+02
3.199393820762634277e+01 2.629999999999999893e+00 3.999999910593032837e-02 9.899949340820312500e+02
3.210693955421447754e+01 2.720000000000000195e+00 3.999999910593032837e-02 9.000003051757812500e+02
3.219793868064880371e+01 2.729999999999999982e+00 3.999999910593032837e-02 8.100057373046875000e+02
3.230893826484680176e+01 2.759999999999999787e+00 3.999999910593032837e-02 8.100057373046875000e+02
3.239593815803527832e+01 2.689999999999999947e+00 3.999999910593032837e-02 8.100057373046875000e+02
3.249094033241271973e+01 2.779999999999999805e+00 3.999999910593032837e-02 8.100057373046875000e+02
3.260194373130798340e+01 2.700000000000000178e+00 3.999999910593032837e-02 8.100057373046875000e+02
3.268793869018554688e+01 2.720000000000000195e+00 3.999999910593032837e-02 8.099989013671875000e+02
3.280593872070312500e+01 2.700000000000000178e+00 3.999999910593032837e-02 8.099997558593750000e+02
3.289494085311889648e+01 2.729999999999999982e+00 3.999999910593032837e-02 8.999797821044921875e+01
3.300294137001037598e+01 2.600000000000000089e+00 3.999999910593032837e-02 0.000000000000000000e+00
3.309793925285339355e+01 2.310000000000000053e+00 3.999999910593032837e-02 -1.799993743896484375e+02
3.320994091033935547e+01 3.439999999999999947e+00 3.999999910593032837e-02 -1.529996459960937500e+03
3.329494094848632812e+01 5.450000000000000178e+00 3.999999910593032837e-02 -2.070011718750000000e+03
3.338994002342224121e+01 5.879999999999999893e+00 3.999999910593032837e-02 -2.339995361328125000e+03
3.350294113159179688e+01 5.639999999999999680e+00 3.999999910593032837e-02 -2.430017089843750000e+03
3.360794806480407715e+01 5.559999999999999609e+00 3.999999910593032837e-02 -2.159979003906250000e+03
3.370493841171264648e+01 5.419999999999999929e+00 3.999999910593032837e-02 -2.339968017578125000e+03
3.379494237899780273e+01 5.540000000000000036e+00 3.999999910593032837e-02 -2.430017089843750000e+03
3.390294313430786133e+01 5.519999999999999574e+00 3.999999910593032837e-02 -2.249918945312500000e+03
3.399694395065307617e+01 5.459999999999999964e+00 3.999999910593032837e-02 -2.069929687500000000e+03
3.408794498443603516e+01 5.480000000000000426e+00 3.999999910593032837e-02 -1.979989868164062500e+03
3.419894051551818848e+01 5.559999999999999609e+00 3.999999910593032837e-02 -2.069820556640625000e+03
3.428593802452087402e+01 5.580000000000000071e+00 3.999999910593032837e-02 -2.160088378906250000e+03
3.440294361114501953e+01 5.629999999999999893e+00 3.999999910593032837e-02 -2.070039062500000000e+03
3.449193954467773438e+01 5.519999999999999574e+00 3.999999910593032837e-02 -1.979989868164062500e+03
3.460093832015991211e+01 5.559999999999999609e+00 3.999999910593032837e-02 -2.070039062500000000e+03
3.469602131843566895e+01 5.620000000000000107e+00 3.999999910593032837e-02 -2.159869628906250000e+03
3.480702185630798340e+01 5.540000000000000036e+00 3.999999910593032837e-02 -2.160088378906250000e+03
3.489302372932434082e+01 5.570000000000000284e+00 3.999999910593032837e-02 -2.069820556640625000e+03
3.498802161216735840e+01 5.519999999999999574e+00 3.999999910593032837e-02 -2.069820556640625000e+03
3.509993028640747070e+01 5.589999999999999858e+00 3.999999910593032837e-02 -2.070257568359375000e+03
3.520800900459289551e+01 5.519999999999999574e+00 3.999999910593032837e-02 -2.159869628906250000e+03
3.530302715301513672e+01 5.570000000000000284e+00 3.999999910593032837e-02 -2.160306884765625000e+03
3.539303517341613770e+01 5.570000000000000284e+00 3.999999910593032837e-02 -2.069820556640625000e+03
3.550002169609069824e+01 5.540000000000000036e+00 3.999999910593032837e-02 -1.890159179687500000e+03
3.559494090080261230e+01 5.540000000000000036e+00 3.999999910593032837e-02 -1.890159179687500000e+03
3.570794129371643066e+01 5.620000000000000107e+00 3.999999910593032837e-02 -1.619574340820312500e+03
3.579294037818908691e+01 5.530000000000000249e+00 3.999999910593032837e-02 -1.709623535156250000e+03
3.590993928909301758e+01 5.570000000000000284e+00 3.999999910593032837e-02 -1.800109863281250000e+03
3.599993658065795898e+01 5.629999999999999893e+00 3.999999910593032837e-02 -1.620011474609375000e+03
3.610794186592102051e+01 5.540000000000000036e+00 3.999999910593032837e-02 -1.529962280273437500e+03
3.620194315910339355e+01 5.570000000000000284e+00 3.999999910593032837e-02 -1.710060668945312500e+03
3.629294013977050781e+01 5.660000000000000142e+00 3.999999910593032837e-02 -1.710060668945312500e+03
3.640393710136413574e+01 5.629999999999999893e+00 3.999999910593032837e-02 -1.800984191894531250e+02
3.649094104766845703e+01 5.570000000000000284e+00 3.999999910593032837e-02 0.000000000000000000e+00
3.660793876647949219e+01 3.759999999999999787e+00 3.999999910593032837e-02 0.000000000000000000e+00
3.669693851470947266e+01 3.649999999999999911e+00 3.999999910593032837e-02 9.000549316406250000e+02
3.680593943595886230e+01 2.680000000000000160e+00 3.999999910593032837e-02 1.710060668945312500e+03
3.690093827247619629e+01 2.529999999999999805e+00 3.999999910593032837e-02 2.069820556640625000e+03
3.698993945121765137e+01 2.680000000000000160e+00 3.999999910593032837e-02 2.069820556640625000e+03
3.709794092178344727e+01 2.740000000000000213e+00 3.999999910593032837e-02 1.889722045898437500e+03
3.719293880462646484e+01 2.799999999999999822e+00 3.999999910593032837e-02 1.800109863281250000e+03
3.730494427680969238e+01 2.790000000000000036e+00 3.999999910593032837e-02 1.800109863281250000e+03
3.738993883132934570e+01 2.750000000000000000e+00 3.999999910593032837e-02 1.979771362304687500e+03
3.750793266296386719e+01 2.729999999999999982e+00 3.999999910593032837e-02 1.980208496093750000e+03
3.759793925285339355e+01 2.709999999999999964e+00 3.999999910593032837e-02 1.890159179687500000e+03
3.770494866371154785e+01 2.799999999999999822e+00 3.999999910593032837e-02 2.070257568359375000e+03
3.779993915557861328e+01 2.740000000000000213e+00 3.999999910593032837e-02 2.160306884765625000e+03
3.788994026184082031e+01 2.729999999999999982e+00 3.999999910593032837e-02 2.159869628906250000e+03
3.799793839454650879e+01 2.759999999999999787e+00 3.999999910593032837e-02 1.710060668945312500e+03
3.809194540977478027e+01 2.850000000000000089e+00 3.999999910593032837e-02 1.710060668945312500e+03
3.820494198799133301e+01 2.790000000000000036e+00 3.999999910593032837e-02 1.799891357421875000e+03
3.829393196105957031e+01 2.740000000000000213e+00 3.999999910593032837e-02 1.890159179687500000e+03
3.840694236755371094e+01 2.709999999999999964e+00 3.999999910593032837e-02 1.979989868164062500e+03
3.849794864654541016e+01 2.709999999999999964e+00 3.999999910593032837e-02 2.070039062500000000e+03
3.860893726348876953e+01 2.779999999999999805e+00 3.999999910593032837e-02 2.070039062500000000e+03
3.869593071937561035e+01 2.700000000000000178e+00 3.999999910593032837e-02 2.250137451171875000e+03
3.879093217849731445e+01 2.720000000000000195e+00 3.999999910593032837e-02 2.609896972656250000e+03
3.890194249153137207e+01 2.680000000000000160e+00 3.999999910593032837e-02 2.609896972656250000e+03
3.898793911933898926e+01 2.799999999999999822e+00 3.999999910593032837e-02 2.250137451171875000e+03
3.910593819618225098e+01 2.839999999999999858e+00 3.999999910593032837e-02 1.889940673828125000e+03
3.919493937492370605e+01 2.859999999999999876e+00 3.999999910593032837e-02 1.710060668945312500e+03
3.930294179916381836e+01 2.799999999999999822e+00 3.999999910593032837e-02 1.529962280273437500e+03
3.939793968200683594e+01 2.770000000000000018e+00 3.999999910593032837e-02 1.530071533203125000e+03
3.950393843650817871e+01 2.740000000000000213e+00 3.999999910593032837e-02 1.620011474609375000e+03
3.959494042396545410e+01 2.709999999999999964e+00 3.999999910593032837e-02 1.169984008789062500e+03
3.968993830680847168e+01 2.799999999999999822e+00 3.999999910593032837e-02 1.350027709960937500e+03
3.980294084548950195e+01 2.709999999999999964e+00 3.999999910593032837e-02 1.350027709960937500e+03
3.990393805503845215e+01 2.759999999999999787e+00 3.999999910593032837e-02 1.169984008789062500e+03
4.000493979454040527e+01 2.720000000000000195e+00 3.999999910593032837e-02 1.350000488281250000e+03
4.009493947029113770e+01 2.729999999999999982e+00 3.999999910593032837e-02 1.350000488281250000e+03
4.020294213294982910e+01 2.709999999999999964e+00 3.999999910593032837e-02 1.169997680664062500e+03
4.029693841934204102e+01 2.790000000000000036e+00 3.999999910593032837e-02 8.099997558593750000e+02
4.039494800567626953e+01 2.770000000000000018e+00 3.999999910593032837e-02 9.000139617919921875e+01
4.049893856048583984e+01 2.509999999999999787e+00 3.999999910593032837e-02 0.000000000000000000e+00
4.058594107627868652e+01 2.200000000000000178e+00 3.999999910593032837e-02 0.000000000000000000e+00
4.070294046401977539e+01 2.209999999999999964e+00 3.999999910593032837e-02 0.000000000000000000e+00
4.079194021224975586e+01 2.220000000000000195e+00 3.999999910593032837e-02 0.000000000000000000e+00
4.090093827247619629e+01 2.160000000000000142e+00 3.999999910593032837e-02 0.000000000000000000e+00
4.099593782424926758e+01 2.100000000000000089e+00 3.999999910593032837e-02 0.000000000000000000e+00
4.110694003105163574e+01 2.100000000000000089e+00 3.999999910593032837e-02 0.000000000000000000e+00
4.119293451309204102e+01 2.089999999999999858e+00 3.999999910593032837e-02 0.000000000000000000e+00
4.128793811798095703e+01 2.080000000000000071e+00 3.999999910593032837e-02 0.000000000000000000e+00
4.139993667602539062e+01 2.080000000000000071e+00 3.999999910593032837e-02 0.000000000000000000e+00
4.150793743133544922e+01 2.069999999999999840e+00 3.999999910593032837e-02 0.000000000000000000e+00
4.160294222831726074e+01 2.069999999999999840e+00 3.999999910593032837e-02 0.000000000000000000e+00
4.169294261932373047e+01 2.049999999999999822e+00 3.999999910593032837e-02 0.000000000000000000e+00
4.179993748664855957e+01 2.029999999999999805e+00 3.999999910593032837e-02 0.000000000000000000e+00
4.189494013786315918e+01 2.020000000000000018e+00 3.999999910593032837e-02 0.000000000000000000e+00
4.200793862342834473e+01 2.009999999999999787e+00 3.999999910593032837e-02 0.000000000000000000e+00
4.209293961524963379e+01 1.989999999999999991e+00 3.999999910593032837e-02 0.000000000000000000e+00
4.219393730163574219e+01 1.979999999999999982e+00 3.999999910593032837e-02 0.000000000000000000e+00
4.229994034767150879e+01 1.969999999999999973e+00 3.999999910593032837e-02 0.000000000000000000e+00
4.240793800354003906e+01 1.959999999999999964e+00 3.999999910593032837e-02 0.000000000000000000e+00
4.250194334983825684e+01 1.949999999999999956e+00 3.999999910593032837e-02 0.000000000000000000e+00
4.259293937683105469e+01 1.949999999999999956e+00 3.999999910593032837e-02 0.000000000000000000e+00
4.270393776893615723e+01 1.939999999999999947e+00 3.999999910593032837e-02 0.000000000000000000e+00
4.279094123840332031e+01 1.929999999999999938e+00 3.999999910593032837e-02 0.000000000000000000e+00
