7.499361038208007812e-02 2.979999999999999982e+00 4.899999871850013733e-02 0.000000000000000000e+00
1.639947891235351562e-01 2.979999999999999982e+00 4.899999871850013733e-02 0.000000000000000000e+00
2.699937820434570312e-01 2.979999999999999982e+00 4.899999871850013733e-02 0.000000000000000000e+00
3.579940795898437500e-01 2.979999999999999982e+00 4.899999871850013733e-02 0.000000000000000000e+00
4.719929695129394531e-01 2.979999999999999982e+00 4.899999871850013733e-02 0.000000000000000000e+00
5.669932365417480469e-01 3.000000000000000000e+00 4.899999871850013733e-02 0.000000000000000000e+00
6.570417881011962891e-01 3.009999999999999787e+00 4.899999871850013733e-02 0.000000000000000000e+00
7.639927864074707031e-01 3.000000000000000000e+00 4.899999871850013733e-02 0.000000000000000000e+00
8.749969005584716797e-01 3.060000000000000053e+00 4.899999871850013733e-02 0.000000000000000000e+00
9.659960269927978516e-01 3.100000000000000089e+00 4.899999871850013733e-02 0.000000000000000000e+00
1.074997186660766602e+00 3.189999999999999947e+00 4.899999871850013733e-02 0.000000000000000000e+00
1.166994333267211914e+00 3.220000000000000195e+00 4.899999871850013733e-02 0.000000000000000000e+00
1.261052370071411133e+00 3.620000000000000107e+00 4.899999871850013733e-02 0.000000000000000000e+00
1.374000549316406250e+00 4.049999999999999822e+00 4.899999871850013733e-02 0.000000000000000000e+00
1.458992958068847656e+00 4.599999999999999645e+00 4.899999871850013733e-02 0.000000000000000000e+00
1.569995641708374023e+00 5.320000000000000284e+00 4.899999871850013733e-02 0.000000000000000000e+00
1.661045789718627930e+00 6.049999999999999822e+00 4.899999871850013733e-02 0.000000000000000000e+00
1.774996519088745117e+00 6.519999999999999574e+00 4.899999871850013733e-02 -9.004920959472656250e+01
1.875029325485229492e+00 6.709999999999999964e+00 4.899999871850013733e-02 -8.999456787109375000e+01
1.975007057189941406e+00 5.349999999999999645e+00 1.999999955296516418e-02 -9.899949340820312500e+02
2.065996646881103516e+00 3.200000000000000178e+00 1.999999955296516418e-02 -1.799891357421875000e+02
2.155093193054199219e+00 3.439999999999999947e+00 1.999999955296516418e-02 -1.799891357421875000e+02
2.261993408203125000e+00 3.669999999999999929e+00 1.999999955296516418e-02 -1.799891357421875000e+02
2.353045701980590820e+00 3.580000000000000071e+00 1.999999955296516418e-02 -2.700110473632812500e+02
2.469997406005859375e+00 3.620000000000000107e+00 1.999999955296516418e-02 -4.500001525878906250e+02
2.555006027221679688e+00 3.600000000000000089e+00 1.999999955296516418e-02 -4.500001525878906250e+02
2.667993307113647461e+00 3.520000000000000018e+00 1.999999955296516418e-02 -4.500001525878906250e+02
2.761994838714599609e+00 3.560000000000000053e+00 1.999999955296516418e-02 -6.299892578125000000e+02
2.869993925094604492e+00 3.540000000000000036e+00 1.999999955296516418e-02 -4.500001525878906250e+02
2.959996223449707031e+00 3.569999999999999840e+00 1.999999955296516418e-02 -4.500001525878906250e+02
3.054998636245727539e+00 3.569999999999999840e+00 1.999999955296516418e-02 -4.500001525878906250e+02
3.162992715835571289e+00 3.609999999999999876e+00 1.999999955296516418e-02 -4.500001525878906250e+02
3.275014400482177734e+00 3.609999999999999876e+00 1.999999955296516418e-02 -4.500001525878906250e+02
3.369992971420288086e+00 3.580000000000000071e+00 1.999999955296516418e-02 -7.199974975585937500e+02
3.458997726440429688e+00 3.500000000000000000e+00 1.999999955296516418e-02 -7.199974975585937500e+02
3.566992282867431641e+00 3.399999999999999911e+00 1.999999955296516418e-02 -6.300029296875000000e+02
3.661995649337768555e+00 3.390000000000000124e+00 1.999999955296516418e-02 -5.400220947265625000e+02
3.773993015289306641e+00 3.529999999999999805e+00 1.999999955296516418e-02 -5.399947509765625000e+02
3.858994245529174805e+00 3.509999999999999787e+00 1.999999955296516418e-02 -5.399947509765625000e+02
3.953993558883666992e+00 3.490000000000000213e+00 1.999999955296516418e-02 -6.300166015625000000e+02
4.066993713378906250e+00 3.339999999999999858e+00 1.999999955296516418e-02 -5.400220947265625000e+02
4.173998117446899414e+00 3.459999999999999964e+00 1.999999955296516418e-02 -7.200111694335937500e+02
4.269038200378417969e+00 3.479999999999999982e+00 1.999999955296516418e-02 -6.300166015625000000e+02
4.359992504119873047e+00 3.500000000000000000e+00 1.999999955296516418e-02 -6.300166015625000000e+02
4.466992616653442383e+00 3.419999999999999929e+00 1.999999955296516418e-02 -6.300166015625000000e+02
4.557996273040771484e+00 3.439999999999999947e+00 1.999999955296516418e-02 -6.300166015625000000e+02
4.675000905990600586e+00 3.430000000000000160e+00 1.999999955296516418e-02 -4.499728393554687500e+02
4.759993314743041992e+00 3.509999999999999787e+00 1.999999955296516418e-02 -6.300166015625000000e+02
4.873126029968261719e+00 3.500000000000000000e+00 1.999999955296516418e-02 -9.000549316406250000e+02
4.966992616653442383e+00 3.520000000000000018e+00 1.999999955296516418e-02 -8.100057373046875000e+02
5.073993921279907227e+00 3.450000000000000178e+00 1.999999955296516418e-02 -8.100057373046875000e+02
5.165081024169921875e+00 3.509999999999999787e+00 1.999999955296516418e-02 -7.200657958984375000e+02
5.259993791580200195e+00 3.529999999999999805e+00 1.999999955296516418e-02 -6.300166015625000000e+02
5.367994308471679688e+00 3.529999999999999805e+00 1.999999955296516418e-02 -6.299072875976562500e+02
5.457041740417480469e+00 3.529999999999999805e+00 1.999999955296516418e-02 -6.300166015625000000e+02
5.573994398117065430e+00 3.390000000000000124e+00 1.999999955296516418e-02 -5.399674072265625000e+02
5.664004564285278320e+00 3.439999999999999947e+00 1.999999955296516418e-02 -3.599782714843750000e+02
5.771995067596435547e+00 3.479999999999999982e+00 1.999999955296516418e-02 -2.700383605957031250e+02
5.867000579833984375e+00 3.470000000000000195e+00 1.999999955296516418e-02 -3.600875549316406250e+02
5.957042455673217773e+00 3.479999999999999982e+00 1.999999955296516418e-02 -5.400767211914062500e+02
6.063995838165283203e+00 3.390000000000000124e+00 1.999999955296516418e-02 -4.500274658203125000e+02
6.158996105194091797e+00 3.459999999999999964e+00 1.999999955296516418e-02 -2.699290771484375000e+02
6.271993875503540039e+00 3.430000000000000160e+00 1.999999955296516418e-02 -2.699290771484375000e+02
6.357039928436279297e+00 3.479999999999999982e+00 1.999999955296516418e-02 -2.700383605957031250e+02
6.473994731903076172e+00 3.459999999999999964e+00 1.999999955296516418e-02 -2.699290771484375000e+02
6.565068721771240234e+00 3.419999999999999929e+00 1.999999955296516418e-02 -2.699290771484375000e+02
6.671998739242553711e+00 3.430000000000000160e+00 1.999999955296516418e-02 -3.599782714843750000e+02
6.762993812561035156e+00 3.419999999999999929e+00 1.999999955296516418e-02 -2.701476440429687500e+02
6.857046127319335938e+00 3.439999999999999947e+00 1.999999955296516418e-02 -4.498088989257812500e+02
6.965050458908081055e+00 3.450000000000000178e+00 1.999999955296516418e-02 -5.398581542968750000e+02
7.055001020431518555e+00 3.419999999999999929e+00 1.999999955296516418e-02 -5.400767211914062500e+02
7.171993732452392578e+00 3.439999999999999947e+00 1.999999955296516418e-02 -4.500274658203125000e+02
7.257994174957275391e+00 3.529999999999999805e+00 1.999999955296516418e-02 -6.299072875976562500e+02
7.369995594024658203e+00 3.470000000000000195e+00 1.999999955296516418e-02 -6.301258544921875000e+02
7.465054512023925781e+00 3.439999999999999947e+00 1.999999955296516418e-02 -6.299072875976562500e+02
7.573044061660766602e+00 3.359999999999999876e+00 1.999999955296516418e-02 -5.398581542968750000e+02
7.661993980407714844e+00 3.450000000000000178e+00 1.999999955296516418e-02 -4.500274658203125000e+02
7.757117748260498047e+00 3.529999999999999805e+00 1.999999955296516418e-02 -5.398581542968750000e+02
7.869053125381469727e+00 3.609999999999999876e+00 1.999999955296516418e-02 -4.500274658203125000e+02
7.975003004074096680e+00 3.569999999999999840e+00 1.999999955296516418e-02 -4.500274658203125000e+02
8.072000026702880859e+00 3.509999999999999787e+00 1.999999955296516418e-02 -3.599782714843750000e+02
8.161998510360717773e+00 3.560000000000000053e+00 1.999999955296516418e-02 -3.601968383789062500e+02
8.269043684005737305e+00 3.549999999999999822e+00 1.999999955296516418e-02 -3.601968383789062500e+02
8.363992214202880859e+00 3.529999999999999805e+00 1.999999955296516418e-02 -5.400767211914062500e+02
8.470992565155029297e+00 3.439999999999999947e+00 1.999999955296516418e-02 -5.400767211914062500e+02
8.561995267868041992e+00 3.490000000000000213e+00 1.999999955296516418e-02 -5.398581542968750000e+02
8.653048992156982422e+00 3.479999999999999982e+00 1.999999955296516418e-02 -5.400767211914062500e+02
8.769995689392089844e+00 3.439999999999999947e+00 1.999999955296516418e-02 -6.299072875976562500e+02
8.855009794235229492e+00 3.390000000000000124e+00 1.999999955296516418e-02 -5.398581542968750000e+02
8.967995405197143555e+00 3.450000000000000178e+00 1.999999955296516418e-02 -5.398581542968750000e+02
9.061994314193725586e+00 3.439999999999999947e+00 1.999999955296516418e-02 -4.500274658203125000e+02
9.169994115829467773e+00 3.399999999999999911e+00 1.999999955296516418e-02 -4.498088989257812500e+02
9.259995698928833008e+00 3.509999999999999787e+00 1.999999955296516418e-02 -5.400767211914062500e+02
9.355000972747802734e+00 3.529999999999999805e+00 1.999999955296516418e-02 -5.398581542968750000e+02
9.462995052337646484e+00 3.419999999999999929e+00 1.999999955296516418e-02 -5.398581542968750000e+02
9.575029850006103516e+00 3.439999999999999947e+00 1.999999955296516418e-02 -6.299072875976562500e+02
9.669995307922363281e+00 3.430000000000000160e+00 1.999999955296516418e-02 -4.500274658203125000e+02
9.758998632431030273e+00 3.379999999999999893e+00 1.999999955296516418e-02 -3.599782714843750000e+02
9.866994142532348633e+00 3.419999999999999929e+00 1.999999955296516418e-02 -3.599782714843750000e+02
9.961997985839843750e+00 3.509999999999999787e+00 1.999999955296516418e-02 -3.599782714843750000e+02
1.007399439811706543e+01 3.569999999999999840e+00 1.999999955296516418e-02 -4.500274658203125000e+02
1.015899324417114258e+01 3.509999999999999787e+00 1.999999955296516418e-02 -4.498088989257812500e+02
1.025399780273437500e+01 3.490000000000000213e+00 1.999999955296516418e-02 -5.402952880859375000e+02
1.036699438095092773e+01 3.479999999999999982e+00 1.999999955296516418e-02 -3.601968383789062500e+02
1.047399377822875977e+01 3.569999999999999840e+00 1.999999955296516418e-02 -7.203936767578125000e+02
1.056904292106628418e+01 3.580000000000000071e+00 1.999999955296516418e-02 -7.199565429687500000e+02
1.065999317169189453e+01 3.560000000000000053e+00 1.999999955296516418e-02 -6.303444213867187500e+02
1.076699423789978027e+01 3.600000000000000089e+00 1.999999955296516418e-02 -5.402952880859375000e+02
1.085799551010131836e+01 3.549999999999999822e+00 1.999999955296516418e-02 -7.199565429687500000e+02
1.097399640083312988e+01 3.529999999999999805e+00 1.999999955296516418e-02 -7.203936767578125000e+02
1.105999612808227539e+01 3.459999999999999964e+00 1.999999955296516418e-02 -6.299072875976562500e+02
1.117304229736328125e+01 3.419999999999999929e+00 1.999999955296516418e-02 -6.303444213867187500e+02
1.126699280738830566e+01 3.520000000000000018e+00 1.999999955296516418e-02 -6.299072875976562500e+02
1.137399625778198242e+01 3.419999999999999929e+00 1.999999955296516418e-02 -6.299072875976562500e+02
1.146505641937255859e+01 3.379999999999999893e+00 1.999999955296516418e-02 -5.398581542968750000e+02
1.155999922752380371e+01 3.350000000000000089e+00 1.999999955296516418e-02 -4.502460327148437500e+02
1.166799616813659668e+01 3.419999999999999929e+00 1.999999955296516418e-02 -5.398581542968750000e+02
1.175704741477966309e+01 3.419999999999999929e+00 1.999999955296516418e-02 -5.402952880859375000e+02
1.187399482727050781e+01 3.490000000000000213e+00 1.999999955296516418e-02 -6.303444213867187500e+02
1.196399545669555664e+01 3.439999999999999947e+00 1.999999955296516418e-02 -6.299072875976562500e+02
1.207199287414550781e+01 3.419999999999999929e+00 1.999999955296516418e-02 -9.000549316406250000e+02
1.216699457168579102e+01 3.459999999999999964e+00 1.999999955296516418e-02 -7.203936767578125000e+02
1.225704026222229004e+01 3.379999999999999893e+00 1.999999955296516418e-02 -6.303444213867187500e+02
1.236399793624877930e+01 3.350000000000000089e+00 1.999999955296516418e-02 -4.502460327148437500e+02
1.245899963378906250e+01 3.509999999999999787e+00 1.999999955296516418e-02 -4.502460327148437500e+02
1.257199549674987793e+01 3.500000000000000000e+00 1.999999955296516418e-02 -5.398581542968750000e+02
1.265704512596130371e+01 3.540000000000000036e+00 1.999999955296516418e-02 -6.299072875976562500e+02
1.277399611473083496e+01 3.569999999999999840e+00 1.999999955296516418e-02 -6.303444213867187500e+02
1.286505341529846191e+01 3.549999999999999822e+00 1.999999955296516418e-02 -5.398581542968750000e+02
1.297199511528015137e+01 3.540000000000000036e+00 1.999999955296516418e-02 -4.498088989257812500e+02
1.306299424171447754e+01 3.600000000000000089e+00 1.999999955296516418e-02 -3.597597045898437500e+02
1.315703892707824707e+01 3.600000000000000089e+00 1.999999955296516418e-02 -3.601968383789062500e+02
1.326505494117736816e+01 3.609999999999999876e+00 1.999999955296516418e-02 -3.597597045898437500e+02
1.335500764846801758e+01 3.569999999999999840e+00 1.999999955296516418e-02 -5.398581542968750000e+02
1.347200202941894531e+01 3.479999999999999982e+00 1.999999955296516418e-02 -7.199565429687500000e+02
1.355799627304077148e+01 3.500000000000000000e+00 1.999999955296516418e-02 -8.100057373046875000e+02
1.366999578475952148e+01 3.379999999999999893e+00 1.999999955296516418e-02 -6.303444213867187500e+02
1.376505446434020996e+01 3.350000000000000089e+00 1.999999955296516418e-02 -3.601968383789062500e+02
1.387304687500000000e+01 3.459999999999999964e+00 1.999999955296516418e-02 -2.701476440429687500e+02
1.396200084686279297e+01 3.520000000000000018e+00 1.999999955296516418e-02 -3.601968383789062500e+02
1.405704236030578613e+01 3.490000000000000213e+00 1.999999955296516418e-02 -4.498088989257812500e+02
1.416904282569885254e+01 3.419999999999999929e+00 1.999999955296516418e-02 -6.299072875976562500e+02
1.427607417106628418e+01 3.259999999999999787e+00 1.999999955296516418e-02 0.000000000000000000e+00
1.437199950218200684e+01 2.839999999999999858e+00 1.999999955296516418e-02 0.000000000000000000e+00
1.446199393272399902e+01 2.939999999999999947e+00 1.999999955296516418e-02 0.000000000000000000e+00
1.456903934478759766e+01 3.069999999999999840e+00 1.999999955296516418e-02 0.000000000000000000e+00
1.466399455070495605e+01 3.020000000000000018e+00 1.999999955296516418e-02 0.000000000000000000e+00
1.476699423789978027e+01 2.870000000000000107e+00 1.999999955296516418e-02 0.000000000000000000e+00
1.486199688911437988e+01 2.609999999999999876e+00 1.999999955296516418e-02 0.000000000000000000e+00
1.495303773880004883e+01 2.629999999999999893e+00 1.999999955296516418e-02 0.000000000000000000e+00
1.506999540328979492e+01 2.560000000000000053e+00 1.999999955296516418e-02 0.000000000000000000e+00
1.515499830245971680e+01 2.399999999999999911e+00 1.999999955296516418e-02 0.000000000000000000e+00
1.526799583435058594e+01 2.180000000000000160e+00 1.999999955296516418e-02 0.000000000000000000e+00
1.536199569702148438e+01 2.009999999999999787e+00 1.999999955296516418e-02 0.000000000000000000e+00
1.546999859809875488e+01 1.780000000000000027e+00 1.999999955296516418e-02 0.000000000000000000e+00
1.555999350547790527e+01 1.550000000000000044e+00 1.999999955296516418e-02 0.000000000000000000e+00
1.565499567985534668e+01 1.229999999999999982e+00 1.999999955296516418e-02 0.000000000000000000e+00
1.576299214363098145e+01 1.020000000000000018e+00 5.000000074505805969e-02 8.996177978515625000e+02
1.587500238418579102e+01 2.890000000000000124e+00 5.000000074505805969e-02 5.398581542968750000e+02
1.596999597549438477e+01 3.549999999999999822e+00 5.000000074505805969e-02 9.004920959472656250e+01
1.605900359153747559e+01 3.479999999999999982e+00 5.000000074505805969e-02 0.000000000000000000e+00
1.616699528694152832e+01 3.310000000000000053e+00 5.000000074505805969e-02 2.697105102539062500e+02
1.626199269294738770e+01 3.439999999999999947e+00 5.000000074505805969e-02 3.601968383789062500e+02
1.637399387359619141e+01 3.450000000000000178e+00 5.000000074505805969e-02 3.601968383789062500e+02
1.645899176597595215e+01 3.439999999999999947e+00 5.000000074505805969e-02 5.398581542968750000e+02
1.655400204658508301e+01 3.399999999999999911e+00 5.000000074505805969e-02 6.299072875976562500e+02
1.666699433326721191e+01 3.509999999999999787e+00 5.000000074505805969e-02 5.402952880859375000e+02
1.677399516105651855e+01 3.589999999999999858e+00 5.000000074505805969e-02 3.597597045898437500e+02
1.686905264854431152e+01 3.490000000000000213e+00 5.000000074505805969e-02 2.697105102539062500e+02
1.695999431610107422e+01 3.520000000000000018e+00 5.000000074505805969e-02 2.701476440429687500e+02
1.706699514389038086e+01 3.399999999999999911e+00 5.000000074505805969e-02 1.800984191894531250e+02
1.715799450874328613e+01 3.390000000000000124e+00 5.000000074505805969e-02 3.597597045898437500e+02
1.727500271797180176e+01 3.379999999999999893e+00 5.000000074505805969e-02 5.402952880859375000e+02
1.736000418663024902e+01 3.459999999999999964e+00 5.000000074505805969e-02 6.303444213867187500e+02
1.747304606437683105e+01 3.529999999999999805e+00 5.000000074505805969e-02 7.199565429687500000e+02
1.756699490547180176e+01 3.589999999999999858e+00 5.000000074505805969e-02 7.199565429687500000e+02
1.767499947547912598e+01 3.600000000000000089e+00 5.000000074505805969e-02 6.299072875976562500e+02
1.776505279541015625e+01 3.589999999999999858e+00 5.000000074505805969e-02 5.398581542968750000e+02
1.785999488830566406e+01 3.509999999999999787e+00 5.000000074505805969e-02 6.299072875976562500e+02
1.796799516677856445e+01 3.509999999999999787e+00 5.000000074505805969e-02 7.199565429687500000e+02
1.805703902244567871e+01 3.520000000000000018e+00 5.000000074505805969e-02 6.299072875976562500e+02
1.816599607467651367e+01 3.540000000000000036e+00 5.000000074505805969e-02 7.199565429687500000e+02
1.826399517059326172e+01 3.529999999999999805e+00 5.000000074505805969e-02 5.398581542968750000e+02
1.837199497222900391e+01 3.549999999999999822e+00 5.000000074505805969e-02 3.601968383789062500e+02
1.846699190139770508e+01 3.490000000000000213e+00 5.000000074505805969e-02 2.701476440429687500e+02
1.855705165863037109e+01 3.479999999999999982e+00 5.000000074505805969e-02 4.498088989257812500e+02
1.866399335861206055e+01 3.479999999999999982e+00 5.000000074505805969e-02 4.498088989257812500e+02
1.875899291038513184e+01 3.520000000000000018e+00 5.000000074505805969e-02 5.398581542968750000e+02
1.887199354171752930e+01 3.509999999999999787e+00 5.000000074505805969e-02 6.299072875976562500e+02
1.895705294609069824e+01 3.450000000000000178e+00 5.000000074505805969e-02 7.199565429687500000e+02
1.907399559020996094e+01 3.459999999999999964e+00 5.000000074505805969e-02 8.100057373046875000e+02
1.916507697105407715e+01 3.580000000000000071e+00 5.000000074505805969e-02 7.199565429687500000e+02
1.927199339866638184e+01 3.540000000000000036e+00 5.000000074505805969e-02 5.402952880859375000e+02
1.936299324035644531e+01 3.490000000000000213e+00 5.000000074505805969e-02 5.398581542968750000e+02
1.945703864097595215e+01 3.540000000000000036e+00 5.000000074505805969e-02 6.303444213867187500e+02
1.956504631042480469e+01 3.569999999999999840e+00 5.000000074505805969e-02 6.303444213867187500e+02
1.965499782562255859e+01 3.609999999999999876e+00 5.000000074505805969e-02 6.303444213867187500e+02
1.977199220657348633e+01 3.629999999999999893e+00 5.000000074505805969e-02 6.299072875976562500e+02
1.985799479484558105e+01 3.540000000000000036e+00 5.000000074505805969e-02 7.199565429687500000e+02
1.996999669075012207e+01 3.560000000000000053e+00 5.000000074505805969e-02 8.100057373046875000e+02
2.006504321098327637e+01 3.589999999999999858e+00 5.000000074505805969e-02 9.000549316406250000e+02
2.017304992675781250e+01 3.600000000000000089e+00 5.000000074505805969e-02 8.100057373046875000e+02
2.026199436187744141e+01 3.600000000000000089e+00 5.000000074505805969e-02 8.100057373046875000e+02
2.035704445838928223e+01 3.569999999999999840e+00 5.000000074505805969e-02 7.199565429687500000e+02
2.046903133392333984e+01 3.600000000000000089e+00 5.000000074505805969e-02 6.299072875976562500e+02
2.057505035400390625e+01 3.560000000000000053e+00 5.000000074505805969e-02 4.500274658203125000e+02
2.067199420928955078e+01 3.560000000000000053e+00 5.000000074505805969e-02 5.400767211914062500e+02
2.076199507713317871e+01 3.569999999999999840e+00 5.000000074505805969e-02 5.398581542968750000e+02
2.086904716491699219e+01 3.540000000000000036e+00 5.000000074505805969e-02 4.500274658203125000e+02
2.096399474143981934e+01 3.549999999999999822e+00 5.000000074505805969e-02 5.400767211914062500e+02
2.105500435829162598e+01 3.529999999999999805e+00 5.000000074505805969e-02 4.500274658203125000e+02
2.116199541091918945e+01 3.580000000000000071e+00 5.000000074505805969e-02 4.500274658203125000e+02
2.125303220748901367e+01 3.540000000000000036e+00 5.000000074505805969e-02 3.601968383789062500e+02
2.136999630928039551e+01 3.509999999999999787e+00 5.000000074505805969e-02 9.004920959472656250e+01
2.145499801635742188e+01 3.379999999999999893e+00 5.000000074505805969e-02 9.004920959472656250e+01
2.156799221038818359e+01 3.399999999999999911e+00 5.000000074505805969e-02 2.701476440429687500e+02
2.166199350357055664e+01 3.399999999999999911e+00 5.000000074505805969e-02 3.599782714843750000e+02
2.176999330520629883e+01 3.479999999999999982e+00 5.000000074505805969e-02 1.800984191894531250e+02
2.186002206802368164e+01 3.470000000000000195e+00 5.000000074505805969e-02 1.798798522949218750e+02
2.195502042770385742e+01 3.439999999999999947e+00 5.000000074505805969e-02 2.701476440429687500e+02
2.206299591064453125e+01 3.459999999999999964e+00 5.000000074505805969e-02 4.500274658203125000e+02
2.217500019073486328e+01 3.509999999999999787e+00 5.000000074505805969e-02 3.599782714843750000e+02
2.226999306678771973e+01 3.479999999999999982e+00 5.000000074505805969e-02 2.699290771484375000e+02
2.235899448394775391e+01 3.450000000000000178e+00 5.000000074505805969e-02 4.500274658203125000e+02
2.246699404716491699e+01 3.459999999999999964e+00 5.000000074505805969e-02 5.400767211914062500e+02
2.256199526786804199e+01 3.490000000000000213e+00 5.000000074505805969e-02 6.301258544921875000e+02
2.267399358749389648e+01 3.529999999999999805e+00 5.000000074505805969e-02 7.199565429687500000e+02
2.275899171829223633e+01 3.589999999999999858e+00 5.000000074505805969e-02 6.301258544921875000e+02
2.285399699211120605e+01 3.569999999999999840e+00 5.000000074505805969e-02 6.301258544921875000e+02
2.296699333190917969e+01 3.549999999999999822e+00 5.000000074505805969e-02 5.400767211914062500e+02
2.307399702072143555e+01 3.529999999999999805e+00 5.000000074505805969e-02 6.301258544921875000e+02
2.316904687881469727e+01 3.500000000000000000e+00 5.000000074505805969e-02 8.100057373046875000e+02
2.325999522209167480e+01 3.490000000000000213e+00 5.000000074505805969e-02 8.100057373046875000e+02
2.336699271202087402e+01 3.569999999999999840e+00 5.000000074505805969e-02 5.400767211914062500e+02
2.345799779891967773e+01 3.560000000000000053e+00 5.000000074505805969e-02 4.500274658203125000e+02
2.357399725914001465e+01 3.540000000000000036e+00 5.000000074505805969e-02 4.500274658203125000e+02
2.366000056266784668e+01 3.439999999999999947e+00 5.000000074505805969e-02 6.299072875976562500e+02
2.377305054664611816e+01 3.490000000000000213e+00 5.000000074505805969e-02 7.199565429687500000e+02
2.386699414253234863e+01 3.600000000000000089e+00 5.000000074505805969e-02 6.300166015625000000e+02
2.397399449348449707e+01 3.589999999999999858e+00 5.000000074505805969e-02 5.399674072265625000e+02
2.406505370140075684e+01 3.509999999999999787e+00 5.000000074505805969e-02 5.399674072265625000e+02
2.415999317169189453e+01 3.509999999999999787e+00 5.000000074505805969e-02 5.399674072265625000e+02
2.426800203323364258e+01 3.569999999999999840e+00 5.000000074505805969e-02 6.300166015625000000e+02
2.435703778266906738e+01 3.529999999999999805e+00 5.000000074505805969e-02 5.399674072265625000e+02
2.447399520874023438e+01 3.509999999999999787e+00 5.000000074505805969e-02 5.399674072265625000e+02
2.456399416923522949e+01 3.470000000000000195e+00 5.000000074505805969e-02 6.300166015625000000e+02
2.467200255393981934e+01 3.529999999999999805e+00 5.000000074505805969e-02 6.299072875976562500e+02
2.476699566841125488e+01 3.609999999999999876e+00 5.000000074505805969e-02 4.500274658203125000e+02
2.485703969001770020e+01 3.629999999999999893e+00 5.000000074505805969e-02 2.699290771484375000e+02
2.496399331092834473e+01 3.549999999999999822e+00 5.000000074505805969e-02 2.699290771484375000e+02
2.505899834632873535e+01 3.520000000000000018e+00 5.000000074505805969e-02 4.499181823730468750e+02
2.517199301719665527e+01 3.490000000000000213e+00 5.000000074505805969e-02 7.199565429687500000e+02
2.525704145431518555e+01 3.459999999999999964e+00 5.000000074505805969e-02 8.100057373046875000e+02
2.537399744987487793e+01 3.569999999999999840e+00 5.000000074505805969e-02 7.200111694335937500e+02
2.546505022048950195e+01 3.600000000000000089e+00 5.000000074505805969e-02 4.500274658203125000e+02
2.557199406623840332e+01 3.629999999999999893e+00 5.000000074505805969e-02 2.699837036132812500e+02
2.566299581527709961e+01 3.589999999999999858e+00 5.000000074505805969e-02 1.799891357421875000e+02
2.575704455375671387e+01 3.600000000000000089e+00 5.000000074505805969e-02 8.999456787109375000e+01
2.586507153511047363e+01 3.479999999999999982e+00 5.000000074505805969e-02 1.799891357421875000e+02
2.595499396324157715e+01 3.470000000000000195e+00 5.000000074505805969e-02 3.599782714843750000e+02
2.607199335098266602e+01 3.509999999999999787e+00 5.000000074505805969e-02 4.500274658203125000e+02
2.615799689292907715e+01 3.509999999999999787e+00 5.000000074505805969e-02 5.399674072265625000e+02
2.626999378204345703e+01 3.560000000000000053e+00 5.000000074505805969e-02 4.500274658203125000e+02
2.636504364013671875e+01 3.569999999999999840e+00 5.000000074505805969e-02 3.599782714843750000e+02
2.647304630279541016e+01 3.529999999999999805e+00 5.000000074505805969e-02 3.600328979492187500e+02
2.656199359893798828e+01 3.560000000000000053e+00 5.000000074505805969e-02 5.399947509765625000e+02
2.665703558921813965e+01 3.470000000000000195e+00 5.000000074505805969e-02 5.399947509765625000e+02
2.676904463768005371e+01 3.439999999999999947e+00 5.000000074505805969e-02 6.299892578125000000e+02
2.687599706649780273e+01 3.479999999999999982e+00 5.000000074505805969e-02 6.300166015625000000e+02
2.697199654579162598e+01 3.540000000000000036e+00 5.000000074505805969e-02 7.199974975585937500e+02
2.706199574470520020e+01 3.549999999999999822e+00 5.000000074505805969e-02 4.500001525878906250e+02
2.716904306411743164e+01 3.560000000000000053e+00 5.000000074505805969e-02 1.799891357421875000e+02
2.726399612426757812e+01 3.500000000000000000e+00 5.000000074505805969e-02 0.000000000000000000e+00
2.735499644279479980e+01 3.299999999999999822e+00 5.000000074505805969e-02 0.000000000000000000e+00
2.746199560165405273e+01 3.270000000000000018e+00 5.000000074505805969e-02 2.700042114257812500e+02
2.755303859710693359e+01 3.509999999999999787e+00 5.000000074505805969e-02 4.500001525878906250e+02
2.766999483108520508e+01 3.509999999999999787e+00 5.000000074505805969e-02 3.599987487792968750e+02
2.775500392913818359e+01 3.529999999999999805e+00 5.000000074505805969e-02 2.700007934570312500e+02
2.786799335479736328e+01 3.520000000000000018e+00 5.000000074505805969e-02 3.600004882812500000e+02
2.796199393272399902e+01 3.509999999999999787e+00 5.000000074505805969e-02 4.500001525878906250e+02
2.806999373435974121e+01 3.589999999999999858e+00 5.000000074505805969e-02 3.600055847167968750e+02
2.815999245643615723e+01 3.439999999999999947e+00 5.000000074505805969e-02 2.699973754882812500e+02
2.825502300262451172e+01 3.479999999999999982e+00 5.000000074505805969e-02 2.699973754882812500e+02
2.836299109458923340e+01 3.430000000000000160e+00 5.000000074505805969e-02 3.600055847167968750e+02
2.847500514984130859e+01 3.439999999999999947e+00 5.000000074505805969e-02 4.500001525878906250e+02
2.856999444961547852e+01 3.549999999999999822e+00 5.000000074505805969e-02 6.300166015625000000e+02
2.865899348258972168e+01 3.540000000000000036e+00 5.000000074505805969e-02 4.500001525878906250e+02
2.876699256896972656e+01 3.549999999999999822e+00 5.000000074505805969e-02 3.600055847167968750e+02
2.886199474334716797e+01 3.549999999999999822e+00 5.000000074505805969e-02 2.699837036132812500e+02
2.897399234771728516e+01 3.529999999999999805e+00 5.000000074505805969e-02 2.699837036132812500e+02
2.905899262428283691e+01 3.520000000000000018e+00 5.000000074505805969e-02 3.599782714843750000e+02
2.915399551391601562e+01 3.470000000000000195e+00 5.000000074505805969e-02 4.500274658203125000e+02
2.926699328422546387e+01 3.509999999999999787e+00 5.000000074505805969e-02 2.699837036132812500e+02
2.937399291992187500e+01 3.439999999999999947e+00 5.000000074505805969e-02 2.699837036132812500e+02
2.946909117698669434e+01 3.479999999999999982e+00 5.000000074505805969e-02 0.000000000000000000e+00
2.955999350547790527e+01 3.339999999999999858e+00 5.000000074505805969e-02 8.999456787109375000e+01
2.966699457168579102e+01 3.359999999999999876e+00 5.000000074505805969e-02 8.999456787109375000e+01
2.975799584388732910e+01 3.439999999999999947e+00 5.000000074505805969e-02 0.000000000000000000e+00
2.987399244308471680e+01 3.310000000000000053e+00 5.000000074505805969e-02 0.000000000000000000e+00
2.995999193191528320e+01 3.379999999999999893e+00 5.000000074505805969e-02 0.000000000000000000e+00
3.007303762435913086e+01 3.370000000000000107e+00 5.000000074505805969e-02 0.000000000000000000e+00
3.016699242591857910e+01 3.350000000000000089e+00 5.000000074505805969e-02 0.000000000000000000e+00
3.027400326728820801e+01 3.299999999999999822e+00 5.000000074505805969e-02 0.000000000000000000e+00
3.036505460739135742e+01 4.139999999999999680e+00 5.000000074505805969e-02 0.000000000000000000e+00
3.045999145507812500e+01 5.070000000000000284e+00 1.999999955296516418e-02 -6.300166015625000000e+02
3.056799244880676270e+01 3.560000000000000053e+00 1.999999955296516418e-02 -9.000003051757812500e+02
3.065703892707824707e+01 3.450000000000000178e+00 1.999999955296516418e-02 -6.300166015625000000e+02
3.076299166679382324e+01 3.529999999999999805e+00 1.999999955296516418e-02 -7.200111694335937500e+02
3.086399340629577637e+01 3.560000000000000053e+00 1.999999955296516418e-02 -7.200111694335937500e+02
3.097199177742004395e+01 3.509999999999999787e+00 1.999999955296516418e-02 -6.300029296875000000e+02
3.106699299812316895e+01 3.580000000000000071e+00 1.999999955296516418e-02 -6.300029296875000000e+02
3.115704393386840820e+01 3.600000000000000089e+00 1.999999955296516418e-02 -6.300029296875000000e+02
3.126399540901184082e+01 3.569999999999999840e+00 1.999999955296516418e-02 -6.300004272460937500e+02
3.135899472236633301e+01 3.569999999999999840e+00 1.999999955296516418e-02 -7.199974975585937500e+02
3.147199320793151855e+01 3.569999999999999840e+00 1.999999955296516418e-02 -9.899949340820312500e+02
3.155703330039978027e+01 3.410000000000000142e+00 1.999999955296516418e-02 -9.899949340820312500e+02
3.165704774856567383e+01 3.430000000000000160e+00 1.999999955296516418e-02 -7.200111694335937500e+02
3.176504707336425781e+01 3.339999999999999858e+00 1.999999955296516418e-02 -2.699837036132812500e+02
3.187199211120605469e+01 3.430000000000000160e+00 1.999999955296516418e-02 -5.399947509765625000e+02
3.196299242973327637e+01 3.500000000000000000e+00 1.999999955296516418e-02 -7.200111694335937500e+02
3.205703496932983398e+01 3.509999999999999787e+00 1.999999955296516418e-02 -9.000003051757812500e+02
3.216505169868469238e+01 3.459999999999999964e+00 1.999999955296516418e-02 -8.100057373046875000e+02
3.225500178337097168e+01 3.459999999999999964e+00 1.999999955296516418e-02 -7.200111694335937500e+02
3.237199187278747559e+01 3.450000000000000178e+00 1.999999955296516418e-02 -7.200111694335937500e+02
3.245799756050109863e+01 3.509999999999999787e+00 1.999999955296516418e-02 -9.000003051757812500e+02
3.256999397277832031e+01 3.419999999999999929e+00 1.999999955296516418e-02 -8.100057373046875000e+02
3.266504478454589844e+01 3.509999999999999787e+00 1.999999955296516418e-02 -9.000549316406250000e+02
3.277303934097290039e+01 3.479999999999999982e+00 1.999999955296516418e-02 -7.200657958984375000e+02
3.286199641227722168e+01 3.520000000000000018e+00 1.999999955296516418e-02 -6.300166015625000000e+02
3.295704746246337891e+01 3.600000000000000089e+00 1.999999955296516418e-02 -7.200657958984375000e+02
3.306904196739196777e+01 3.569999999999999840e+00 1.999999955296516418e-02 -9.000549316406250000e+02
3.316105103492736816e+01 3.560000000000000053e+00 1.999999955296516418e-02 -9.000549316406250000e+02
3.327199316024780273e+01 3.439999999999999947e+00 1.999999955296516418e-02 -9.899949340820312500e+02
3.336199474334716797e+01 3.479999999999999982e+00 1.999999955296516418e-02 -9.899949340820312500e+02
3.346903586387634277e+01 3.319999999999999840e+00 1.999999955296516418e-02 -9.899949340820312500e+02
3.356399512290954590e+01 3.430000000000000160e+00 1.999999955296516418e-02 -9.898856811523437500e+02
3.365501976013183594e+01 3.410000000000000142e+00 1.999999955296516418e-02 -9.901042480468750000e+02
3.376199507713317871e+01 3.390000000000000124e+00 1.999999955296516418e-02 -1.260033203125000000e+03
3.385304021835327148e+01 3.410000000000000142e+00 1.999999955296516418e-02 -1.169984008789062500e+03
3.396999621391296387e+01 3.370000000000000107e+00 1.999999955296516418e-02 -9.000549316406250000e+02
3.405499887466430664e+01 3.299999999999999822e+00 1.999999955296516418e-02 -7.199565429687500000e+02
3.416799259185791016e+01 3.490000000000000213e+00 1.999999955296516418e-02 -7.201751098632812500e+02
3.426199746131896973e+01 3.620000000000000107e+00 1.999999955296516418e-02 -9.000549316406250000e+02
3.436999440193176270e+01 3.560000000000000053e+00 1.999999955296516418e-02 -9.000549316406250000e+02
3.445999336242675781e+01 3.520000000000000018e+00 1.999999955296516418e-02 -9.000549316406250000e+02
3.455499744415283203e+01 3.419999999999999929e+00 1.999999955296516418e-02 -9.898856811523437500e+02
3.466299390792846680e+01 3.470000000000000195e+00 1.999999955296516418e-02 -1.169984008789062500e+03
3.477400207519531250e+01 3.339999999999999858e+00 1.999999955296516418e-02 -1.169984008789062500e+03
3.486999583244323730e+01 3.319999999999999840e+00 1.999999955296516418e-02 -7.199565429687500000e+02
3.495901870727539062e+01 3.390000000000000124e+00 1.999999955296516418e-02 -6.301258544921875000e+02
3.506699323654174805e+01 3.479999999999999982e+00 1.999999955296516418e-02 -7.199565429687500000e+02
3.516199493408203125e+01 3.459999999999999964e+00 1.999999955296516418e-02 -9.898856811523437500e+02
3.527399563789367676e+01 3.439999999999999947e+00 1.999999955296516418e-02 -9.000549316406250000e+02
3.535899329185485840e+01 3.410000000000000142e+00 1.999999955296516418e-02 -7.199565429687500000e+02
3.545399641990661621e+01 3.450000000000000178e+00 1.999999955296516418e-02 -7.201751098632812500e+02
3.556699514389038086e+01 3.430000000000000160e+00 1.999999955296516418e-02 -6.299072875976562500e+02
3.567400026321411133e+01 3.540000000000000036e+00 1.999999955296516418e-02 -8.100057373046875000e+02
3.576904273033142090e+01 3.490000000000000213e+00 1.999999955296516418e-02 -7.199565429687500000e+02
3.585999464988708496e+01 3.479999999999999982e+00 1.999999955296516418e-02 -4.498088989257812500e+02
3.596699738502502441e+01 3.540000000000000036e+00 1.999999955296516418e-02 -3.597597045898437500e+02
3.605799508094787598e+01 3.680000000000000160e+00 1.999999955296516418e-02 -3.601968383789062500e+02
3.617399525642395020e+01 3.680000000000000160e+00 1.999999955296516418e-02 -8.100057373046875000e+02
3.625999164581298828e+01 3.620000000000000107e+00 1.999999955296516418e-02 -9.000549316406250000e+02
3.637305212020874023e+01 3.479999999999999982e+00 1.999999955296516418e-02 -9.000549316406250000e+02
3.646700143814086914e+01 3.339999999999999858e+00 1.999999955296516418e-02 -5.398581542968750000e+02
3.657399272918701172e+01 3.419999999999999929e+00 1.999999955296516418e-02 -5.398581542968750000e+02
3.666504740715026855e+01 3.470000000000000195e+00 1.999999955296516418e-02 -5.398581542968750000e+02
3.675999331474304199e+01 3.500000000000000000e+00 1.999999955296516418e-02 -6.299072875976562500e+02
3.686799311637878418e+01 3.399999999999999911e+00 1.999999955296516418e-02 -7.199565429687500000e+02
3.695704007148742676e+01 3.390000000000000124e+00 1.999999955296516418e-02 -5.398581542968750000e+02
3.707399439811706543e+01 3.410000000000000142e+00 1.999999955296516418e-02 -8.100057373046875000e+02
3.716399288177490234e+01 3.470000000000000195e+00 1.999999955296516418e-02 -7.199565429687500000e+02
3.727199268341064453e+01 3.370000000000000107e+00 1.999999955296516418e-02 -8.100057373046875000e+02
3.736699724197387695e+01 3.459999999999999964e+00 1.999999955296516418e-02 -8.100057373046875000e+02
3.745703673362731934e+01 3.419999999999999929e+00 1.999999955296516418e-02 -7.199565429687500000e+02
3.756399488449096680e+01 3.399999999999999911e+00 1.999999955296516418e-02 -7.199565429687500000e+02
3.765899515151977539e+01 3.490000000000000213e+00 1.999999955296516418e-02 -7.199565429687500000e+02
3.777199506759643555e+01 3.479999999999999982e+00 1.999999955296516418e-02 -7.199565429687500000e+02
3.785704636573791504e+01 3.509999999999999787e+00 1.999999955296516418e-02 -7.199565429687500000e+02
3.797399425506591797e+01 3.580000000000000071e+00 1.999999955296516418e-02 -8.100057373046875000e+02
3.806504988670349121e+01 3.560000000000000053e+00 1.999999955296516418e-02 -7.199565429687500000e+02
3.817200279235839844e+01 3.580000000000000071e+00 1.999999955296516418e-02 -7.199565429687500000e+02
3.826299667358398438e+01 3.479999999999999982e+00 1.999999955296516418e-02 -9.896671142578125000e+02
3.835705065727233887e+01 3.459999999999999964e+00 1.999999955296516418e-02 -9.000549316406250000e+02
3.846505069732666016e+01 3.319999999999999840e+00 1.999999955296516418e-02 -6.299072875976562500e+02
3.855500578880310059e+01 3.330000000000000071e+00 1.999999955296516418e-02 -2.701476440429687500e+02
3.867199182510375977e+01 3.490000000000000213e+00 1.999999955296516418e-02 -2.701476440429687500e+02
3.875799536705017090e+01 3.490000000000000213e+00 1.999999955296516418e-02 -4.502460327148437500e+02
3.886999773979187012e+01 3.509999999999999787e+00 1.999999955296516418e-02 -7.199565429687500000e+02
3.896504878997802734e+01 3.439999999999999947e+00 1.999999955296516418e-02 -4.498088989257812500e+02
3.907303714752197266e+01 2.810000000000000053e+00 1.999999955296516418e-02 0.000000000000000000e+00
3.916199421882629395e+01 2.759999999999999787e+00 1.999999955296516418e-02 0.000000000000000000e+00
3.925704765319824219e+01 2.790000000000000036e+00 1.999999955296516418e-02 0.000000000000000000e+00
3.936904191970825195e+01 1.830000000000000071e+00 5.000000074505805969e-02 9.000549316406250000e+02
3.947501254081726074e+01 2.890000000000000124e+00 5.000000074505805969e-02 5.402952880859375000e+02
3.957199478149414062e+01 3.560000000000000053e+00 5.000000074505805969e-02 9.004920959472656250e+01
3.966199421882629395e+01 3.410000000000000142e+00 5.000000074505805969e-02 1.800984191894531250e+02
3.976904821395874023e+01 3.350000000000000089e+00 5.000000074505805969e-02 7.199565429687500000e+02
3.986399602890014648e+01 3.379999999999999893e+00 5.000000074505805969e-02 9.901042480468750000e+02
3.997500181198120117e+01 3.450000000000000178e+00 5.000000074505805969e-02 9.000549316406250000e+02
4.006199645996093750e+01 3.600000000000000089e+00 5.000000074505805969e-02 9.000549316406250000e+02
4.015304541587829590e+01 3.529999999999999805e+00 5.000000074505805969e-02 8.100057373046875000e+02
4.026999855041503906e+01 3.490000000000000213e+00 5.000000074505805969e-02 1.169765380859375000e+03
4.035500073432922363e+01 3.580000000000000071e+00 5.000000074505805969e-02 1.079716308593750000e+03
4.046800518035888672e+01 3.660000000000000142e+00 5.000000074505805969e-02 9.000549316406250000e+02
4.056199550628662109e+01 3.629999999999999893e+00 5.000000074505805969e-02 6.299072875976562500e+02
4.066999435424804688e+01 3.600000000000000089e+00 5.000000074505805969e-02 3.601968383789062500e+02
4.075999426841735840e+01 3.540000000000000036e+00 5.000000074505805969e-02 3.597597045898437500e+02
4.085500168800354004e+01 3.490000000000000213e+00 5.000000074505805969e-02 4.498088989257812500e+02
4.096299338340759277e+01 3.529999999999999805e+00 5.000000074505805969e-02 4.502460327148437500e+02
4.107399415969848633e+01 3.549999999999999822e+00 5.000000074505805969e-02 5.398581542968750000e+02
4.116999936103820801e+01 3.470000000000000195e+00 5.000000074505805969e-02 8.100057373046875000e+02
4.125899267196655273e+01 3.439999999999999947e+00 5.000000074505805969e-02 9.896671142578125000e+02
4.136699366569519043e+01 3.500000000000000000e+00 5.000000074505805969e-02 1.079716308593750000e+03
4.146199393272399902e+01 3.560000000000000053e+00 5.000000074505805969e-02 1.169765380859375000e+03
4.157399797439575195e+01 3.540000000000000036e+00 5.000000074505805969e-02 9.000549316406250000e+02
4.165899372100830078e+01 3.589999999999999858e+00 5.000000074505805969e-02 7.199565429687500000e+02
4.175399661064147949e+01 3.529999999999999805e+00 5.000000074505805969e-02 7.199565429687500000e+02
4.186699390411376953e+01 3.549999999999999822e+00 5.000000074505805969e-02 7.199565429687500000e+02
4.197399306297302246e+01 3.589999999999999858e+00 5.000000074505805969e-02 6.299072875976562500e+02
4.206904768943786621e+01 3.600000000000000089e+00 5.000000074505805969e-02 8.100057373046875000e+02
4.215999507904052734e+01 3.540000000000000036e+00 5.000000074505805969e-02 1.169765380859375000e+03
4.226699399948120117e+01 3.549999999999999822e+00 5.000000074505805969e-02 1.260251708984375000e+03
4.235799574851989746e+01 3.649999999999999911e+00 5.000000074505805969e-02 1.169984008789062500e+03
4.247399640083312988e+01 3.649999999999999911e+00 5.000000074505805969e-02 1.079934814453125000e+03
4.255999350547790527e+01 3.589999999999999858e+00 5.000000074505805969e-02 8.100057373046875000e+02
4.267304277420043945e+01 3.589999999999999858e+00 5.000000074505805969e-02 8.100057373046875000e+02
4.276699328422546387e+01 3.549999999999999822e+00 5.000000074505805969e-02 8.100057373046875000e+02
4.285303854942321777e+01 3.560000000000000053e+00 5.000000074505805969e-02 1.169984008789062500e+03
4.296508717536926270e+01 3.540000000000000036e+00 5.000000074505805969e-02 1.259814575195312500e+03
4.305999493598937988e+01 3.589999999999999858e+00 5.000000074505805969e-02 1.260033203125000000e+03
4.316799664497375488e+01 3.549999999999999822e+00 5.000000074505805969e-02 1.079934814453125000e+03
4.325705265998840332e+01 3.600000000000000089e+00 5.000000074505805969e-02 8.100057373046875000e+02
4.337499809265136719e+01 3.569999999999999840e+00 5.000000074505805969e-02 7.199565429687500000e+02
4.346399760246276855e+01 3.560000000000000053e+00 5.000000074505805969e-02 9.000549316406250000e+02
4.357199239730834961e+01 3.520000000000000018e+00 5.000000074505805969e-02 9.898856811523437500e+02
4.366699337959289551e+01 3.600000000000000089e+00 5.000000074505805969e-02 9.000549316406250000e+02
4.375704741477966309e+01 3.560000000000000053e+00 5.000000074505805969e-02 8.998363647460937500e+02
4.386399412155151367e+01 3.549999999999999822e+00 5.000000074505805969e-02 8.998363647460937500e+02
4.395899581909179688e+01 3.529999999999999805e+00 5.000000074505805969e-02 8.998363647460937500e+02
4.407199382781982422e+01 3.560000000000000053e+00 5.000000074505805969e-02 8.100057373046875000e+02
4.415703916549682617e+01 3.580000000000000071e+00 5.000000074505805969e-02 7.199565429687500000e+02
4.427400970458984375e+01 3.509999999999999787e+00 5.000000074505805969e-02 8.100057373046875000e+02
4.436505722999572754e+01 3.529999999999999805e+00 5.000000074505805969e-02 8.999456787109375000e+02
4.447199392318725586e+01 3.540000000000000036e+00 5.000000074505805969e-02 9.000549316406250000e+02
4.456299781799316406e+01 3.540000000000000036e+00 5.000000074505805969e-02 8.100057373046875000e+02
4.465704178810119629e+01 3.629999999999999893e+00 5.000000074505805969e-02 7.199565429687500000e+02
4.476505398750305176e+01 3.549999999999999822e+00 5.000000074505805969e-02 8.100057373046875000e+02
4.485500168800354004e+01 3.490000000000000213e+00 5.000000074505805969e-02 8.999456787109375000e+02
4.497199511528015137e+01 3.560000000000000053e+00 5.000000074505805969e-02 1.169984008789062500e+03
4.505799818038940430e+01 3.620000000000000107e+00 5.000000074505805969e-02 1.079934814453125000e+03
4.516999840736389160e+01 3.569999999999999840e+00 5.000000074505805969e-02 1.169984008789062500e+03
4.526507902145385742e+01 3.589999999999999858e+00 5.000000074505805969e-02 9.900495605468750000e+02
4.537304282188415527e+01 3.629999999999999893e+00 5.000000074505805969e-02 8.100057373046875000e+02
4.546199679374694824e+01 3.620000000000000107e+00 5.000000074505805969e-02 8.100057373046875000e+02
4.555704951286315918e+01 3.560000000000000053e+00 5.000000074505805969e-02 6.299619750976562500e+02
4.566904354095458984e+01 3.540000000000000036e+00 5.000000074505805969e-02 7.200111694335937500e+02
4.576104402542114258e+01 3.560000000000000053e+00 5.000000074505805969e-02 6.300166015625000000e+02
4.587199401855468750e+01 3.620000000000000107e+00 5.000000074505805969e-02 3.600055847167968750e+02
4.596199297904968262e+01 3.569999999999999840e+00 5.000000074505805969e-02 0.000000000000000000e+00
4.606904077529907227e+01 3.310000000000000053e+00 5.000000074505805969e-02 0.000000000000000000e+00
4.616400456428527832e+01 3.330000000000000071e+00 5.000000074505805969e-02 2.699837036132812500e+02
4.625499939918518066e+01 3.370000000000000107e+00 5.000000074505805969e-02 7.200111694335937500e+02
4.636199641227722168e+01 3.430000000000000160e+00 5.000000074505805969e-02 1.169984008789062500e+03
4.645312571525573730e+01 3.569999999999999840e+00 5.000000074505805969e-02 1.079989501953125000e+03
4.656999635696411133e+01 3.620000000000000107e+00 5.000000074505805969e-02 7.200009765625000000e+02
4.665502214431762695e+01 3.620000000000000107e+00 5.000000074505805969e-02 5.399998168945312500e+02
4.676799464225769043e+01 3.600000000000000089e+00 5.000000074505805969e-02 4.500001525878906250e+02
4.686199355125427246e+01 3.560000000000000053e+00 5.000000074505805969e-02 5.400015869140625000e+02
4.696999549865722656e+01 3.490000000000000213e+00 5.000000074505805969e-02 7.200111694335937500e+02
4.705999279022216797e+01 3.509999999999999787e+00 5.000000074505805969e-02 8.100057373046875000e+02
4.715500617027282715e+01 3.560000000000000053e+00 5.000000074505805969e-02 8.100057373046875000e+02
4.726300215721130371e+01 3.569999999999999840e+00 5.000000074505805969e-02 6.300166015625000000e+02
4.737500596046447754e+01 3.589999999999999858e+00 5.000000074505805969e-02 5.399947509765625000e+02
4.746999716758728027e+01 3.569999999999999840e+00 5.000000074505805969e-02 3.599782714843750000e+02
4.755900526046752930e+01 3.490000000000000213e+00 5.000000074505805969e-02 5.399674072265625000e+02
4.766699337959289551e+01 3.470000000000000195e+00 5.000000074505805969e-02 3.599782714843750000e+02
4.776199483871459961e+01 3.580000000000000071e+00 5.000000074505805969e-02 0.000000000000000000e+00
4.787400436401367188e+01 3.500000000000000000e+00 5.000000074505805969e-02 8.999456787109375000e+01
4.795899605751037598e+01 3.399999999999999911e+00 5.000000074505805969e-02 8.999456787109375000e+01
4.805400204658508301e+01 3.439999999999999947e+00 5.000000074505805969e-02 0.000000000000000000e+00
4.816699576377868652e+01 4.709999999999999964e+00 1.999999955296516418e-02 -8.999456787109375000e+01
4.827399516105651855e+01 5.030000000000000249e+00 1.999999955296516418e-02 -1.710006103515625000e+03
4.836904144287109375e+01 3.640000000000000124e+00 1.999999955296516418e-02 -1.619984130859375000e+03
4.845999312400817871e+01 3.359999999999999876e+00 1.999999955296516418e-02 -1.439994995117187500e+03
4.856699657440185547e+01 3.410000000000000142e+00 1.999999955296516418e-02 -1.170001098632812500e+03
4.865799546241760254e+01 3.479999999999999982e+00 1.999999955296516418e-02 -1.440001953125000000e+03
4.877399587631225586e+01 3.470000000000000195e+00 1.999999955296516418e-02 -1.710006103515625000e+03
4.885999393463134766e+01 3.359999999999999876e+00 1.999999955296516418e-02 -1.530016845703125000e+03
4.897304320335388184e+01 3.250000000000000000e+00 1.999999955296516418e-02 -1.259978515625000000e+03
4.906699514389038086e+01 3.399999999999999911e+00 1.999999955296516418e-02 -1.349973144531250000e+03
4.917399358749389648e+01 3.479999999999999982e+00 1.999999955296516418e-02 -1.619956787109375000e+03
4.926505088806152344e+01 3.399999999999999911e+00 1.999999955296516418e-02 -1.529962280273437500e+03
4.935999226570129395e+01 3.299999999999999822e+00 1.999999955296516418e-02 -1.169984008789062500e+03
4.946799635887145996e+01 3.419999999999999929e+00 1.999999955296516418e-02 -1.170093261718750000e+03
4.955706429481506348e+01 3.549999999999999822e+00 1.999999955296516418e-02 -1.350082397460937500e+03
4.967399597167968750e+01 3.490000000000000213e+00 1.999999955296516418e-02 -1.529962280273437500e+03
4.976399660110473633e+01 3.359999999999999876e+00 1.999999955296516418e-02 -1.259923950195312500e+03
4.987199544906616211e+01 3.310000000000000053e+00 1.999999955296516418e-02 -1.080044189453125000e+03
4.996699666976928711e+01 3.399999999999999911e+00 1.999999955296516418e-02 -9.898856811523437500e+02
5.005704140663146973e+01 3.390000000000000124e+00 1.999999955296516418e-02 -1.260033203125000000e+03
5.016399455070495605e+01 3.399999999999999911e+00 1.999999955296516418e-02 -1.439913085937500000e+03
5.025899577140808105e+01 3.390000000000000124e+00 1.999999955296516418e-02 -1.439913085937500000e+03
5.037199544906616211e+01 3.330000000000000071e+00 1.999999955296516418e-02 -1.529962280273437500e+03
5.045703935623168945e+01 3.419999999999999929e+00 1.999999955296516418e-02 -1.350082397460937500e+03
5.057399678230285645e+01 3.410000000000000142e+00 1.999999955296516418e-02 -1.260033203125000000e+03
5.066505193710327148e+01 3.339999999999999858e+00 1.999999955296516418e-02 -1.169984008789062500e+03
5.077199339866638184e+01 3.490000000000000213e+00 1.999999955296516418e-02 -1.529962280273437500e+03
5.086299657821655273e+01 3.359999999999999876e+00 1.999999955296516418e-02 -1.529962280273437500e+03
5.095704698562622070e+01 3.370000000000000107e+00 1.999999955296516418e-02 -1.620011474609375000e+03
5.106506085395812988e+01 3.319999999999999840e+00 1.999999955296516418e-02 -1.529962280273437500e+03
5.115500092506408691e+01 3.350000000000000089e+00 1.999999955296516418e-02 -1.350082397460937500e+03
5.127199292182922363e+01 3.350000000000000089e+00 1.999999955296516418e-02 -1.439913085937500000e+03
5.135799622535705566e+01 3.390000000000000124e+00 1.999999955296516418e-02 -1.529962280273437500e+03
5.146999287605285645e+01 3.479999999999999982e+00 1.999999955296516418e-02 -1.439913085937500000e+03
5.156505417823791504e+01 3.410000000000000142e+00 1.999999955296516418e-02 -1.349863891601562500e+03
5.167305254936218262e+01 3.390000000000000124e+00 1.999999955296516418e-02 -1.620011474609375000e+03
5.176199364662170410e+01 3.359999999999999876e+00 1.999999955296516418e-02 -1.620011474609375000e+03
5.185705971717834473e+01 3.290000000000000036e+00 1.999999955296516418e-02 -1.529962280273437500e+03
5.196903705596923828e+01 3.350000000000000089e+00 1.999999955296516418e-02 -1.620011474609375000e+03
5.206104183197021484e+01 3.290000000000000036e+00 1.999999955296516418e-02 -1.439913085937500000e+03
5.217199349403381348e+01 3.270000000000000018e+00 1.999999955296516418e-02 -1.349863891601562500e+03
5.226199698448181152e+01 3.370000000000000107e+00 1.999999955296516418e-02 -1.259814575195312500e+03
5.236905050277709961e+01 3.450000000000000178e+00 1.999999955296516418e-02 -1.080153442382812500e+03
5.246399593353271484e+01 3.500000000000000000e+00 1.999999955296516418e-02 -1.079716308593750000e+03
5.255508923530578613e+01 3.490000000000000213e+00 1.999999955296516418e-02 -1.080153442382812500e+03
5.266199445724487305e+01 3.379999999999999893e+00 1.999999955296516418e-02 -1.170202514648437500e+03
5.275304841995239258e+01 3.310000000000000053e+00 1.999999955296516418e-02 -9.896671142578125000e+02
5.286999559402465820e+01 3.319999999999999840e+00 1.999999955296516418e-02 -7.199565429687500000e+02
5.295500040054321289e+01 3.399999999999999911e+00 1.999999955296516418e-02 -6.299072875976562500e+02
5.306799221038818359e+01 3.279999999999999805e+00 1.999999955296516418e-02 0.000000000000000000e+00
5.316199707984924316e+01 2.520000000000000018e+00 1.999999955296516418e-02 0.000000000000000000e+00
5.326999592781066895e+01 2.560000000000000053e+00 1.999999955296516418e-02 0.000000000000000000e+00
5.335999584197998047e+01 2.080000000000000071e+00 1.999999955296516418e-02 0.000000000000000000e+00
5.345499992370605469e+01 1.129999999999999893e+00 1.999999955296516418e-02 0.000000000000000000e+00
5.356299471855163574e+01 2.069999999999999840e+00 5.000000074505805969e-02 1.259814575195312500e+03
5.367399621009826660e+01 3.350000000000000089e+00 5.000000074505805969e-02 1.620011474609375000e+03
5.376999688148498535e+01 3.500000000000000000e+00 5.000000074505805969e-02 1.800109863281250000e+03
5.385899472236633301e+01 3.620000000000000107e+00 5.000000074505805969e-02 1.440350219726562500e+03
5.396699452400207520e+01 3.629999999999999893e+00 5.000000074505805969e-02 1.349863891601562500e+03
5.406199550628662109e+01 3.589999999999999858e+00 5.000000074505805969e-02 1.709623535156250000e+03
5.417399501800537109e+01 3.569999999999999840e+00 5.000000074505805969e-02 1.890159179687500000e+03
5.425899410247802734e+01 3.609999999999999876e+00 5.000000074505805969e-02 1.529962280273437500e+03
5.435399699211120605e+01 3.569999999999999840e+00 5.000000074505805969e-02 1.620011474609375000e+03
5.446699428558349609e+01 3.580000000000000071e+00 5.000000074505805969e-02 1.529962280273437500e+03
5.457399439811706543e+01 3.490000000000000213e+00 5.000000074505805969e-02 1.979771362304687500e+03
5.466903781890869141e+01 3.549999999999999822e+00 5.000000074505805969e-02 2.159869628906250000e+03
5.475999450683593750e+01 3.649999999999999911e+00 5.000000074505805969e-02 2.069820556640625000e+03
5.486699652671813965e+01 3.680000000000000160e+00 5.000000074505805969e-02 1.799891357421875000e+03
5.495799612998962402e+01 3.669999999999999929e+00 5.000000074505805969e-02 1.890159179687500000e+03
5.507199263572692871e+01 3.649999999999999911e+00 5.000000074505805969e-02 1.529962280273437500e+03
5.515999412536621094e+01 3.649999999999999911e+00 5.000000074505805969e-02 1.620011474609375000e+03
5.527303957939147949e+01 3.569999999999999840e+00 5.000000074505805969e-02 1.709842163085937500e+03
5.536699509620666504e+01 3.580000000000000071e+00 5.000000074505805969e-02 1.529962280273437500e+03
5.547399401664733887e+01 3.629999999999999893e+00 5.000000074505805969e-02 1.350082397460937500e+03
5.556505060195922852e+01 3.629999999999999893e+00 5.000000074505805969e-02 1.170202514648437500e+03
5.565999221801757812e+01 3.569999999999999840e+00 5.000000074505805969e-02 1.350082397460937500e+03
5.578999376296997070e+01 3.589999999999999858e+00 5.000000074505805969e-02 1.529962280273437500e+03
5.587999391555786133e+01 3.589999999999999858e+00 5.000000074505805969e-02 1.260033203125000000e+03
5.597499871253967285e+01 3.620000000000000107e+00 5.000000074505805969e-02 1.169984008789062500e+03
5.608299851417541504e+01 3.560000000000000053e+00 5.000000074505805969e-02 1.260033203125000000e+03
5.617899394035339355e+01 3.540000000000000036e+00 5.000000074505805969e-02 1.349973144531250000e+03
5.628999614715576172e+01 3.549999999999999822e+00 5.000000074505805969e-02 1.710060668945312500e+03
5.637899494171142578e+01 3.580000000000000071e+00 5.000000074505805969e-02 1.620011474609375000e+03
5.648699307441711426e+01 3.580000000000000071e+00 5.000000074505805969e-02 1.709951416015625000e+03
5.658199596405029297e+01 3.669999999999999929e+00 5.000000074505805969e-02 1.620011474609375000e+03
5.669399237632751465e+01 3.660000000000000142e+00 5.000000074505805969e-02 1.440022338867187500e+03
5.677899265289306641e+01 3.620000000000000107e+00 5.000000074505805969e-02 1.259978515625000000e+03
5.687399578094482422e+01 3.589999999999999858e+00 5.000000074505805969e-02 1.439967651367187500e+03
5.698699355125427246e+01 3.580000000000000071e+00 5.000000074505805969e-02 1.169984008789062500e+03
5.709399557113647461e+01 3.609999999999999876e+00 5.000000074505805969e-02 1.260005859375000000e+03
5.718904066085815430e+01 3.470000000000000195e+00 5.000000074505805969e-02 1.529989624023437500e+03
5.727999305725097656e+01 3.569999999999999840e+00 5.000000074505805969e-02 1.440001953125000000e+03
5.738699603080749512e+01 3.680000000000000160e+00 5.000000074505805969e-02 1.080003173828125000e+03
5.747799539566040039e+01 3.640000000000000124e+00 5.000000074505805969e-02 1.259992187500000000e+03
5.759501743316650391e+01 3.529999999999999805e+00 5.000000074505805969e-02 1.170011352539062500e+03
5.767999243736267090e+01 3.649999999999999911e+00 5.000000074505805969e-02 1.079989501953125000e+03
5.779304122924804688e+01 3.629999999999999893e+00 5.000000074505805969e-02 9.000003051757812500e+02
5.788699531555175781e+01 3.520000000000000018e+00 5.000000074505805969e-02 8.100057373046875000e+02
5.799499893188476562e+01 3.750000000000000000e+00 5.000000074505805969e-02 0.000000000000000000e+00
5.808505129814147949e+01 3.790000000000000036e+00 5.000000074505805969e-02 0.000000000000000000e+00
5.817999267578125000e+01 3.390000000000000124e+00 5.000000074505805969e-02 0.000000000000000000e+00
5.828799414634704590e+01 3.299999999999999822e+00 5.000000074505805969e-02 0.000000000000000000e+00
5.837704944610595703e+01 3.390000000000000124e+00 5.000000074505805969e-02 0.000000000000000000e+00
5.849500012397766113e+01 3.399999999999999911e+00 5.000000074505805969e-02 0.000000000000000000e+00
5.858399534225463867e+01 3.529999999999999805e+00 5.000000074505805969e-02 0.000000000000000000e+00
5.869199323654174805e+01 3.459999999999999964e+00 5.000000074505805969e-02 0.000000000000000000e+00
5.878699493408203125e+01 3.379999999999999893e+00 5.000000074505805969e-02 0.000000000000000000e+00
5.887704396247863770e+01 3.330000000000000071e+00 5.000000074505805969e-02 0.000000000000000000e+00
5.898399305343627930e+01 3.299999999999999822e+00 5.000000074505805969e-02 0.000000000000000000e+00
5.907899284362792969e+01 3.279999999999999805e+00 5.000000074505805969e-02 0.000000000000000000e+00
5.919199204444885254e+01 3.259999999999999787e+00 5.000000074505805969e-02 0.000000000000000000e+00
5.927705097198486328e+01 3.250000000000000000e+00 5.000000074505805969e-02 0.000000000000000000e+00
5.939399361610412598e+01 3.229999999999999982e+00 5.000000074505805969e-02 0.000000000000000000e+00
5.948504662513732910e+01 3.209999999999999964e+00 5.000000074505805969e-02 0.000000000000000000e+00
5.959199404716491699e+01 3.209999999999999964e+00 5.000000074505805969e-02 0.000000000000000000e+00
5.968299722671508789e+01 3.200000000000000178e+00 5.000000074505805969e-02 0.000000000000000000e+00
5.977704071998596191e+01 3.189999999999999947e+00 5.000000074505805969e-02 0.000000000000000000e+00
5.988504600524902344e+01 3.189999999999999947e+00 5.000000074505805969e-02 0.000000000000000000e+00
5.997499966621398926e+01 3.189999999999999947e+00 5.000000074505805969e-02 0.000000000000000000e+00
6.009199261665344238e+01 3.180000000000000160e+00 5.000000074505805969e-02 0.000000000000000000e+00
6.017798686027526855e+01 3.180000000000000160e+00 5.000000074505805969e-02 0.000000000000000000e+00
