3.190898895263671875e-02 2.129999999999999893e+00 3.700000047683715820e-02 0.000000000000000000e+00
1.319084167480468750e-01 2.439999999999999947e+00 3.700000047683715820e-02 0.000000000000000000e+00
2.289609909057617188e-01 2.939999999999999947e+00 3.700000047683715820e-02 0.000000000000000000e+00
3.199079036712646484e-01 3.419999999999999929e+00 3.700000047683715820e-02 0.000000000000000000e+00
4.309096336364746094e-01 3.729999999999999982e+00 3.700000047683715820e-02 0.000000000000000000e+00
5.219111442565917969e-01 4.059999999999999609e+00 3.700000047683715820e-02 0.000000000000000000e+00
6.129536628723144531e-01 4.509999999999999787e+00 3.700000047683715820e-02 0.000000000000000000e+00
7.239081859588623047e-01 3.859999999999999876e+00 1.700000092387199402e-02 -9.000549316406250000e+02
8.139076232910156250e-01 2.950000000000000178e+00 1.700000092387199402e-02 -6.299072875976562500e+02
9.259083271026611328e-01 3.049999999999999822e+00 1.700000092387199402e-02 -3.597597045898437500e+02
1.014908313751220703e+00 3.240000000000000213e+00 1.700000092387199402e-02 -7.199565429687500000e+02
1.129910945892333984e+00 3.120000000000000107e+00 1.700000092387199402e-02 -9.000549316406250000e+02
1.219913959503173828e+00 3.020000000000000018e+00 1.700000092387199402e-02 -9.896671142578125000e+02
1.330910682678222656e+00 3.080000000000000071e+00 1.700000092387199402e-02 -1.170202514648437500e+03
1.421922922134399414e+00 3.069999999999999840e+00 1.700000092387199402e-02 -1.349863891601562500e+03
1.510912656784057617e+00 2.979999999999999982e+00 1.700000092387199402e-02 -1.259814575195312500e+03
1.623907804489135742e+00 2.959999999999999964e+00 1.700000092387199402e-02 -1.350301025390625000e+03
1.712955713272094727e+00 2.990000000000000213e+00 1.700000092387199402e-02 -1.439913085937500000e+03
1.824948072433471680e+00 2.970000000000000195e+00 1.700000092387199402e-02 -1.529962280273437500e+03
1.916955471038818359e+00 2.959999999999999964e+00 1.700000092387199402e-02 -1.349863891601562500e+03
2.029913902282714844e+00 2.930000000000000160e+00 1.700000092387199402e-02 -1.439913085937500000e+03
2.119916439056396484e+00 2.970000000000000195e+00 1.700000092387199402e-02 -1.349863891601562500e+03
2.209915637969970703e+00 2.979999999999999982e+00 1.700000092387199402e-02 -1.440350219726562500e+03
2.323908805847167969e+00 2.959999999999999964e+00 1.700000092387199402e-02 -1.440350219726562500e+03
2.413908720016479492e+00 2.959999999999999964e+00 1.700000092387199402e-02 -1.349863891601562500e+03
2.524960041046142578e+00 2.979999999999999982e+00 1.700000092387199402e-02 -1.349863891601562500e+03
2.614909172058105469e+00 2.970000000000000195e+00 1.700000092387199402e-02 -1.260251708984375000e+03
2.727919340133666992e+00 2.950000000000000178e+00 1.700000092387199402e-02 -1.169765380859375000e+03
2.817912578582763672e+00 2.959999999999999964e+00 1.700000092387199402e-02 -1.080153442382812500e+03
2.929921865463256836e+00 2.939999999999999947e+00 1.700000092387199402e-02 -8.100057373046875000e+02
3.018911838531494141e+00 3.040000000000000036e+00 1.700000092387199402e-02 -5.402952880859375000e+02
3.109918594360351562e+00 3.100000000000000089e+00 1.700000092387199402e-02 -6.303444213867187500e+02
3.226907253265380859e+00 3.069999999999999840e+00 1.700000092387199402e-02 -6.303444213867187500e+02
3.316965103149414062e+00 2.970000000000000195e+00 1.700000092387199402e-02 -5.398581542968750000e+02
3.424958229064941406e+00 3.080000000000000071e+00 1.700000092387199402e-02 -6.303444213867187500e+02
3.519914150238037109e+00 3.100000000000000089e+00 1.700000092387199402e-02 -8.100057373046875000e+02
3.609910249710083008e+00 3.120000000000000107e+00 1.700000092387199402e-02 -9.000549316406250000e+02
3.717908620834350586e+00 3.009999999999999787e+00 1.700000092387199402e-02 -9.901042480468750000e+02
3.811907291412353516e+00 3.040000000000000036e+00 1.700000092387199402e-02 -9.901042480468750000e+02
3.924954414367675781e+00 3.049999999999999822e+00 1.700000092387199402e-02 -1.170202514648437500e+03
4.013910055160522461e+00 2.979999999999999982e+00 1.700000092387199402e-02 -1.260033203125000000e+03
4.126909017562866211e+00 2.950000000000000178e+00 1.700000092387199402e-02 -1.080153442382812500e+03
4.217908620834350586e+00 2.990000000000000213e+00 1.700000092387199402e-02 -9.898856811523437500e+02
4.328949451446533203e+00 3.009999999999999787e+00 1.700000092387199402e-02 -7.199565429687500000e+02
4.415910959243774414e+00 3.069999999999999840e+00 1.700000092387199402e-02 -9.000549316406250000e+02
4.510913372039794922e+00 3.049999999999999822e+00 1.700000092387199402e-02 -9.000549316406250000e+02
4.621908187866210938e+00 3.029999999999999805e+00 1.700000092387199402e-02 -1.169984008789062500e+03
4.730911016464233398e+00 3.000000000000000000e+00 1.700000092387199402e-02 -1.169984008789062500e+03
4.825914859771728516e+00 2.970000000000000195e+00 1.700000092387199402e-02 -1.440131591796875000e+03
4.914907217025756836e+00 2.939999999999999947e+00 1.700000092387199402e-02 -1.260033203125000000e+03
5.022907972335815430e+00 2.959999999999999964e+00 1.700000092387199402e-02 -1.260033203125000000e+03
5.117908954620361328e+00 2.939999999999999947e+00 1.700000092387199402e-02 -1.260033203125000000e+03
5.229918479919433594e+00 2.950000000000000178e+00 1.700000092387199402e-02 -1.350082397460937500e+03
5.314907550811767578e+00 2.959999999999999964e+00 1.700000092387199402e-02 -1.169984008789062500e+03
5.409915924072265625e+00 2.919999999999999929e+00 1.700000092387199402e-02 -1.079934814453125000e+03
5.522907733917236328e+00 2.959999999999999964e+00 1.700000092387199402e-02 -9.000549316406250000e+02
5.629915237426757812e+00 3.009999999999999787e+00 1.700000092387199402e-02 -9.899949340820312500e+02
5.724952936172485352e+00 3.000000000000000000e+00 1.700000092387199402e-02 -9.899949340820312500e+02
5.814907550811767578e+00 3.040000000000000036e+00 1.700000092387199402e-02 -1.080044189453125000e+03
5.922907114028930664e+00 3.040000000000000036e+00 1.700000092387199402e-02 -1.259923950195312500e+03
6.016954660415649414e+00 2.959999999999999964e+00 1.700000092387199402e-02 -1.350082397460937500e+03
6.129916191101074219e+00 2.919999999999999929e+00 1.700000092387199402e-02 -1.170093261718750000e+03
6.218907833099365234e+00 2.930000000000000160e+00 1.700000092387199402e-02 -8.999456787109375000e+02
6.331915855407714844e+00 3.009999999999999787e+00 1.700000092387199402e-02 -9.899949340820312500e+02
6.422906160354614258e+00 3.000000000000000000e+00 1.700000092387199402e-02 -9.000003051757812500e+02
6.511908769607543945e+00 2.939999999999999947e+00 1.700000092387199402e-02 -9.000003051757812500e+02
6.620952606201171875e+00 3.049999999999999822e+00 1.700000092387199402e-02 -7.199565429687500000e+02
6.715908288955688477e+00 3.089999999999999858e+00 1.700000092387199402e-02 -7.199565429687500000e+02
6.826910257339477539e+00 3.080000000000000071e+00 1.700000092387199402e-02 -8.100057373046875000e+02
6.912951946258544922e+00 2.700000000000000178e+00 1.700000092387199402e-02 0.000000000000000000e+00
7.030898332595825195e+00 1.719999999999999973e+00 1.700000092387199402e-02 0.000000000000000000e+00
7.119906663894653320e+00 1.830000000000000071e+00 1.700000092387199402e-02 0.000000000000000000e+00
7.227907419204711914e+00 1.229999999999999982e+00 1.700000092387199402e-02 0.000000000000000000e+00
7.322907686233520508e+00 1.110000000000000098e+00 4.300000146031379700e-02 1.259978515625000000e+03
7.412957906723022461e+00 2.779999999999999805e+00 4.300000146031379700e-02 1.979989868164062500e+03
7.519911050796508789e+00 3.029999999999999805e+00 4.300000146031379700e-02 1.709951416015625000e+03
7.614912033081054688e+00 3.100000000000000089e+00 4.300000146031379700e-02 1.260033203125000000e+03
7.727905988693237305e+00 3.060000000000000053e+00 4.300000146031379700e-02 1.170093261718750000e+03
7.812956571578979492e+00 2.990000000000000213e+00 4.300000146031379700e-02 1.169984008789062500e+03
7.929917335510253906e+00 3.029999999999999805e+00 4.300000146031379700e-02 1.170093261718750000e+03
8.019912719726562500e+00 3.020000000000000018e+00 4.300000146031379700e-02 1.080044189453125000e+03
8.127907276153564453e+00 2.970000000000000195e+00 4.300000146031379700e-02 1.169984008789062500e+03
8.221910953521728516e+00 2.950000000000000178e+00 4.300000146031379700e-02 1.349973144531250000e+03
8.312955379486083984e+00 2.919999999999999929e+00 4.300000146031379700e-02 1.529962280273437500e+03
8.423915863037109375e+00 3.009999999999999787e+00 4.300000146031379700e-02 1.529962280273437500e+03
8.510911464691162109e+00 3.029999999999999805e+00 4.300000146031379700e-02 1.260033203125000000e+03
8.627907276153564453e+00 3.040000000000000036e+00 4.300000146031379700e-02 1.260033203125000000e+03
8.716949939727783203e+00 2.979999999999999982e+00 4.300000146031379700e-02 1.350082397460937500e+03
8.825907945632934570e+00 2.930000000000000160e+00 4.300000146031379700e-02 1.799891357421875000e+03
8.920956611633300781e+00 3.080000000000000071e+00 4.300000146031379700e-02 1.439913085937500000e+03
9.030910730361938477e+00 3.049999999999999822e+00 4.300000146031379700e-02 1.079934814453125000e+03
9.117910146713256836e+00 3.009999999999999787e+00 4.300000146031379700e-02 1.169984008789062500e+03
9.212946176528930664e+00 3.000000000000000000e+00 4.300000146031379700e-02 1.169984008789062500e+03
9.324952602386474609e+00 2.990000000000000213e+00 4.300000146031379700e-02 1.260033203125000000e+03
9.425908803939819336e+00 2.959999999999999964e+00 4.300000146031379700e-02 1.349863891601562500e+03
9.527907371520996094e+00 3.060000000000000053e+00 4.300000146031379700e-02 1.079934814453125000e+03
9.617910861968994141e+00 3.069999999999999840e+00 4.300000146031379700e-02 9.000549316406250000e+02
9.724952459335327148e+00 2.939999999999999947e+00 4.300000146031379700e-02 1.080153442382812500e+03
9.819910764694213867e+00 2.950000000000000178e+00 4.300000146031379700e-02 1.259814575195312500e+03
9.909910440444946289e+00 2.979999999999999982e+00 4.300000146031379700e-02 1.439913085937500000e+03
1.001791167259216309e+01 2.950000000000000178e+00 4.300000146031379700e-02 1.620011474609375000e+03
1.011190938949584961e+01 3.000000000000000000e+00 4.300000146031379700e-02 1.529962280273437500e+03
1.022496128082275391e+01 3.009999999999999787e+00 4.300000146031379700e-02 1.439913085937500000e+03
1.033190703392028809e+01 3.040000000000000036e+00 4.300000146031379700e-02 1.169765380859375000e+03
1.042691111564636230e+01 3.020000000000000018e+00 4.300000146031379700e-02 9.901042480468750000e+02
1.051791000366210938e+01 3.029999999999999805e+00 4.300000146031379700e-02 1.079716308593750000e+03
1.062895321846008301e+01 3.040000000000000036e+00 4.300000146031379700e-02 9.901042480468750000e+02
1.071590876579284668e+01 2.979999999999999982e+00 4.300000146031379700e-02 9.000549316406250000e+02
1.081091117858886719e+01 3.000000000000000000e+00 4.300000146031379700e-02 7.199565429687500000e+02
1.092190909385681152e+01 3.000000000000000000e+00 4.300000146031379700e-02 7.199565429687500000e+02
1.103090906143188477e+01 3.009999999999999787e+00 4.300000146031379700e-02 6.303444213867187500e+02
1.112590980529785156e+01 2.990000000000000213e+00 4.300000146031379700e-02 6.303444213867187500e+02
1.121500992774963379e+01 2.950000000000000178e+00 4.300000146031379700e-02 6.299072875976562500e+02
1.132290792465209961e+01 2.970000000000000195e+00 4.300000146031379700e-02 8.095686035156250000e+02
1.141791439056396484e+01 2.990000000000000213e+00 4.300000146031379700e-02 8.100057373046875000e+02
1.152991676330566406e+01 2.959999999999999964e+00 4.300000146031379700e-02 8.100057373046875000e+02
1.161490726470947266e+01 2.990000000000000213e+00 4.300000146031379700e-02 7.199565429687500000e+02
1.170991587638854980e+01 2.959999999999999964e+00 4.300000146031379700e-02 6.303444213867187500e+02
1.182290911674499512e+01 2.979999999999999982e+00 4.300000146031379700e-02 6.303444213867187500e+02
1.192991876602172852e+01 2.879999999999999893e+00 4.300000146031379700e-02 8.996177978515625000e+02
1.202495980262756348e+01 2.970000000000000195e+00 4.300000146031379700e-02 9.000549316406250000e+02
1.211490821838378906e+01 2.990000000000000213e+00 4.300000146031379700e-02 7.199565429687500000e+02
1.222291183471679688e+01 3.000000000000000000e+00 4.300000146031379700e-02 5.398581542968750000e+02
1.231696271896362305e+01 2.959999999999999964e+00 4.300000146031379700e-02 5.398581542968750000e+02
1.242991709709167480e+01 2.930000000000000160e+00 4.300000146031379700e-02 5.398581542968750000e+02
1.251890897750854492e+01 2.890000000000000124e+00 4.300000146031379700e-02 7.199565429687500000e+02
1.263191008567810059e+01 2.950000000000000178e+00 4.300000146031379700e-02 8.100057373046875000e+02
1.272290897369384766e+01 2.990000000000000213e+00 4.300000146031379700e-02 7.199565429687500000e+02
1.281191062927246094e+01 3.040000000000000036e+00 4.300000146031379700e-02 4.502460327148437500e+02
1.292095661163330078e+01 2.930000000000000160e+00 4.300000146031379700e-02 6.303444213867187500e+02
1.301591062545776367e+01 2.859999999999999876e+00 4.300000146031379700e-02 7.199565429687500000e+02
1.312692379951477051e+01 3.000000000000000000e+00 4.300000146031379700e-02 6.303444213867187500e+02
1.321295356750488281e+01 3.040000000000000036e+00 4.300000146031379700e-02 5.398581542968750000e+02
1.333090949058532715e+01 2.910000000000000142e+00 4.300000146031379700e-02 2.701476440429687500e+02
1.341991615295410156e+01 2.930000000000000160e+00 4.300000146031379700e-02 4.502460327148437500e+02
1.352790760993957520e+01 2.910000000000000142e+00 4.300000146031379700e-02 6.299072875976562500e+02
1.362291145324707031e+01 2.930000000000000160e+00 4.300000146031379700e-02 6.299072875976562500e+02
1.371295499801635742e+01 2.939999999999999947e+00 4.300000146031379700e-02 7.199565429687500000e+02
1.381990933418273926e+01 2.859999999999999876e+00 4.300000146031379700e-02 0.000000000000000000e+00
1.391490888595581055e+01 2.700000000000000178e+00 4.300000146031379700e-02 0.000000000000000000e+00
1.402790975570678711e+01 2.859999999999999876e+00 4.300000146031379700e-02 0.000000000000000000e+00
1.411296486854553223e+01 4.519999999999999574e+00 4.300000146031379700e-02 0.000000000000000000e+00
1.422991156578063965e+01 5.139999999999999680e+00 4.300000146031379700e-02 0.000000000000000000e+00
1.431991481781005859e+01 5.629999999999999893e+00 1.700000092387199402e-02 -9.901042480468750000e+02
1.442791128158569336e+01 3.680000000000000160e+00 1.700000092387199402e-02 -1.799672729492187500e+03
1.452191114425659180e+01 2.950000000000000178e+00 1.700000092387199402e-02 -1.349863891601562500e+03
1.461295771598815918e+01 2.939999999999999947e+00 1.700000092387199402e-02 -1.169765380859375000e+03
1.472390770912170410e+01 3.080000000000000071e+00 1.700000092387199402e-02 -1.439913085937500000e+03
1.481091237068176270e+01 2.890000000000000124e+00 1.700000092387199402e-02 -1.079716308593750000e+03
1.492791104316711426e+01 3.000000000000000000e+00 1.700000092387199402e-02 -1.079716308593750000e+03
1.501695394515991211e+01 3.100000000000000089e+00 1.700000092387199402e-02 -1.169765380859375000e+03
1.512591171264648438e+01 2.990000000000000213e+00 1.700000092387199402e-02 -1.349863891601562500e+03
1.522096157073974609e+01 2.950000000000000178e+00 1.700000092387199402e-02 -9.896671142578125000e+02
1.533191227912902832e+01 3.080000000000000071e+00 1.700000092387199402e-02 -1.259814575195312500e+03
1.541791200637817383e+01 3.009999999999999787e+00 1.700000092387199402e-02 -1.440350219726562500e+03
1.551295375823974609e+01 3.020000000000000018e+00 1.700000092387199402e-02 -1.349863891601562500e+03
1.562495017051696777e+01 2.959999999999999964e+00 1.700000092387199402e-02 -1.350301025390625000e+03
1.570991444587707520e+01 3.009999999999999787e+00 1.700000092387199402e-02 -1.710060668945312500e+03
1.582791233062744141e+01 2.950000000000000178e+00 1.700000092387199402e-02 -1.439913085937500000e+03
1.591792225837707520e+01 2.919999999999999929e+00 1.700000092387199402e-02 -1.529962280273437500e+03
1.602495574951171875e+01 2.959999999999999964e+00 1.700000092387199402e-02 -1.529962280273437500e+03
1.611991834640502930e+01 2.959999999999999964e+00 1.700000092387199402e-02 -1.349863891601562500e+03
1.620991396903991699e+01 2.930000000000000160e+00 1.700000092387199402e-02 -1.170202514648437500e+03
1.631791186332702637e+01 3.000000000000000000e+00 1.700000092387199402e-02 -1.259814575195312500e+03
1.641190934181213379e+01 3.020000000000000018e+00 1.700000092387199402e-02 -1.259814575195312500e+03
1.652498102188110352e+01 2.959999999999999964e+00 1.700000092387199402e-02 -1.170202514648437500e+03
1.663191556930541992e+01 2.970000000000000195e+00 1.700000092387199402e-02 -1.170202514648437500e+03
1.672690868377685547e+01 2.939999999999999947e+00 1.700000092387199402e-02 -9.000549316406250000e+02
1.681791019439697266e+01 3.000000000000000000e+00 1.700000092387199402e-02 -9.000549316406250000e+02
1.692894792556762695e+01 3.049999999999999822e+00 1.700000092387199402e-02 -1.079716308593750000e+03
1.701590847969055176e+01 3.100000000000000089e+00 1.700000092387199402e-02 -1.350082397460937500e+03
1.711091256141662598e+01 2.990000000000000213e+00 1.700000092387199402e-02 -1.259814575195312500e+03
1.722191214561462402e+01 2.979999999999999982e+00 1.700000092387199402e-02 -1.169984008789062500e+03
1.733091020584106445e+01 2.979999999999999982e+00 1.700000092387199402e-02 -1.169984008789062500e+03
1.742591595649719238e+01 3.020000000000000018e+00 1.700000092387199402e-02 -1.350082397460937500e+03
1.751490998268127441e+01 3.009999999999999787e+00 1.700000092387199402e-02 -1.350082397460937500e+03
1.762290883064270020e+01 2.939999999999999947e+00 1.700000092387199402e-02 -1.260033203125000000e+03
1.771791243553161621e+01 2.910000000000000142e+00 1.700000092387199402e-02 -1.439913085937500000e+03
1.782991576194763184e+01 2.959999999999999964e+00 1.700000092387199402e-02 -1.260033203125000000e+03
1.791490745544433594e+01 2.979999999999999982e+00 1.700000092387199402e-02 -1.079934814453125000e+03
1.800991797447204590e+01 2.979999999999999982e+00 1.700000092387199402e-02 -1.169984008789062500e+03
1.812291073799133301e+01 2.990000000000000213e+00 1.700000092387199402e-02 -9.000549316406250000e+02
1.822991251945495605e+01 3.040000000000000036e+00 1.700000092387199402e-02 -1.079934814453125000e+03
1.832495641708374023e+01 3.009999999999999787e+00 1.700000092387199402e-02 -1.080153442382812500e+03
1.841490817070007324e+01 3.060000000000000053e+00 1.700000092387199402e-02 -1.080153442382812500e+03
1.852290987968444824e+01 3.000000000000000000e+00 1.700000092387199402e-02 -1.080044189453125000e+03
1.861695718765258789e+01 2.970000000000000195e+00 1.700000092387199402e-02 -1.080044189453125000e+03
1.872991418838500977e+01 2.970000000000000195e+00 1.700000092387199402e-02 -1.080044189453125000e+03
1.881891131401062012e+01 2.979999999999999982e+00 1.700000092387199402e-02 -8.100057373046875000e+02
1.893191528320312500e+01 2.970000000000000195e+00 1.700000092387199402e-02 -8.100057373046875000e+02
1.902290773391723633e+01 3.009999999999999787e+00 1.700000092387199402e-02 -5.400767211914062500e+02
1.911190938949584961e+01 3.049999999999999822e+00 1.700000092387199402e-02 -6.300166015625000000e+02
1.922095155715942383e+01 3.069999999999999840e+00 1.700000092387199402e-02 -6.300166015625000000e+02
1.931590819358825684e+01 3.080000000000000071e+00 1.700000092387199402e-02 -8.100057373046875000e+02
1.942690825462341309e+01 3.069999999999999840e+00 1.700000092387199402e-02 -6.300166015625000000e+02
1.951295518875122070e+01 3.020000000000000018e+00 1.700000092387199402e-02 -5.399674072265625000e+02
1.963090920448303223e+01 3.020000000000000018e+00 1.700000092387199402e-02 -4.499181823730468750e+02
1.971991872787475586e+01 3.100000000000000089e+00 1.700000092387199402e-02 -7.199565429687500000e+02
1.982791280746459961e+01 3.060000000000000053e+00 1.700000092387199402e-02 -3.599782714843750000e+02
1.992292046546936035e+01 3.029999999999999805e+00 1.700000092387199402e-02 -2.700383605957031250e+02
2.001296067237854004e+01 3.220000000000000195e+00 1.700000092387199402e-02 -4.500274658203125000e+02
2.011992549896240234e+01 3.259999999999999787e+00 1.700000092387199402e-02 -7.200111694335937500e+02
2.021491575241088867e+01 3.049999999999999822e+00 1.700000092387199402e-02 -5.400220947265625000e+02
2.032791447639465332e+01 3.029999999999999805e+00 1.700000092387199402e-02 -4.500274658203125000e+02
2.041296982765197754e+01 3.120000000000000107e+00 1.700000092387199402e-02 -5.399674072265625000e+02
2.052991390228271484e+01 2.560000000000000053e+00 1.700000092387199402e-02 0.000000000000000000e+00
2.061991882324218750e+01 2.399999999999999911e+00 1.700000092387199402e-02 0.000000000000000000e+00
2.072791528701782227e+01 2.319999999999999840e+00 1.700000092387199402e-02 0.000000000000000000e+00
2.082192087173461914e+01 2.160000000000000142e+00 1.700000092387199402e-02 0.000000000000000000e+00
2.091296195983886719e+01 1.669999999999999929e+00 1.700000092387199402e-02 0.000000000000000000e+00
2.102390837669372559e+01 1.419999999999999929e+00 1.700000092387199402e-02 0.000000000000000000e+00
2.111090707778930664e+01 1.290000000000000036e+00 1.700000092387199402e-02 0.000000000000000000e+00
2.122790813446044922e+01 9.200000000000000400e-01 1.700000092387199402e-02 0.000000000000000000e+00
2.131696271896362305e+01 8.800000000000000044e-01 1.700000092387199402e-02 0.000000000000000000e+00
2.142590856552124023e+01 9.499999999999999556e-01 4.300000146031379700e-02 1.169984008789062500e+03
2.152095365524291992e+01 2.709999999999999964e+00 4.300000146031379700e-02 1.620011474609375000e+03
2.163191366195678711e+01 3.140000000000000124e+00 4.300000146031379700e-02 1.169984008789062500e+03
2.171790814399719238e+01 2.990000000000000213e+00 4.300000146031379700e-02 1.169984008789062500e+03
2.181295442581176758e+01 2.990000000000000213e+00 4.300000146031379700e-02 1.169984008789062500e+03
2.192496013641357422e+01 3.020000000000000018e+00 4.300000146031379700e-02 9.899949340820312500e+02
2.203091073036193848e+01 2.939999999999999947e+00 4.300000146031379700e-02 1.260033203125000000e+03
2.212791919708251953e+01 2.910000000000000142e+00 4.300000146031379700e-02 1.529962280273437500e+03
2.221791076660156250e+01 3.000000000000000000e+00 4.300000146031379700e-02 1.529962280273437500e+03
2.232494688034057617e+01 3.040000000000000036e+00 4.300000146031379700e-02 1.259923950195312500e+03
2.241991448402404785e+01 2.970000000000000195e+00 4.300000146031379700e-02 1.349863891601562500e+03
2.250991678237915039e+01 2.919999999999999929e+00 4.300000146031379700e-02 1.710060668945312500e+03
2.261790919303894043e+01 2.959999999999999964e+00 4.300000146031379700e-02 1.799891357421875000e+03
2.271190929412841797e+01 2.990000000000000213e+00 4.300000146031379700e-02 1.799891357421875000e+03
2.282496404647827148e+01 2.979999999999999982e+00 4.300000146031379700e-02 1.890159179687500000e+03
2.291391134262084961e+01 3.009999999999999787e+00 4.300000146031379700e-02 2.070039062500000000e+03
2.302691173553466797e+01 3.089999999999999858e+00 4.300000146031379700e-02 1.440131591796875000e+03
2.311790943145751953e+01 3.080000000000000071e+00 4.300000146031379700e-02 1.440131591796875000e+03
2.322896432876586914e+01 3.020000000000000018e+00 4.300000146031379700e-02 1.440131591796875000e+03
2.331591057777404785e+01 3.000000000000000000e+00 4.300000146031379700e-02 1.440131591796875000e+03
2.342690849304199219e+01 2.990000000000000213e+00 4.300000146031379700e-02 1.350082397460937500e+03
2.352190828323364258e+01 3.040000000000000036e+00 4.300000146031379700e-02 1.349863891601562500e+03
2.363091325759887695e+01 3.029999999999999805e+00 4.300000146031379700e-02 9.901042480468750000e+02
2.372590780258178711e+01 3.009999999999999787e+00 4.300000146031379700e-02 8.996177978515625000e+02
2.381490731239318848e+01 2.979999999999999982e+00 4.300000146031379700e-02 9.000549316406250000e+02
2.392290687561035156e+01 2.950000000000000178e+00 4.300000146031379700e-02 1.259814575195312500e+03
2.401790809631347656e+01 2.890000000000000124e+00 4.300000146031379700e-02 1.620011474609375000e+03
2.412991356849670410e+01 2.950000000000000178e+00 4.300000146031379700e-02 1.529962280273437500e+03
2.421500182151794434e+01 3.000000000000000000e+00 4.300000146031379700e-02 1.350301025390625000e+03
2.432503795623779297e+01 3.020000000000000018e+00 4.300000146031379700e-02 1.349863891601562500e+03
2.442292428016662598e+01 3.009999999999999787e+00 4.300000146031379700e-02 1.259814575195312500e+03
2.452991199493408203e+01 3.020000000000000018e+00 4.300000146031379700e-02 1.439913085937500000e+03
2.462495923042297363e+01 2.990000000000000213e+00 4.300000146031379700e-02 1.350301025390625000e+03
2.471490716934204102e+01 3.040000000000000036e+00 4.300000146031379700e-02 1.170202514648437500e+03
2.482290840148925781e+01 3.049999999999999822e+00 4.300000146031379700e-02 1.170202514648437500e+03
2.491695094108581543e+01 2.970000000000000195e+00 4.300000146031379700e-02 1.349863891601562500e+03
2.502991271018981934e+01 3.049999999999999822e+00 4.300000146031379700e-02 1.350301025390625000e+03
2.511891484260559082e+01 3.009999999999999787e+00 4.300000146031379700e-02 9.901042480468750000e+02
2.520590853691101074e+01 3.020000000000000018e+00 4.300000146031379700e-02 9.901042480468750000e+02
2.532292318344116211e+01 3.020000000000000018e+00 4.300000146031379700e-02 7.199565429687500000e+02
2.541190743446350098e+01 2.939999999999999947e+00 4.300000146031379700e-02 8.100057373046875000e+02
2.552095818519592285e+01 2.979999999999999982e+00 4.300000146031379700e-02 9.901042480468750000e+02
2.561590671539306641e+01 2.939999999999999947e+00 4.300000146031379700e-02 9.896671142578125000e+02
2.572691297531127930e+01 3.000000000000000000e+00 4.300000146031379700e-02 7.199565429687500000e+02
2.581295657157897949e+01 2.950000000000000178e+00 4.300000146031379700e-02 7.199565429687500000e+02
2.593090844154357910e+01 2.990000000000000213e+00 4.300000146031379700e-02 7.199565429687500000e+02
2.601991367340087891e+01 2.959999999999999964e+00 4.300000146031379700e-02 8.100057373046875000e+02
2.612790679931640625e+01 2.959999999999999964e+00 4.300000146031379700e-02 7.199565429687500000e+02
2.622290921211242676e+01 2.979999999999999982e+00 4.300000146031379700e-02 6.299072875976562500e+02
2.631295704841613770e+01 2.899999999999999911e+00 4.300000146031379700e-02 7.199565429687500000e+02
2.641991424560546875e+01 2.990000000000000213e+00 4.300000146031379700e-02 7.199565429687500000e+02
2.651490688323974609e+01 2.990000000000000213e+00 4.300000146031379700e-02 8.100057373046875000e+02
2.662791681289672852e+01 2.910000000000000142e+00 4.300000146031379700e-02 8.996177978515625000e+02
2.671295380592346191e+01 3.020000000000000018e+00 4.300000146031379700e-02 6.299072875976562500e+02
2.682991123199462891e+01 3.000000000000000000e+00 4.300000146031379700e-02 4.502460327148437500e+02
2.691991233825683594e+01 2.959999999999999964e+00 4.300000146031379700e-02 6.299072875976562500e+02
2.702791023254394531e+01 2.799999999999999822e+00 4.300000146031379700e-02 0.000000000000000000e+00
2.712191057205200195e+01 2.669999999999999929e+00 4.300000146031379700e-02 0.000000000000000000e+00
2.721295952796936035e+01 2.669999999999999929e+00 4.300000146031379700e-02 0.000000000000000000e+00
2.732390975952148438e+01 3.709999999999999964e+00 4.300000146031379700e-02 0.000000000000000000e+00
2.741090822219848633e+01 4.639999999999999680e+00 4.300000146031379700e-02 0.000000000000000000e+00
2.752790904045104980e+01 3.950000000000000178e+00 1.700000092387199402e-02 -2.069820556640625000e+03
2.761695575714111328e+01 3.120000000000000107e+00 1.700000092387199402e-02 -1.529962280273437500e+03
2.772590970993041992e+01 2.759999999999999787e+00 1.700000092387199402e-02 -1.350301025390625000e+03
2.782095479965209961e+01 3.120000000000000107e+00 1.700000092387199402e-02 -1.529962280273437500e+03
2.793090987205505371e+01 3.040000000000000036e+00 1.700000092387199402e-02 -1.620011474609375000e+03
2.801790928840637207e+01 2.939999999999999947e+00 1.700000092387199402e-02 -1.620011474609375000e+03
2.811295318603515625e+01 2.919999999999999929e+00 1.700000092387199402e-02 -1.439913085937500000e+03
2.822495412826538086e+01 2.959999999999999964e+00 1.700000092387199402e-02 -1.620011474609375000e+03
2.831695938110351562e+01 2.950000000000000178e+00 1.700000092387199402e-02 -1.529962280273437500e+03
2.842791008949279785e+01 3.000000000000000000e+00 1.700000092387199402e-02 -1.710060668945312500e+03
2.851790857315063477e+01 2.979999999999999982e+00 1.700000092387199402e-02 -1.890159179687500000e+03
2.862495899200439453e+01 2.950000000000000178e+00 1.700000092387199402e-02 -2.069820556640625000e+03
2.872000694274902344e+01 2.970000000000000195e+00 1.700000092387199402e-02 -2.069820556640625000e+03
2.880992817878723145e+01 2.979999999999999982e+00 1.700000092387199402e-02 -2.520066406250000000e+03
2.891791129112243652e+01 2.990000000000000213e+00 1.700000092387199402e-02 -2.699727783203125000e+03
2.901190948486328125e+01 3.100000000000000089e+00 1.700000092387199402e-02 -2.610115478515625000e+03
2.912495040893554688e+01 3.009999999999999787e+00 1.700000092387199402e-02 -2.069820556640625000e+03
2.921391034126281738e+01 2.990000000000000213e+00 1.700000092387199402e-02 -1.980208496093750000e+03
2.932690954208374023e+01 3.140000000000000124e+00 1.700000092387199402e-02 -1.800109863281250000e+03
2.941791296005249023e+01 3.100000000000000089e+00 1.700000092387199402e-02 -2.070039062500000000e+03
2.952896881103515625e+01 3.180000000000000160e+00 1.700000092387199402e-02 -2.250137451171875000e+03
2.961590790748596191e+01 3.180000000000000160e+00 1.700000092387199402e-02 -2.339968017578125000e+03
2.971091842651367188e+01 3.049999999999999822e+00 1.700000092387199402e-02 -2.070039062500000000e+03
2.982190823554992676e+01 2.979999999999999982e+00 1.700000092387199402e-02 -1.799891357421875000e+03
2.993091297149658203e+01 3.069999999999999840e+00 1.700000092387199402e-02 -1.440131591796875000e+03
3.002591061592102051e+01 3.080000000000000071e+00 1.700000092387199402e-02 -1.439913085937500000e+03
3.011490726470947266e+01 3.069999999999999840e+00 1.700000092387199402e-02 -1.080153442382812500e+03
3.022291159629821777e+01 3.109999999999999876e+00 1.700000092387199402e-02 -8.100057373046875000e+02
3.031791067123413086e+01 3.100000000000000089e+00 1.700000092387199402e-02 -8.100057373046875000e+02
3.042991876602172852e+01 3.180000000000000160e+00 1.700000092387199402e-02 -5.400767211914062500e+02
3.051490926742553711e+01 3.169999999999999929e+00 1.700000092387199402e-02 -5.399674072265625000e+02
3.060991597175598145e+01 3.149999999999999911e+00 1.700000092387199402e-02 -6.299072875976562500e+02
3.072290802001953125e+01 3.160000000000000142e+00 1.700000092387199402e-02 -6.300166015625000000e+02
3.083000802993774414e+01 3.189999999999999947e+00 1.700000092387199402e-02 -8.100057373046875000e+02
3.092495822906494141e+01 3.180000000000000160e+00 1.700000092387199402e-02 -8.999456787109375000e+02
3.101491069793701172e+01 3.169999999999999929e+00 1.700000092387199402e-02 -7.200657958984375000e+02
3.112290906906127930e+01 3.129999999999999893e+00 1.700000092387199402e-02 -6.300166015625000000e+02
3.121695613861083984e+01 3.160000000000000142e+00 1.700000092387199402e-02 -8.100057373046875000e+02
3.132991886138916016e+01 3.140000000000000124e+00 1.700000092387199402e-02 -7.200657958984375000e+02
3.141891336441040039e+01 3.169999999999999929e+00 1.700000092387199402e-02 -5.400767211914062500e+02
3.151490807533264160e+01 3.200000000000000178e+00 1.700000092387199402e-02 -4.500274658203125000e+02
3.162290835380554199e+01 3.189999999999999947e+00 1.700000092387199402e-02 -5.399674072265625000e+02
3.171190738677978516e+01 3.330000000000000071e+00 1.700000092387199402e-02 -1.169984008789062500e+03
3.182095170021057129e+01 3.229999999999999982e+00 1.700000092387199402e-02 -1.530016845703125000e+03
3.191591811180114746e+01 3.129999999999999893e+00 1.700000092387199402e-02 -1.260033203125000000e+03
3.202690768241882324e+01 3.049999999999999822e+00 1.700000092387199402e-02 -9.000003051757812500e+02
3.211297821998596191e+01 2.500000000000000000e+00 4.300000146031379700e-02 0.000000000000000000e+00
3.223090672492980957e+01 3.470000000000000195e+00 4.300000146031379700e-02 0.000000000000000000e+00
3.231991505622863770e+01 3.180000000000000160e+00 4.300000146031379700e-02 2.699837036132812500e+02
3.242790937423706055e+01 2.819999999999999840e+00 4.300000146031379700e-02 8.100057373046875000e+02
3.252290725708007812e+01 2.839999999999999858e+00 4.300000146031379700e-02 1.350027709960937500e+03
3.261295795440673828e+01 2.850000000000000089e+00 4.300000146031379700e-02 1.800000610351562500e+03
3.271991848945617676e+01 3.000000000000000000e+00 4.300000146031379700e-02 1.710060668945312500e+03
3.281491732597351074e+01 3.009999999999999787e+00 4.300000146031379700e-02 1.800000610351562500e+03
3.292790842056274414e+01 2.910000000000000142e+00 4.300000146031379700e-02 2.430017089843750000e+03
3.301295685768127441e+01 2.939999999999999947e+00 4.300000146031379700e-02 2.430017089843750000e+03
3.312991285324096680e+01 3.020000000000000018e+00 4.300000146031379700e-02 2.430017089843750000e+03
3.321990966796875000e+01 3.060000000000000053e+00 4.300000146031379700e-02 2.249918945312500000e+03
3.332797288894653320e+01 3.000000000000000000e+00 4.300000146031379700e-02 2.160088378906250000e+03
3.342191004753112793e+01 3.040000000000000036e+00 4.300000146031379700e-02 2.160088378906250000e+03
3.351295971870422363e+01 3.029999999999999805e+00 4.300000146031379700e-02 2.339968017578125000e+03
3.362390661239624023e+01 2.939999999999999947e+00 4.300000146031379700e-02 2.700164794921875000e+03
3.371098732948303223e+01 2.970000000000000195e+00 4.300000146031379700e-02 2.519847900390625000e+03
3.382790732383728027e+01 3.109999999999999876e+00 4.300000146031379700e-02 2.249918945312500000e+03
3.391695690155029297e+01 3.109999999999999876e+00 4.300000146031379700e-02 1.800109863281250000e+03
3.402591109275817871e+01 3.000000000000000000e+00 4.300000146031379700e-02 2.249918945312500000e+03
3.412095284461975098e+01 2.870000000000000107e+00 4.300000146031379700e-02 2.699727783203125000e+03
3.420991039276123047e+01 2.939999999999999947e+00 4.300000146031379700e-02 3.059924560546875000e+03
3.431790900230407715e+01 3.020000000000000018e+00 4.300000146031379700e-02 3.059924560546875000e+03
3.441295933723449707e+01 3.109999999999999876e+00 4.300000146031379700e-02 2.520066406250000000e+03
3.452495598793029785e+01 3.120000000000000107e+00 4.300000146031379700e-02 2.159869628906250000e+03
3.463091039657592773e+01 3.089999999999999858e+00 4.300000146031379700e-02 1.980208496093750000e+03
3.472791051864624023e+01 3.060000000000000053e+00 4.300000146031379700e-02 1.890159179687500000e+03
3.481791186332702637e+01 3.040000000000000036e+00 4.300000146031379700e-02 1.890159179687500000e+03
3.492495989799499512e+01 3.009999999999999787e+00 4.300000146031379700e-02 1.710060668945312500e+03
3.501991605758666992e+01 2.970000000000000195e+00 4.300000146031379700e-02 1.979771362304687500e+03
3.510991835594177246e+01 3.000000000000000000e+00 4.300000146031379700e-02 1.890159179687500000e+03
3.521791267395019531e+01 3.100000000000000089e+00 4.300000146031379700e-02 1.170202514648437500e+03
3.531190943717956543e+01 3.129999999999999893e+00 4.300000146031379700e-02 9.000549316406250000e+02
3.542495131492614746e+01 2.910000000000000142e+00 4.300000146031379700e-02 1.260251708984375000e+03
3.551392126083374023e+01 2.990000000000000213e+00 4.300000146031379700e-02 1.259814575195312500e+03
3.562690949440002441e+01 2.919999999999999929e+00 4.300000146031379700e-02 0.000000000000000000e+00
3.571791267395019531e+01 3.450000000000000178e+00 4.300000146031379700e-02 0.000000000000000000e+00
3.582894968986511230e+01 3.229999999999999982e+00 4.300000146031379700e-02 0.000000000000000000e+00
3.591590881347656250e+01 2.859999999999999876e+00 4.300000146031379700e-02 0.000000000000000000e+00
3.601091074943542480e+01 2.609999999999999876e+00 4.300000146031379700e-02 0.000000000000000000e+00
3.612191033363342285e+01 2.490000000000000213e+00 4.300000146031379700e-02 0.000000000000000000e+00
3.623090767860412598e+01 2.439999999999999947e+00 4.300000146031379700e-02 0.000000000000000000e+00
3.632590818405151367e+01 2.399999999999999911e+00 4.300000146031379700e-02 0.000000000000000000e+00
3.641491174697875977e+01 2.370000000000000107e+00 4.300000146031379700e-02 0.000000000000000000e+00
3.652290749549865723e+01 2.359999999999999876e+00 4.300000146031379700e-02 0.000000000000000000e+00
