1.598429679870605469e-02 1.939999999999999947e+00 8.000000379979610443e-03 -1.706563598632812500e+03
1.159837245941162109e-01 2.089999999999999858e+00 8.000000379979610443e-03 -1.888410644531250000e+03
2.090818881988525391e-01 2.140000000000000124e+00 7.000000216066837311e-03 -2.161181152343750000e+03
2.990884780883789062e-01 2.049999999999999822e+00 7.000000216066837311e-03 -2.161181152343750000e+03
4.060804843902587891e-01 1.949999999999999956e+00 7.000000216066837311e-03 -2.245110595703125000e+03
4.960820674896240234e-01 2.009999999999999787e+00 7.000000216066837311e-03 -2.336033691406250000e+03
6.129846572875976562e-01 1.989999999999999991e+00 7.000000216066837311e-03 -2.433951416015625000e+03
7.029988765716552734e-01 1.949999999999999956e+00 7.000000216066837311e-03 -2.517880615234375000e+03
8.099892139434814453e-01 1.909999999999999920e+00 7.000000216066837311e-03 -2.343027832031250000e+03
9.009864330291748047e-01 1.919999999999999929e+00 7.000000216066837311e-03 -2.336033691406250000e+03
9.960873126983642578e-01 1.929999999999999938e+00 7.000000216066837311e-03 -2.517880615234375000e+03
1.102983951568603516e+00 1.919999999999999929e+00 7.000000216066837311e-03 -2.433951416015625000e+03
1.215983390808105469e+00 1.919999999999999929e+00 7.000000216066837311e-03 -2.433951416015625000e+03
1.310983180999755859e+00 1.929999999999999938e+00 7.000000216066837311e-03 -2.336033691406250000e+03
1.395983934402465820e+00 1.879999999999999893e+00 7.000000216066837311e-03 -2.252104736328125000e+03
1.507995605468750000e+00 1.879999999999999893e+00 8.000000379979610443e-03 -1.979334228515625000e+03
1.602993249893188477e+00 1.959999999999999964e+00 8.000000379979610443e-03 -1.888410644531250000e+03
1.710989236831665039e+00 1.989999999999999991e+00 8.000000379979610443e-03 -1.622634277343750000e+03
1.800003528594970703e+00 1.979999999999999982e+00 8.000000379979610443e-03 -1.349863891601562500e+03
1.915985345840454102e+00 1.889999999999999902e+00 8.999999612569808960e-03 -9.092346954345703125e+01
2.003987312316894531e+00 1.199999999999999956e+00 8.999999612569808960e-03 0.000000000000000000e+00
2.114985942840576172e+00 8.999999999999999667e-02 3.200000151991844177e-02 1.349863891601562500e+03
2.209990501403808594e+00 1.610000000000000098e+00 3.200000151991844177e-02 2.517880615234375000e+03
2.296984434127807617e+00 2.020000000000000018e+00 3.200000151991844177e-02 2.433951416015625000e+03
2.408004999160766602e+00 1.989999999999999991e+00 3.200000151991844177e-02 2.517880615234375000e+03
2.498986244201660156e+00 1.989999999999999991e+00 3.200000151991844177e-02 2.517880615234375000e+03
2.611984968185424805e+00 2.029999999999999805e+00 3.200000151991844177e-02 2.433951416015625000e+03
2.699985742568969727e+00 2.049999999999999822e+00 3.200000151991844177e-02 2.336033691406250000e+03
2.814077138900756836e+00 2.069999999999999840e+00 3.200000151991844177e-02 2.161181152343750000e+03
2.908083677291870117e+00 2.040000000000000036e+00 3.200000151991844177e-02 2.161181152343750000e+03
3.014998912811279297e+00 2.020000000000000018e+00 3.200000151991844177e-02 2.161181152343750000e+03
3.105988264083862305e+00 2.020000000000000018e+00 3.200000151991844177e-02 2.161181152343750000e+03
3.201076269149780273e+00 2.080000000000000071e+00 3.200000151991844177e-02 2.161181152343750000e+03
3.307999134063720703e+00 2.049999999999999822e+00 3.200000151991844177e-02 2.070257568359375000e+03
3.398014545440673828e+00 2.080000000000000071e+00 3.099999949336051941e-02 1.979334228515625000e+03
3.515988349914550781e+00 2.009999999999999787e+00 3.099999949336051941e-02 1.797487060546875000e+03
3.600984573364257812e+00 1.989999999999999991e+00 3.099999949336051941e-02 1.622634277343750000e+03
3.712988853454589844e+00 1.959999999999999964e+00 3.099999949336051941e-02 1.622634277343750000e+03
3.808007240295410156e+00 1.969999999999999973e+00 3.099999949336051941e-02 1.258940307617187500e+03
3.915987968444824219e+00 2.040000000000000036e+00 2.999999932944774628e-02 4.476232604980468750e+02
4.004986763000488281e+00 2.129999999999999893e+00 2.999999932944774628e-02 0.000000000000000000e+00
4.100100517272949219e+00 3.589999999999999858e+00 2.999999932944774628e-02 0.000000000000000000e+00
4.208992004394531250e+00 4.250000000000000000e+00 8.000000379979610443e-03 -1.979334228515625000e+03
4.297990322113037109e+00 2.259999999999999787e+00 7.000000216066837311e-03 -2.336033691406250000e+03
4.415077447891235352e+00 1.830000000000000071e+00 7.000000216066837311e-03 -2.343027832031250000e+03
4.502076387405395508e+00 1.879999999999999893e+00 7.000000216066837311e-03 -2.161181152343750000e+03
4.612986326217651367e+00 1.959999999999999964e+00 7.000000216066837311e-03 -2.245110595703125000e+03
4.703987836837768555e+00 2.100000000000000089e+00 7.000000216066837311e-03 -2.426957275390625000e+03
4.798005580902099609e+00 2.049999999999999822e+00 7.000000216066837311e-03 -2.517880615234375000e+03
4.904985427856445312e+00 1.989999999999999991e+00 7.000000216066837311e-03 -2.517880615234375000e+03
4.996004819869995117e+00 1.989999999999999991e+00 7.000000216066837311e-03 -2.524874755859375000e+03
5.112986326217651367e+00 2.009999999999999787e+00 7.000000216066837311e-03 -2.608804199218750000e+03
5.198097229003906250e+00 1.949999999999999956e+00 7.000000216066837311e-03 -2.524874755859375000e+03
5.310985326766967773e+00 1.969999999999999973e+00 7.000000216066837311e-03 -2.608804199218750000e+03
5.406078815460205078e+00 1.949999999999999956e+00 7.000000216066837311e-03 -2.517880615234375000e+03
5.512998580932617188e+00 1.899999999999999911e+00 7.000000216066837311e-03 -2.343027832031250000e+03
5.602986574172973633e+00 1.870000000000000107e+00 8.000000379979610443e-03 -1.888410644531250000e+03
5.698023080825805664e+00 1.939999999999999947e+00 8.000000379979610443e-03 -1.615640136718750000e+03
5.805985450744628906e+00 2.009999999999999787e+00 8.000000379979610443e-03 -1.531710815429687500e+03
5.894987344741821289e+00 2.060000000000000053e+00 8.000000379979610443e-03 -1.349863891601562500e+03
6.012984752655029297e+00 1.850000000000000089e+00 8.999999612569808960e-03 0.000000000000000000e+00
6.098986625671386719e+00 1.340000000000000080e+00 8.999999612569808960e-03 0.000000000000000000e+00
6.209988355636596680e+00 5.799999999999999600e-01 3.200000151991844177e-02 2.161181152343750000e+03
6.304985284805297852e+00 1.860000000000000098e+00 3.200000151991844177e-02 2.426957275390625000e+03
6.413988113403320312e+00 1.959999999999999964e+00 3.200000151991844177e-02 2.965503906250000000e+03
6.502983570098876953e+00 1.979999999999999982e+00 3.200000151991844177e-02 2.790651123046875000e+03
6.593985795974731445e+00 2.000000000000000000e+00 3.200000151991844177e-02 2.790651123046875000e+03
6.706987857818603516e+00 2.069999999999999840e+00 3.200000151991844177e-02 2.517880615234375000e+03
6.794984579086303711e+00 2.069999999999999840e+00 3.200000151991844177e-02 2.343027832031250000e+03
6.908988475799560547e+00 2.049999999999999822e+00 3.200000151991844177e-02 2.433951416015625000e+03
7.002985954284667969e+00 1.959999999999999964e+00 3.200000151991844177e-02 2.790651123046875000e+03
7.110081434249877930e+00 1.969999999999999973e+00 3.200000151991844177e-02 2.790651123046875000e+03
7.201079845428466797e+00 2.000000000000000000e+00 3.200000151991844177e-02 2.790651123046875000e+03
7.295997858047485352e+00 2.029999999999999805e+00 3.200000151991844177e-02 2.881574707031250000e+03
7.403002262115478516e+00 2.049999999999999822e+00 3.200000151991844177e-02 2.517880615234375000e+03
7.508008003234863281e+00 2.140000000000000124e+00 3.099999949336051941e-02 1.888410644531250000e+03
7.610992670059204102e+00 2.029999999999999805e+00 3.099999949336051941e-02 1.622634277343750000e+03
7.695984601974487305e+00 1.969999999999999973e+00 3.099999949336051941e-02 1.349863891601562500e+03
7.808013200759887695e+00 2.069999999999999840e+00 2.999999932944774628e-02 9.092346954345703125e+01
7.902984619140625000e+00 2.700000000000000178e+00 2.999999932944774628e-02 0.000000000000000000e+00
8.010988712310791016e+00 3.959999999999999964e+00 7.000000216066837311e-03 -2.252104736328125000e+03
8.099983453750610352e+00 2.149999999999999911e+00 7.000000216066837311e-03 -2.154187011718750000e+03
8.194990873336791992e+00 2.000000000000000000e+00 7.000000216066837311e-03 -2.608804199218750000e+03
8.303975820541381836e+00 1.929999999999999938e+00 7.000000216066837311e-03 -2.252104736328125000e+03
8.414987087249755859e+00 2.080000000000000071e+00 7.000000216066837311e-03 -2.608804199218750000e+03
8.509989023208618164e+00 1.889999999999999902e+00 8.000000379979610443e-03 -9.861700439453125000e+02
8.596985578536987305e+00 1.260000000000000009e+00 8.999999612569808960e-03 0.000000000000000000e+00
8.708106756210327148e+00 3.099999999999999978e-01 2.999999932944774628e-02 5.385467529296875000e+02
8.798993825912475586e+00 1.010000000000000009e+00 3.099999949336051941e-02 1.888410644531250000e+03
8.911988258361816406e+00 1.750000000000000000e+00 3.099999949336051941e-02 2.161181152343750000e+03
8.999993324279785156e+00 1.830000000000000071e+00 3.200000151991844177e-02 2.426957275390625000e+03
9.113988637924194336e+00 1.949999999999999956e+00 3.200000151991844177e-02 2.343027832031250000e+03
9.208096981048583984e+00 2.029999999999999805e+00 3.200000151991844177e-02 2.070257568359375000e+03
9.314986467361450195e+00 2.009999999999999787e+00 3.099999949336051941e-02 1.706563598632812500e+03
9.405990600585937500e+00 2.049999999999999822e+00 3.099999949336051941e-02 9.022406005859375000e+02
9.500988245010375977e+00 2.399999999999999911e+00 2.999999932944774628e-02 0.000000000000000000e+00
9.607990026473999023e+00 4.009999999999999787e+00 8.000000379979610443e-03 -1.979334228515625000e+03
9.698009729385375977e+00 2.439999999999999947e+00 7.000000216066837311e-03 -2.608804199218750000e+03
9.807989835739135742e+00 1.969999999999999973e+00 7.000000216066837311e-03 -2.790651123046875000e+03
9.900984764099121094e+00 1.959999999999999964e+00 7.000000216066837311e-03 -2.608804199218750000e+03
1.001307749748229980e+01 2.029999999999999805e+00 7.000000216066837311e-03 -2.874580566406250000e+03
1.010799026489257812e+01 2.089999999999999858e+00 6.000000052154064178e-03 -3.147350830078125000e+03
1.021398615837097168e+01 1.919999999999999929e+00 6.000000052154064178e-03 -3.245268554687500000e+03
1.030508446693420410e+01 1.790000000000000036e+00 6.000000052154064178e-03 -2.881574707031250000e+03
1.040000200271606445e+01 1.810000000000000053e+00 7.000000216066837311e-03 -2.790651123046875000e+03
1.050898909568786621e+01 1.850000000000000089e+00 7.000000216066837311e-03 -2.790651123046875000e+03
1.059810113906860352e+01 1.860000000000000098e+00 7.000000216066837311e-03 -2.161181152343750000e+03
1.071498584747314453e+01 1.780000000000000027e+00 8.000000379979610443e-03 -1.440787353515625000e+03
1.080198836326599121e+01 1.760000000000000009e+00 8.999999612569808960e-03 -1.748528289794921875e+02
1.091298413276672363e+01 1.159999999999999920e+00 8.999999612569808960e-03 0.000000000000000000e+00
1.100398731231689453e+01 3.699999999999999956e-01 8.999999612569808960e-03 0.000000000000000000e+00
1.109798979759216309e+01 2.500000000000000000e-01 8.999999612569808960e-03 0.000000000000000000e+00
1.120499038696289062e+01 1.300000000000000044e-01 8.999999612569808960e-03 0.000000000000000000e+00
1.129598569869995117e+01 1.300000000000000044e-01 3.099999949336051941e-02 1.979334228515625000e+03
1.141298389434814453e+01 1.500000000000000000e+00 3.200000151991844177e-02 2.426957275390625000e+03
1.149800515174865723e+01 1.790000000000000036e+00 3.200000151991844177e-02 2.699727783203125000e+03
1.161099314689636230e+01 1.850000000000000089e+00 3.200000151991844177e-02 2.615798339843750000e+03
1.170598769187927246e+01 1.949999999999999956e+00 3.200000151991844177e-02 2.699727783203125000e+03
1.181308174133300781e+01 1.879999999999999893e+00 3.200000151991844177e-02 2.881574707031250000e+03
1.190307974815368652e+01 1.909999999999999920e+00 3.200000151991844177e-02 2.608804199218750000e+03
1.199808740615844727e+01 1.969999999999999973e+00 3.200000151991844177e-02 2.343027832031250000e+03
1.210607695579528809e+01 1.949999999999999956e+00 3.200000151991844177e-02 2.336033691406250000e+03
1.219508218765258789e+01 1.979999999999999982e+00 3.200000151991844177e-02 2.154187011718750000e+03
1.231299901008605957e+01 1.949999999999999956e+00 3.099999949336051941e-02 1.804481201171875000e+03
1.239898967742919922e+01 1.919999999999999929e+00 3.099999949336051941e-02 1.524716674804687500e+03
1.250999927520751953e+01 2.009999999999999787e+00 2.999999932944774628e-02 0.000000000000000000e+00
1.260498905181884766e+01 3.060000000000000053e+00 8.999999612569808960e-03 -9.022406005859375000e+02
1.271398735046386719e+01 3.089999999999999858e+00 7.000000216066837311e-03 -2.433951416015625000e+03
1.280298471450805664e+01 1.969999999999999973e+00 7.000000216066837311e-03 -2.524874755859375000e+03
1.289398789405822754e+01 2.049999999999999822e+00 7.000000216066837311e-03 -2.426957275390625000e+03
1.300698518753051758e+01 1.889999999999999902e+00 8.000000379979610443e-03 -8.113171386718750000e+02
1.309498453140258789e+01 1.810000000000000053e+00 8.999999612569808960e-03 0.000000000000000000e+00
1.320899224281311035e+01 8.199999999999999512e-01 8.999999612569808960e-03 0.000000000000000000e+00
1.330299162864685059e+01 4.699999999999999734e-01 8.999999612569808960e-03 0.000000000000000000e+00
1.341001892089843750e+01 2.500000000000000000e-01 8.999999612569808960e-03 0.000000000000000000e+00
1.350107645988464355e+01 2.200000000000000011e-01 8.999999612569808960e-03 0.000000000000000000e+00
1.359608626365661621e+01 2.999999999999999889e-01 8.999999612569808960e-03 0.000000000000000000e+00
1.370298790931701660e+01 1.900000000000000022e-01 8.999999612569808960e-03 0.000000000000000000e+00
1.381498503684997559e+01 1.100000000000000006e-01 8.999999612569808960e-03 0.000000000000000000e+00
1.391098475456237793e+01 8.999999999999999667e-02 8.999999612569808960e-03 0.000000000000000000e+00
1.399598503112792969e+01 1.300000000000000044e-01 8.999999612569808960e-03 0.000000000000000000e+00
1.410798740386962891e+01 1.499999999999999944e-01 8.999999612569808960e-03 0.000000000000000000e+00
1.420298457145690918e+01 2.099999999999999922e-01 8.999999612569808960e-03 0.000000000000000000e+00
1.431098341941833496e+01 3.099999999999999978e-01 8.000000379979610443e-03 -1.349863891601562500e+03
1.439999127388000488e+01 1.959999999999999964e+00 8.999999612569808960e-03 -1.818469390869140625e+02
1.449499559402465820e+01 1.770000000000000018e+00 8.999999612569808960e-03 0.000000000000000000e+00
1.460398435592651367e+01 2.390000000000000124e+00 8.000000379979610443e-03 -1.349863891601562500e+03
1.471498560905456543e+01 2.100000000000000089e+00 8.000000379979610443e-03 -1.168016845703125000e+03
1.480998802185058594e+01 1.889999999999999902e+00 8.999999612569808960e-03 -6.294701538085937500e+02
1.489698410034179688e+01 2.040000000000000036e+00 8.999999612569808960e-03 -1.077093505859375000e+03
1.500799393653869629e+01 2.120000000000000107e+00 8.000000379979610443e-03 -1.622634277343750000e+03
1.509898853302001953e+01 1.899999999999999911e+00 8.000000379979610443e-03 -1.349863891601562500e+03
1.521198058128356934e+01 1.770000000000000018e+00 8.999999612569808960e-03 -2.727704467773437500e+02
1.529997634887695312e+01 1.449999999999999956e+00 8.999999612569808960e-03 0.000000000000000000e+00
1.541408419609069824e+01 3.300000000000000155e-01 2.999999932944774628e-02 8.952465209960937500e+02
1.550801849365234375e+01 1.090000000000000080e+00 3.099999949336051941e-02 1.622634277343750000e+03
1.561498618125915527e+01 1.929999999999999938e+00 3.099999949336051941e-02 1.615640136718750000e+03
1.570598530769348145e+01 1.939999999999999947e+00 3.099999949336051941e-02 1.888410644531250000e+03
1.580098414421081543e+01 1.889999999999999902e+00 3.200000151991844177e-02 2.245110595703125000e+03
1.590801024436950684e+01 1.969999999999999973e+00 3.200000151991844177e-02 2.343027832031250000e+03
1.599801468849182129e+01 2.060000000000000053e+00 3.200000151991844177e-02 2.426957275390625000e+03
1.610008192062377930e+01 2.060000000000000053e+00 3.200000151991844177e-02 2.336033691406250000e+03
1.620107889175415039e+01 2.069999999999999840e+00 3.200000151991844177e-02 2.161181152343750000e+03
1.631303977966308594e+01 2.089999999999999858e+00 3.099999949336051941e-02 1.615640136718750000e+03
1.640799379348754883e+01 2.049999999999999822e+00 3.099999949336051941e-02 8.113171386718750000e+02
1.650097703933715820e+01 2.509999999999999787e+00 2.999999932944774628e-02 0.000000000000000000e+00
1.660498714447021484e+01 4.129999999999999893e+00 7.000000216066837311e-03 -2.336033691406250000e+03
1.669998931884765625e+01 1.959999999999999964e+00 8.000000379979610443e-03 -1.797487060546875000e+03
1.680898809432983398e+01 2.080000000000000071e+00 8.000000379979610443e-03 -1.804481201171875000e+03
1.689799046516418457e+01 2.209999999999999964e+00 8.000000379979610443e-03 -2.063263427734375000e+03
1.701498723030090332e+01 2.259999999999999787e+00 7.000000216066837311e-03 -2.524874755859375000e+03
1.710208058357238770e+01 2.069999999999999840e+00 7.000000216066837311e-03 -2.070257568359375000e+03
1.721307635307312012e+01 1.790000000000000036e+00 8.999999612569808960e-03 -1.748528289794921875e+02
1.730408215522766113e+01 1.020000000000000018e+00 8.999999612569808960e-03 0.000000000000000000e+00
1.739808011054992676e+01 5.000000000000000278e-02 3.099999949336051941e-02 3.056427490234375000e+03
1.750508046150207520e+01 1.790000000000000036e+00 3.099999949336051941e-02 1.440787353515625000e+03
1.759598517417907715e+01 2.020000000000000018e+00 3.099999949336051941e-02 1.531710815429687500e+03
1.771298623085021973e+01 1.750000000000000000e+00 3.200000151991844177e-02 2.343027832031250000e+03
1.779809832572937012e+01 1.959999999999999964e+00 3.200000151991844177e-02 2.245110595703125000e+03
1.791098618507385254e+01 2.060000000000000053e+00 3.200000151991844177e-02 2.161181152343750000e+03
1.800598740577697754e+01 2.060000000000000053e+00 3.099999949336051941e-02 1.804481201171875000e+03
1.811298918724060059e+01 1.929999999999999938e+00 3.099999949336051941e-02 1.895404785156250000e+03
1.820298790931701660e+01 1.989999999999999991e+00 3.099999949336051941e-02 1.531710815429687500e+03
1.829799413681030273e+01 2.020000000000000018e+00 3.099999949336051941e-02 1.175010986328125000e+03
1.840599012374877930e+01 2.029999999999999805e+00 2.999999932944774628e-02 9.022406005859375000e+02
1.849498748779296875e+01 1.840000000000000080e+00 2.999999932944774628e-02 9.931641235351562500e+02
1.861298537254333496e+01 1.889999999999999902e+00 2.999999932944774628e-02 9.022406005859375000e+02
1.869898533821105957e+01 2.080000000000000071e+00 2.999999932944774628e-02 0.000000000000000000e+00
1.880998682975769043e+01 4.070000000000000284e+00 8.999999612569808960e-03 -6.294701538085937500e+02
1.890498542785644531e+01 3.490000000000000213e+00 7.000000216066837311e-03 -2.524874755859375000e+03
1.901398444175720215e+01 1.949999999999999956e+00 7.000000216066837311e-03 -2.343027832031250000e+03
1.910298657417297363e+01 2.160000000000000142e+00 7.000000216066837311e-03 -2.608804199218750000e+03
1.919400668144226074e+01 2.069999999999999840e+00 7.000000216066837311e-03 -2.699727783203125000e+03
1.930697798728942871e+01 2.140000000000000124e+00 6.000000052154064178e-03 -3.056427490234375000e+03
1.939498400688171387e+01 1.939999999999999947e+00 7.000000216066837311e-03 -2.972498046875000000e+03
1.950899338722229004e+01 1.929999999999999938e+00 7.000000216066837311e-03 -2.874580566406250000e+03
1.960299897193908691e+01 1.989999999999999991e+00 7.000000216066837311e-03 -2.965503906250000000e+03
1.970999813079833984e+01 2.029999999999999805e+00 6.000000052154064178e-03 -3.056427490234375000e+03
1.980098438262939453e+01 1.889999999999999902e+00 6.000000052154064178e-03 -2.972498046875000000e+03
1.989598488807678223e+01 1.830000000000000071e+00 6.000000052154064178e-03 -2.615798339843750000e+03
2.000298476219177246e+01 1.870000000000000107e+00 7.000000216066837311e-03 -2.336033691406250000e+03
2.011498379707336426e+01 1.989999999999999991e+00 7.000000216066837311e-03 -2.154187011718750000e+03
2.021098446846008301e+01 1.929999999999999938e+00 8.000000379979610443e-03 -1.895404785156250000e+03
2.029598522186279297e+01 2.029999999999999805e+00 8.000000379979610443e-03 -1.615640136718750000e+03
2.040798544883728027e+01 1.959999999999999964e+00 8.000000379979610443e-03 -9.931641235351562500e+02
2.050298452377319336e+01 1.979999999999999982e+00 8.999999612569808960e-03 0.000000000000000000e+00
2.061098504066467285e+01 1.729999999999999982e+00 2.999999932944774628e-02 5.385467529296875000e+02
2.069998431205749512e+01 1.750000000000000000e+00 2.999999932944774628e-02 8.043229980468750000e+02
2.079498887062072754e+01 1.729999999999999982e+00 3.099999949336051941e-02 1.531710815429687500e+03
2.090398573875427246e+01 1.810000000000000053e+00 3.099999949336051941e-02 1.706563598632812500e+03
2.101508045196533203e+01 1.939999999999999947e+00 3.099999949336051941e-02 1.797487060546875000e+03
2.110998725891113281e+01 1.790000000000000036e+00 3.200000151991844177e-02 2.517880615234375000e+03
2.119698643684387207e+01 1.889999999999999902e+00 3.200000151991844177e-02 2.874580566406250000e+03
2.130799365043640137e+01 2.029999999999999805e+00 3.200000151991844177e-02 2.426957275390625000e+03
2.139908528327941895e+01 2.089999999999999858e+00 3.200000151991844177e-02 2.608804199218750000e+03
2.151208353042602539e+01 2.000000000000000000e+00 3.200000151991844177e-02 2.699727783203125000e+03
2.160008311271667480e+01 1.979999999999999982e+00 3.200000151991844177e-02 2.699727783203125000e+03
2.171407985687255859e+01 2.020000000000000018e+00 3.200000151991844177e-02 2.699727783203125000e+03
2.180808401107788086e+01 2.089999999999999858e+00 3.200000151991844177e-02 2.343027832031250000e+03
2.191508245468139648e+01 2.109999999999999876e+00 3.200000151991844177e-02 1.979334228515625000e+03
2.200598621368408203e+01 2.069999999999999840e+00 3.099999949336051941e-02 1.349863891601562500e+03
2.210098671913146973e+01 2.310000000000000053e+00 2.999999932944774628e-02 0.000000000000000000e+00
2.220798754692077637e+01 3.439999999999999947e+00 2.999999932944774628e-02 0.000000000000000000e+00
2.229799437522888184e+01 4.740000000000000213e+00 8.999999612569808960e-03 -7.203936767578125000e+02
2.239999318122863770e+01 3.259999999999999787e+00 7.000000216066837311e-03 -2.433951416015625000e+03
2.250099325180053711e+01 2.000000000000000000e+00 7.000000216066837311e-03 -2.336033691406250000e+03
2.261298441886901855e+01 2.109999999999999876e+00 7.000000216066837311e-03 -2.343027832031250000e+03
2.270800423622131348e+01 2.080000000000000071e+00 7.000000216066837311e-03 -2.790651123046875000e+03
2.281498432159423828e+01 2.140000000000000124e+00 7.000000216066837311e-03 -3.063421630859375000e+03
2.290507841110229492e+01 2.040000000000000036e+00 6.000000052154064178e-03 -2.965503906250000000e+03
2.299998998641967773e+01 1.909999999999999920e+00 7.000000216066837311e-03 -2.874580566406250000e+03
2.310908532142639160e+01 1.949999999999999956e+00 7.000000216066837311e-03 -2.790651123046875000e+03
2.319808530807495117e+01 1.889999999999999902e+00 7.000000216066837311e-03 -2.070257568359375000e+03
2.331507802009582520e+01 1.879999999999999893e+00 8.000000379979610443e-03 -1.440787353515625000e+03
2.340198612213134766e+01 1.969999999999999973e+00 8.000000379979610443e-03 -8.952465209960937500e+02
2.351298666000366211e+01 1.979999999999999982e+00 8.999999612569808960e-03 0.000000000000000000e+00
2.360398721694946289e+01 1.239999999999999991e+00 8.999999612569808960e-03 0.000000000000000000e+00
2.369798636436462402e+01 5.500000000000000444e-01 3.099999949336051941e-02 1.713557739257812500e+03
2.380498647689819336e+01 1.840000000000000080e+00 3.099999949336051941e-02 1.713557739257812500e+03
2.389598464965820312e+01 1.919999999999999929e+00 3.099999949336051941e-02 2.070257568359375000e+03
2.401299405097961426e+01 1.810000000000000053e+00 3.200000151991844177e-02 2.874580566406250000e+03
2.409801650047302246e+01 1.949999999999999956e+00 3.200000151991844177e-02 2.790651123046875000e+03
2.421108126640319824e+01 2.029999999999999805e+00 3.200000151991844177e-02 2.790651123046875000e+03
2.430608320236206055e+01 2.060000000000000053e+00 3.200000151991844177e-02 2.699727783203125000e+03
2.441308021545410156e+01 1.979999999999999982e+00 3.200000151991844177e-02 2.965503906250000000e+03
2.450307965278625488e+01 1.979999999999999982e+00 3.200000151991844177e-02 3.056427490234375000e+03
2.459808397293090820e+01 2.049999999999999822e+00 3.299999982118606567e-02 3.056427490234375000e+03
2.470607876777648926e+01 2.140000000000000124e+00 3.200000151991844177e-02 2.615798339843750000e+03
2.479507732391357422e+01 2.129999999999999893e+00 3.200000151991844177e-02 2.252104736328125000e+03
2.491308021545410156e+01 2.089999999999999858e+00 3.200000151991844177e-02 1.979334228515625000e+03
2.499907374382019043e+01 2.109999999999999876e+00 3.099999949336051941e-02 1.084087646484375000e+03
2.511007547378540039e+01 2.549999999999999822e+00 2.999999932944774628e-02 0.000000000000000000e+00
2.520507740974426270e+01 4.110000000000000320e+00 8.999999612569808960e-03 -1.797487060546875000e+03
2.531407785415649414e+01 2.810000000000000053e+00 7.000000216066837311e-03 -2.070257568359375000e+03
2.540308618545532227e+01 1.770000000000000018e+00 8.000000379979610443e-03 -1.349863891601562500e+03
2.549408411979675293e+01 1.850000000000000089e+00 8.999999612569808960e-03 0.000000000000000000e+00
2.560708165168762207e+01 7.399999999999999911e-01 8.999999612569808960e-03 9.092346954345703125e+01
2.569508028030395508e+01 6.899999999999999467e-01 3.099999949336051941e-02 1.524716674804687500e+03
2.580908131599426270e+01 2.040000000000000036e+00 2.999999932944774628e-02 7.203936767578125000e+02
2.590299868583679199e+01 1.820000000000000062e+00 2.999999932944774628e-02 1.168016845703125000e+03
2.600998234748840332e+01 1.889999999999999902e+00 2.999999932944774628e-02 9.022406005859375000e+02
2.610098481178283691e+01 2.129999999999999893e+00 2.999999932944774628e-02 0.000000000000000000e+00
2.619598579406738281e+01 3.970000000000000195e+00 8.000000379979610443e-03 -2.433951416015625000e+03
2.630298638343811035e+01 2.279999999999999805e+00 7.000000216066837311e-03 -2.070257568359375000e+03
2.641498470306396484e+01 1.939999999999999947e+00 7.000000216066837311e-03 -1.895404785156250000e+03
2.651100516319274902e+01 2.120000000000000107e+00 7.000000216066837311e-03 -2.070257568359375000e+03
2.659599447250366211e+01 2.229999999999999982e+00 7.000000216066837311e-03 -2.433951416015625000e+03
2.670808959007263184e+01 1.840000000000000080e+00 8.000000379979610443e-03 -9.022406005859375000e+02
2.680308198928833008e+01 1.129999999999999893e+00 8.999999612569808960e-03 0.000000000000000000e+00
2.691107892990112305e+01 2.200000000000000011e-01 3.099999949336051941e-02 1.706563598632812500e+03
2.700000095367431641e+01 1.879999999999999893e+00 3.099999949336051941e-02 1.168016845703125000e+03
2.709498715400695801e+01 2.000000000000000000e+00 3.099999949336051941e-02 1.531710815429687500e+03
2.720399308204650879e+01 1.790000000000000036e+00 3.099999949336051941e-02 1.797487060546875000e+03
2.731505584716796875e+01 2.089999999999999858e+00 2.999999932944774628e-02 0.000000000000000000e+00
2.740998983383178711e+01 2.930000000000000160e+00 7.000000216066837311e-03 -2.070257568359375000e+03
2.749708008766174316e+01 2.020000000000000018e+00 7.000000216066837311e-03 -1.979334228515625000e+03
2.760799241065979004e+01 1.850000000000000089e+00 7.000000216066837311e-03 -2.426957275390625000e+03
2.769899034500122070e+01 2.129999999999999893e+00 7.000000216066837311e-03 -2.608804199218750000e+03
2.781198978424072266e+01 2.089999999999999858e+00 7.000000216066837311e-03 -2.790651123046875000e+03
2.789999151229858398e+01 2.040000000000000036e+00 7.000000216066837311e-03 -2.433951416015625000e+03
2.801398825645446777e+01 2.049999999999999822e+00 7.000000216066837311e-03 -2.972498046875000000e+03
2.810800242424011230e+01 1.929999999999999938e+00 7.000000216066837311e-03 -2.524874755859375000e+03
2.821498560905456543e+01 1.659999999999999920e+00 8.999999612569808960e-03 -6.294701538085937500e+02
2.830598926544189453e+01 1.399999999999999911e+00 8.999999612569808960e-03 0.000000000000000000e+00
2.840098476409912109e+01 3.200000000000000067e-01 3.099999949336051941e-02 2.070257568359375000e+03
2.850801277160644531e+01 1.949999999999999956e+00 3.099999949336051941e-02 1.797487060546875000e+03
2.859801197052001953e+01 1.879999999999999893e+00 3.200000151991844177e-02 2.426957275390625000e+03
2.870808267593383789e+01 1.810000000000000053e+00 3.299999982118606567e-02 3.056427490234375000e+03
2.880098462104797363e+01 2.049999999999999822e+00 3.299999982118606567e-02 3.063421630859375000e+03
2.891299438476562500e+01 2.160000000000000142e+00 3.200000151991844177e-02 2.699727783203125000e+03
2.900800848007202148e+01 2.020000000000000018e+00 3.200000151991844177e-02 2.790651123046875000e+03
2.910098409652709961e+01 1.989999999999999991e+00 3.200000151991844177e-02 2.881574707031250000e+03
2.920498371124267578e+01 2.029999999999999805e+00 3.200000151991844177e-02 2.699727783203125000e+03
2.929998779296875000e+01 2.109999999999999876e+00 3.200000151991844177e-02 2.245110595703125000e+03
2.940908288955688477e+01 2.109999999999999876e+00 3.099999949336051941e-02 1.804481201171875000e+03
2.949808096885681152e+01 2.109999999999999876e+00 3.099999949336051941e-02 9.861700439453125000e+02
2.961409091949462891e+01 2.609999999999999876e+00 8.999999612569808960e-03 -6.294701538085937500e+02
2.970207834243774414e+01 3.310000000000000053e+00 7.000000216066837311e-03 -2.343027832031250000e+03
2.981307816505432129e+01 2.069999999999999840e+00 7.000000216066837311e-03 -2.524874755859375000e+03
2.990408134460449219e+01 2.279999999999999805e+00 6.000000052154064178e-03 -3.336192138671875000e+03
2.999807000160217285e+01 2.049999999999999822e+00 6.000000052154064178e-03 -3.685897949218750000e+03
3.010509324073791504e+01 2.069999999999999840e+00 6.000000052154064178e-03 -3.958668457031250000e+03
3.019598531723022461e+01 1.899999999999999911e+00 6.000000052154064178e-03 -3.958668457031250000e+03
3.031298637390136719e+01 1.820000000000000062e+00 6.000000052154064178e-03 -3.511044921875000000e+03
3.039802813529968262e+01 1.870000000000000107e+00 6.000000052154064178e-03 -3.511044921875000000e+03
3.051098871231079102e+01 1.889999999999999902e+00 6.000000052154064178e-03 -3.420121337890625000e+03
3.060598659515380859e+01 1.860000000000000098e+00 6.000000052154064178e-03 -2.881574707031250000e+03
3.071298408508300781e+01 1.790000000000000036e+00 7.000000216066837311e-03 -2.252104736328125000e+03
3.080298709869384766e+01 1.820000000000000062e+00 8.000000379979610443e-03 -1.258940307617187500e+03
3.089807057380676270e+01 1.419999999999999929e+00 8.999999612569808960e-03 0.000000000000000000e+00
3.100608205795288086e+01 2.399999999999999911e-01 3.099999949336051941e-02 1.084087646484375000e+03
3.109508204460144043e+01 1.389999999999999902e+00 3.200000151991844177e-02 2.699727783203125000e+03
3.121298408508300781e+01 1.989999999999999991e+00 3.200000151991844177e-02 2.070257568359375000e+03
3.129899144172668457e+01 2.149999999999999911e+00 3.099999949336051941e-02 2.161181152343750000e+03
3.141006946563720703e+01 1.879999999999999893e+00 3.200000151991844177e-02 2.070257568359375000e+03
3.150507426261901855e+01 1.929999999999999938e+00 3.200000151991844177e-02 2.965503906250000000e+03
3.161406779289245605e+01 1.800000000000000044e+00 3.299999982118606567e-02 3.867744873046875000e+03
3.170307874679565430e+01 2.009999999999999787e+00 3.400000184774398804e-02 4.049591796875000000e+03
3.179407811164855957e+01 2.270000000000000018e+00 3.299999982118606567e-02 3.238274414062500000e+03
3.190708184242248535e+01 2.270000000000000018e+00 3.200000151991844177e-02 2.699727783203125000e+03
3.199507927894592285e+01 1.989999999999999991e+00 3.200000151991844177e-02 3.063421630859375000e+03
3.210908079147338867e+01 1.820000000000000062e+00 3.299999982118606567e-02 4.049591796875000000e+03
3.220308184623718262e+01 2.160000000000000142e+00 3.299999982118606567e-02 3.147350830078125000e+03
3.231008076667785645e+01 2.560000000000000053e+00 2.999999932944774628e-02 1.818469390869140625e+02
3.240108036994934082e+01 2.899999999999999911e+00 2.999999932944774628e-02 0.000000000000000000e+00
3.249608111381530762e+01 4.129999999999999893e+00 2.999999932944774628e-02 0.000000000000000000e+00
3.260307955741882324e+01 4.099999999999999645e+00 7.000000216066837311e-03 -2.972498046875000000e+03
3.269308137893676758e+01 2.310000000000000053e+00 6.000000052154064178e-03 -3.336192138671875000e+03
3.281098556518554688e+01 1.790000000000000036e+00 7.000000216066837311e-03 -2.517880615234375000e+03
3.289598560333251953e+01 1.800000000000000044e+00 7.000000216066837311e-03 -2.070257568359375000e+03
3.300804424285888672e+01 2.009999999999999787e+00 8.000000379979610443e-03 -1.986328247070312500e+03
3.310307908058166504e+01 2.129999999999999893e+00 7.000000216066837311e-03 -2.070257568359375000e+03
3.321098375320434570e+01 1.939999999999999947e+00 8.999999612569808960e-03 -2.657763061523437500e+02
3.329998826980590820e+01 8.000000000000000444e-01 3.099999949336051941e-02 1.797487060546875000e+03
3.339498543739318848e+01 1.550000000000000044e+00 3.200000151991844177e-02 2.881574707031250000e+03
3.350398468971252441e+01 2.189999999999999947e+00 3.099999949336051941e-02 1.888410644531250000e+03
3.361498475074768066e+01 2.080000000000000071e+00 3.099999949336051941e-02 1.524716674804687500e+03
3.370998907089233398e+01 1.959999999999999964e+00 3.099999949336051941e-02 1.077093505859375000e+03
3.379698562622070312e+01 2.229999999999999982e+00 2.999999932944774628e-02 0.000000000000000000e+00
3.390806913375854492e+01 3.759999999999999787e+00 8.999999612569808960e-03 -6.294701538085937500e+02
3.399899053573608398e+01 3.680000000000000160e+00 7.000000216066837311e-03 -3.147350830078125000e+03
3.411204195022583008e+01 2.029999999999999805e+00 7.000000216066837311e-03 -2.433951416015625000e+03
3.419998621940612793e+01 2.060000000000000053e+00 7.000000216066837311e-03 -2.608804199218750000e+03
3.431398749351501465e+01 2.080000000000000071e+00 7.000000216066837311e-03 -2.608804199218750000e+03
3.440799975395202637e+01 2.060000000000000053e+00 7.000000216066837311e-03 -2.790651123046875000e+03
3.451498508453369141e+01 2.020000000000000018e+00 7.000000216066837311e-03 -2.699727783203125000e+03
3.460598754882812500e+01 1.979999999999999982e+00 7.000000216066837311e-03 -2.790651123046875000e+03
3.470098376274108887e+01 2.180000000000000160e+00 6.000000052154064178e-03 -3.329197998046875000e+03
3.480801677703857422e+01 1.979999999999999982e+00 6.000000052154064178e-03 -3.420121337890625000e+03
3.489803647994995117e+01 1.919999999999999929e+00 6.000000052154064178e-03 -3.147350830078125000e+03
3.501298499107360840e+01 1.719999999999999973e+00 7.000000216066837311e-03 -1.804481201171875000e+03
3.510098338127136230e+01 1.649999999999999911e+00 8.999999612569808960e-03 -5.385467529296875000e+02
3.521298527717590332e+01 1.350000000000000089e+00 8.999999612569808960e-03 0.000000000000000000e+00
3.530808234214782715e+01 2.700000000000000178e-01 3.099999949336051941e-02 2.517880615234375000e+03
3.540998744964599609e+01 1.320000000000000062e+00 3.299999982118606567e-02 2.426957275390625000e+03
3.550498390197753906e+01 2.069999999999999840e+00 3.200000151991844177e-02 2.972498046875000000e+03
3.559998750686645508e+01 1.820000000000000062e+00 3.299999982118606567e-02 3.692892089843750000e+03
3.570898985862731934e+01 2.109999999999999876e+00 3.299999982118606567e-02 3.511044921875000000e+03
3.579804849624633789e+01 2.080000000000000071e+00 3.299999982118606567e-02 3.601968261718750000e+03
3.591499018669128418e+01 2.029999999999999805e+00 3.299999982118606567e-02 3.601968261718750000e+03
3.600208616256713867e+01 2.189999999999999947e+00 3.299999982118606567e-02 3.147350830078125000e+03
3.611308050155639648e+01 2.229999999999999982e+00 3.200000151991844177e-02 2.517880615234375000e+03
3.620407867431640625e+01 2.220000000000000195e+00 3.099999949336051941e-02 5.385467529296875000e+02
3.629806256294250488e+01 2.979999999999999982e+00 2.999999932944774628e-02 -9.092346954345703125e+01
3.640507960319519043e+01 3.560000000000000053e+00 6.000000052154064178e-03 -3.504050781250000000e+03
3.649607920646667480e+01 2.209999999999999964e+00 6.000000052154064178e-03 -3.504050781250000000e+03
3.661308836936950684e+01 1.929999999999999938e+00 6.000000052154064178e-03 -3.511044921875000000e+03
3.669808888435363770e+01 1.909999999999999920e+00 6.000000052154064178e-03 -3.329197998046875000e+03
3.681107950210571289e+01 1.830000000000000071e+00 7.000000216066837311e-03 -2.615798339843750000e+03
3.690598797798156738e+01 1.510000000000000009e+00 8.000000379979610443e-03 -5.385467529296875000e+02
3.701298451423645020e+01 1.229999999999999982e+00 8.999999612569808960e-03 0.000000000000000000e+00
3.710299277305603027e+01 1.900000000000000022e-01 2.999999932944774628e-02 1.258940307617187500e+03
3.719798731803894043e+01 9.399999999999999467e-01 3.299999982118606567e-02 3.056427490234375000e+03
3.730598497390747070e+01 2.200000000000000178e+00 3.200000151991844177e-02 2.154187011718750000e+03
3.739499735832214355e+01 1.919999999999999929e+00 3.200000151991844177e-02 2.881574707031250000e+03
3.751306986808776855e+01 2.009999999999999787e+00 3.200000151991844177e-02 2.343027832031250000e+03
3.759908080101013184e+01 2.009999999999999787e+00 3.200000151991844177e-02 2.517880615234375000e+03
3.771008157730102539e+01 2.020000000000000018e+00 3.200000151991844177e-02 2.426957275390625000e+03
3.780508160591125488e+01 2.009999999999999787e+00 3.200000151991844177e-02 2.343027832031250000e+03
3.791408348083496094e+01 2.020000000000000018e+00 3.200000151991844177e-02 2.252104736328125000e+03
3.800307726860046387e+01 1.989999999999999991e+00 3.200000151991844177e-02 2.154187011718750000e+03
3.809407806396484375e+01 2.129999999999999893e+00 3.099999949336051941e-02 1.524716674804687500e+03
3.820698475837707520e+01 2.470000000000000195e+00 2.999999932944774628e-02 0.000000000000000000e+00
3.829497671127319336e+01 4.379999999999999893e+00 8.999999612569808960e-03 -6.294701538085937500e+02
3.840898847579956055e+01 3.419999999999999929e+00 6.000000052154064178e-03 -3.154344970703125000e+03
3.850298690795898438e+01 1.860000000000000098e+00 7.000000216066837311e-03 -2.433951416015625000e+03
3.860998964309692383e+01 2.200000000000000178e+00 6.000000052154064178e-03 -3.238274414062500000e+03
3.870098543167114258e+01 2.120000000000000107e+00 6.000000052154064178e-03 -3.420121337890625000e+03
3.879598712921142578e+01 1.820000000000000062e+00 6.000000052154064178e-03 -2.972498046875000000e+03
3.890298295021057129e+01 1.909999999999999920e+00 6.000000052154064178e-03 -3.056427490234375000e+03
3.901198601722717285e+01 1.949999999999999956e+00 7.000000216066837311e-03 -2.965503906250000000e+03
3.911098504066467285e+01 2.029999999999999805e+00 6.000000052154064178e-03 -3.147350830078125000e+03
3.919598579406738281e+01 1.989999999999999991e+00 6.000000052154064178e-03 -3.147350830078125000e+03
3.930800247192382812e+01 1.899999999999999911e+00 7.000000216066837311e-03 -2.972498046875000000e+03
3.940298676490783691e+01 1.909999999999999920e+00 7.000000216066837311e-03 -2.615798339843750000e+03
3.951098537445068359e+01 1.949999999999999956e+00 7.000000216066837311e-03 -2.426957275390625000e+03
3.959998631477355957e+01 1.979999999999999982e+00 7.000000216066837311e-03 -2.070257568359375000e+03
3.969498682022094727e+01 1.810000000000000053e+00 8.000000379979610443e-03 -1.258940307617187500e+03
3.980398488044738770e+01 1.979999999999999982e+00 8.999999612569808960e-03 -2.727704467773437500e+02
3.991497683525085449e+01 1.620000000000000107e+00 8.999999612569808960e-03 0.000000000000000000e+00
4.000999307632446289e+01 3.400000000000000244e-01 3.099999949336051941e-02 1.168016845703125000e+03
4.009698438644409180e+01 1.429999999999999938e+00 3.200000151991844177e-02 2.161181152343750000e+03
4.020799231529235840e+01 2.040000000000000036e+00 3.200000151991844177e-02 2.608804199218750000e+03
4.029899168014526367e+01 1.739999999999999991e+00 3.299999982118606567e-02 3.511044921875000000e+03
4.041198778152465820e+01 1.840000000000000080e+00 3.400000184774398804e-02 4.504209472656250000e+03
4.049998712539672852e+01 2.140000000000000124e+00 3.400000184774398804e-02 4.315368164062500000e+03
4.061408233642578125e+01 2.209999999999999964e+00 3.400000184774398804e-02 4.049591796875000000e+03
4.070801281929016113e+01 2.279999999999999805e+00 3.299999982118606567e-02 3.511044921875000000e+03
4.081498503684997559e+01 2.209999999999999964e+00 3.299999982118606567e-02 3.147350830078125000e+03
4.090599846839904785e+01 2.089999999999999858e+00 3.200000151991844177e-02 3.063421630859375000e+03
4.100104141235351562e+01 2.109999999999999876e+00 3.200000151991844177e-02 2.517880615234375000e+03
4.110809421539306641e+01 2.200000000000000178e+00 3.099999949336051941e-02 1.349863891601562500e+03
4.119808125495910645e+01 2.790000000000000036e+00 8.999999612569808960e-03 -1.168016845703125000e+03
4.131508183479309082e+01 2.870000000000000107e+00 6.000000052154064178e-03 -3.147350830078125000e+03
4.140108251571655273e+01 2.040000000000000036e+00 6.000000052154064178e-03 -2.965503906250000000e+03
4.151298666000366211e+01 2.129999999999999893e+00 6.000000052154064178e-03 -3.965662353515625000e+03
4.160801029205322266e+01 2.120000000000000107e+00 4.999999888241291046e-03 -4.049591796875000000e+03
4.170998620986938477e+01 1.659999999999999920e+00 6.000000052154064178e-03 -2.699727783203125000e+03
4.180498528480529785e+01 1.479999999999999982e+00 8.000000379979610443e-03 -9.022406005859375000e+02
4.189999008178710938e+01 1.340000000000000080e+00 8.999999612569808960e-03 0.000000000000000000e+00
4.200899100303649902e+01 2.999999999999999889e-01 3.099999949336051941e-02 3.329197998046875000e+03
4.209809756278991699e+01 1.199999999999999956e+00 3.299999982118606567e-02 3.601968261718750000e+03
4.221498799324035645e+01 2.259999999999999787e+00 3.200000151991844177e-02 2.972498046875000000e+03
4.230198836326599121e+01 1.840000000000000080e+00 3.299999982118606567e-02 3.867744873046875000e+03
4.241298437118530273e+01 1.989999999999999991e+00 3.299999982118606567e-02 4.056585937500000000e+03
4.250398397445678711e+01 2.180000000000000160e+00 3.299999982118606567e-02 3.874739013671875000e+03
4.259803414344787598e+01 2.129999999999999893e+00 3.299999982118606567e-02 3.420121337890625000e+03
4.270499086380004883e+01 2.450000000000000178e+00 3.099999949336051941e-02 9.931641235351562500e+02
4.279598498344421387e+01 2.910000000000000142e+00 2.999999932944774628e-02 0.000000000000000000e+00
4.291299557685852051e+01 4.169999999999999929e+00 7.000000216066837311e-03 -3.147350830078125000e+03
4.299803781509399414e+01 2.270000000000000018e+00 7.000000216066837311e-03 -2.608804199218750000e+03
4.311098432540893555e+01 1.899999999999999911e+00 7.000000216066837311e-03 -3.238274414062500000e+03
4.320600986480712891e+01 2.439999999999999947e+00 4.999999888241291046e-03 -4.231438964843750000e+03
4.331308412551879883e+01 1.929999999999999938e+00 4.999999888241291046e-03 -4.224444824218750000e+03
4.340299654006958008e+01 1.820000000000000062e+00 4.999999888241291046e-03 -4.049591796875000000e+03
4.349800276756286621e+01 1.770000000000000018e+00 6.000000052154064178e-03 -3.783815429687500000e+03
4.360602092742919922e+01 1.850000000000000089e+00 6.000000052154064178e-03 -3.511044921875000000e+03
4.369498968124389648e+01 1.879999999999999893e+00 6.000000052154064178e-03 -3.147350830078125000e+03
4.381298327445983887e+01 1.889999999999999902e+00 6.000000052154064178e-03 -3.063421630859375000e+03
4.389898943901062012e+01 1.879999999999999893e+00 7.000000216066837311e-03 -2.874580566406250000e+03
4.400998616218566895e+01 1.909999999999999920e+00 7.000000216066837311e-03 -1.979334228515625000e+03
4.410499000549316406e+01 1.810000000000000053e+00 8.000000379979610443e-03 -1.077093505859375000e+03
4.421398782730102539e+01 1.530000000000000027e+00 8.999999612569808960e-03 0.000000000000000000e+00
4.430298662185668945e+01 8.900000000000000133e-01 8.999999612569808960e-03 0.000000000000000000e+00
4.439398908615112305e+01 2.800000000000000266e-01 8.999999612569808960e-03 0.000000000000000000e+00
4.450699424743652344e+01 5.999999999999999778e-02 3.099999949336051941e-02 2.161181152343750000e+03
4.459500932693481445e+01 1.290000000000000036e+00 3.200000151991844177e-02 3.063421630859375000e+03
4.470899224281311035e+01 2.029999999999999805e+00 3.299999982118606567e-02 3.420121337890625000e+03
4.480298519134521484e+01 1.879999999999999893e+00 3.299999982118606567e-02 4.049591796875000000e+03
4.490998792648315430e+01 2.100000000000000089e+00 3.299999982118606567e-02 3.867744873046875000e+03
4.500098681449890137e+01 2.180000000000000160e+00 3.299999982118606567e-02 3.692892089843750000e+03
4.509598827362060547e+01 2.120000000000000107e+00 3.299999982118606567e-02 3.601968261718750000e+03
4.520298624038696289e+01 2.089999999999999858e+00 3.299999982118606567e-02 3.504050781250000000e+03
4.529999279975891113e+01 2.140000000000000124e+00 3.299999982118606567e-02 3.238274414062500000e+03
4.541099047660827637e+01 2.109999999999999876e+00 3.299999982118606567e-02 3.154344970703125000e+03
4.549598407745361328e+01 2.129999999999999893e+00 3.299999982118606567e-02 3.063421630859375000e+03
4.560803818702697754e+01 2.069999999999999840e+00 3.200000151991844177e-02 2.972498046875000000e+03
4.570298480987548828e+01 2.169999999999999929e+00 3.200000151991844177e-02 2.343027832031250000e+03
4.581098341941833496e+01 2.299999999999999822e+00 2.999999932944774628e-02 0.000000000000000000e+00
4.589998602867126465e+01 3.450000000000000178e+00 8.999999612569808960e-03 -1.258940307617187500e+03
4.599498748779296875e+01 2.950000000000000178e+00 6.000000052154064178e-03 -3.147350830078125000e+03
4.610398411750793457e+01 2.009999999999999787e+00 7.000000216066837311e-03 -3.063421630859375000e+03
4.621498441696166992e+01 2.060000000000000053e+00 6.000000052154064178e-03 -3.692892089843750000e+03
4.630998921394348145e+01 2.149999999999999911e+00 6.000000052154064178e-03 -3.685897949218750000e+03
4.639698505401611328e+01 1.870000000000000107e+00 6.000000052154064178e-03 -3.511044921875000000e+03
4.650799560546875000e+01 1.860000000000000098e+00 6.000000052154064178e-03 -3.329197998046875000e+03
4.659898877143859863e+01 1.830000000000000071e+00 6.000000052154064178e-03 -3.147350830078125000e+03
4.671198558807373047e+01 1.899999999999999911e+00 7.000000216066837311e-03 -2.965503906250000000e+03
4.679998588562011719e+01 2.029999999999999805e+00 7.000000216066837311e-03 -2.790651123046875000e+03
4.691407513618469238e+01 1.800000000000000044e+00 8.000000379979610443e-03 -1.524716674804687500e+03
4.700807452201843262e+01 1.719999999999999973e+00 8.999999612569808960e-03 -1.818469390869140625e+02
4.711497831344604492e+01 1.560000000000000053e+00 8.999999612569808960e-03 0.000000000000000000e+00
4.720597982406616211e+01 5.300000000000000266e-01 8.999999612569808960e-03 0.000000000000000000e+00
4.730098390579223633e+01 2.500000000000000000e-01 3.200000151991844177e-02 2.433951416015625000e+03
4.740801358222961426e+01 1.780000000000000027e+00 3.200000151991844177e-02 2.070257568359375000e+03
4.749805212020874023e+01 2.180000000000000160e+00 3.099999949336051941e-02 1.895404785156250000e+03
4.760805797576904297e+01 1.780000000000000027e+00 3.200000151991844177e-02 2.790651123046875000e+03
4.770098686218261719e+01 2.089999999999999858e+00 3.099999949336051941e-02 1.706563598632812500e+03
4.781298685073852539e+01 2.500000000000000000e+00 2.999999932944774628e-02 0.000000000000000000e+00
4.790798544883728027e+01 3.939999999999999947e+00 2.999999932944774628e-02 0.000000000000000000e+00
4.799399971961975098e+01 4.679999999999999716e+00 2.999999932944774628e-02 0.000000000000000000e+00
4.810508632659912109e+01 4.740000000000000213e+00 2.999999932944774628e-02 0.000000000000000000e+00
4.820007848739624023e+01 4.750000000000000000e+00 8.999999612569808960e-03 -9.022406005859375000e+02
4.830898618698120117e+01 3.140000000000000124e+00 7.000000216066837311e-03 -2.699727783203125000e+03
4.839801502227783203e+01 1.939999999999999947e+00 8.000000379979610443e-03 -1.888410644531250000e+03
4.851398634910583496e+01 1.689999999999999947e+00 8.999999612569808960e-03 0.000000000000000000e+00
4.860198664665222168e+01 5.400000000000000355e-01 8.999999612569808960e-03 9.092346954345703125e+01
4.871298456192016602e+01 4.400000000000000022e-01 3.299999982118606567e-02 3.238274414062500000e+03
4.880398559570312500e+01 2.129999999999999893e+00 3.200000151991844177e-02 2.608804199218750000e+03
4.889803814888000488e+01 2.040000000000000036e+00 3.200000151991844177e-02 2.965503906250000000e+03
4.900499415397644043e+01 1.889999999999999902e+00 3.299999982118606567e-02 3.413127197265625000e+03
4.909598398208618164e+01 2.069999999999999840e+00 3.299999982118606567e-02 3.420121337890625000e+03
4.921298408508300781e+01 2.049999999999999822e+00 3.299999982118606567e-02 3.420121337890625000e+03
4.929798960685729980e+01 2.180000000000000160e+00 3.299999982118606567e-02 3.063421630859375000e+03
4.941098618507385254e+01 2.180000000000000160e+00 3.200000151991844177e-02 2.881574707031250000e+03
4.950602221488952637e+01 2.000000000000000000e+00 3.299999982118606567e-02 2.699727783203125000e+03
4.961298418045043945e+01 2.490000000000000213e+00 2.999999932944774628e-02 0.000000000000000000e+00
4.970298814773559570e+01 4.480000000000000426e+00 8.999999612569808960e-03 -1.979334228515625000e+03
4.979810309410095215e+01 3.299999999999999822e+00 4.999999888241291046e-03 -4.679061523437500000e+03
4.990598750114440918e+01 1.959999999999999964e+00 4.999999888241291046e-03 -4.588138671875000000e+03
4.999498343467712402e+01 1.919999999999999929e+00 4.999999888241291046e-03 -4.860908691406250000e+03
5.011298418045043945e+01 1.989999999999999991e+00 4.999999888241291046e-03 -5.399455566406250000e+03
5.019899487495422363e+01 1.860000000000000098e+00 4.999999888241291046e-03 -5.581302246093750000e+03
5.030998730659484863e+01 1.610000000000000098e+00 4.999999888241291046e-03 -3.776821289062500000e+03
5.040498518943786621e+01 1.639999999999999902e+00 6.000000052154064178e-03 -3.329197998046875000e+03
5.051398539543151855e+01 1.679999999999999938e+00 7.000000216066837311e-03 -2.343027832031250000e+03
5.060298919677734375e+01 1.850000000000000089e+00 8.000000379979610443e-03 -2.070257568359375000e+03
5.069398736953735352e+01 2.069999999999999840e+00 7.000000216066837311e-03 -2.252104736328125000e+03
5.080698800086975098e+01 2.040000000000000036e+00 7.000000216066837311e-03 -2.070257568359375000e+03
5.089498424530029297e+01 1.899999999999999911e+00 8.000000379979610443e-03 -1.258940307617187500e+03
5.100898647308349609e+01 1.439999999999999947e+00 8.999999612569808960e-03 0.000000000000000000e+00
5.110299372673034668e+01 5.699999999999999512e-01 8.999999612569808960e-03 0.000000000000000000e+00
5.120998740196228027e+01 1.600000000000000033e-01 8.999999612569808960e-03 0.000000000000000000e+00
5.130098748207092285e+01 1.799999999999999933e-01 8.999999612569808960e-03 0.000000000000000000e+00
5.139598631858825684e+01 8.000000000000000167e-02 2.999999932944774628e-02 1.524716674804687500e+03
5.150298428535461426e+01 1.250000000000000000e+00 3.200000151991844177e-02 2.343027832031250000e+03
5.160800242424011230e+01 2.089999999999999858e+00 3.200000151991844177e-02 1.986328247070312500e+03
5.171098613739013672e+01 1.949999999999999956e+00 3.200000151991844177e-02 2.699727783203125000e+03
5.179598712921142578e+01 1.810000000000000053e+00 3.299999982118606567e-02 3.238274414062500000e+03
5.190808320045471191e+01 1.959999999999999964e+00 3.299999982118606567e-02 3.511044921875000000e+03
5.200308012962341309e+01 2.080000000000000071e+00 3.299999982118606567e-02 3.420121337890625000e+03
5.211108064651489258e+01 2.109999999999999876e+00 3.299999982118606567e-02 3.420121337890625000e+03
5.220008039474487305e+01 2.069999999999999840e+00 3.299999982118606567e-02 3.420121337890625000e+03
5.229500126838684082e+01 2.160000000000000142e+00 3.299999982118606567e-02 3.154344970703125000e+03
5.240398764610290527e+01 2.100000000000000089e+00 3.299999982118606567e-02 3.329197998046875000e+03
5.251498460769653320e+01 2.009999999999999787e+00 3.299999982118606567e-02 3.147350830078125000e+03
5.260998797416687012e+01 2.250000000000000000e+00 3.200000151991844177e-02 2.070257568359375000e+03
5.269698452949523926e+01 2.220000000000000195e+00 3.099999949336051941e-02 1.349863891601562500e+03
5.280800437927246094e+01 1.949999999999999956e+00 3.099999949336051941e-02 1.622634277343750000e+03
5.289898872375488281e+01 1.949999999999999956e+00 3.099999949336051941e-02 9.022406005859375000e+02
5.301198434829711914e+01 2.529999999999999805e+00 2.999999932944774628e-02 0.000000000000000000e+00
5.309998631477355957e+01 4.160000000000000142e+00 8.999999612569808960e-03 -1.713557739257812500e+03
5.321398568153381348e+01 3.149999999999999911e+00 4.999999888241291046e-03 -4.049591796875000000e+03
5.330799841880798340e+01 1.860000000000000098e+00 4.999999888241291046e-03 -3.692892089843750000e+03
5.341498398780822754e+01 2.049999999999999822e+00 4.999999888241291046e-03 -4.679061523437500000e+03
5.350604653358459473e+01 1.989999999999999991e+00 4.999999888241291046e-03 -4.413285644531250000e+03
5.360099267959594727e+01 1.719999999999999973e+00 6.000000052154064178e-03 -4.049591796875000000e+03
5.370799303054809570e+01 1.639999999999999902e+00 7.000000216066837311e-03 -2.790651123046875000e+03
5.379802393913269043e+01 1.830000000000000071e+00 7.000000216066837311e-03 -2.517880615234375000e+03
5.389998650550842285e+01 2.009999999999999787e+00 7.000000216066837311e-03 -2.070257568359375000e+03
5.400098490715026855e+01 1.590000000000000080e+00 8.999999612569808960e-03 0.000000000000000000e+00
5.411298966407775879e+01 6.999999999999999556e-01 2.999999932944774628e-02 9.022406005859375000e+02
5.420808076858520508e+01 1.000000000000000000e+00 3.099999949336051941e-02 2.070257568359375000e+03
5.431499195098876953e+01 1.840000000000000080e+00 3.200000151991844177e-02 2.517880615234375000e+03
5.440498352050781250e+01 1.820000000000000062e+00 3.299999982118606567e-02 3.420121337890625000e+03
5.449999022483825684e+01 1.820000000000000062e+00 3.400000184774398804e-02 4.140515136718750000e+03
5.460899090766906738e+01 2.089999999999999858e+00 3.400000184774398804e-02 4.140515136718750000e+03
5.469809913635253906e+01 2.310000000000000053e+00 3.299999982118606567e-02 3.420121337890625000e+03
5.481398677825927734e+01 2.140000000000000124e+00 3.299999982118606567e-02 3.238274414062500000e+03
5.490207862854003906e+01 2.149999999999999911e+00 3.200000151991844177e-02 2.972498046875000000e+03
5.501307797431945801e+01 2.160000000000000142e+00 3.200000151991844177e-02 2.245110595703125000e+03
5.510408091545104980e+01 2.200000000000000178e+00 3.099999949336051941e-02 9.022406005859375000e+02
5.519798898696899414e+01 2.569999999999999840e+00 2.999999932944774628e-02 0.000000000000000000e+00
5.530498886108398438e+01 3.970000000000000195e+00 8.999999612569808960e-03 -3.566997680664062500e+02
5.539600896835327148e+01 3.549999999999999822e+00 7.000000216066837311e-03 -2.783656982421875000e+03
5.551298356056213379e+01 2.140000000000000124e+00 7.000000216066837311e-03 -2.615798339843750000e+03
5.559799051284790039e+01 2.049999999999999822e+00 7.000000216066837311e-03 -2.790651123046875000e+03
5.571098423004150391e+01 2.200000000000000178e+00 6.000000052154064178e-03 -3.329197998046875000e+03
5.580598688125610352e+01 2.049999999999999822e+00 6.000000052154064178e-03 -3.420121337890625000e+03
5.591298770904541016e+01 1.840000000000000080e+00 6.000000052154064178e-03 -3.154344970703125000e+03
5.600298476219177246e+01 1.860000000000000098e+00 7.000000216066837311e-03 -2.790651123046875000e+03
5.609798598289489746e+01 1.969999999999999973e+00 7.000000216066837311e-03 -2.517880615234375000e+03
5.620598578453063965e+01 1.939999999999999947e+00 7.000000216066837311e-03 -2.245110595703125000e+03
5.629498410224914551e+01 1.949999999999999956e+00 7.000000216066837311e-03 -1.979334228515625000e+03
5.641298294067382812e+01 1.969999999999999973e+00 8.000000379979610443e-03 -1.265934448242187500e+03
5.649899125099182129e+01 1.979999999999999982e+00 8.999999612569808960e-03 -8.113171386718750000e+02
5.660998773574829102e+01 2.000000000000000000e+00 8.999999612569808960e-03 0.000000000000000000e+00
5.670499610900878906e+01 1.840000000000000080e+00 8.999999612569808960e-03 0.000000000000000000e+00
5.681398773193359375e+01 1.520000000000000018e+00 8.999999612569808960e-03 0.000000000000000000e+00
5.690299320220947266e+01 1.100000000000000089e+00 8.999999612569808960e-03 0.000000000000000000e+00
