7.192921638488769531e-02 2.979999999999999982e+00 5.499999970197677612e-02 0.000000000000000000e+00
1.639213562011718750e-01 3.040000000000000036e+00 5.499999970197677612e-02 0.000000000000000000e+00
2.519242763519287109e-01 3.319999999999999840e+00 5.499999970197677612e-02 0.000000000000000000e+00
3.649208545684814453e-01 3.569999999999999840e+00 5.499999970197677612e-02 0.000000000000000000e+00
4.549219608306884766e-01 3.919999999999999929e+00 5.499999970197677612e-02 0.000000000000000000e+00
5.659205913543701172e-01 4.450000000000000178e+00 5.499999970197677612e-02 0.000000000000000000e+00
6.569204330444335938e-01 4.950000000000000178e+00 2.999999932944774628e-02 -4.500001525878906250e+02
7.699213027954101562e-01 4.559999999999999609e+00 2.999999932944774628e-02 0.000000000000000000e+00
8.609259128570556641e-01 4.059999999999999609e+00 2.999999932944774628e-02 0.000000000000000000e+00
9.719216823577880859e-01 4.299999999999999822e+00 2.999999932944774628e-02 0.000000000000000000e+00
1.061919927597045898e+00 4.780000000000000249e+00 2.999999932944774628e-02 -3.599987487792968750e+02
1.151923894882202148e+00 4.919999999999999929e+00 2.999999932944774628e-02 -4.500001525878906250e+02
1.264926910400390625e+00 4.570000000000000284e+00 2.999999932944774628e-02 -5.399947509765625000e+02
1.355924606323242188e+00 4.610000000000000320e+00 2.999999932944774628e-02 -4.500001525878906250e+02
1.466921091079711914e+00 4.519999999999999574e+00 2.999999932944774628e-02 -5.400084228515625000e+02
1.556920528411865234e+00 4.570000000000000284e+00 2.999999932944774628e-02 -4.499728393554687500e+02
1.667925596237182617e+00 4.540000000000000036e+00 2.999999932944774628e-02 -4.500001525878906250e+02
1.756920576095581055e+00 4.570000000000000284e+00 2.999999932944774628e-02 -6.299892578125000000e+02
1.867920398712158203e+00 4.540000000000000036e+00 2.999999932944774628e-02 -6.300166015625000000e+02
1.959922313690185547e+00 4.650000000000000355e+00 2.999999932944774628e-02 -8.100057373046875000e+02
2.069923639297485352e+00 4.639999999999999680e+00 2.999999932944774628e-02 -7.200111694335937500e+02
2.158920764923095703e+00 4.519999999999999574e+00 2.999999932944774628e-02 -7.200111694335937500e+02
2.272923231124877930e+00 4.459999999999999964e+00 2.999999932944774628e-02 -5.399674072265625000e+02
2.363920688629150391e+00 4.540000000000000036e+00 2.999999932944774628e-02 -4.499728393554687500e+02
2.452920436859130859e+00 4.530000000000000249e+00 2.999999932944774628e-02 -4.500274658203125000e+02
2.559922456741333008e+00 4.639999999999999680e+00 2.999999932944774628e-02 -6.300166015625000000e+02
2.649921178817749023e+00 4.629999999999999893e+00 2.999999932944774628e-02 -6.300166015625000000e+02
2.765923738479614258e+00 4.570000000000000284e+00 2.999999932944774628e-02 -4.500274658203125000e+02
2.856922626495361328e+00 4.509999999999999787e+00 2.999999932944774628e-02 -2.700383605957031250e+02
2.967918872833251953e+00 4.480000000000000426e+00 2.999999932944774628e-02 -3.600875549316406250e+02
3.052922010421752930e+00 4.639999999999999680e+00 2.999999932944774628e-02 -4.500274658203125000e+02
3.166923046112060547e+00 4.669999999999999929e+00 2.999999932944774628e-02 -4.499181823730468750e+02
3.260921955108642578e+00 4.530000000000000249e+00 2.999999932944774628e-02 -4.499181823730468750e+02
3.367919445037841797e+00 4.559999999999999609e+00 2.999999932944774628e-02 -5.399674072265625000e+02
3.458921909332275391e+00 4.629999999999999893e+00 2.999999932944774628e-02 -4.500274658203125000e+02
3.553920507431030273e+00 4.549999999999999822e+00 2.999999932944774628e-02 -6.300166015625000000e+02
3.660921096801757812e+00 4.570000000000000284e+00 2.999999932944774628e-02 -7.200657958984375000e+02
3.750921964645385742e+00 4.559999999999999609e+00 2.999999932944774628e-02 -7.199565429687500000e+02
3.868922233581542969e+00 4.530000000000000249e+00 2.999999932944774628e-02 -6.300166015625000000e+02
3.953929901123046875e+00 4.480000000000000426e+00 2.999999932944774628e-02 -8.100057373046875000e+02
4.065925359725952148e+00 4.580000000000000071e+00 2.999999932944774628e-02 -7.200657958984375000e+02
4.160921335220336914e+00 4.519999999999999574e+00 2.999999932944774628e-02 -6.300166015625000000e+02
4.268923521041870117e+00 4.490000000000000213e+00 2.999999932944774628e-02 -4.500274658203125000e+02
4.357921600341796875e+00 4.509999999999999787e+00 2.999999932944774628e-02 -4.500274658203125000e+02
4.452923059463500977e+00 4.580000000000000071e+00 2.999999932944774628e-02 -5.398581542968750000e+02
4.561921119689941406e+00 4.610000000000000320e+00 2.999999932944774628e-02 -5.398581542968750000e+02
4.671921968460083008e+00 4.639999999999999680e+00 2.999999932944774628e-02 -5.400767211914062500e+02
4.767922639846801758e+00 4.570000000000000284e+00 2.999999932944774628e-02 -4.500274658203125000e+02
4.854924678802490234e+00 4.599999999999999645e+00 2.999999932944774628e-02 -5.398581542968750000e+02
4.965925931930541992e+00 4.530000000000000249e+00 2.999999932944774628e-02 -5.400767211914062500e+02
5.056920528411865234e+00 4.540000000000000036e+00 2.999999932944774628e-02 -5.398581542968750000e+02
5.169933557510375977e+00 4.500000000000000000e+00 2.999999932944774628e-02 -3.599782714843750000e+02
5.257919788360595703e+00 4.570000000000000284e+00 2.999999932944774628e-02 -5.400767211914062500e+02
5.371920585632324219e+00 4.679999999999999716e+00 2.999999932944774628e-02 -6.299072875976562500e+02
5.465922832489013672e+00 4.660000000000000142e+00 2.999999932944774628e-02 -7.199565429687500000e+02
5.571912050247192383e+00 4.629999999999999893e+00 2.999999932944774628e-02 -7.199565429687500000e+02
5.663922071456909180e+00 4.549999999999999822e+00 2.999999932944774628e-02 -6.301258544921875000e+02
5.758922576904296875e+00 4.490000000000000213e+00 2.999999932944774628e-02 -7.199565429687500000e+02
5.865924835205078125e+00 4.549999999999999822e+00 2.999999932944774628e-02 -9.901042480468750000e+02
5.955922603607177734e+00 4.629999999999999893e+00 2.999999932944774628e-02 -1.079934814453125000e+03
6.050922155380249023e+00 4.500000000000000000e+00 2.999999932944774628e-02 -9.898856811523437500e+02
6.158922672271728516e+00 4.419999999999999929e+00 2.999999932944774628e-02 -7.199565429687500000e+02
6.270923137664794922e+00 4.440000000000000391e+00 2.999999932944774628e-02 -8.100057373046875000e+02
6.365927219390869141e+00 4.519999999999999574e+00 2.999999932944774628e-02 -9.000549316406250000e+02
6.451920747756958008e+00 4.480000000000000426e+00 2.999999932944774628e-02 -8.100057373046875000e+02
6.562921524047851562e+00 4.549999999999999822e+00 2.999999932944774628e-02 -6.299072875976562500e+02
6.657921075820922852e+00 4.469999999999999751e+00 2.999999932944774628e-02 -5.398581542968750000e+02
6.766921758651733398e+00 4.519999999999999574e+00 2.999999932944774628e-02 -3.599782714843750000e+02
6.855923891067504883e+00 4.549999999999999822e+00 2.999999932944774628e-02 -3.599782714843750000e+02
6.955924034118652344e+00 4.500000000000000000e+00 2.999999932944774628e-02 -4.498088989257812500e+02
7.059922933578491211e+00 4.580000000000000071e+00 2.999999932944774628e-02 -3.599782714843750000e+02
7.170923471450805664e+00 4.610000000000000320e+00 2.999999932944774628e-02 -5.400767211914062500e+02
7.261922121047973633e+00 4.639999999999999680e+00 2.999999932944774628e-02 -6.301258544921875000e+02
7.355926036834716797e+00 4.629999999999999893e+00 2.999999932944774628e-02 -7.203936767578125000e+02
7.462935686111450195e+00 4.599999999999999645e+00 2.999999932944774628e-02 -6.303444213867187500e+02
7.553921222686767578e+00 4.549999999999999822e+00 2.999999932944774628e-02 -5.398581542968750000e+02
7.670922756195068359e+00 4.549999999999999822e+00 2.999999932944774628e-02 -4.498088989257812500e+02
7.755925655364990234e+00 4.549999999999999822e+00 2.999999932944774628e-02 -5.402952880859375000e+02
7.868921518325805664e+00 4.580000000000000071e+00 2.999999932944774628e-02 -4.498088989257812500e+02
7.963923454284667969e+00 4.519999999999999574e+00 2.999999932944774628e-02 -5.402952880859375000e+02
8.070924043655395508e+00 4.549999999999999822e+00 2.999999932944774628e-02 -3.601968383789062500e+02
8.160920619964599609e+00 4.530000000000000249e+00 2.999999932944774628e-02 -2.697105102539062500e+02
8.255925416946411133e+00 4.610000000000000320e+00 2.999999932944774628e-02 -4.498088989257812500e+02
8.363922595977783203e+00 4.589999999999999858e+00 2.999999932944774628e-02 -6.299072875976562500e+02
8.452920913696289062e+00 4.589999999999999858e+00 2.999999932944774628e-02 -6.303444213867187500e+02
8.570921421051025391e+00 4.490000000000000213e+00 2.999999932944774628e-02 -7.199565429687500000e+02
8.656920194625854492e+00 4.530000000000000249e+00 2.999999932944774628e-02 -7.199565429687500000e+02
8.767920732498168945e+00 4.480000000000000426e+00 2.999999932944774628e-02 -6.299072875976562500e+02
8.862923860549926758e+00 4.580000000000000071e+00 2.999999932944774628e-02 -6.299072875976562500e+02
8.971920490264892578e+00 4.559999999999999609e+00 2.999999932944774628e-02 -7.199565429687500000e+02
9.060922861099243164e+00 4.530000000000000249e+00 2.999999932944774628e-02 -8.100057373046875000e+02
9.151923179626464844e+00 4.589999999999999858e+00 2.999999932944774628e-02 -8.100057373046875000e+02
9.264929533004760742e+00 4.509999999999999787e+00 2.999999932944774628e-02 -3.597597045898437500e+02
9.352925539016723633e+00 4.450000000000000178e+00 2.999999932944774628e-02 -1.800984191894531250e+02
9.466928005218505859e+00 4.639999999999999680e+00 2.999999932944774628e-02 -2.701476440429687500e+02
9.560921430587768555e+00 4.679999999999999716e+00 2.999999932944774628e-02 -4.502460327148437500e+02
9.667924880981445312e+00 4.709999999999999964e+00 2.999999932944774628e-02 -6.299072875976562500e+02
9.758923053741455078e+00 4.629999999999999893e+00 2.999999932944774628e-02 -6.299072875976562500e+02
9.853921651840209961e+00 4.559999999999999609e+00 2.999999932944774628e-02 -3.597597045898437500e+02
9.960922002792358398e+00 4.509999999999999787e+00 2.999999932944774628e-02 -3.601968383789062500e+02
1.005092453956604004e+01 4.580000000000000071e+00 2.999999932944774628e-02 -3.597597045898437500e+02
1.016892385482788086e+01 4.650000000000000355e+00 2.999999932944774628e-02 -2.701476440429687500e+02
1.025392198562622070e+01 4.679999999999999716e+00 2.999999932944774628e-02 -2.701476440429687500e+02
1.036592912673950195e+01 4.750000000000000000e+00 2.999999932944774628e-02 -4.498088989257812500e+02
1.046092224121093750e+01 4.639999999999999680e+00 2.999999932944774628e-02 -4.498088989257812500e+02
1.056892108917236328e+01 4.559999999999999609e+00 2.999999932944774628e-02 -4.498088989257812500e+02
1.065792608261108398e+01 4.490000000000000213e+00 2.999999932944774628e-02 -3.601968383789062500e+02
1.075292515754699707e+01 4.570000000000000284e+00 2.999999932944774628e-02 -1.796612854003906250e+02
1.086192059516906738e+01 4.599999999999999645e+00 2.999999932944774628e-02 -2.701476440429687500e+02
1.097192025184631348e+01 4.549999999999999822e+00 2.999999932944774628e-02 -4.502460327148437500e+02
1.106792473793029785e+01 4.650000000000000355e+00 2.999999932944774628e-02 -5.402952880859375000e+02
1.115492606163024902e+01 4.549999999999999822e+00 2.999999932944774628e-02 -4.498088989257812500e+02
1.126594042778015137e+01 4.509999999999999787e+00 2.999999932944774628e-02 -3.601968383789062500e+02
1.135692071914672852e+01 4.480000000000000426e+00 2.999999932944774628e-02 -9.004920959472656250e+01
1.146992063522338867e+01 4.580000000000000071e+00 2.999999932944774628e-02 0.000000000000000000e+00
1.155792093276977539e+01 4.839999999999999858e+00 2.999999932944774628e-02 0.000000000000000000e+00
1.167192077636718750e+01 5.049999999999999822e+00 2.999999932944774628e-02 -2.697105102539062500e+02
1.176592135429382324e+01 5.160000000000000142e+00 2.999999932944774628e-02 -6.299072875976562500e+02
1.187192177772521973e+01 4.700000000000000178e+00 2.999999932944774628e-02 -7.199565429687500000e+02
1.196392107009887695e+01 4.599999999999999645e+00 2.999999932944774628e-02 -4.502460327148437500e+02
1.205892038345336914e+01 4.450000000000000178e+00 2.999999932944774628e-02 -2.701476440429687500e+02
1.216592264175415039e+01 4.559999999999999609e+00 2.999999932944774628e-02 0.000000000000000000e+00
1.225592064857482910e+01 4.660000000000000142e+00 2.999999932944774628e-02 0.000000000000000000e+00
1.235092997550964355e+01 5.049999999999999822e+00 2.999999932944774628e-02 -2.701476440429687500e+02
1.245892071723937988e+01 5.110000000000000320e+00 2.999999932944774628e-02 -3.597597045898437500e+02
1.257092237472534180e+01 4.660000000000000142e+00 2.999999932944774628e-02 0.000000000000000000e+00
1.266592049598693848e+01 4.650000000000000355e+00 2.999999932944774628e-02 0.000000000000000000e+00
1.275192141532897949e+01 5.120000000000000107e+00 2.999999932944774628e-02 0.000000000000000000e+00
1.286291646957397461e+01 5.200000000000000178e+00 2.999999932944774628e-02 0.000000000000000000e+00
1.295792174339294434e+01 5.200000000000000178e+00 2.999999932944774628e-02 0.000000000000000000e+00
1.306692123413085938e+01 5.280000000000000249e+00 2.999999932944774628e-02 -6.299072875976562500e+02
1.315592408180236816e+01 5.200000000000000178e+00 2.999999932944774628e-02 -8.100057373046875000e+02
1.326492357254028320e+01 4.669999999999999929e+00 2.999999932944774628e-02 -3.597597045898437500e+02
1.335992169380187988e+01 4.410000000000000142e+00 2.999999932944774628e-02 -2.697105102539062500e+02
1.347092390060424805e+01 4.570000000000000284e+00 2.999999932944774628e-02 -2.697105102539062500e+02
1.356192612648010254e+01 4.599999999999999645e+00 2.999999932944774628e-02 -2.701476440429687500e+02
1.365592241287231445e+01 4.570000000000000284e+00 2.999999932944774628e-02 -3.597597045898437500e+02
1.376292133331298828e+01 4.599999999999999645e+00 2.999999932944774628e-02 -4.502460327148437500e+02
1.385392355918884277e+01 4.599999999999999645e+00 2.999999932944774628e-02 -2.701476440429687500e+02
1.397092127799987793e+01 4.660000000000000142e+00 2.999999932944774628e-02 0.000000000000000000e+00
1.405592155456542969e+01 4.929999999999999716e+00 2.999999932944774628e-02 0.000000000000000000e+00
1.416892361640930176e+01 5.150000000000000355e+00 2.999999932944774628e-02 0.000000000000000000e+00
1.426392173767089844e+01 5.269999999999999574e+00 2.999999932944774628e-02 -2.697105102539062500e+02
1.437092161178588867e+01 5.419999999999999929e+00 2.999999932944774628e-02 -8.100057373046875000e+02
1.446092057228088379e+01 4.940000000000000391e+00 2.999999932944774628e-02 -6.303444213867187500e+02
1.455592656135559082e+01 4.589999999999999858e+00 2.999999932944774628e-02 -5.398581542968750000e+02
1.466392350196838379e+01 4.480000000000000426e+00 2.999999932944774628e-02 -9.004920959472656250e+01
1.475291371345520020e+01 4.509999999999999787e+00 2.999999932944774628e-02 0.000000000000000000e+00
1.487092185020446777e+01 4.040000000000000036e+00 2.999999932944774628e-02 0.000000000000000000e+00
1.495692300796508789e+01 4.110000000000000320e+00 2.999999932944774628e-02 0.000000000000000000e+00
1.506792259216308594e+01 4.530000000000000249e+00 2.999999932944774628e-02 0.000000000000000000e+00
1.516292428970336914e+01 4.740000000000000213e+00 2.999999932944774628e-02 0.000000000000000000e+00
1.527095246315002441e+01 4.759999999999999787e+00 2.999999932944774628e-02 0.000000000000000000e+00
1.536091995239257812e+01 4.639999999999999680e+00 2.999999932944774628e-02 0.000000000000000000e+00
1.545191287994384766e+01 4.450000000000000178e+00 2.999999932944774628e-02 0.000000000000000000e+00
1.556492090225219727e+01 4.230000000000000426e+00 2.999999932944774628e-02 0.000000000000000000e+00
1.565292406082153320e+01 4.040000000000000036e+00 2.999999932944774628e-02 0.000000000000000000e+00
1.576691651344299316e+01 3.750000000000000000e+00 2.999999932944774628e-02 0.000000000000000000e+00
1.586091423034667969e+01 3.370000000000000107e+00 2.999999932944774628e-02 0.000000000000000000e+00
1.596791386604309082e+01 3.029999999999999805e+00 2.999999932944774628e-02 0.000000000000000000e+00
1.605891442298889160e+01 2.790000000000000036e+00 2.999999932944774628e-02 0.000000000000000000e+00
1.615392255783081055e+01 2.709999999999999964e+00 2.999999932944774628e-02 0.000000000000000000e+00
1.626092171669006348e+01 2.549999999999999822e+00 2.999999932944774628e-02 0.000000000000000000e+00
1.635092234611511230e+01 2.180000000000000160e+00 2.999999932944774628e-02 0.000000000000000000e+00
1.646892333030700684e+01 1.870000000000000107e+00 5.999999865889549255e-02 9.901042480468750000e+02
1.655392146110534668e+01 1.820000000000000062e+00 5.999999865889549255e-02 2.159869628906250000e+03
1.666592288017272949e+01 3.939999999999999947e+00 5.999999865889549255e-02 1.979771362304687500e+03
1.676092028617858887e+01 4.540000000000000036e+00 5.999999865889549255e-02 1.169765380859375000e+03
1.686892294883728027e+01 4.639999999999999680e+00 5.999999865889549255e-02 4.502460327148437500e+02
1.695792222023010254e+01 4.639999999999999680e+00 5.999999865889549255e-02 9.004920959472656250e+01
1.705292224884033203e+01 4.480000000000000426e+00 5.999999865889549255e-02 3.601968383789062500e+02
1.716191935539245605e+01 4.169999999999999929e+00 5.999999865889549255e-02 8.996177978515625000e+02
1.727292251586914062e+01 4.299999999999999822e+00 5.999999865889549255e-02 7.199565429687500000e+02
1.736792159080505371e+01 4.440000000000000391e+00 5.999999865889549255e-02 3.597597045898437500e+02
1.745492506027221680e+01 4.559999999999999609e+00 5.999999865889549255e-02 2.701476440429687500e+02
1.756592464447021484e+01 4.419999999999999929e+00 5.999999865889549255e-02 1.800984191894531250e+02
1.765692162513732910e+01 4.330000000000000071e+00 5.999999865889549255e-02 6.299072875976562500e+02
1.776992177963256836e+01 4.269999999999999574e+00 5.999999865889549255e-02 8.100057373046875000e+02
1.785793113708496094e+01 4.330000000000000071e+00 5.999999865889549255e-02 6.299072875976562500e+02
1.797192263603210449e+01 4.429999999999999716e+00 5.999999865889549255e-02 5.402952880859375000e+02
1.806592273712158203e+01 4.410000000000000142e+00 5.999999865889549255e-02 6.299072875976562500e+02
1.817192435264587402e+01 4.419999999999999929e+00 5.999999865889549255e-02 5.398581542968750000e+02
1.826392316818237305e+01 4.379999999999999893e+00 5.999999865889549255e-02 6.299072875976562500e+02
1.835892534255981445e+01 4.379999999999999893e+00 5.999999865889549255e-02 6.299072875976562500e+02
1.846592354774475098e+01 4.419999999999999929e+00 5.999999865889549255e-02 6.303444213867187500e+02
1.855592298507690430e+01 4.469999999999999751e+00 5.999999865889549255e-02 3.601968383789062500e+02
1.865102076530456543e+01 4.459999999999999964e+00 5.999999865889549255e-02 3.597597045898437500e+02
1.875892210006713867e+01 4.450000000000000178e+00 5.999999865889549255e-02 5.398581542968750000e+02
1.887092351913452148e+01 4.360000000000000320e+00 5.999999865889549255e-02 5.398581542968750000e+02
1.896592259407043457e+01 4.370000000000000107e+00 5.999999865889549255e-02 3.601968383789062500e+02
1.905192160606384277e+01 4.410000000000000142e+00 5.999999865889549255e-02 2.701476440429687500e+02
1.916292238235473633e+01 4.419999999999999929e+00 5.999999865889549255e-02 4.502460327148437500e+02
1.925792503356933594e+01 4.450000000000000178e+00 5.999999865889549255e-02 3.597597045898437500e+02
1.936692953109741211e+01 4.440000000000000391e+00 5.999999865889549255e-02 3.601968383789062500e+02
1.945592260360717773e+01 4.450000000000000178e+00 5.999999865889549255e-02 3.601968383789062500e+02
1.955592274665832520e+01 4.280000000000000249e+00 5.999999865889549255e-02 5.398581542968750000e+02
1.965992236137390137e+01 4.360000000000000320e+00 5.999999865889549255e-02 4.498088989257812500e+02
1.977092099189758301e+01 4.419999999999999929e+00 5.999999865889549255e-02 9.004920959472656250e+01
1.986192274093627930e+01 4.389999999999999680e+00 5.999999865889549255e-02 9.004920959472656250e+01
1.995592284202575684e+01 4.299999999999999822e+00 5.999999865889549255e-02 3.597597045898437500e+02
2.006292033195495605e+01 4.230000000000000426e+00 5.999999865889549255e-02 6.299072875976562500e+02
2.015392374992370605e+01 4.299999999999999822e+00 5.999999865889549255e-02 7.203936767578125000e+02
2.027091789245605469e+01 4.450000000000000178e+00 5.999999865889549255e-02 3.601968383789062500e+02
2.035592532157897949e+01 4.419999999999999929e+00 5.999999865889549255e-02 2.701476440429687500e+02
2.046892356872558594e+01 4.320000000000000284e+00 5.999999865889549255e-02 1.796612854003906250e+02
2.056393980979919434e+01 4.299999999999999822e+00 5.999999865889549255e-02 2.701476440429687500e+02
2.067092442512512207e+01 4.269999999999999574e+00 5.999999865889549255e-02 5.398581542968750000e+02
2.076092028617858887e+01 4.290000000000000036e+00 5.999999865889549255e-02 5.398581542968750000e+02
2.085592198371887207e+01 4.280000000000000249e+00 5.999999865889549255e-02 4.498088989257812500e+02
2.096392011642456055e+01 4.339999999999999858e+00 5.999999865889549255e-02 5.402952880859375000e+02
2.105292153358459473e+01 4.389999999999999680e+00 5.999999865889549255e-02 6.303444213867187500e+02
2.117092108726501465e+01 4.429999999999999716e+00 5.999999865889549255e-02 5.398581542968750000e+02
2.125694346427917480e+01 4.480000000000000426e+00 5.999999865889549255e-02 4.498088989257812500e+02
2.136792182922363281e+01 4.419999999999999929e+00 5.999999865889549255e-02 2.701476440429687500e+02
2.146292424201965332e+01 4.400000000000000355e+00 5.999999865889549255e-02 3.597597045898437500e+02
2.157092070579528809e+01 4.379999999999999893e+00 5.999999865889549255e-02 3.601968383789062500e+02
2.166092228889465332e+01 4.349999999999999645e+00 5.999999865889549255e-02 3.597597045898437500e+02
2.175192284584045410e+01 4.370000000000000107e+00 5.999999865889549255e-02 1.800984191894531250e+02
2.186492443084716797e+01 4.320000000000000284e+00 5.999999865889549255e-02 1.796612854003906250e+02
2.195292091369628906e+01 4.240000000000000213e+00 5.999999865889549255e-02 3.601968383789062500e+02
2.206692028045654297e+01 4.280000000000000249e+00 5.999999865889549255e-02 4.498088989257812500e+02
2.216092109680175781e+01 4.400000000000000355e+00 5.999999865889549255e-02 3.599782714843750000e+02
2.226792526245117188e+01 4.419999999999999929e+00 5.999999865889549255e-02 3.599782714843750000e+02
2.235892319679260254e+01 4.440000000000000391e+00 5.999999865889549255e-02 3.599782714843750000e+02
2.245392251014709473e+01 4.389999999999999680e+00 5.999999865889549255e-02 3.599782714843750000e+02
2.256092214584350586e+01 4.440000000000000391e+00 5.999999865889549255e-02 2.701476440429687500e+02
2.265092945098876953e+01 4.419999999999999929e+00 5.999999865889549255e-02 4.500274658203125000e+02
2.276892113685607910e+01 4.349999999999999645e+00 5.999999865889549255e-02 4.500274658203125000e+02
2.285392189025878906e+01 4.379999999999999893e+00 5.999999865889549255e-02 4.500274658203125000e+02
2.296592593193054199e+01 4.360000000000000320e+00 5.999999865889549255e-02 4.500274658203125000e+02
2.306092143058776855e+01 4.389999999999999680e+00 5.999999865889549255e-02 5.400767211914062500e+02
2.316892433166503906e+01 4.389999999999999680e+00 5.999999865889549255e-02 4.500274658203125000e+02
2.325792098045349121e+01 4.370000000000000107e+00 5.999999865889549255e-02 6.299072875976562500e+02
2.335292315483093262e+01 4.440000000000000391e+00 5.999999865889549255e-02 4.498088989257812500e+02
2.346192312240600586e+01 4.410000000000000142e+00 5.999999865889549255e-02 3.599782714843750000e+02
2.357191920280456543e+01 4.419999999999999929e+00 5.999999865889549255e-02 5.400767211914062500e+02
2.366792345046997070e+01 4.360000000000000320e+00 5.999999865889549255e-02 3.599782714843750000e+02
2.375492691993713379e+01 4.459999999999999964e+00 5.999999865889549255e-02 4.500274658203125000e+02
2.386592435836791992e+01 4.410000000000000142e+00 5.999999865889549255e-02 2.699290771484375000e+02
2.395692110061645508e+01 4.419999999999999929e+00 5.999999865889549255e-02 2.699290771484375000e+02
2.406992578506469727e+01 4.280000000000000249e+00 5.999999865889549255e-02 5.400767211914062500e+02
2.415792059898376465e+01 4.349999999999999645e+00 5.999999865889549255e-02 5.400767211914062500e+02
2.427192139625549316e+01 4.429999999999999716e+00 5.999999865889549255e-02 2.699290771484375000e+02
2.436592340469360352e+01 4.429999999999999716e+00 5.999999865889549255e-02 2.699290771484375000e+02
2.445791983604431152e+01 4.370000000000000107e+00 5.999999865889549255e-02 3.599782714843750000e+02
2.456392312049865723e+01 4.299999999999999822e+00 5.999999865889549255e-02 6.299072875976562500e+02
2.465892362594604492e+01 4.410000000000000142e+00 5.999999865889549255e-02 5.400767211914062500e+02
2.476593232154846191e+01 4.410000000000000142e+00 5.999999865889549255e-02 4.500274658203125000e+02
2.485592341423034668e+01 4.330000000000000071e+00 5.999999865889549255e-02 5.400767211914062500e+02
2.495092058181762695e+01 4.389999999999999680e+00 5.999999865889549255e-02 6.299072875976562500e+02
2.505891990661621094e+01 4.419999999999999929e+00 5.999999865889549255e-02 4.500274658203125000e+02
2.517092084884643555e+01 4.440000000000000391e+00 5.999999865889549255e-02 4.500274658203125000e+02
2.526592278480529785e+01 4.400000000000000355e+00 5.999999865889549255e-02 4.500274658203125000e+02
2.535192155838012695e+01 4.459999999999999964e+00 5.999999865889549255e-02 4.500274658203125000e+02
2.546292209625244141e+01 4.419999999999999929e+00 5.999999865889549255e-02 6.299072875976562500e+02
2.555792140960693359e+01 4.330000000000000071e+00 5.999999865889549255e-02 5.400767211914062500e+02
2.566692161560058594e+01 4.360000000000000320e+00 5.999999865889549255e-02 2.701476440429687500e+02
2.575592398643493652e+01 4.429999999999999716e+00 5.999999865889549255e-02 2.699290771484375000e+02
2.585592317581176758e+01 4.389999999999999680e+00 5.999999865889549255e-02 5.398581542968750000e+02
2.595992136001586914e+01 4.339999999999999858e+00 5.999999865889549255e-02 5.398581542968750000e+02
2.607092142105102539e+01 4.429999999999999716e+00 5.999999865889549255e-02 4.500274658203125000e+02
2.616192889213562012e+01 4.480000000000000426e+00 5.999999865889549255e-02 3.599782714843750000e+02
2.625592446327209473e+01 4.389999999999999680e+00 5.999999865889549255e-02 3.599782714843750000e+02
2.636292529106140137e+01 4.320000000000000284e+00 5.999999865889549255e-02 3.599782714843750000e+02
2.645392203330993652e+01 4.320000000000000284e+00 5.999999865889549255e-02 4.500274658203125000e+02
2.657092118263244629e+01 4.370000000000000107e+00 5.999999865889549255e-02 5.399674072265625000e+02
2.665592384338378906e+01 4.419999999999999929e+00 5.999999865889549255e-02 5.400767211914062500e+02
2.676892495155334473e+01 4.429999999999999716e+00 5.999999865889549255e-02 3.599782714843750000e+02
2.686392307281494141e+01 4.429999999999999716e+00 5.999999865889549255e-02 4.500274658203125000e+02
2.697093510627746582e+01 4.349999999999999645e+00 5.999999865889549255e-02 5.399674072265625000e+02
2.706092333793640137e+01 4.299999999999999822e+00 5.999999865889549255e-02 5.399674072265625000e+02
2.715592288970947266e+01 4.360000000000000320e+00 5.999999865889549255e-02 1.799891357421875000e+02
2.726392173767089844e+01 4.440000000000000391e+00 5.999999865889549255e-02 0.000000000000000000e+00
2.735292148590087891e+01 4.389999999999999680e+00 5.999999865889549255e-02 0.000000000000000000e+00
2.747092151641845703e+01 4.110000000000000320e+00 5.999999865889549255e-02 1.799891357421875000e+02
2.755692076683044434e+01 4.049999999999999822e+00 5.999999865889549255e-02 6.300166015625000000e+02
2.766792011260986328e+01 4.219999999999999751e+00 5.999999865889549255e-02 8.100057373046875000e+02
2.776294660568237305e+01 4.290000000000000036e+00 5.999999865889549255e-02 5.399674072265625000e+02
2.787191462516784668e+01 4.559999999999999609e+00 5.999999865889549255e-02 3.599782714843750000e+02
2.796092009544372559e+01 4.419999999999999929e+00 5.999999865889549255e-02 9.004920959472656250e+01
2.805192232131958008e+01 4.370000000000000107e+00 5.999999865889549255e-02 0.000000000000000000e+00
2.816492486000061035e+01 4.309999999999999609e+00 5.999999865889549255e-02 2.700383605957031250e+02
2.825291991233825684e+01 4.019999999999999574e+00 5.999999865889549255e-02 6.300166015625000000e+02
2.836692595481872559e+01 4.209999999999999964e+00 5.999999865889549255e-02 1.799891357421875000e+02
2.846092057228088379e+01 4.480000000000000426e+00 5.999999865889549255e-02 0.000000000000000000e+00
2.856792354583740234e+01 4.360000000000000320e+00 5.999999865889549255e-02 1.799891357421875000e+02
2.865892100334167480e+01 4.230000000000000426e+00 5.999999865889549255e-02 3.600328979492187500e+02
2.875392007827758789e+01 4.240000000000000213e+00 5.999999865889549255e-02 4.499728393554687500e+02
2.886092090606689453e+01 4.330000000000000071e+00 5.999999865889549255e-02 4.499728393554687500e+02
2.896592020988464355e+01 4.360000000000000320e+00 5.999999865889549255e-02 5.400220947265625000e+02
2.906892848014831543e+01 4.419999999999999929e+00 5.999999865889549255e-02 5.400220947265625000e+02
2.915391993522644043e+01 4.440000000000000391e+00 5.999999865889549255e-02 4.499728393554687500e+02
2.926592373847961426e+01 4.440000000000000391e+00 5.999999865889549255e-02 3.600328979492187500e+02
2.936092019081115723e+01 4.349999999999999645e+00 5.999999865889549255e-02 4.499728393554687500e+02
2.946891999244689941e+01 4.299999999999999822e+00 5.999999865889549255e-02 5.400220947265625000e+02
2.955792069435119629e+01 4.349999999999999645e+00 5.999999865889549255e-02 4.500274658203125000e+02
2.965291929244995117e+01 4.370000000000000107e+00 5.999999865889549255e-02 4.499728393554687500e+02
2.976192927360534668e+01 4.269999999999999574e+00 5.999999865889549255e-02 4.500001525878906250e+02
2.985092258453369141e+01 4.379999999999999893e+00 5.999999865889549255e-02 6.299892578125000000e+02
2.996792578697204590e+01 4.459999999999999964e+00 5.999999865889549255e-02 4.500001525878906250e+02
3.005492591857910156e+01 4.370000000000000107e+00 5.999999865889549255e-02 2.700110473632812500e+02
3.016592431068420410e+01 4.379999999999999893e+00 5.999999865889549255e-02 1.799891357421875000e+02
3.025692558288574219e+01 4.259999999999999787e+00 5.999999865889549255e-02 1.800164489746093750e+02
3.036992216110229492e+01 4.230000000000000426e+00 5.999999865889549255e-02 3.600055847167968750e+02
3.045792889595031738e+01 4.309999999999999609e+00 5.999999865889549255e-02 3.599919128417968750e+02
3.057192063331604004e+01 4.280000000000000249e+00 5.999999865889549255e-02 2.699973754882812500e+02
3.066592454910278320e+01 4.330000000000000071e+00 5.999999865889549255e-02 3.599987487792968750e+02
3.075092124938964844e+01 4.339999999999999858e+00 5.999999865889549255e-02 2.700042114257812500e+02
3.086392045021057129e+01 4.360000000000000320e+00 5.999999865889549255e-02 4.500001525878906250e+02
3.095892071723937988e+01 4.320000000000000284e+00 5.999999865889549255e-02 2.699999084472656250e+02
3.106593108177185059e+01 4.309999999999999609e+00 5.999999865889549255e-02 0.000000000000000000e+00
3.115592241287231445e+01 4.000000000000000000e+00 5.999999865889549255e-02 1.800000000000000000e+02
3.125092029571533203e+01 3.799999999999999822e+00 5.999999865889549255e-02 9.000054168701171875e+01
3.135892176628112793e+01 3.879999999999999893e+00 5.999999865889549255e-02 9.000054168701171875e+01
3.147092127799987793e+01 3.520000000000000018e+00 5.999999865889549255e-02 0.000000000000000000e+00
3.156592035293579102e+01 3.560000000000000053e+00 5.999999865889549255e-02 9.000139617919921875e+01
3.165791916847229004e+01 3.589999999999999858e+00 5.999999865889549255e-02 9.000139617919921875e+01
3.176291298866271973e+01 3.500000000000000000e+00 5.999999865889549255e-02 0.000000000000000000e+00
3.185792303085327148e+01 3.609999999999999876e+00 5.999999865889549255e-02 0.000000000000000000e+00
3.196692347526550293e+01 4.480000000000000426e+00 5.999999865889549255e-02 0.000000000000000000e+00
3.205592417716979980e+01 5.290000000000000036e+00 5.999999865889549255e-02 0.000000000000000000e+00
3.216492104530334473e+01 6.209999999999999964e+00 5.999999865889549255e-02 0.000000000000000000e+00
3.225991225242614746e+01 6.929999999999999716e+00 2.999999932944774628e-02 -5.399998168945312500e+02
3.237092065811157227e+01 7.320000000000000284e+00 2.999999932944774628e-02 -1.170004516601562500e+03
3.246192002296447754e+01 4.650000000000000355e+00 2.999999932944774628e-02 -3.600055847167968750e+02
3.255592322349548340e+01 4.389999999999999680e+00 2.999999932944774628e-02 0.000000000000000000e+00
3.266292309761047363e+01 4.500000000000000000e+00 2.999999932944774628e-02 -1.800027923583984375e+02
3.275392174720764160e+01 4.950000000000000178e+00 2.999999932944774628e-02 -7.199974975585937500e+02
3.287091970443725586e+01 4.910000000000000142e+00 2.999999932944774628e-02 -9.000003051757812500e+02
3.295592260360717773e+01 4.620000000000000107e+00 2.999999932944774628e-02 -7.200111694335937500e+02
3.306892085075378418e+01 4.469999999999999751e+00 2.999999932944774628e-02 -7.200111694335937500e+02
3.316392183303833008e+01 4.610000000000000320e+00 2.999999932944774628e-02 -7.200111694335937500e+02
3.327092194557189941e+01 4.549999999999999822e+00 2.999999932944774628e-02 -8.099511108398437500e+02
3.336092925071716309e+01 4.530000000000000249e+00 2.999999932944774628e-02 -9.000003051757812500e+02
3.345592284202575684e+01 4.570000000000000284e+00 2.999999932944774628e-02 -8.100057373046875000e+02
3.356392097473144531e+01 4.540000000000000036e+00 2.999999932944774628e-02 -7.200111694335937500e+02
3.365292143821716309e+01 4.549999999999999822e+00 2.999999932944774628e-02 -7.200657958984375000e+02
3.377092146873474121e+01 4.530000000000000249e+00 2.999999932944774628e-02 -7.199565429687500000e+02
3.385692143440246582e+01 4.540000000000000036e+00 2.999999932944774628e-02 -7.200657958984375000e+02
3.396791982650756836e+01 4.559999999999999609e+00 2.999999932944774628e-02 -6.300166015625000000e+02
3.406293272972106934e+01 4.530000000000000249e+00 2.999999932944774628e-02 -5.399674072265625000e+02
3.417192292213439941e+01 4.599999999999999645e+00 2.999999932944774628e-02 -6.300166015625000000e+02
3.426092123985290527e+01 4.530000000000000249e+00 2.999999932944774628e-02 -6.299072875976562500e+02
3.435192775726318359e+01 4.540000000000000036e+00 2.999999932944774628e-02 -6.300166015625000000e+02
3.446492648124694824e+01 4.559999999999999609e+00 2.999999932944774628e-02 -7.200657958984375000e+02
3.455293679237365723e+01 4.540000000000000036e+00 2.999999932944774628e-02 -6.300166015625000000e+02
3.466692590713500977e+01 4.549999999999999822e+00 2.999999932944774628e-02 -8.100057373046875000e+02
3.476092004776000977e+01 4.620000000000000107e+00 2.999999932944774628e-02 -8.100057373046875000e+02
3.486792087554931641e+01 4.580000000000000071e+00 2.999999932944774628e-02 -8.100057373046875000e+02
3.495892357826232910e+01 4.540000000000000036e+00 2.999999932944774628e-02 -8.100057373046875000e+02
3.505392146110534668e+01 4.500000000000000000e+00 2.999999932944774628e-02 -8.100057373046875000e+02
3.516092061996459961e+01 4.570000000000000284e+00 2.999999932944774628e-02 -6.299072875976562500e+02
3.525092434883117676e+01 4.559999999999999609e+00 2.999999932944774628e-02 -6.299072875976562500e+02
3.536892294883728027e+01 4.540000000000000036e+00 2.999999932944774628e-02 -8.100057373046875000e+02
3.545392298698425293e+01 4.610000000000000320e+00 2.999999932944774628e-02 -9.000549316406250000e+02
3.556592249870300293e+01 4.570000000000000284e+00 2.999999932944774628e-02 -8.100057373046875000e+02
3.566091966629028320e+01 4.599999999999999645e+00 2.999999932944774628e-02 -8.100057373046875000e+02
3.576892185211181641e+01 4.570000000000000284e+00 2.999999932944774628e-02 -9.000549316406250000e+02
3.585792183876037598e+01 4.559999999999999609e+00 2.999999932944774628e-02 -8.100057373046875000e+02
3.595292115211486816e+01 4.530000000000000249e+00 2.999999932944774628e-02 -9.000549316406250000e+02
3.606192398071289062e+01 4.580000000000000071e+00 2.999999932944774628e-02 -8.100057373046875000e+02
3.615092325210571289e+01 4.519999999999999574e+00 2.999999932944774628e-02 -8.100057373046875000e+02
3.626793098449707031e+01 4.490000000000000213e+00 2.999999932944774628e-02 -9.000549316406250000e+02
3.635493040084838867e+01 4.509999999999999787e+00 2.999999932944774628e-02 -8.998363647460937500e+02
3.646592450141906738e+01 4.530000000000000249e+00 2.999999932944774628e-02 -8.998363647460937500e+02
3.655692005157470703e+01 4.530000000000000249e+00 2.999999932944774628e-02 -8.998363647460937500e+02
3.666992616653442383e+01 4.509999999999999787e+00 2.999999932944774628e-02 -8.100057373046875000e+02
3.675792288780212402e+01 4.530000000000000249e+00 2.999999932944774628e-02 -8.100057373046875000e+02
3.687191987037658691e+01 4.549999999999999822e+00 2.999999932944774628e-02 -7.199565429687500000e+02
3.696592330932617188e+01 4.509999999999999787e+00 2.999999932944774628e-02 -7.199565429687500000e+02
3.705792140960693359e+01 4.519999999999999574e+00 2.999999932944774628e-02 -7.199565429687500000e+02
3.716392159461975098e+01 4.540000000000000036e+00 2.999999932944774628e-02 -7.199565429687500000e+02
3.725892400741577148e+01 4.570000000000000284e+00 2.999999932944774628e-02 -5.402952880859375000e+02
3.736592292785644531e+01 4.540000000000000036e+00 2.999999932944774628e-02 -6.299072875976562500e+02
3.745592188835144043e+01 4.599999999999999645e+00 2.999999932944774628e-02 -7.203936767578125000e+02
3.755092167854309082e+01 4.589999999999999858e+00 2.999999932944774628e-02 -8.100057373046875000e+02
3.765892291069030762e+01 4.540000000000000036e+00 2.999999932944774628e-02 -8.100057373046875000e+02
3.777092313766479492e+01 4.530000000000000249e+00 2.999999932944774628e-02 -7.199565429687500000e+02
3.786592340469360352e+01 4.459999999999999964e+00 2.999999932944774628e-02 -6.299072875976562500e+02
3.795192217826843262e+01 4.500000000000000000e+00 2.999999932944774628e-02 -6.299072875976562500e+02
3.806292414665222168e+01 4.509999999999999787e+00 2.999999932944774628e-02 -7.199565429687500000e+02
3.815792369842529297e+01 4.530000000000000249e+00 2.999999932944774628e-02 -6.299072875976562500e+02
3.826692199707031250e+01 4.480000000000000426e+00 2.999999932944774628e-02 -6.299072875976562500e+02
3.835592412948608398e+01 4.570000000000000284e+00 2.999999932944774628e-02 -4.502460327148437500e+02
3.844692158699035645e+01 4.589999999999999858e+00 2.999999932944774628e-02 -2.701476440429687500e+02
3.855992126464843750e+01 4.549999999999999822e+00 2.999999932944774628e-02 -3.597597045898437500e+02
3.867092347145080566e+01 4.660000000000000142e+00 2.999999932944774628e-02 -6.303444213867187500e+02
3.876192426681518555e+01 4.580000000000000071e+00 2.999999932944774628e-02 -6.299072875976562500e+02
3.885592412948608398e+01 4.629999999999999893e+00 2.999999932944774628e-02 -7.199565429687500000e+02
3.896293401718139648e+01 4.599999999999999645e+00 2.999999932944774628e-02 -8.100057373046875000e+02
3.905392169952392578e+01 4.559999999999999609e+00 2.999999932944774628e-02 -7.203936767578125000e+02
3.917092442512512207e+01 4.559999999999999609e+00 2.999999932944774628e-02 -9.901042480468750000e+02
3.925593948364257812e+01 4.610000000000000320e+00 2.999999932944774628e-02 -8.996177978515625000e+02
3.936892127990722656e+01 4.540000000000000036e+00 2.999999932944774628e-02 -9.000549316406250000e+02
3.946392035484313965e+01 4.500000000000000000e+00 2.999999932944774628e-02 -6.303444213867187500e+02
3.957092308998107910e+01 4.540000000000000036e+00 2.999999932944774628e-02 -6.299072875976562500e+02
3.966092371940612793e+01 4.469999999999999751e+00 2.999999932944774628e-02 -5.398581542968750000e+02
3.975592398643493652e+01 4.450000000000000178e+00 2.999999932944774628e-02 -6.299072875976562500e+02
3.986392068862915039e+01 4.629999999999999893e+00 2.999999932944774628e-02 -6.303444213867187500e+02
3.995292353630065918e+01 4.519999999999999574e+00 2.999999932944774628e-02 -6.299072875976562500e+02
4.007091975212097168e+01 4.519999999999999574e+00 2.999999932944774628e-02 -6.299072875976562500e+02
4.015692353248596191e+01 4.530000000000000249e+00 2.999999932944774628e-02 -5.398581542968750000e+02
4.026792097091674805e+01 4.530000000000000249e+00 2.999999932944774628e-02 -5.398581542968750000e+02
4.036292243003845215e+01 4.570000000000000284e+00 2.999999932944774628e-02 -5.398581542968750000e+02
4.045693111419677734e+01 4.580000000000000071e+00 2.999999932944774628e-02 -3.601968383789062500e+02
4.056092786788940430e+01 4.559999999999999609e+00 2.999999932944774628e-02 -3.601968383789062500e+02
4.065192604064941406e+01 4.559999999999999609e+00 2.999999932944774628e-02 -4.502460327148437500e+02
4.076492691040039062e+01 4.669999999999999929e+00 2.999999932944774628e-02 -8.100057373046875000e+02
4.085291934013366699e+01 4.679999999999999716e+00 2.999999932944774628e-02 -6.299072875976562500e+02
4.096692204475402832e+01 4.549999999999999822e+00 2.999999932944774628e-02 -7.199565429687500000e+02
4.106092190742492676e+01 4.559999999999999609e+00 2.999999932944774628e-02 -5.398581542968750000e+02
4.116792035102844238e+01 4.469999999999999751e+00 2.999999932944774628e-02 -2.701476440429687500e+02
4.125892257690429688e+01 4.490000000000000213e+00 2.999999932944774628e-02 -2.697105102539062500e+02
4.135392189025878906e+01 4.679999999999999716e+00 2.999999932944774628e-02 -9.004920959472656250e+01
4.146092152595520020e+01 4.719999999999999751e+00 2.999999932944774628e-02 -1.796612854003906250e+02
4.155692124366760254e+01 4.889999999999999680e+00 2.999999932944774628e-02 -6.303444213867187500e+02
4.166892385482788086e+01 4.830000000000000071e+00 2.999999932944774628e-02 -8.100057373046875000e+02
4.175392341613769531e+01 4.629999999999999893e+00 2.999999932944774628e-02 -7.199565429687500000e+02
4.186592197418212891e+01 4.559999999999999609e+00 2.999999932944774628e-02 0.000000000000000000e+00
4.196092247962951660e+01 3.990000000000000213e+00 2.999999932944774628e-02 0.000000000000000000e+00
4.206892323493957520e+01 3.509999999999999787e+00 2.999999932944774628e-02 0.000000000000000000e+00
4.215792202949523926e+01 3.850000000000000089e+00 2.999999932944774628e-02 0.000000000000000000e+00
4.225292229652404785e+01 3.770000000000000018e+00 2.999999932944774628e-02 0.000000000000000000e+00
4.236192274093627930e+01 2.680000000000000160e+00 5.999999865889549255e-02 1.620011474609375000e+03
4.247192096710205078e+01 2.209999999999999964e+00 5.999999865889549255e-02 1.890159179687500000e+03
4.256793189048767090e+01 4.299999999999999822e+00 5.999999865889549255e-02 1.170202514648437500e+03
4.265492415428161621e+01 4.639999999999999680e+00 5.999999865889549255e-02 9.000549316406250000e+02
4.276592183113098145e+01 4.540000000000000036e+00 5.999999865889549255e-02 6.303444213867187500e+02
4.285692048072814941e+01 4.480000000000000426e+00 5.999999865889549255e-02 8.100057373046875000e+02
4.296992254257202148e+01 4.379999999999999893e+00 5.999999865889549255e-02 1.169765380859375000e+03
4.305791950225830078e+01 4.379999999999999893e+00 5.999999865889549255e-02 9.901042480468750000e+02
4.317192363739013672e+01 4.480000000000000426e+00 5.999999865889549255e-02 7.199565429687500000e+02
4.326592206954956055e+01 4.540000000000000036e+00 5.999999865889549255e-02 7.199565429687500000e+02
4.335791993141174316e+01 4.450000000000000178e+00 5.999999865889549255e-02 7.199565429687500000e+02
4.346392130851745605e+01 4.379999999999999893e+00 5.999999865889549255e-02 9.901042480468750000e+02
4.355892658233642578e+01 4.360000000000000320e+00 5.999999865889549255e-02 1.259814575195312500e+03
4.366592550277709961e+01 4.419999999999999929e+00 5.999999865889549255e-02 1.170202514648437500e+03
4.375592374801635742e+01 4.509999999999999787e+00 5.999999865889549255e-02 9.000549316406250000e+02
4.385092234611511230e+01 4.549999999999999822e+00 5.999999865889549255e-02 8.100057373046875000e+02
4.395892071723937988e+01 4.480000000000000426e+00 5.999999865889549255e-02 8.100057373046875000e+02
4.407092356681823730e+01 4.459999999999999964e+00 5.999999865889549255e-02 9.901042480468750000e+02
4.416592264175415039e+01 4.419999999999999929e+00 5.999999865889549255e-02 1.080153442382812500e+03
4.425192713737487793e+01 4.509999999999999787e+00 5.999999865889549255e-02 8.996177978515625000e+02
4.436292147636413574e+01 4.480000000000000426e+00 5.999999865889549255e-02 8.100057373046875000e+02
4.445792150497436523e+01 4.480000000000000426e+00 5.999999865889549255e-02 9.000549316406250000e+02
4.456692409515380859e+01 4.450000000000000178e+00 5.999999865889549255e-02 8.100057373046875000e+02
4.465592336654663086e+01 4.540000000000000036e+00 5.999999865889549255e-02 6.299072875976562500e+02
4.475992059707641602e+01 4.400000000000000355e+00 5.999999865889549255e-02 6.303444213867187500e+02
4.485993099212646484e+01 4.440000000000000391e+00 5.999999865889549255e-02 7.199565429687500000e+02
4.497092247009277344e+01 4.379999999999999893e+00 5.999999865889549255e-02 9.000549316406250000e+02
4.506192255020141602e+01 4.280000000000000249e+00 5.999999865889549255e-02 1.080153442382812500e+03
4.515592312812805176e+01 4.400000000000000355e+00 5.999999865889549255e-02 9.901042480468750000e+02
4.526292324066162109e+01 4.450000000000000178e+00 5.999999865889549255e-02 8.100057373046875000e+02
4.535392212867736816e+01 4.490000000000000213e+00 5.999999865889549255e-02 6.301258544921875000e+02
4.547092270851135254e+01 4.480000000000000426e+00 5.999999865889549255e-02 8.998363647460937500e+02
4.555592346191406250e+01 4.450000000000000178e+00 5.999999865889549255e-02 1.079934814453125000e+03
4.566892099380493164e+01 4.410000000000000142e+00 5.999999865889549255e-02 9.901042480468750000e+02
4.576392269134521484e+01 4.459999999999999964e+00 5.999999865889549255e-02 8.100057373046875000e+02
4.587092280387878418e+01 4.459999999999999964e+00 5.999999865889549255e-02 9.000549316406250000e+02
4.596092200279235840e+01 4.440000000000000391e+00 5.999999865889549255e-02 9.901042480468750000e+02
4.605592298507690430e+01 4.509999999999999787e+00 5.999999865889549255e-02 8.100057373046875000e+02
4.616392397880554199e+01 4.459999999999999964e+00 5.999999865889549255e-02 6.299072875976562500e+02
4.625291919708251953e+01 4.500000000000000000e+00 5.999999865889549255e-02 7.199565429687500000e+02
4.637092137336730957e+01 4.459999999999999964e+00 5.999999865889549255e-02 7.199565429687500000e+02
4.645692038536071777e+01 4.450000000000000178e+00 5.999999865889549255e-02 6.299072875976562500e+02
4.656792068481445312e+01 4.469999999999999751e+00 5.999999865889549255e-02 7.199565429687500000e+02
4.666292309761047363e+01 4.400000000000000355e+00 5.999999865889549255e-02 9.000549316406250000e+02
4.677192020416259766e+01 4.459999999999999964e+00 5.999999865889549255e-02 9.000549316406250000e+02
4.686092114448547363e+01 4.419999999999999929e+00 5.999999865889549255e-02 7.199565429687500000e+02
4.695192193984985352e+01 4.500000000000000000e+00 5.999999865889549255e-02 7.199565429687500000e+02
4.706493639945983887e+01 4.490000000000000213e+00 5.999999865889549255e-02 7.201751098632812500e+02
4.715292215347290039e+01 4.450000000000000178e+00 5.999999865889549255e-02 6.301258544921875000e+02
4.726692247390747070e+01 4.469999999999999751e+00 5.999999865889549255e-02 7.199565429687500000e+02
4.736092400550842285e+01 4.370000000000000107e+00 5.999999865889549255e-02 9.000549316406250000e+02
4.746792531013488770e+01 4.389999999999999680e+00 5.999999865889549255e-02 1.079934814453125000e+03
4.755892324447631836e+01 4.440000000000000391e+00 5.999999865889549255e-02 1.169984008789062500e+03
4.765392184257507324e+01 4.509999999999999787e+00 5.999999865889549255e-02 9.899949340820312500e+02
4.776092362403869629e+01 4.500000000000000000e+00 5.999999865889549255e-02 8.999456787109375000e+02
4.785092425346374512e+01 4.509999999999999787e+00 5.999999865889549255e-02 8.100057373046875000e+02
4.796892428398132324e+01 4.450000000000000178e+00 5.999999865889549255e-02 8.999456787109375000e+02
4.805392265319824219e+01 4.429999999999999716e+00 5.999999865889549255e-02 9.000549316406250000e+02
4.816593337059020996e+01 4.429999999999999716e+00 5.999999865889549255e-02 9.000549316406250000e+02
4.826092004776000977e+01 4.469999999999999751e+00 5.999999865889549255e-02 9.899949340820312500e+02
4.836892557144165039e+01 4.400000000000000355e+00 5.999999865889549255e-02 1.079934814453125000e+03
4.845792007446289062e+01 4.459999999999999964e+00 5.999999865889549255e-02 8.100057373046875000e+02
4.855292081832885742e+01 4.480000000000000426e+00 5.999999865889549255e-02 7.200111694335937500e+02
4.866191935539245605e+01 4.450000000000000178e+00 5.999999865889549255e-02 8.100057373046875000e+02
4.875792956352233887e+01 4.370000000000000107e+00 5.999999865889549255e-02 1.079989501953125000e+03
4.886792230606079102e+01 4.400000000000000355e+00 5.999999865889549255e-02 1.079989501953125000e+03
4.895492577552795410e+01 4.450000000000000178e+00 5.999999865889549255e-02 7.200111694335937500e+02
4.906592249870300293e+01 4.530000000000000249e+00 5.999999865889549255e-02 3.599782714843750000e+02
4.915692067146301270e+01 4.419999999999999929e+00 5.999999865889549255e-02 6.299892578125000000e+02
4.926992273330688477e+01 4.320000000000000284e+00 5.999999865889549255e-02 8.099783935546875000e+02
4.935792350769042969e+01 4.459999999999999964e+00 5.999999865889549255e-02 5.399947509765625000e+02
4.947192049026489258e+01 4.450000000000000178e+00 5.999999865889549255e-02 3.600055847167968750e+02
4.956592655181884766e+01 4.400000000000000355e+00 5.999999865889549255e-02 6.299892578125000000e+02
4.967192077636718750e+01 4.309999999999999609e+00 5.999999865889549255e-02 7.199974975585937500e+02
4.976392197608947754e+01 4.360000000000000320e+00 5.999999865889549255e-02 5.400015869140625000e+02
4.985892081260681152e+01 4.450000000000000178e+00 5.999999865889549255e-02 6.300012207031250000e+02
4.996592473983764648e+01 4.410000000000000142e+00 5.999999865889549255e-02 8.999968719482421875e+01
5.005592107772827148e+01 4.110000000000000320e+00 5.999999865889549255e-02 0.000000000000000000e+00
5.015092420578002930e+01 3.700000000000000178e+00 5.999999865889549255e-02 0.000000000000000000e+00
5.025892138481140137e+01 3.729999999999999982e+00 5.999999865889549255e-02 0.000000000000000000e+00
5.037092256546020508e+01 5.629999999999999893e+00 5.999999865889549255e-02 -8.999968719482421875e+01
5.046593165397644043e+01 7.410000000000000142e+00 2.999999932944774628e-02 -1.350000488281250000e+03
5.055191969871520996e+01 6.669999999999999929e+00 2.999999932944774628e-02 -1.889995361328125000e+03
5.066292357444763184e+01 4.639999999999999680e+00 2.999999932944774628e-02 -1.709978759765625000e+03
5.075792288780212402e+01 4.400000000000000355e+00 2.999999932944774628e-02 -1.799945922851562500e+03
5.086692357063293457e+01 4.480000000000000426e+00 2.999999932944774628e-02 -2.070039062500000000e+03
5.095592451095581055e+01 4.500000000000000000e+00 2.999999932944774628e-02 -2.249918945312500000e+03
5.107192063331604004e+01 4.450000000000000178e+00 2.999999932944774628e-02 -1.980099121093750000e+03
5.115992331504821777e+01 4.339999999999999858e+00 2.999999932944774628e-02 -1.889940673828125000e+03
5.127092337608337402e+01 4.339999999999999858e+00 2.999999932944774628e-02 -1.889940673828125000e+03
5.136192536354064941e+01 4.419999999999999929e+00 2.999999932944774628e-02 -1.979989868164062500e+03
5.145592904090881348e+01 4.440000000000000391e+00 2.999999932944774628e-02 -1.709842163085937500e+03
5.156292271614074707e+01 4.339999999999999858e+00 2.999999932944774628e-02 -1.620011474609375000e+03
5.165392160415649414e+01 4.400000000000000355e+00 2.999999932944774628e-02 -1.620011474609375000e+03
5.177092313766479492e+01 4.480000000000000426e+00 2.999999932944774628e-02 -1.710060668945312500e+03
5.185592675209045410e+01 4.469999999999999751e+00 2.999999932944774628e-02 -1.529962280273437500e+03
5.196892070770263672e+01 4.400000000000000355e+00 2.999999932944774628e-02 -1.439913085937500000e+03
5.206392121315002441e+01 4.469999999999999751e+00 2.999999932944774628e-02 -1.349863891601562500e+03
5.217092299461364746e+01 4.389999999999999680e+00 2.999999932944774628e-02 -1.620011474609375000e+03
5.226092457771301270e+01 4.519999999999999574e+00 2.999999932944774628e-02 -1.979989868164062500e+03
5.235592603683471680e+01 4.519999999999999574e+00 2.999999932944774628e-02 -2.160088378906250000e+03
5.246392393112182617e+01 4.459999999999999964e+00 2.999999932944774628e-02 -1.979989868164062500e+03
5.255292725563049316e+01 4.360000000000000320e+00 2.999999932944774628e-02 -1.890159179687500000e+03
5.267092108726501465e+01 4.370000000000000107e+00 2.999999932944774628e-02 -2.069820556640625000e+03
5.275692605972290039e+01 4.440000000000000391e+00 2.999999932944774628e-02 -2.249918945312500000e+03
5.286792206764221191e+01 4.410000000000000142e+00 2.999999932944774628e-02 -2.249918945312500000e+03
5.296292328834533691e+01 4.370000000000000107e+00 2.999999932944774628e-02 -1.800109863281250000e+03
5.307192587852478027e+01 4.280000000000000249e+00 2.999999932944774628e-02 -1.529962280273437500e+03
5.316092801094055176e+01 4.370000000000000107e+00 2.999999932944774628e-02 -1.709623535156250000e+03
5.325192189216613770e+01 4.459999999999999964e+00 2.999999932944774628e-02 -1.620011474609375000e+03
5.336493730545043945e+01 4.450000000000000178e+00 2.999999932944774628e-02 -1.710060668945312500e+03
5.345291948318481445e+01 4.480000000000000426e+00 2.999999932944774628e-02 -1.439913085937500000e+03
5.356692433357238770e+01 4.299999999999999822e+00 2.999999932944774628e-02 -1.620011474609375000e+03
5.366092133522033691e+01 4.429999999999999716e+00 2.999999932944774628e-02 -2.070257568359375000e+03
5.376793456077575684e+01 4.580000000000000071e+00 2.999999932944774628e-02 -1.800109863281250000e+03
5.385892486572265625e+01 4.360000000000000320e+00 2.999999932944774628e-02 -1.530399414062500000e+03
5.395392179489135742e+01 4.320000000000000284e+00 2.999999932944774628e-02 -1.350301025390625000e+03
5.406092262268066406e+01 4.450000000000000178e+00 2.999999932944774628e-02 -1.350301025390625000e+03
5.415092158317565918e+01 4.440000000000000391e+00 5.999999865889549255e-02 2.697105102539062500e+02
5.426892542839050293e+01 3.600000000000000089e+00 5.999999865889549255e-02 9.004920959472656250e+01
5.435392284393310547e+01 4.950000000000000178e+00 5.999999865889549255e-02 1.529962280273437500e+03
5.446593332290649414e+01 4.129999999999999893e+00 5.999999865889549255e-02 2.430017089843750000e+03
5.456092047691345215e+01 4.269999999999999574e+00 5.999999865889549255e-02 2.069820556640625000e+03
5.466893267631530762e+01 4.620000000000000107e+00 5.999999865889549255e-02 1.980208496093750000e+03
5.475792050361633301e+01 4.570000000000000284e+00 5.999999865889549255e-02 2.069820556640625000e+03
5.485292363166809082e+01 4.540000000000000036e+00 5.999999865889549255e-02 1.889722045898437500e+03
5.496192121505737305e+01 4.519999999999999574e+00 5.999999865889549255e-02 1.800109863281250000e+03
5.505792117118835449e+01 4.549999999999999822e+00 5.999999865889549255e-02 1.889722045898437500e+03
5.516792345046997070e+01 4.519999999999999574e+00 5.999999865889549255e-02 1.710060668945312500e+03
5.525492405891418457e+01 4.549999999999999822e+00 5.999999865889549255e-02 1.439913085937500000e+03
5.536592841148376465e+01 4.559999999999999609e+00 5.999999865889549255e-02 1.529962280273437500e+03
5.545692038536071777e+01 4.509999999999999787e+00 5.999999865889549255e-02 1.889722045898437500e+03
5.556992435455322266e+01 4.429999999999999716e+00 5.999999865889549255e-02 2.070257568359375000e+03
5.565792059898376465e+01 4.480000000000000426e+00 5.999999865889549255e-02 1.890159179687500000e+03
5.577191972732543945e+01 4.540000000000000036e+00 5.999999865889549255e-02 1.620011474609375000e+03
5.586592221260070801e+01 4.580000000000000071e+00 5.999999865889549255e-02 1.440131591796875000e+03
5.596692371368408203e+01 4.549999999999999822e+00 5.999999865889549255e-02 1.260033203125000000e+03
5.606392383575439453e+01 4.540000000000000036e+00 5.999999865889549255e-02 1.529962280273437500e+03
5.615892195701599121e+01 4.490000000000000213e+00 5.999999865889549255e-02 1.529962280273437500e+03
5.626592350006103516e+01 4.459999999999999964e+00 5.999999865889549255e-02 1.529962280273437500e+03
5.635592555999755859e+01 4.519999999999999574e+00 5.999999865889549255e-02 1.529962280273437500e+03
5.645092129707336426e+01 4.509999999999999787e+00 5.999999865889549255e-02 1.710060668945312500e+03
5.655892205238342285e+01 4.459999999999999964e+00 5.999999865889549255e-02 1.889940673828125000e+03
5.667092156410217285e+01 4.450000000000000178e+00 5.999999865889549255e-02 1.710060668945312500e+03
5.676592326164245605e+01 4.549999999999999822e+00 5.999999865889549255e-02 1.710060668945312500e+03
5.686792135238647461e+01 4.559999999999999609e+00 5.999999865889549255e-02 1.530180786132812500e+03
5.696292257308959961e+01 4.559999999999999609e+00 5.999999865889549255e-02 1.709842163085937500e+03
5.705792236328125000e+01 4.480000000000000426e+00 5.999999865889549255e-02 1.889940673828125000e+03
5.716692209243774414e+01 4.459999999999999964e+00 5.999999865889549255e-02 1.800000610351562500e+03
5.725592398643493652e+01 4.580000000000000071e+00 5.999999865889549255e-02 1.260033203125000000e+03
5.735592198371887207e+01 4.580000000000000071e+00 5.999999865889549255e-02 1.169984008789062500e+03
5.745992183685302734e+01 4.519999999999999574e+00 5.999999865889549255e-02 1.349973144531250000e+03
5.757092118263244629e+01 4.379999999999999893e+00 5.999999865889549255e-02 1.530071533203125000e+03
5.768793869018554688e+01 4.440000000000000391e+00 5.999999865889549255e-02 1.260033203125000000e+03
5.777492642402648926e+01 4.490000000000000213e+00 5.999999865889549255e-02 1.350027709960937500e+03
5.788592243194580078e+01 4.500000000000000000e+00 5.999999865889549255e-02 1.440022338867187500e+03
5.797692179679870605e+01 4.469999999999999751e+00 5.999999865889549255e-02 1.709978759765625000e+03
5.808992242813110352e+01 4.429999999999999716e+00 5.999999865889549255e-02 1.439994995117187500e+03
5.817792057991027832e+01 4.570000000000000284e+00 5.999999865889549255e-02 1.349993652343750000e+03
5.829192233085632324e+01 4.530000000000000249e+00 5.999999865889549255e-02 0.000000000000000000e+00
5.838592958450317383e+01 4.469999999999999751e+00 5.999999865889549255e-02 0.000000000000000000e+00
5.847092247009277344e+01 3.779999999999999805e+00 5.999999865889549255e-02 0.000000000000000000e+00
5.858393335342407227e+01 3.589999999999999858e+00 5.999999865889549255e-02 9.000139617919921875e+01
5.867892050743103027e+01 3.580000000000000071e+00 5.999999865889549255e-02 0.000000000000000000e+00
5.878592085838317871e+01 3.529999999999999805e+00 5.999999865889549255e-02 0.000000000000000000e+00
5.887592053413391113e+01 3.479999999999999982e+00 5.999999865889549255e-02 0.000000000000000000e+00
5.897092127799987793e+01 3.430000000000000160e+00 5.999999865889549255e-02 9.000139617919921875e+01
5.907892179489135742e+01 3.419999999999999929e+00 5.999999865889549255e-02 0.000000000000000000e+00
5.919092345237731934e+01 3.399999999999999911e+00 5.999999865889549255e-02 0.000000000000000000e+00
5.928592348098754883e+01 3.379999999999999893e+00 5.999999865889549255e-02 0.000000000000000000e+00
5.937192201614379883e+01 3.319999999999999840e+00 5.999999865889549255e-02 0.000000000000000000e+00
