9.691715240478515625e-04 2.229999999999999982e+00 2.999999932944774628e-02 0.000000000000000000e+00
1.019554138183593750e-01 2.229999999999999982e+00 2.999999932944774628e-02 0.000000000000000000e+00
1.829667091369628906e-01 2.229999999999999982e+00 2.999999932944774628e-02 0.000000000000000000e+00
2.949559688568115234e-01 2.229999999999999982e+00 2.999999932944774628e-02 0.000000000000000000e+00
3.919894695281982422e-01 2.229999999999999982e+00 2.999999932944774628e-02 0.000000000000000000e+00
5.000040531158447266e-01 2.229999999999999982e+00 2.999999932944774628e-02 0.000000000000000000e+00
5.889565944671630859e-01 2.229999999999999982e+00 2.999999932944774628e-02 0.000000000000000000e+00
6.839957237243652344e-01 2.229999999999999982e+00 2.999999932944774628e-02 0.000000000000000000e+00
7.960062026977539062e-01 2.229999999999999982e+00 2.999999932944774628e-02 0.000000000000000000e+00
8.879957199096679688e-01 2.229999999999999982e+00 2.999999932944774628e-02 0.000000000000000000e+00
9.989595413208007812e-01 2.229999999999999982e+00 2.999999932944774628e-02 0.000000000000000000e+00
1.088956594467163086e+00 2.229999999999999982e+00 2.999999932944774628e-02 0.000000000000000000e+00
1.196002244949340820e+00 2.229999999999999982e+00 2.999999932944774628e-02 0.000000000000000000e+00
1.290958881378173828e+00 2.229999999999999982e+00 2.999999932944774628e-02 0.000000000000000000e+00
1.381958484649658203e+00 2.229999999999999982e+00 2.999999932944774628e-02 0.000000000000000000e+00
1.488955259323120117e+00 2.229999999999999982e+00 2.999999932944774628e-02 0.000000000000000000e+00
1.580008029937744141e+00 2.229999999999999982e+00 2.999999932944774628e-02 0.000000000000000000e+00
1.696956157684326172e+00 2.229999999999999982e+00 2.999999932944774628e-02 0.000000000000000000e+00
1.781961202621459961e+00 2.229999999999999982e+00 2.999999932944774628e-02 0.000000000000000000e+00
1.894957065582275391e+00 2.229999999999999982e+00 2.999999932944774628e-02 0.000000000000000000e+00
1.988955259323120117e+00 2.229999999999999982e+00 2.999999932944774628e-02 0.000000000000000000e+00
2.096956253051757812e+00 2.229999999999999982e+00 2.999999932944774628e-02 0.000000000000000000e+00
2.186954975128173828e+00 2.229999999999999982e+00 2.999999932944774628e-02 0.000000000000000000e+00
2.281957864761352539e+00 2.229999999999999982e+00 2.999999932944774628e-02 0.000000000000000000e+00
2.389960289001464844e+00 2.229999999999999982e+00 2.999999932944774628e-02 0.000000000000000000e+00
2.501986265182495117e+00 2.229999999999999982e+00 2.999999932944774628e-02 0.000000000000000000e+00
2.596955776214599609e+00 2.220000000000000195e+00 2.999999932944774628e-02 0.000000000000000000e+00
2.685954332351684570e+00 2.250000000000000000e+00 2.999999932944774628e-02 0.000000000000000000e+00
2.793954610824584961e+00 2.350000000000000089e+00 2.999999932944774628e-02 0.000000000000000000e+00
2.888955831527709961e+00 2.359999999999999876e+00 2.999999932944774628e-02 0.000000000000000000e+00
3.000960111618041992e+00 2.600000000000000089e+00 2.999999932944774628e-02 0.000000000000000000e+00
3.085954666137695312e+00 2.790000000000000036e+00 2.999999932944774628e-02 0.000000000000000000e+00
3.180960178375244141e+00 3.009999999999999787e+00 2.999999932944774628e-02 0.000000000000000000e+00
3.293954610824584961e+00 3.529999999999999805e+00 2.999999932944774628e-02 0.000000000000000000e+00
3.400957822799682617e+00 3.839999999999999858e+00 2.999999932944774628e-02 0.000000000000000000e+00
3.496013641357421875e+00 4.070000000000000284e+00 2.999999932944774628e-02 0.000000000000000000e+00
3.586956024169921875e+00 4.349999999999999645e+00 2.999999932944774628e-02 0.000000000000000000e+00
3.693953990936279297e+00 4.570000000000000284e+00 2.999999932944774628e-02 -8.392935943603515625e+01
3.784957885742187500e+00 4.660000000000000142e+00 2.999999932944774628e-02 -2.797645568847656250e+02
3.900959730148315430e+00 4.610000000000000320e+00 2.999999932944774628e-02 -3.497056579589843750e+02
3.986955165863037109e+00 4.660000000000000142e+00 2.999999932944774628e-02 -2.797645568847656250e+02
4.100014925003051758e+00 4.669999999999999929e+00 2.999999932944774628e-02 -3.636938781738281250e+02
4.193954944610595703e+00 4.750000000000000000e+00 2.999999932944774628e-02 -2.657763061523437500e+02
4.295996665954589844e+00 4.679999999999999716e+00 2.999999932944774628e-02 -3.636938781738281250e+02
4.391995429992675781e+00 4.620000000000000107e+00 2.999999932944774628e-02 -3.636938781738281250e+02
4.486955165863037109e+00 4.639999999999999680e+00 2.999999932944774628e-02 -3.497056579589843750e+02
4.594955682754516602e+00 4.639999999999999680e+00 2.999999932944774628e-02 -5.455408935546875000e+02
4.684001207351684570e+00 4.660000000000000142e+00 2.999999932944774628e-02 -3.636938781738281250e+02
4.785954713821411133e+00 4.650000000000000355e+00 2.999999932944774628e-02 -4.476232604980468750e+02
4.890956640243530273e+00 4.639999999999999680e+00 2.999999932944774628e-02 -3.636938781738281250e+02
4.998954772949218750e+00 4.650000000000000355e+00 2.999999932944774628e-02 -2.657763061523437500e+02
5.093958616256713867e+00 4.700000000000000178e+00 2.999999932944774628e-02 -1.818469390869140625e+02
5.183995008468627930e+00 4.799999999999999822e+00 2.999999932944774628e-02 -2.657763061523437500e+02
5.290948390960693359e+00 4.799999999999999822e+00 2.999999932944774628e-02 -4.476232604980468750e+02
5.385957241058349609e+00 4.570000000000000284e+00 2.999999932944774628e-02 -3.636938781738281250e+02
5.498953342437744141e+00 4.570000000000000284e+00 2.999999932944774628e-02 -4.616115112304687500e+02
5.583997488021850586e+00 4.599999999999999645e+00 2.999999932944774628e-02 -3.636938781738281250e+02
5.700956821441650391e+00 4.620000000000000107e+00 2.999999932944774628e-02 -4.476232604980468750e+02
5.791991949081420898e+00 4.610000000000000320e+00 2.999999932944774628e-02 -4.476232604980468750e+02
5.898953437805175781e+00 4.660000000000000142e+00 2.999999932944774628e-02 -3.497056579589843750e+02
5.989959001541137695e+00 4.730000000000000426e+00 2.999999932944774628e-02 -5.455408935546875000e+02
6.083992004394531250e+00 4.700000000000000178e+00 2.999999932944774628e-02 -5.455408935546875000e+02
6.191987991333007812e+00 4.610000000000000320e+00 2.999999932944774628e-02 -5.455408935546875000e+02
6.281955718994140625e+00 4.570000000000000284e+00 2.999999932944774628e-02 -5.455408935546875000e+02
6.398966550827026367e+00 4.519999999999999574e+00 2.999999932944774628e-02 -5.315526123046875000e+02
6.484956741333007812e+00 4.530000000000000249e+00 2.999999932944774628e-02 -6.294701538085937500e+02
6.596956968307495117e+00 4.540000000000000036e+00 2.999999932944774628e-02 -4.616115112304687500e+02
6.692008733749389648e+00 4.610000000000000320e+00 2.999999932944774628e-02 -4.476232604980468750e+02
6.800011634826660156e+00 4.570000000000000284e+00 2.999999932944774628e-02 -4.616115112304687500e+02
6.888955354690551758e+00 4.570000000000000284e+00 2.999999932944774628e-02 -4.476232604980468750e+02
6.983999967575073242e+00 4.589999999999999858e+00 2.999999932944774628e-02 -3.636938781738281250e+02
7.095986366271972656e+00 4.629999999999999893e+00 2.999999932944774628e-02 -2.657763061523437500e+02
7.180960655212402344e+00 4.669999999999999929e+00 2.999999932944774628e-02 -2.797645568847656250e+02
7.298957347869873047e+00 4.700000000000000178e+00 2.999999932944774628e-02 -4.476232604980468750e+02
7.388957262039184570e+00 4.580000000000000071e+00 2.999999932944774628e-02 -3.636938781738281250e+02
7.496000289916992188e+00 4.639999999999999680e+00 2.999999932944774628e-02 -4.476232604980468750e+02
7.590972185134887695e+00 4.620000000000000107e+00 2.999999932944774628e-02 -4.476232604980468750e+02
7.681957006454467773e+00 4.620000000000000107e+00 2.999999932944774628e-02 -3.636938781738281250e+02
7.788958311080932617e+00 4.570000000000000284e+00 2.999999932944774628e-02 -3.636938781738281250e+02
7.880001783370971680e+00 4.599999999999999645e+00 2.999999932944774628e-02 -3.636938781738281250e+02
7.996948242187500000e+00 4.660000000000000142e+00 2.999999932944774628e-02 -3.636938781738281250e+02
8.081953525543212891e+00 4.629999999999999893e+00 2.999999932944774628e-02 -3.636938781738281250e+02
8.194945573806762695e+00 4.660000000000000142e+00 2.999999932944774628e-02 -2.797645568847656250e+02
8.288959980010986328e+00 4.669999999999999929e+00 2.999999932944774628e-02 -3.636938781738281250e+02
8.396948099136352539e+00 4.650000000000000355e+00 2.999999932944774628e-02 -3.636938781738281250e+02
8.486946582794189453e+00 4.650000000000000355e+00 2.999999932944774628e-02 -3.497056579589843750e+02
8.581956148147583008e+00 4.690000000000000391e+00 2.999999932944774628e-02 -3.497056579589843750e+02
8.689965724945068359e+00 4.660000000000000142e+00 2.999999932944774628e-02 -4.476232604980468750e+02
8.801957845687866211e+00 4.660000000000000142e+00 2.999999932944774628e-02 -3.636938781738281250e+02
8.896955728530883789e+00 4.629999999999999893e+00 2.999999932944774628e-02 -4.616115112304687500e+02
8.985958814620971680e+00 4.589999999999999858e+00 2.999999932944774628e-02 -2.797645568847656250e+02
9.093958139419555664e+00 4.669999999999999929e+00 2.999999932944774628e-02 -2.657763061523437500e+02
9.188956022262573242e+00 4.669999999999999929e+00 2.999999932944774628e-02 -3.636938781738281250e+02
9.300957202911376953e+00 4.700000000000000178e+00 2.999999932944774628e-02 -3.636938781738281250e+02
9.385952711105346680e+00 4.660000000000000142e+00 2.999999932944774628e-02 -3.497056579589843750e+02
9.480958223342895508e+00 4.669999999999999929e+00 2.999999932944774628e-02 -4.476232604980468750e+02
9.593954324722290039e+00 4.650000000000000355e+00 2.999999932944774628e-02 -3.497056579589843750e+02
9.700956821441650391e+00 4.589999999999999858e+00 2.999999932944774628e-02 -2.657763061523437500e+02
9.795994997024536133e+00 4.620000000000000107e+00 2.999999932944774628e-02 -3.497056579589843750e+02
9.886963129043579102e+00 4.570000000000000284e+00 2.999999932944774628e-02 -3.636938781738281250e+02
9.993957042694091797e+00 4.580000000000000071e+00 2.999999932944774628e-02 -3.636938781738281250e+02
1.008495736122131348e+01 4.570000000000000284e+00 2.999999932944774628e-02 -4.476232604980468750e+02
1.020095849037170410e+01 4.629999999999999893e+00 2.999999932944774628e-02 -6.294701538085937500e+02
1.028695392608642578e+01 4.629999999999999893e+00 2.999999932944774628e-02 -5.315526123046875000e+02
1.040000391006469727e+01 4.549999999999999822e+00 2.999999932944774628e-02 -3.636938781738281250e+02
1.049395632743835449e+01 4.650000000000000355e+00 2.999999932944774628e-02 -2.657763061523437500e+02
1.060095739364624023e+01 4.690000000000000391e+00 2.999999932944774628e-02 -4.616115112304687500e+02
1.069199013710021973e+01 4.629999999999999893e+00 2.999999932944774628e-02 -5.455408935546875000e+02
1.078695487976074219e+01 4.599999999999999645e+00 2.999999932944774628e-02 -6.294701538085937500e+02
1.089496040344238281e+01 4.549999999999999822e+00 2.999999932944774628e-02 -4.476232604980468750e+02
1.098399949073791504e+01 4.549999999999999822e+00 2.999999932944774628e-02 -5.315526123046875000e+02
1.110195541381835938e+01 4.610000000000000320e+00 2.999999932944774628e-02 -6.294701538085937500e+02
1.119095730781555176e+01 4.650000000000000355e+00 2.999999932944774628e-02 -6.294701538085937500e+02
1.129895472526550293e+01 4.530000000000000249e+00 2.999999932944774628e-02 -5.315526123046875000e+02
1.139395570755004883e+01 4.570000000000000284e+00 2.999999932944774628e-02 -4.476232604980468750e+02
1.148399376869201660e+01 4.589999999999999858e+00 2.999999932944774628e-02 -3.497056579589843750e+02
1.159095907211303711e+01 4.599999999999999645e+00 2.999999932944774628e-02 -3.636938781738281250e+02
1.168595767021179199e+01 4.570000000000000284e+00 2.999999932944774628e-02 -2.797645568847656250e+02
1.179895639419555664e+01 4.679999999999999716e+00 2.999999932944774628e-02 -3.497056579589843750e+02
1.188399863243103027e+01 4.660000000000000142e+00 2.999999932944774628e-02 -3.636938781738281250e+02
1.200095939636230469e+01 4.650000000000000355e+00 2.999999932944774628e-02 -4.616115112304687500e+02
1.209200310707092285e+01 4.599999999999999645e+00 2.999999932944774628e-02 -4.476232604980468750e+02
1.219895482063293457e+01 4.610000000000000320e+00 2.999999932944774628e-02 -2.657763061523437500e+02
1.228996491432189941e+01 4.589999999999999858e+00 2.999999932944774628e-02 -3.636938781738281250e+02
1.238400435447692871e+01 4.660000000000000142e+00 2.999999932944774628e-02 -3.636938781738281250e+02
1.249200558662414551e+01 4.719999999999999751e+00 2.999999932944774628e-02 -5.455408935546875000e+02
1.258195519447326660e+01 4.660000000000000142e+00 2.999999932944774628e-02 -5.315526123046875000e+02
1.269895625114440918e+01 4.599999999999999645e+00 2.999999932944774628e-02 -5.315526123046875000e+02
1.278495883941650391e+01 4.610000000000000320e+00 2.999999932944774628e-02 -4.476232604980468750e+02
1.289695692062377930e+01 4.570000000000000284e+00 2.999999932944774628e-02 -5.455408935546875000e+02
1.299199724197387695e+01 4.599999999999999645e+00 2.999999932944774628e-02 -6.294701538085937500e+02
1.310001325607299805e+01 4.540000000000000036e+00 2.999999932944774628e-02 -5.315526123046875000e+02
1.318895483016967773e+01 4.589999999999999858e+00 2.999999932944774628e-02 -5.315526123046875000e+02
1.328408861160278320e+01 4.580000000000000071e+00 2.999999932944774628e-02 -4.476232604980468750e+02
1.339600872993469238e+01 4.580000000000000071e+00 2.999999932944774628e-02 -3.636938781738281250e+02
1.349695754051208496e+01 4.709999999999999964e+00 2.999999932944774628e-02 -3.497056579589843750e+02
1.359895658493041992e+01 4.700000000000000178e+00 2.999999932944774628e-02 -3.497056579589843750e+02
1.368895530700683594e+01 4.660000000000000142e+00 2.999999932944774628e-02 -4.476232604980468750e+02
1.379599833488464355e+01 4.620000000000000107e+00 2.999999932944774628e-02 -3.636938781738281250e+02
1.389095973968505859e+01 4.610000000000000320e+00 2.999999932944774628e-02 -3.636938781738281250e+02
1.398195576667785645e+01 4.620000000000000107e+00 2.999999932944774628e-02 -2.797645568847656250e+02
1.408897042274475098e+01 4.660000000000000142e+00 2.999999932944774628e-02 -4.476232604980468750e+02
1.418000125885009766e+01 4.639999999999999680e+00 2.999999932944774628e-02 -5.455408935546875000e+02
1.429696273803710938e+01 4.629999999999999893e+00 2.999999932944774628e-02 -5.315526123046875000e+02
1.438196921348571777e+01 4.639999999999999680e+00 2.999999932944774628e-02 -4.476232604980468750e+02
1.449495625495910645e+01 4.660000000000000142e+00 2.999999932944774628e-02 -5.315526123046875000e+02
1.458895707130432129e+01 4.650000000000000355e+00 2.999999932944774628e-02 -6.294701538085937500e+02
1.469696402549743652e+01 4.610000000000000320e+00 2.999999932944774628e-02 -6.294701538085937500e+02
1.478695607185363770e+01 4.599999999999999645e+00 2.999999932944774628e-02 -5.315526123046875000e+02
1.488196110725402832e+01 4.549999999999999822e+00 2.999999932944774628e-02 -6.294701538085937500e+02
1.498996376991271973e+01 4.580000000000000071e+00 2.999999932944774628e-02 -4.476232604980468750e+02
1.510195088386535645e+01 4.669999999999999929e+00 2.999999932944774628e-02 -3.636938781738281250e+02
1.519696259498596191e+01 4.740000000000000213e+00 2.999999932944774628e-02 -5.455408935546875000e+02
1.528595519065856934e+01 4.690000000000000391e+00 2.999999932944774628e-02 -6.294701538085937500e+02
1.539394974708557129e+01 4.620000000000000107e+00 2.999999932944774628e-02 -5.455408935546875000e+02
1.548897075653076172e+01 4.549999999999999822e+00 2.999999932944774628e-02 -8.113171386718750000e+02
1.558594727516174316e+01 4.509999999999999787e+00 2.999999932944774628e-02 -5.315526123046875000e+02
1.568595695495605469e+01 4.559999999999999609e+00 2.999999932944774628e-02 -3.636938781738281250e+02
1.578096222877502441e+01 4.620000000000000107e+00 2.999999932944774628e-02 -4.476232604980468750e+02
1.589395689964294434e+01 4.589999999999999858e+00 2.999999932944774628e-02 -6.294701538085937500e+02
1.600095796585083008e+01 4.599999999999999645e+00 2.999999932944774628e-02 -6.294701538085937500e+02
1.609600043296813965e+01 4.549999999999999822e+00 2.999999932944774628e-02 -5.315526123046875000e+02
1.618695545196533203e+01 4.599999999999999645e+00 2.999999932944774628e-02 -5.315526123046875000e+02
1.629395747184753418e+01 4.620000000000000107e+00 2.999999932944774628e-02 -4.476232604980468750e+02
1.638495540618896484e+01 4.620000000000000107e+00 2.999999932944774628e-02 -3.636938781738281250e+02
1.648595571517944336e+01 4.650000000000000355e+00 2.999999932944774628e-02 -2.657763061523437500e+02
1.658695387840270996e+01 4.669999999999999929e+00 2.999999932944774628e-02 -2.657763061523437500e+02
1.670002293586730957e+01 4.660000000000000142e+00 2.999999932944774628e-02 -4.476232604980468750e+02
1.679395484924316406e+01 4.589999999999999858e+00 2.999999932944774628e-02 -5.315526123046875000e+02
1.688695406913757324e+01 4.549999999999999822e+00 2.999999932944774628e-02 -2.657763061523437500e+02
1.699199175834655762e+01 4.629999999999999893e+00 2.999999932944774628e-02 -1.818469390869140625e+02
1.708695650100708008e+01 4.700000000000000178e+00 2.999999932944774628e-02 -4.476232604980468750e+02
1.719495511054992676e+01 4.660000000000000142e+00 2.999999932944774628e-02 -3.636938781738281250e+02
1.728400158882141113e+01 4.639999999999999680e+00 2.999999932944774628e-02 -3.636938781738281250e+02
1.740095806121826172e+01 4.639999999999999680e+00 2.999999932944774628e-02 -4.476232604980468750e+02
1.749095773696899414e+01 4.660000000000000142e+00 2.999999932944774628e-02 -3.497056579589843750e+02
1.759895396232604980e+01 4.610000000000000320e+00 2.999999932944774628e-02 -3.497056579589843750e+02
1.769395709037780762e+01 4.629999999999999893e+00 2.999999932944774628e-02 -5.455408935546875000e+02
1.778400635719299316e+01 4.589999999999999858e+00 2.999999932944774628e-02 -6.294701538085937500e+02
1.789095687866210938e+01 4.519999999999999574e+00 2.999999932944774628e-02 -2.657763061523437500e+02
1.798595523834228516e+01 4.639999999999999680e+00 2.999999932944774628e-02 -1.818469390869140625e+02
1.809895420074462891e+01 4.730000000000000426e+00 2.999999932944774628e-02 -2.797645568847656250e+02
1.818400073051452637e+01 4.709999999999999964e+00 2.999999932944774628e-02 -3.636938781738281250e+02
1.830095791816711426e+01 4.759999999999999787e+00 2.999999932944774628e-02 -6.294701538085937500e+02
1.839200353622436523e+01 4.589999999999999858e+00 2.999999932944774628e-02 -7.273877563476562500e+02
1.849895429611206055e+01 4.530000000000000249e+00 2.999999932944774628e-02 -5.315526123046875000e+02
1.858995747566223145e+01 4.440000000000000391e+00 2.999999932944774628e-02 -1.818469390869140625e+02
1.868399214744567871e+01 4.570000000000000284e+00 2.999999932944774628e-02 0.000000000000000000e+00
1.879200196266174316e+01 4.919999999999999929e+00 2.999999932944774628e-02 -8.392935943603515625e+01
1.888195681571960449e+01 4.980000000000000426e+00 2.999999932944774628e-02 -4.616115112304687500e+02
1.899895453453063965e+01 4.480000000000000426e+00 2.999999932944774628e-02 0.000000000000000000e+00
1.908495593070983887e+01 3.850000000000000089e+00 2.999999932944774628e-02 0.000000000000000000e+00
1.919695615768432617e+01 3.930000000000000160e+00 2.999999932944774628e-02 0.000000000000000000e+00
1.929200387001037598e+01 3.689999999999999947e+00 2.999999932944774628e-02 0.000000000000000000e+00
1.939999914169311523e+01 2.870000000000000107e+00 2.999999932944774628e-02 0.000000000000000000e+00
1.948895645141601562e+01 2.140000000000000124e+00 2.999999932944774628e-02 8.392935943603515625e+01
1.958399438858032227e+01 1.840000000000000080e+00 2.999999932944774628e-02 2.657763061523437500e+02
1.969599604606628418e+01 1.800000000000000044e+00 2.999999932944774628e-02 3.636938781738281250e+02
1.978096103668212891e+01 1.739999999999999991e+00 2.999999932944774628e-02 4.476232604980468750e+02
1.989893937110900879e+01 1.760000000000000009e+00 2.999999932944774628e-02 5.315526123046875000e+02
1.998898267745971680e+01 1.830000000000000071e+00 2.999999932944774628e-02 2.797645568847656250e+02
2.009600830078125000e+01 1.810000000000000053e+00 2.999999932944774628e-02 3.636938781738281250e+02
2.019095659255981445e+01 1.760000000000000009e+00 2.999999932944774628e-02 4.476232604980468750e+02
2.028195118904113770e+01 1.719999999999999973e+00 2.999999932944774628e-02 5.315526123046875000e+02
2.038894963264465332e+01 1.790000000000000036e+00 2.999999932944774628e-02 7.133995361328125000e+02
2.048000168800354004e+01 1.810000000000000053e+00 2.999999932944774628e-02 6.294701538085937500e+02
2.059696030616760254e+01 1.780000000000000027e+00 2.999999932944774628e-02 7.273877563476562500e+02
2.068195652961730957e+01 1.800000000000000044e+00 2.999999932944774628e-02 6.294701538085937500e+02
2.079494667053222656e+01 1.820000000000000062e+00 2.999999932944774628e-02 7.133995361328125000e+02
2.088894867897033691e+01 1.790000000000000036e+00 2.999999932944774628e-02 8.113171386718750000e+02
2.099694967269897461e+01 1.830000000000000071e+00 2.999999932944774628e-02 7.273877563476562500e+02
2.108694720268249512e+01 1.850000000000000089e+00 2.999999932944774628e-02 5.455408935546875000e+02
2.118194842338562012e+01 1.850000000000000089e+00 2.999999932944774628e-02 3.497056579589843750e+02
2.128995251655578613e+01 1.840000000000000080e+00 2.999999932944774628e-02 3.497056579589843750e+02
2.140095734596252441e+01 1.840000000000000080e+00 2.999999932944774628e-02 3.636938781738281250e+02
2.149695658683776855e+01 1.820000000000000062e+00 2.999999932944774628e-02 3.636938781738281250e+02
2.158594584465026855e+01 1.810000000000000053e+00 2.999999932944774628e-02 4.616115112304687500e+02
2.169394922256469727e+01 1.850000000000000089e+00 2.999999932944774628e-02 4.616115112304687500e+02
2.178896427154541016e+01 1.850000000000000089e+00 2.999999932944774628e-02 5.315526123046875000e+02
2.190096569061279297e+01 1.810000000000000053e+00 2.999999932944774628e-02 5.455408935546875000e+02
2.198594903945922852e+01 1.790000000000000036e+00 2.999999932944774628e-02 6.294701538085937500e+02
2.208096170425415039e+01 1.800000000000000044e+00 2.999999932944774628e-02 6.294701538085937500e+02
2.219394946098327637e+01 1.770000000000000018e+00 2.999999932944774628e-02 5.315526123046875000e+02
2.229494690895080566e+01 1.810000000000000053e+00 2.999999932944774628e-02 5.455408935546875000e+02
2.239600181579589844e+01 1.870000000000000107e+00 2.999999932944774628e-02 5.455408935546875000e+02
2.248696112632751465e+01 1.810000000000000053e+00 2.999999932944774628e-02 4.476232604980468750e+02
2.259395790100097656e+01 1.760000000000000009e+00 2.999999932944774628e-02 4.476232604980468750e+02
2.268495678901672363e+01 1.760000000000000009e+00 2.999999932944774628e-02 5.315526123046875000e+02
2.278594756126403809e+01 1.810000000000000053e+00 2.999999932944774628e-02 5.315526123046875000e+02
2.288695836067199707e+01 1.840000000000000080e+00 2.999999932944774628e-02 6.294701538085937500e+02
2.300001740455627441e+01 1.879999999999999893e+00 2.999999932944774628e-02 5.315526123046875000e+02
2.309395051002502441e+01 1.870000000000000107e+00 2.999999932944774628e-02 5.455408935546875000e+02
2.320194768905639648e+01 1.790000000000000036e+00 2.999999932944774628e-02 6.294701538085937500e+02
2.329201912879943848e+01 1.810000000000000053e+00 2.999999932944774628e-02 7.133995361328125000e+02
2.338695716857910156e+01 1.840000000000000080e+00 2.999999932944774628e-02 6.294701538085937500e+02
2.349495410919189453e+01 1.830000000000000071e+00 2.999999932944774628e-02 5.315526123046875000e+02
2.358401417732238770e+01 1.870000000000000107e+00 2.999999932944774628e-02 4.476232604980468750e+02
2.370195841789245605e+01 1.889999999999999902e+00 2.999999932944774628e-02 3.636938781738281250e+02
2.379095792770385742e+01 1.860000000000000098e+00 2.999999932944774628e-02 3.497056579589843750e+02
2.389894723892211914e+01 1.820000000000000062e+00 2.999999932944774628e-02 4.476232604980468750e+02
2.399395537376403809e+01 1.820000000000000062e+00 2.999999932944774628e-02 4.476232604980468750e+02
2.408399224281311035e+01 1.810000000000000053e+00 2.999999932944774628e-02 5.455408935546875000e+02
2.419095706939697266e+01 1.810000000000000053e+00 2.999999932944774628e-02 4.616115112304687500e+02
2.428596425056457520e+01 1.830000000000000071e+00 2.999999932944774628e-02 3.636938781738281250e+02
2.439894771575927734e+01 1.840000000000000080e+00 2.999999932944774628e-02 5.315526123046875000e+02
2.448399162292480469e+01 1.830000000000000071e+00 2.999999932944774628e-02 5.315526123046875000e+02
2.460096645355224609e+01 1.820000000000000062e+00 2.999999932944774628e-02 6.294701538085937500e+02
2.469199109077453613e+01 1.850000000000000089e+00 2.999999932944774628e-02 5.315526123046875000e+02
2.479895687103271484e+01 1.790000000000000036e+00 2.999999932944774628e-02 4.476232604980468750e+02
2.488996362686157227e+01 1.780000000000000027e+00 2.999999932944774628e-02 4.476232604980468750e+02
2.498398828506469727e+01 1.750000000000000000e+00 2.999999932944774628e-02 4.476232604980468750e+02
2.509201169013977051e+01 1.810000000000000053e+00 2.999999932944774628e-02 5.455408935546875000e+02
2.518194961547851562e+01 1.870000000000000107e+00 2.999999932944774628e-02 4.476232604980468750e+02
2.529895710945129395e+01 1.830000000000000071e+00 2.999999932944774628e-02 4.476232604980468750e+02
2.538495779037475586e+01 1.820000000000000062e+00 2.999999932944774628e-02 6.294701538085937500e+02
2.549696588516235352e+01 1.820000000000000062e+00 2.999999932944774628e-02 5.455408935546875000e+02
2.559199929237365723e+01 1.800000000000000044e+00 2.999999932944774628e-02 5.455408935546875000e+02
2.569999814033508301e+01 1.780000000000000027e+00 2.999999932944774628e-02 6.294701538085937500e+02
2.578895735740661621e+01 1.820000000000000062e+00 2.999999932944774628e-02 7.273877563476562500e+02
2.588399314880371094e+01 1.860000000000000098e+00 2.999999932944774628e-02 6.294701538085937500e+02
2.599600625038146973e+01 1.860000000000000098e+00 2.999999932944774628e-02 5.455408935546875000e+02
2.608096265792846680e+01 1.850000000000000089e+00 2.999999932944774628e-02 5.315526123046875000e+02
2.619895434379577637e+01 1.830000000000000071e+00 2.999999932944774628e-02 3.636938781738281250e+02
2.628895640373229980e+01 1.810000000000000053e+00 2.999999932944774628e-02 2.797645568847656250e+02
2.639599847793579102e+01 1.790000000000000036e+00 2.999999932944774628e-02 1.818469390869140625e+02
2.649095845222473145e+01 1.800000000000000044e+00 2.999999932944774628e-02 0.000000000000000000e+00
2.658195519447326660e+01 1.729999999999999982e+00 2.999999932944774628e-02 8.392935943603515625e+01
2.668896102905273438e+01 1.729999999999999982e+00 2.999999932944774628e-02 5.455408935546875000e+02
2.677999019622802734e+01 1.800000000000000044e+00 2.999999932944774628e-02 6.294701538085937500e+02
2.689695644378662109e+01 1.830000000000000071e+00 2.999999932944774628e-02 5.455408935546875000e+02
2.698195505142211914e+01 1.850000000000000089e+00 2.999999932944774628e-02 3.497056579589843750e+02
2.709495377540588379e+01 1.830000000000000071e+00 2.999999932944774628e-02 3.497056579589843750e+02
2.718895602226257324e+01 1.800000000000000044e+00 2.999999932944774628e-02 6.294701538085937500e+02
2.729695487022399902e+01 1.830000000000000071e+00 2.999999932944774628e-02 5.315526123046875000e+02
2.738695502281188965e+01 1.820000000000000062e+00 2.999999932944774628e-02 4.476232604980468750e+02
2.748196077346801758e+01 1.840000000000000080e+00 2.999999932944774628e-02 3.636938781738281250e+02
2.758996415138244629e+01 1.830000000000000071e+00 2.999999932944774628e-02 3.636938781738281250e+02
2.770095872879028320e+01 1.790000000000000036e+00 2.999999932944774628e-02 3.636938781738281250e+02
2.779695773124694824e+01 1.780000000000000027e+00 2.999999932944774628e-02 4.476232604980468750e+02
2.788595628738403320e+01 1.790000000000000036e+00 2.999999932944774628e-02 5.315526123046875000e+02
2.799395823478698730e+01 1.790000000000000036e+00 2.999999932944774628e-02 5.315526123046875000e+02
2.808895611763000488e+01 1.830000000000000071e+00 2.999999932944774628e-02 4.476232604980468750e+02
2.820095753669738770e+01 1.780000000000000027e+00 2.999999932944774628e-02 5.315526123046875000e+02
2.828595399856567383e+01 1.790000000000000036e+00 2.999999932944774628e-02 5.315526123046875000e+02
2.838096117973327637e+01 1.780000000000000027e+00 2.999999932944774628e-02 7.133995361328125000e+02
2.849394774436950684e+01 1.770000000000000018e+00 2.999999932944774628e-02 8.113171386718750000e+02
2.860095906257629395e+01 1.840000000000000080e+00 2.999999932944774628e-02 9.931641235351562500e+02
2.869599699974060059e+01 1.840000000000000080e+00 2.999999932944774628e-02 7.973289184570312500e+02
2.878695726394653320e+01 1.889999999999999902e+00 2.999999932944774628e-02 6.294701538085937500e+02
2.889395570755004883e+01 1.840000000000000080e+00 2.999999932944774628e-02 5.455408935546875000e+02
2.898495769500732422e+01 1.860000000000000098e+00 2.999999932944774628e-02 4.616115112304687500e+02
2.910195660591125488e+01 1.879999999999999893e+00 2.999999932944774628e-02 2.657763061523437500e+02
2.918694758415222168e+01 1.850000000000000089e+00 2.999999932944774628e-02 2.657763061523437500e+02
2.929999518394470215e+01 1.780000000000000027e+00 2.999999932944774628e-02 3.636938781738281250e+02
2.939395427703857422e+01 1.770000000000000018e+00 2.999999932944774628e-02 4.476232604980468750e+02
2.948695564270019531e+01 1.830000000000000071e+00 2.999999932944774628e-02 3.636938781738281250e+02
2.959199309349060059e+01 1.860000000000000098e+00 2.999999932944774628e-02 4.616115112304687500e+02
2.968695545196533203e+01 1.810000000000000053e+00 2.999999932944774628e-02 5.315526123046875000e+02
2.979495549201965332e+01 1.780000000000000027e+00 2.999999932944774628e-02 4.476232604980468750e+02
2.988399529457092285e+01 1.840000000000000080e+00 2.999999932944774628e-02 4.476232604980468750e+02
3.000195574760437012e+01 1.820000000000000062e+00 2.999999932944774628e-02 4.476232604980468750e+02
3.009096884727478027e+01 1.800000000000000044e+00 2.999999932944774628e-02 4.476232604980468750e+02
3.019895553588867188e+01 1.770000000000000018e+00 2.999999932944774628e-02 4.476232604980468750e+02
3.029395461082458496e+01 1.830000000000000071e+00 2.999999932944774628e-02 5.455408935546875000e+02
3.038399672508239746e+01 1.860000000000000098e+00 2.999999932944774628e-02 6.294701538085937500e+02
3.049095749855041504e+01 1.810000000000000053e+00 2.999999932944774628e-02 6.294701538085937500e+02
3.058595848083496094e+01 1.760000000000000009e+00 2.999999932944774628e-02 5.455408935546875000e+02
3.069895648956298828e+01 1.780000000000000027e+00 2.999999932944774628e-02 7.133995361328125000e+02
3.078399658203125000e+01 1.830000000000000071e+00 2.999999932944774628e-02 6.294701538085937500e+02
3.090095996856689453e+01 1.889999999999999902e+00 2.999999932944774628e-02 6.294701538085937500e+02
3.099199223518371582e+01 1.870000000000000107e+00 2.999999932944774628e-02 4.476232604980468750e+02
3.109895515441894531e+01 1.810000000000000053e+00 2.999999932944774628e-02 4.476232604980468750e+02
3.118995857238769531e+01 1.770000000000000018e+00 2.999999932944774628e-02 5.455408935546875000e+02
3.128399968147277832e+01 1.800000000000000044e+00 2.999999932944774628e-02 5.455408935546875000e+02
3.139200472831726074e+01 1.810000000000000053e+00 2.999999932944774628e-02 5.455408935546875000e+02
3.148195600509643555e+01 1.830000000000000071e+00 2.999999932944774628e-02 3.636938781738281250e+02
3.159895634651184082e+01 1.860000000000000098e+00 2.999999932944774628e-02 5.455408935546875000e+02
3.168495655059814453e+01 1.840000000000000080e+00 2.999999932944774628e-02 5.455408935546875000e+02
3.179695892333984375e+01 1.860000000000000098e+00 2.999999932944774628e-02 4.616115112304687500e+02
3.189200353622436523e+01 1.820000000000000062e+00 2.999999932944774628e-02 5.455408935546875000e+02
3.200001049041748047e+01 1.800000000000000044e+00 2.999999932944774628e-02 4.616115112304687500e+02
3.208896064758300781e+01 1.790000000000000036e+00 2.999999932944774628e-02 5.455408935546875000e+02
3.218400263786315918e+01 1.739999999999999991e+00 2.999999932944774628e-02 5.315526123046875000e+02
3.229599571228027344e+01 1.780000000000000027e+00 2.999999932944774628e-02 5.315526123046875000e+02
3.238095784187316895e+01 1.889999999999999902e+00 2.999999932944774628e-02 1.818469390869140625e+02
3.249894714355468750e+01 1.860000000000000098e+00 2.999999932944774628e-02 0.000000000000000000e+00
3.258895659446716309e+01 1.719999999999999973e+00 2.999999932944774628e-02 0.000000000000000000e+00
3.269599699974060059e+01 1.639999999999999902e+00 2.999999932944774628e-02 0.000000000000000000e+00
3.279096007347106934e+01 1.679999999999999938e+00 2.999999932944774628e-02 0.000000000000000000e+00
3.288195586204528809e+01 1.679999999999999938e+00 2.999999932944774628e-02 0.000000000000000000e+00
3.298895764350891113e+01 1.699999999999999956e+00 2.999999932944774628e-02 0.000000000000000000e+00
3.308000588417053223e+01 1.739999999999999991e+00 2.999999932944774628e-02 0.000000000000000000e+00
3.319695711135864258e+01 1.919999999999999929e+00 2.999999932944774628e-02 0.000000000000000000e+00
3.328195619583129883e+01 2.080000000000000071e+00 2.999999932944774628e-02 0.000000000000000000e+00
3.339497160911560059e+01 2.240000000000000213e+00 2.999999932944774628e-02 0.000000000000000000e+00
3.348895645141601562e+01 2.609999999999999876e+00 2.999999932944774628e-02 0.000000000000000000e+00
3.359695482254028320e+01 3.250000000000000000e+00 2.999999932944774628e-02 0.000000000000000000e+00
3.368695425987243652e+01 3.169999999999999929e+00 2.999999932944774628e-02 0.000000000000000000e+00
3.378195786476135254e+01 2.740000000000000213e+00 2.999999932944774628e-02 0.000000000000000000e+00
3.388995838165283203e+01 2.379999999999999893e+00 2.999999932944774628e-02 0.000000000000000000e+00
3.398595595359802246e+01 2.540000000000000036e+00 2.999999932944774628e-02 0.000000000000000000e+00
3.409695506095886230e+01 2.770000000000000018e+00 2.999999932944774628e-02 0.000000000000000000e+00
3.418595480918884277e+01 3.180000000000000160e+00 2.999999932944774628e-02 0.000000000000000000e+00
3.429395627975463867e+01 3.370000000000000107e+00 2.999999932944774628e-02 0.000000000000000000e+00
3.438895487785339355e+01 3.810000000000000053e+00 2.999999932944774628e-02 0.000000000000000000e+00
3.450096035003662109e+01 4.360000000000000320e+00 2.999999932944774628e-02 0.000000000000000000e+00
3.458595657348632812e+01 4.950000000000000178e+00 2.999999932944774628e-02 -2.657763061523437500e+02
3.468095374107360840e+01 4.660000000000000142e+00 2.999999932944774628e-02 -4.616115112304687500e+02
3.479395413398742676e+01 4.700000000000000178e+00 2.999999932944774628e-02 -5.455408935546875000e+02
3.490095782279968262e+01 4.709999999999999964e+00 2.999999932944774628e-02 -7.133995361328125000e+02
3.499599313735961914e+01 4.620000000000000107e+00 2.999999932944774628e-02 -7.133995361328125000e+02
3.508695721626281738e+01 4.570000000000000284e+00 2.999999932944774628e-02 -6.294701538085937500e+02
3.519395518302917480e+01 4.629999999999999893e+00 2.999999932944774628e-02 -6.294701538085937500e+02
3.528495645523071289e+01 4.639999999999999680e+00 2.999999932944774628e-02 -5.455408935546875000e+02
3.539395499229431152e+01 4.650000000000000355e+00 2.999999932944774628e-02 -4.476232604980468750e+02
3.548695421218872070e+01 4.719999999999999751e+00 2.999999932944774628e-02 -6.294701538085937500e+02
3.559999370574951172e+01 4.650000000000000355e+00 2.999999932944774628e-02 -6.434584350585937500e+02
3.569395351409912109e+01 4.599999999999999645e+00 2.999999932944774628e-02 -6.294701538085937500e+02
3.580195474624633789e+01 4.620000000000000107e+00 2.999999932944774628e-02 -8.113171386718750000e+02
3.589199352264404297e+01 4.610000000000000320e+00 2.999999932944774628e-02 -8.113171386718750000e+02
3.598695898056030273e+01 4.650000000000000355e+00 2.999999932944774628e-02 -6.294701538085937500e+02
3.609495472908020020e+01 4.639999999999999680e+00 2.999999932944774628e-02 -5.455408935546875000e+02
3.618401241302490234e+01 4.629999999999999893e+00 2.999999932944774628e-02 -6.434584350585937500e+02
3.628595542907714844e+01 4.549999999999999822e+00 2.999999932944774628e-02 -6.294701538085937500e+02
3.639095783233642578e+01 4.559999999999999609e+00 2.999999932944774628e-02 -6.294701538085937500e+02
3.649895668029785156e+01 4.599999999999999645e+00 2.999999932944774628e-02 -6.294701538085937500e+02
3.659395647048950195e+01 4.629999999999999893e+00 2.999999932944774628e-02 -6.294701538085937500e+02
3.668399429321289062e+01 4.589999999999999858e+00 2.999999932944774628e-02 -6.294701538085937500e+02
3.679095864295959473e+01 4.599999999999999645e+00 2.999999932944774628e-02 -7.133995361328125000e+02
3.688596343994140625e+01 4.589999999999999858e+00 2.999999932944774628e-02 -6.294701538085937500e+02
3.699895882606506348e+01 4.620000000000000107e+00 2.999999932944774628e-02 -8.952465209960937500e+02
3.708400249481201172e+01 4.580000000000000071e+00 2.999999932944774628e-02 -8.952465209960937500e+02
3.720095944404602051e+01 4.559999999999999609e+00 2.999999932944774628e-02 -1.077093505859375000e+03
3.729199862480163574e+01 4.580000000000000071e+00 2.999999932944774628e-02 -9.931641235351562500e+02
3.739895606040954590e+01 4.580000000000000071e+00 2.999999932944774628e-02 -8.952465209960937500e+02
3.748995995521545410e+01 4.570000000000000284e+00 2.999999932944774628e-02 -8.113171386718750000e+02
3.758400321006774902e+01 4.589999999999999858e+00 2.999999932944774628e-02 -7.273877563476562500e+02
3.769200277328491211e+01 4.589999999999999858e+00 2.999999932944774628e-02 -7.133995361328125000e+02
3.778195309638977051e+01 4.589999999999999858e+00 2.999999932944774628e-02 -7.273877563476562500e+02
3.789896297454833984e+01 4.599999999999999645e+00 2.999999932944774628e-02 -7.133995361328125000e+02
3.798495912551879883e+01 4.589999999999999858e+00 2.999999932944774628e-02 -7.133995361328125000e+02
3.809695577621459961e+01 4.540000000000000036e+00 2.999999932944774628e-02 -8.113171386718750000e+02
3.819199490547180176e+01 4.519999999999999574e+00 2.999999932944774628e-02 -8.952465209960937500e+02
3.830000901222229004e+01 4.570000000000000284e+00 2.999999932944774628e-02 -8.952465209960937500e+02
3.838895988464355469e+01 4.559999999999999609e+00 2.999999932944774628e-02 -9.791759033203125000e+02
3.848400211334228516e+01 4.599999999999999645e+00 2.999999932944774628e-02 -9.092347412109375000e+02
3.859600257873535156e+01 4.519999999999999574e+00 2.999999932944774628e-02 -9.931641235351562500e+02
3.868095946311950684e+01 4.519999999999999574e+00 2.999999932944774628e-02 -9.791759033203125000e+02
3.879895305633544922e+01 4.589999999999999858e+00 2.999999932944774628e-02 -8.952465209960937500e+02
3.888895630836486816e+01 4.540000000000000036e+00 2.999999932944774628e-02 -8.952465209960937500e+02
3.899599885940551758e+01 4.540000000000000036e+00 2.999999932944774628e-02 -7.133995361328125000e+02
3.909096479415893555e+01 4.530000000000000249e+00 2.999999932944774628e-02 -7.133995361328125000e+02
3.918195509910583496e+01 4.570000000000000284e+00 2.999999932944774628e-02 -7.133995361328125000e+02
3.928895545005798340e+01 4.610000000000000320e+00 2.999999932944774628e-02 -8.952465209960937500e+02
3.938000845909118652e+01 4.580000000000000071e+00 2.999999932944774628e-02 -9.791759033203125000e+02
3.949695730209350586e+01 4.559999999999999609e+00 2.999999932944774628e-02 -8.952465209960937500e+02
3.958195471763610840e+01 4.530000000000000249e+00 2.999999932944774628e-02 -7.133995361328125000e+02
3.969495415687561035e+01 4.589999999999999858e+00 2.999999932944774628e-02 -8.952465209960937500e+02
3.978895378112792969e+01 4.519999999999999574e+00 2.999999932944774628e-02 -8.952465209960937500e+02
3.989695429801940918e+01 4.519999999999999574e+00 2.999999932944774628e-02 -8.952465209960937500e+02
3.998695278167724609e+01 4.540000000000000036e+00 2.999999932944774628e-02 -8.113171386718750000e+02
4.008195662498474121e+01 4.599999999999999645e+00 2.999999932944774628e-02 -9.931641235351562500e+02
4.018996310234069824e+01 4.549999999999999822e+00 2.999999932944774628e-02 -8.952465209960937500e+02
4.029395437240600586e+01 4.519999999999999574e+00 2.999999932944774628e-02 -9.931641235351562500e+02
4.039695310592651367e+01 4.519999999999999574e+00 2.999999932944774628e-02 -8.113171386718750000e+02
4.048595428466796875e+01 4.599999999999999645e+00 2.999999932944774628e-02 -8.113171386718750000e+02
4.059395408630371094e+01 4.620000000000000107e+00 2.999999932944774628e-02 -7.273877563476562500e+02
4.068895840644836426e+01 4.570000000000000284e+00 2.999999932944774628e-02 -9.931641235351562500e+02
4.080096054077148438e+01 4.549999999999999822e+00 2.999999932944774628e-02 -1.077093505859375000e+03
4.088595795631408691e+01 4.589999999999999858e+00 2.999999932944774628e-02 -9.092347412109375000e+02
4.098095941543579102e+01 4.549999999999999822e+00 2.999999932944774628e-02 -1.077093505859375000e+03
4.109395766258239746e+01 4.450000000000000178e+00 2.999999932944774628e-02 -8.952465209960937500e+02
4.120095610618591309e+01 4.509999999999999787e+00 2.999999932944774628e-02 -8.113171386718750000e+02
4.129601550102233887e+01 4.480000000000000426e+00 2.999999932944774628e-02 -8.113171386718750000e+02
4.138696813583374023e+01 4.519999999999999574e+00 2.999999932944774628e-02 -7.133995361328125000e+02
4.149395370483398438e+01 4.540000000000000036e+00 2.999999932944774628e-02 -7.273877563476562500e+02
4.158495664596557617e+01 4.559999999999999609e+00 2.999999932944774628e-02 -8.113171386718750000e+02
4.170195889472961426e+01 4.610000000000000320e+00 2.999999932944774628e-02 -8.113171386718750000e+02
4.178695535659790039e+01 4.540000000000000036e+00 2.999999932944774628e-02 -8.113171386718750000e+02
4.190000271797180176e+01 4.509999999999999787e+00 2.999999932944774628e-02 -7.133995361328125000e+02
4.199395585060119629e+01 4.549999999999999822e+00 2.999999932944774628e-02 -5.455408935546875000e+02
4.210195446014404297e+01 4.589999999999999858e+00 2.999999932944774628e-02 -5.455408935546875000e+02
4.219199466705322266e+01 4.580000000000000071e+00 2.999999932944774628e-02 -4.476232604980468750e+02
4.228695392608642578e+01 4.580000000000000071e+00 2.999999932944774628e-02 -5.455408935546875000e+02
4.239496493339538574e+01 4.660000000000000142e+00 2.999999932944774628e-02 -8.113171386718750000e+02
4.248399376869201660e+01 4.610000000000000320e+00 2.999999932944774628e-02 -9.931641235351562500e+02
4.260195875167846680e+01 4.519999999999999574e+00 2.999999932944774628e-02 -8.113171386718750000e+02
4.269095730781555176e+01 4.559999999999999609e+00 2.999999932944774628e-02 -7.273877563476562500e+02
4.279895472526550293e+01 4.509999999999999787e+00 2.999999932944774628e-02 -7.273877563476562500e+02
4.289395523071289062e+01 4.480000000000000426e+00 2.999999932944774628e-02 -7.273877563476562500e+02
4.298400783538818359e+01 4.540000000000000036e+00 2.999999932944774628e-02 0.000000000000000000e+00
4.309095931053161621e+01 3.740000000000000213e+00 2.999999932944774628e-02 0.000000000000000000e+00
4.318595719337463379e+01 3.770000000000000018e+00 2.999999932944774628e-02 0.000000000000000000e+00
4.329895496368408203e+01 3.549999999999999822e+00 2.999999932944774628e-02 0.000000000000000000e+00
4.338400053977966309e+01 2.270000000000000018e+00 2.999999932944774628e-02 8.392935943603515625e+01
4.350095844268798828e+01 1.770000000000000018e+00 2.999999932944774628e-02 6.294701538085937500e+02
4.359199404716491699e+01 1.719999999999999973e+00 2.999999932944774628e-02 9.791759033203125000e+02
4.369895410537719727e+01 1.790000000000000036e+00 2.999999932944774628e-02 1.077093505859375000e+03
4.378996181488037109e+01 1.800000000000000044e+00 2.999999932944774628e-02 8.952465209960937500e+02
4.388400602340698242e+01 1.860000000000000098e+00 2.999999932944774628e-02 8.952465209960937500e+02
4.399199509620666504e+01 1.810000000000000053e+00 2.999999932944774628e-02 8.113171386718750000e+02
4.408195543289184570e+01 1.860000000000000098e+00 2.999999932944774628e-02 6.294701538085937500e+02
4.419895887374877930e+01 1.800000000000000044e+00 2.999999932944774628e-02 6.294701538085937500e+02
4.428495502471923828e+01 1.800000000000000044e+00 2.999999932944774628e-02 7.273877563476562500e+02
4.439695763587951660e+01 1.810000000000000053e+00 2.999999932944774628e-02 7.133995361328125000e+02
4.449200820922851562e+01 1.810000000000000053e+00 2.999999932944774628e-02 6.294701538085937500e+02
4.460001277923583984e+01 1.879999999999999893e+00 2.999999932944774628e-02 6.294701538085937500e+02
4.468895554542541504e+01 1.860000000000000098e+00 2.999999932944774628e-02 7.133995361328125000e+02
4.478400301933288574e+01 1.850000000000000089e+00 2.999999932944774628e-02 7.273877563476562500e+02
4.489600586891174316e+01 1.860000000000000098e+00 2.999999932944774628e-02 8.113171386718750000e+02
4.498095989227294922e+01 1.800000000000000044e+00 2.999999932944774628e-02 8.952465209960937500e+02
4.509895634651184082e+01 1.790000000000000036e+00 2.999999932944774628e-02 9.791759033203125000e+02
4.518895530700683594e+01 1.760000000000000009e+00 2.999999932944774628e-02 1.077093505859375000e+03
4.529600596427917480e+01 1.860000000000000098e+00 2.999999932944774628e-02 1.258940307617187500e+03
4.539094948768615723e+01 1.770000000000000018e+00 2.999999932944774628e-02 1.258940307617187500e+03
4.548195672035217285e+01 1.840000000000000080e+00 2.999999932944774628e-02 1.077093505859375000e+03
4.558895635604858398e+01 1.899999999999999911e+00 2.999999932944774628e-02 1.175010986328125000e+03
4.568001103401184082e+01 1.830000000000000071e+00 2.999999932944774628e-02 1.091081787109375000e+03
4.579695987701416016e+01 1.820000000000000062e+00 2.999999932944774628e-02 1.091081787109375000e+03
4.588195657730102539e+01 1.879999999999999893e+00 2.999999932944774628e-02 9.092347412109375000e+02
4.599495673179626465e+01 1.919999999999999929e+00 2.999999932944774628e-02 8.952465209960937500e+02
4.608895540237426758e+01 1.830000000000000071e+00 2.999999932944774628e-02 1.175010986328125000e+03
4.619695544242858887e+01 1.810000000000000053e+00 2.999999932944774628e-02 1.175010986328125000e+03
4.628695559501647949e+01 1.899999999999999911e+00 2.999999932944774628e-02 9.931641235351562500e+02
4.638195466995239258e+01 1.909999999999999920e+00 2.999999932944774628e-02 7.273877563476562500e+02
4.648996376991271973e+01 1.830000000000000071e+00 2.999999932944774628e-02 6.294701538085937500e+02
4.660195684432983398e+01 1.830000000000000071e+00 2.999999932944774628e-02 4.476232604980468750e+02
4.669695734977722168e+01 1.790000000000000036e+00 2.999999932944774628e-02 7.273877563476562500e+02
4.678595471382141113e+01 1.820000000000000062e+00 2.999999932944774628e-02 8.113171386718750000e+02
4.689395475387573242e+01 1.790000000000000036e+00 2.999999932944774628e-02 9.931641235351562500e+02
4.698896384239196777e+01 1.780000000000000027e+00 2.999999932944774628e-02 1.272928588867187500e+03
4.710095810890197754e+01 1.820000000000000062e+00 2.999999932944774628e-02 1.258940307617187500e+03
4.718595528602600098e+01 1.860000000000000098e+00 2.999999932944774628e-02 1.077093505859375000e+03
4.728095889091491699e+01 1.870000000000000107e+00 2.999999932944774628e-02 1.161022827148437500e+03
4.739395570755004883e+01 1.830000000000000071e+00 2.999999932944774628e-02 9.092347412109375000e+02
4.750098156929016113e+01 1.860000000000000098e+00 2.999999932944774628e-02 1.077093505859375000e+03
4.759599947929382324e+01 1.870000000000000107e+00 2.999999932944774628e-02 9.931641235351562500e+02
4.768695688247680664e+01 1.889999999999999902e+00 2.999999932944774628e-02 8.952465209960937500e+02
4.779395437240600586e+01 1.879999999999999893e+00 2.999999932944774628e-02 7.273877563476562500e+02
4.788495731353759766e+01 1.850000000000000089e+00 2.999999932944774628e-02 8.113171386718750000e+02
4.800195431709289551e+01 1.790000000000000036e+00 2.999999932944774628e-02 9.092347412109375000e+02
4.808694577217102051e+01 1.800000000000000044e+00 2.999999932944774628e-02 1.175010986328125000e+03
4.820001697540283203e+01 1.800000000000000044e+00 2.999999932944774628e-02 1.258940307617187500e+03
4.829395556449890137e+01 1.820000000000000062e+00 2.999999932944774628e-02 1.077093505859375000e+03
4.840195775032043457e+01 1.879999999999999893e+00 2.999999932944774628e-02 8.952465209960937500e+02
4.849200057983398438e+01 1.870000000000000107e+00 2.999999932944774628e-02 8.952465209960937500e+02
4.858695530891418457e+01 1.860000000000000098e+00 2.999999932944774628e-02 8.113171386718750000e+02
4.869495773315429688e+01 1.850000000000000089e+00 2.999999932944774628e-02 7.133995361328125000e+02
4.878399419784545898e+01 1.860000000000000098e+00 2.999999932944774628e-02 8.113171386718750000e+02
4.887895560264587402e+01 1.820000000000000062e+00 2.999999932944774628e-02 8.113171386718750000e+02
4.899095106124877930e+01 1.840000000000000080e+00 2.999999932944774628e-02 9.931641235351562500e+02
4.909894919395446777e+01 1.830000000000000071e+00 2.999999932944774628e-02 9.931641235351562500e+02
4.919397473335266113e+01 1.850000000000000089e+00 2.999999932944774628e-02 8.113171386718750000e+02
4.928400707244873047e+01 1.830000000000000071e+00 2.999999932944774628e-02 8.952465209960937500e+02
4.939096045494079590e+01 1.870000000000000107e+00 2.999999932944774628e-02 9.791759033203125000e+02
4.948595547676086426e+01 1.760000000000000009e+00 2.999999932944774628e-02 9.791759033203125000e+02
4.959895443916320801e+01 1.790000000000000036e+00 2.999999932944774628e-02 9.931641235351562500e+02
4.968399596214294434e+01 1.860000000000000098e+00 2.999999932944774628e-02 9.791759033203125000e+02
4.980095863342285156e+01 1.840000000000000080e+00 2.999999932944774628e-02 1.175010986328125000e+03
4.989200639724731445e+01 1.780000000000000027e+00 2.999999932944774628e-02 1.077093505859375000e+03
4.999895405769348145e+01 1.820000000000000062e+00 2.999999932944774628e-02 1.077093505859375000e+03
5.008996248245239258e+01 1.850000000000000089e+00 2.999999932944774628e-02 1.091081787109375000e+03
5.018400311470031738e+01 1.889999999999999902e+00 2.999999932944774628e-02 1.077093505859375000e+03
5.029199457168579102e+01 1.800000000000000044e+00 2.999999932944774628e-02 1.077093505859375000e+03
5.038195681571960449e+01 1.889999999999999902e+00 2.999999932944774628e-02 0.000000000000000000e+00
5.049895310401916504e+01 3.100000000000000089e+00 2.999999932944774628e-02 0.000000000000000000e+00
5.058495521545410156e+01 3.189999999999999947e+00 2.999999932944774628e-02 0.000000000000000000e+00
5.069695520401000977e+01 2.950000000000000178e+00 2.999999932944774628e-02 0.000000000000000000e+00
5.079199051856994629e+01 2.740000000000000213e+00 2.999999932944774628e-02 0.000000000000000000e+00
5.090000009536743164e+01 2.740000000000000213e+00 2.999999932944774628e-02 0.000000000000000000e+00
5.098895502090454102e+01 2.609999999999999876e+00 2.999999932944774628e-02 0.000000000000000000e+00
5.108400702476501465e+01 2.649999999999999911e+00 2.999999932944774628e-02 0.000000000000000000e+00
5.119601106643676758e+01 3.040000000000000036e+00 2.999999932944774628e-02 0.000000000000000000e+00
5.128095793724060059e+01 3.100000000000000089e+00 2.999999932944774628e-02 0.000000000000000000e+00
5.139895343780517578e+01 3.470000000000000195e+00 2.999999932944774628e-02 0.000000000000000000e+00
5.148895955085754395e+01 4.190000000000000391e+00 2.999999932944774628e-02 0.000000000000000000e+00
5.159598946571350098e+01 4.620000000000000107e+00 2.999999932944774628e-02 -9.791758728027343750e+01
5.169095802307128906e+01 4.740000000000000213e+00 2.999999932944774628e-02 -3.636938781738281250e+02
5.178195405006408691e+01 4.660000000000000142e+00 2.999999932944774628e-02 -4.476232604980468750e+02
5.188895750045776367e+01 4.660000000000000142e+00 2.999999932944774628e-02 -6.294701538085937500e+02
5.198000001907348633e+01 4.790000000000000036e+00 2.999999932944774628e-02 -9.931641235351562500e+02
5.209696030616760254e+01 4.660000000000000142e+00 2.999999932944774628e-02 -1.622634277343750000e+03
5.218194651603698730e+01 4.629999999999999893e+00 2.999999932944774628e-02 -1.440787353515625000e+03
5.229495573043823242e+01 4.549999999999999822e+00 2.999999932944774628e-02 -1.538704956054687500e+03
5.238895320892333984e+01 4.509999999999999787e+00 2.999999932944774628e-02 -1.524716674804687500e+03
5.249695539474487305e+01 4.580000000000000071e+00 2.999999932944774628e-02 -1.538704956054687500e+03
5.258694887161254883e+01 4.490000000000000213e+00 2.999999932944774628e-02 -1.440787353515625000e+03
5.268195295333862305e+01 4.429999999999999716e+00 2.999999932944774628e-02 -1.440787353515625000e+03
5.278996038436889648e+01 4.530000000000000249e+00 2.999999932944774628e-02 -1.440787353515625000e+03
5.288595581054687500e+01 4.490000000000000213e+00 2.999999932944774628e-02 -1.622634277343750000e+03
5.299695897102355957e+01 4.450000000000000178e+00 2.999999932944774628e-02 -1.622634277343750000e+03
5.308595633506774902e+01 4.490000000000000213e+00 2.999999932944774628e-02 -1.342869750976562500e+03
5.319395518302917480e+01 4.519999999999999574e+00 2.999999932944774628e-02 -1.356857910156250000e+03
5.328895473480224609e+01 4.570000000000000284e+00 2.999999932944774628e-02 -1.706563598632812500e+03
5.340095686912536621e+01 4.570000000000000284e+00 2.999999932944774628e-02 -1.888410644531250000e+03
5.348595619201660156e+01 4.440000000000000391e+00 2.999999932944774628e-02 -1.706563598632812500e+03
5.358095765113830566e+01 4.429999999999999716e+00 2.999999932944774628e-02 -1.888410644531250000e+03
5.369395518302917480e+01 4.490000000000000213e+00 2.999999932944774628e-02 -1.804481201171875000e+03
5.380095839500427246e+01 4.469999999999999751e+00 2.999999932944774628e-02 -2.252104736328125000e+03
5.389599347114562988e+01 4.559999999999999609e+00 2.999999932944774628e-02 -2.252104736328125000e+03
5.398695421218872070e+01 4.440000000000000391e+00 2.999999932944774628e-02 -2.070257568359375000e+03
5.409395432472229004e+01 4.440000000000000391e+00 2.999999932944774628e-02 -1.902398925781250000e+03
5.418495488166809082e+01 4.450000000000000178e+00 2.999999932944774628e-02 -2.070257568359375000e+03
5.430195379257202148e+01 4.410000000000000142e+00 2.999999932944774628e-02 -1.888410644531250000e+03
5.438695383071899414e+01 4.459999999999999964e+00 2.999999932944774628e-02 -1.986328247070312500e+03
5.450000166893005371e+01 4.429999999999999716e+00 2.999999932944774628e-02 -1.986328247070312500e+03
5.459395647048950195e+01 4.540000000000000036e+00 2.999999932944774628e-02 -1.986328247070312500e+03
5.470195341110229492e+01 4.450000000000000178e+00 2.999999932944774628e-02 -1.888410644531250000e+03
5.479200768470764160e+01 4.469999999999999751e+00 2.999999932944774628e-02 -1.804481201171875000e+03
5.488695645332336426e+01 4.419999999999999929e+00 2.999999932944774628e-02 -1.804481201171875000e+03
5.499496507644653320e+01 4.389999999999999680e+00 2.999999932944774628e-02 -1.538704956054687500e+03
5.508400058746337891e+01 4.429999999999999716e+00 2.999999932944774628e-02 -1.440787353515625000e+03
5.520195746421813965e+01 4.509999999999999787e+00 2.999999932944774628e-02 -1.258940307617187500e+03
5.529095554351806641e+01 4.549999999999999822e+00 2.999999932944774628e-02 -1.356857910156250000e+03
5.539895391464233398e+01 4.480000000000000426e+00 2.999999932944774628e-02 -8.952465209960937500e+02
5.549395680427551270e+01 4.440000000000000391e+00 2.999999932944774628e-02 -7.273877563476562500e+02
5.558400249481201172e+01 4.530000000000000249e+00 2.999999932944774628e-02 -8.113171386718750000e+02
5.569095563888549805e+01 4.650000000000000355e+00 2.999999932944774628e-02 -1.077093505859375000e+03
5.578595566749572754e+01 4.599999999999999645e+00 2.999999932944774628e-02 -9.931641235351562500e+02
5.589895868301391602e+01 4.490000000000000213e+00 2.999999932944774628e-02 -9.931641235351562500e+02
5.598399615287780762e+01 4.480000000000000426e+00 2.999999932944774628e-02 -9.931641235351562500e+02
5.610096001625061035e+01 3.819999999999999840e+00 2.999999932944774628e-02 0.000000000000000000e+00
5.619199776649475098e+01 2.899999999999999911e+00 2.999999932944774628e-02 0.000000000000000000e+00
5.629895567893981934e+01 2.419999999999999929e+00 2.999999932944774628e-02 0.000000000000000000e+00
5.638995671272277832e+01 1.820000000000000062e+00 2.999999932944774628e-02 8.392935943603515625e+01
5.648399281501770020e+01 1.699999999999999956e+00 2.999999932944774628e-02 8.952465209960937500e+02
5.659200572967529297e+01 1.669999999999999929e+00 2.999999932944774628e-02 1.342869750976562500e+03
5.668195462226867676e+01 1.820000000000000062e+00 2.999999932944774628e-02 1.440787353515625000e+03
5.679896545410156250e+01 1.850000000000000089e+00 2.999999932944774628e-02 1.258940307617187500e+03
5.688496232032775879e+01 1.790000000000000036e+00 2.999999932944774628e-02 1.440787353515625000e+03
5.699695682525634766e+01 1.790000000000000036e+00 2.999999932944774628e-02 1.426799072265625000e+03
5.709200048446655273e+01 1.800000000000000044e+00 2.999999932944774628e-02 1.524716674804687500e+03
5.720001077651977539e+01 1.850000000000000089e+00 2.999999932944774628e-02 1.538704956054687500e+03
5.728895568847656250e+01 1.889999999999999902e+00 2.999999932944774628e-02 1.622634277343750000e+03
5.738399600982666016e+01 1.889999999999999902e+00 2.999999932944774628e-02 1.342869750976562500e+03
5.749599575996398926e+01 1.830000000000000071e+00 2.999999932944774628e-02 1.538704956054687500e+03
5.758095955848693848e+01 1.820000000000000062e+00 2.999999932944774628e-02 1.706563598632812500e+03
5.769895696640014648e+01 1.810000000000000053e+00 2.999999932944774628e-02 1.804481201171875000e+03
5.778895425796508789e+01 1.860000000000000098e+00 2.999999932944774628e-02 1.888410644531250000e+03
5.789599442481994629e+01 1.800000000000000044e+00 2.999999932944774628e-02 1.888410644531250000e+03
5.799095821380615234e+01 1.959999999999999964e+00 2.999999932944774628e-02 1.524716674804687500e+03
5.808195447921752930e+01 1.919999999999999929e+00 2.999999932944774628e-02 1.356857910156250000e+03
5.818896126747131348e+01 1.899999999999999911e+00 2.999999932944774628e-02 1.622634277343750000e+03
5.828000426292419434e+01 1.850000000000000089e+00 2.999999932944774628e-02 1.524716674804687500e+03
5.839695930480957031e+01 1.739999999999999991e+00 2.999999932944774628e-02 2.070257568359375000e+03
5.848195433616638184e+01 1.840000000000000080e+00 2.999999932944774628e-02 2.070257568359375000e+03
5.859495639801025391e+01 1.860000000000000098e+00 2.999999932944774628e-02 1.972340087890625000e+03
5.868895649909973145e+01 1.870000000000000107e+00 2.999999932944774628e-02 1.986328247070312500e+03
5.879695606231689453e+01 1.889999999999999902e+00 2.999999932944774628e-02 1.790493041992187500e+03
5.888695406913757324e+01 1.919999999999999929e+00 2.999999932944774628e-02 1.706563598632812500e+03
5.898195457458496094e+01 1.870000000000000107e+00 2.999999932944774628e-02 1.706563598632812500e+03
5.908996152877807617e+01 1.870000000000000107e+00 2.999999932944774628e-02 1.608645996093750000e+03
5.920195722579956055e+01 1.879999999999999893e+00 2.999999932944774628e-02 1.440787353515625000e+03
5.931895518302917480e+01 1.860000000000000098e+00 2.999999932944774628e-02 1.524716674804687500e+03
5.940495491027832031e+01 1.830000000000000071e+00 2.999999932944774628e-02 1.706563598632812500e+03
5.951695418357849121e+01 1.810000000000000053e+00 2.999999932944774628e-02 1.790493041992187500e+03
5.961199593544006348e+01 1.870000000000000107e+00 2.999999932944774628e-02 1.720551879882812500e+03
5.972001361846923828e+01 1.840000000000000080e+00 2.999999932944774628e-02 1.888410644531250000e+03
5.980895662307739258e+01 1.879999999999999893e+00 2.999999932944774628e-02 1.790493041992187500e+03
5.990400004386901855e+01 1.909999999999999920e+00 2.999999932944774628e-02 1.538704956054687500e+03
6.001599526405334473e+01 1.830000000000000071e+00 2.999999932944774628e-02 1.790493041992187500e+03
6.011695456504821777e+01 1.860000000000000098e+00 2.999999932944774628e-02 1.622634277343750000e+03
6.021895432472229004e+01 1.870000000000000107e+00 2.999999932944774628e-02 1.440787353515625000e+03
6.030895638465881348e+01 1.909999999999999920e+00 2.999999932944774628e-02 1.356857910156250000e+03
6.041600036621093750e+01 1.919999999999999929e+00 2.999999932944774628e-02 1.161022827148437500e+03
6.051095771789550781e+01 1.810000000000000053e+00 2.999999932944774628e-02 1.077093505859375000e+03
6.060196113586425781e+01 2.200000000000000178e+00 2.999999932944774628e-02 0.000000000000000000e+00
6.070895481109619141e+01 2.430000000000000160e+00 2.999999932944774628e-02 0.000000000000000000e+00
6.080009198188781738e+01 2.259999999999999787e+00 2.999999932944774628e-02 0.000000000000000000e+00
6.091695594787597656e+01 1.860000000000000098e+00 2.999999932944774628e-02 0.000000000000000000e+00
6.100195646286010742e+01 1.800000000000000044e+00 2.999999932944774628e-02 0.000000000000000000e+00
6.111495447158813477e+01 1.929999999999999938e+00 2.999999932944774628e-02 0.000000000000000000e+00
6.120895648002624512e+01 1.909999999999999920e+00 2.999999932944774628e-02 0.000000000000000000e+00
6.131695723533630371e+01 2.040000000000000036e+00 2.999999932944774628e-02 0.000000000000000000e+00
6.140695452690124512e+01 2.080000000000000071e+00 2.999999932944774628e-02 0.000000000000000000e+00
6.150195550918579102e+01 2.100000000000000089e+00 2.999999932944774628e-02 0.000000000000000000e+00
6.160995721817016602e+01 2.060000000000000053e+00 2.999999932944774628e-02 0.000000000000000000e+00
6.172095918655395508e+01 2.040000000000000036e+00 2.999999932944774628e-02 0.000000000000000000e+00
6.181695532798767090e+01 2.009999999999999787e+00 2.999999932944774628e-02 0.000000000000000000e+00
6.190595388412475586e+01 2.000000000000000000e+00 2.999999932944774628e-02 0.000000000000000000e+00
6.201395392417907715e+01 1.969999999999999973e+00 2.999999932944774628e-02 0.000000000000000000e+00
6.210896277427673340e+01 1.959999999999999964e+00 2.999999932944774628e-02 0.000000000000000000e+00
6.222095751762390137e+01 1.949999999999999956e+00 2.999999932944774628e-02 0.000000000000000000e+00
6.230595541000366211e+01 1.939999999999999947e+00 2.999999932944774628e-02 0.000000000000000000e+00
6.240095806121826172e+01 1.919999999999999929e+00 2.999999932944774628e-02 0.000000000000000000e+00
6.251395535469055176e+01 1.909999999999999920e+00 2.999999932944774628e-02 0.000000000000000000e+00
6.262095975875854492e+01 1.899999999999999911e+00 2.999999932944774628e-02 0.000000000000000000e+00
6.271599769592285156e+01 1.889999999999999902e+00 2.999999932944774628e-02 0.000000000000000000e+00
6.280695390701293945e+01 1.879999999999999893e+00 2.999999932944774628e-02 0.000000000000000000e+00
6.291395616531372070e+01 1.879999999999999893e+00 2.999999932944774628e-02 0.000000000000000000e+00
6.300496029853820801e+01 1.870000000000000107e+00 2.999999932944774628e-02 0.000000000000000000e+00
6.312095785140991211e+01 1.860000000000000098e+00 2.999999932944774628e-02 0.000000000000000000e+00
6.320695376396179199e+01 1.850000000000000089e+00 2.999999932944774628e-02 0.000000000000000000e+00
6.332000279426574707e+01 1.850000000000000089e+00 2.999999932944774628e-02 0.000000000000000000e+00
6.341395711898803711e+01 1.840000000000000080e+00 2.999999932944774628e-02 0.000000000000000000e+00
6.352095890045166016e+01 1.830000000000000071e+00 2.999999932944774628e-02 0.000000000000000000e+00
6.361199355125427246e+01 1.830000000000000071e+00 2.999999932944774628e-02 0.000000000000000000e+00
6.370695638656616211e+01 1.820000000000000062e+00 2.999999932944774628e-02 0.000000000000000000e+00
