6.894445419311523438e-02 2.660000000000000142e+00 3.999999910593032837e-02 0.000000000000000000e+00
1.639907360076904297e-01 2.660000000000000142e+00 3.999999910593032837e-02 0.000000000000000000e+00
2.539434432983398438e-01 2.660000000000000142e+00 3.999999910593032837e-02 0.000000000000000000e+00
3.679890632629394531e-01 2.660000000000000142e+00 3.999999910593032837e-02 0.000000000000000000e+00
4.569478034973144531e-01 2.660000000000000142e+00 3.999999910593032837e-02 0.000000000000000000e+00
5.679814815521240234e-01 2.660000000000000142e+00 3.999999910593032837e-02 0.000000000000000000e+00
6.579425334930419922e-01 2.660000000000000142e+00 3.999999910593032837e-02 0.000000000000000000e+00
7.489492893218994141e-01 2.660000000000000142e+00 3.999999910593032837e-02 0.000000000000000000e+00
8.559887409210205078e-01 2.660000000000000142e+00 3.999999910593032837e-02 0.000000000000000000e+00
9.469437599182128906e-01 2.660000000000000142e+00 3.999999910593032837e-02 0.000000000000000000e+00
1.063982725143432617e+00 2.660000000000000142e+00 3.999999910593032837e-02 0.000000000000000000e+00
1.169941425323486328e+00 2.649999999999999911e+00 3.999999910593032837e-02 0.000000000000000000e+00
1.261941194534301758e+00 2.649999999999999911e+00 3.999999910593032837e-02 0.000000000000000000e+00
1.355987071990966797e+00 2.649999999999999911e+00 3.999999910593032837e-02 0.000000000000000000e+00
1.463978290557861328e+00 2.649999999999999911e+00 3.999999910593032837e-02 0.000000000000000000e+00
1.553943395614624023e+00 2.649999999999999911e+00 3.999999910593032837e-02 0.000000000000000000e+00
1.655993700027465820e+00 2.649999999999999911e+00 3.999999910593032837e-02 0.000000000000000000e+00
1.756946086883544922e+00 2.649999999999999911e+00 3.999999910593032837e-02 0.000000000000000000e+00
1.868952989578247070e+00 2.649999999999999911e+00 3.999999910593032837e-02 0.000000000000000000e+00
1.963994503021240234e+00 2.649999999999999911e+00 3.999999910593032837e-02 0.000000000000000000e+00
2.052945375442504883e+00 2.649999999999999911e+00 3.999999910593032837e-02 0.000000000000000000e+00
2.160944461822509766e+00 2.649999999999999911e+00 3.999999910593032837e-02 0.000000000000000000e+00
2.255994796752929688e+00 2.649999999999999911e+00 3.999999910593032837e-02 0.000000000000000000e+00
2.367983579635620117e+00 2.649999999999999911e+00 3.999999910593032837e-02 0.000000000000000000e+00
2.453942298889160156e+00 2.649999999999999911e+00 3.999999910593032837e-02 0.000000000000000000e+00
2.547985792160034180e+00 2.669999999999999929e+00 3.999999910593032837e-02 0.000000000000000000e+00
2.660943269729614258e+00 2.580000000000000071e+00 3.999999910593032837e-02 0.000000000000000000e+00
2.768944740295410156e+00 2.430000000000000160e+00 3.999999910593032837e-02 0.000000000000000000e+00
2.864977836608886719e+00 2.359999999999999876e+00 3.999999910593032837e-02 0.000000000000000000e+00
2.955990076065063477e+00 2.350000000000000089e+00 3.999999910593032837e-02 0.000000000000000000e+00
3.062941551208496094e+00 2.459999999999999964e+00 3.999999910593032837e-02 0.000000000000000000e+00
3.153941392898559570e+00 2.649999999999999911e+00 3.999999910593032837e-02 0.000000000000000000e+00
3.247985839843750000e+00 3.049999999999999822e+00 3.999999910593032837e-02 0.000000000000000000e+00
3.356073141098022461e+00 3.660000000000000142e+00 3.999999910593032837e-02 0.000000000000000000e+00
3.468945503234863281e+00 4.410000000000000142e+00 3.999999910593032837e-02 0.000000000000000000e+00
3.562944173812866211e+00 4.860000000000000320e+00 3.999999910593032837e-02 0.000000000000000000e+00
3.648942232131958008e+00 5.450000000000000178e+00 3.999999910593032837e-02 0.000000000000000000e+00
3.760941743850708008e+00 5.740000000000000213e+00 3.999999910593032837e-02 -2.657763061523437500e+02
3.855981588363647461e+00 5.839999999999999858e+00 3.999999910593032837e-02 -4.476232604980468750e+02
3.963988304138183594e+00 5.839999999999999858e+00 3.999999910593032837e-02 -6.294701538085937500e+02
4.052942276000976562e+00 5.860000000000000320e+00 3.999999910593032837e-02 -7.133995361328125000e+02
4.168943166732788086e+00 5.730000000000000426e+00 3.999999910593032837e-02 -4.476232604980468750e+02
4.259989023208618164e+00 5.639999999999999680e+00 3.999999910593032837e-02 -1.818469390869140625e+02
4.367984294891357422e+00 5.950000000000000178e+00 3.999999910593032837e-02 -2.797645568847656250e+02
4.462948799133300781e+00 5.820000000000000284e+00 3.999999910593032837e-02 -5.315526123046875000e+02
4.552951812744140625e+00 5.860000000000000320e+00 3.999999910593032837e-02 -7.133995361328125000e+02
4.660942792892456055e+00 5.820000000000000284e+00 3.999999910593032837e-02 -7.273877563476562500e+02
4.755031108856201172e+00 5.750000000000000000e+00 3.999999910593032837e-02 -5.315526123046875000e+02
4.867982625961303711e+00 5.759999999999999787e+00 3.999999910593032837e-02 -4.476232604980468750e+02
4.952943563461303711e+00 5.759999999999999787e+00 3.999999910593032837e-02 -4.476232604980468750e+02
5.056943178176879883e+00 5.750000000000000000e+00 3.999999910593032837e-02 -5.455408935546875000e+02
5.160946846008300781e+00 5.700000000000000178e+00 3.999999910593032837e-02 -4.476232604980468750e+02
5.267988681793212891e+00 5.740000000000000213e+00 3.999999910593032837e-02 -3.636938781738281250e+02
5.358939886093139648e+00 5.849999999999999645e+00 3.999999910593032837e-02 -5.455408935546875000e+02
5.452941417694091797e+00 5.830000000000000071e+00 3.999999910593032837e-02 -5.455408935546875000e+02
5.560946226119995117e+00 5.879999999999999893e+00 3.999999910593032837e-02 -5.315526123046875000e+02
5.650933742523193359e+00 5.870000000000000107e+00 3.999999910593032837e-02 -6.294701538085937500e+02
5.767978668212890625e+00 5.750000000000000000e+00 3.999999910593032837e-02 -6.294701538085937500e+02
5.853940010070800781e+00 5.690000000000000391e+00 3.999999910593032837e-02 -7.133995361328125000e+02
5.965944528579711914e+00 5.650000000000000355e+00 3.999999910593032837e-02 -6.294701538085937500e+02
6.060945749282836914e+00 5.709999999999999964e+00 3.999999910593032837e-02 -7.133995361328125000e+02
6.168943881988525391e+00 5.679999999999999716e+00 3.999999910593032837e-02 -5.315526123046875000e+02
6.257945060729980469e+00 5.639999999999999680e+00 3.999999910593032837e-02 -4.476232604980468750e+02
6.352949857711791992e+00 5.759999999999999787e+00 3.999999910593032837e-02 -4.616115112304687500e+02
6.464943170547485352e+00 5.769999999999999574e+00 3.999999910593032837e-02 -3.636938781738281250e+02
6.550940990447998047e+00 5.809999999999999609e+00 3.999999910593032837e-02 -3.636938781738281250e+02
6.667978763580322266e+00 5.839999999999999858e+00 3.999999910593032837e-02 -5.455408935546875000e+02
6.757941722869873047e+00 5.790000000000000036e+00 3.999999910593032837e-02 -6.294701538085937500e+02
6.865945339202880859e+00 5.730000000000000426e+00 3.999999910593032837e-02 -5.315526123046875000e+02
6.959983110427856445e+00 5.769999999999999574e+00 3.999999910593032837e-02 -6.294701538085937500e+02
7.050945520401000977e+00 5.709999999999999964e+00 3.999999910593032837e-02 -6.294701538085937500e+02
7.157942056655883789e+00 5.740000000000000213e+00 3.999999910593032837e-02 -6.294701538085937500e+02
7.248943567276000977e+00 5.740000000000000213e+00 3.999999910593032837e-02 -5.315526123046875000e+02
7.365954399108886719e+00 5.730000000000000426e+00 3.999999910593032837e-02 -4.476232604980468750e+02
7.450943708419799805e+00 5.799999999999999822e+00 3.999999910593032837e-02 -5.315526123046875000e+02
7.563992023468017578e+00 5.799999999999999822e+00 3.999999910593032837e-02 -6.434584350585937500e+02
7.657946348190307617e+00 5.780000000000000249e+00 3.999999910593032837e-02 -5.315526123046875000e+02
7.765949726104736328e+00 5.719999999999999751e+00 3.999999910593032837e-02 -5.455408935546875000e+02
7.855989217758178711e+00 5.769999999999999574e+00 3.999999910593032837e-02 -5.455408935546875000e+02
7.950943231582641602e+00 5.820000000000000284e+00 3.999999910593032837e-02 -5.455408935546875000e+02
8.059039831161499023e+00 5.799999999999999822e+00 3.999999910593032837e-02 -6.294701538085937500e+02
8.153947591781616211e+00 5.769999999999999574e+00 3.999999910593032837e-02 -6.294701538085937500e+02
8.265944957733154297e+00 5.709999999999999964e+00 3.999999910593032837e-02 -6.434584350585937500e+02
8.354940891265869141e+00 5.660000000000000142e+00 3.999999910593032837e-02 -7.273877563476562500e+02
8.462940931320190430e+00 5.669999999999999929e+00 3.999999910593032837e-02 -7.133995361328125000e+02
8.557941198348999023e+00 5.719999999999999751e+00 3.999999910593032837e-02 -6.294701538085937500e+02
8.669949769973754883e+00 5.700000000000000178e+00 3.999999910593032837e-02 -5.455408935546875000e+02
8.755994558334350586e+00 5.780000000000000249e+00 3.999999910593032837e-02 -5.315526123046875000e+02
8.849948406219482422e+00 5.790000000000000036e+00 3.999999910593032837e-02 -5.455408935546875000e+02
8.962933301925659180e+00 5.709999999999999964e+00 3.999999910593032837e-02 -5.315526123046875000e+02
9.053940773010253906e+00 5.700000000000000178e+00 3.999999910593032837e-02 -4.616115112304687500e+02
9.164943456649780273e+00 5.750000000000000000e+00 3.999999910593032837e-02 -6.294701538085937500e+02
9.255986928939819336e+00 5.740000000000000213e+00 3.999999910593032837e-02 -5.455408935546875000e+02
9.362941026687622070e+00 5.750000000000000000e+00 3.999999910593032837e-02 -4.616115112304687500e+02
9.453941345214843750e+00 5.730000000000000426e+00 3.999999910593032837e-02 -4.476232604980468750e+02
9.547985076904296875e+00 5.700000000000000178e+00 3.999999910593032837e-02 -3.497056579589843750e+02
9.655995845794677734e+00 5.820000000000000284e+00 3.999999910593032837e-02 -1.678587188720703125e+02
9.768948554992675781e+00 5.870000000000000107e+00 3.999999910593032837e-02 -3.636938781738281250e+02
9.862950325012207031e+00 5.950000000000000178e+00 3.999999910593032837e-02 -2.657763061523437500e+02
9.948949337005615234e+00 5.879999999999999893e+00 3.999999910593032837e-02 -3.636938781738281250e+02
1.006094408035278320e+01 5.820000000000000284e+00 3.999999910593032837e-02 -3.636938781738281250e+02
1.015598773956298828e+01 5.849999999999999645e+00 3.999999910593032837e-02 -4.476232604980468750e+02
1.026399207115173340e+01 5.839999999999999858e+00 3.999999910593032837e-02 -5.455408935546875000e+02
1.035295033454895020e+01 5.799999999999999822e+00 3.999999910593032837e-02 -5.455408935546875000e+02
1.046894240379333496e+01 5.730000000000000426e+00 3.999999910593032837e-02 -4.476232604980468750e+02
1.055998325347900391e+01 5.769999999999999574e+00 3.999999910593032837e-02 -5.455408935546875000e+02
1.066797542572021484e+01 5.759999999999999787e+00 3.999999910593032837e-02 -4.616115112304687500e+02
1.076294684410095215e+01 5.849999999999999645e+00 3.999999910593032837e-02 -4.616115112304687500e+02
1.085294342041015625e+01 5.849999999999999645e+00 3.999999910593032837e-02 -5.455408935546875000e+02
1.096094274520874023e+01 5.809999999999999609e+00 3.999999910593032837e-02 -5.455408935546875000e+02
1.105495357513427734e+01 5.759999999999999787e+00 3.999999910593032837e-02 -5.455408935546875000e+02
1.116799187660217285e+01 5.690000000000000391e+00 3.999999910593032837e-02 -5.455408935546875000e+02
1.125294280052185059e+01 5.759999999999999787e+00 3.999999910593032837e-02 -6.294701538085937500e+02
1.136094212532043457e+01 5.700000000000000178e+00 3.999999910593032837e-02 -5.455408935546875000e+02
1.146094465255737305e+01 5.730000000000000426e+00 3.999999910593032837e-02 -1.818469390869140625e+02
1.156798005104064941e+01 5.870000000000000107e+00 3.999999910593032837e-02 0.000000000000000000e+00
1.165894222259521484e+01 6.259999999999999787e+00 3.999999910593032837e-02 0.000000000000000000e+00
1.175296521186828613e+01 6.209999999999999964e+00 3.999999910593032837e-02 -4.476232604980468750e+02
1.186094284057617188e+01 5.870000000000000107e+00 3.999999910593032837e-02 -7.273877563476562500e+02
1.195094704627990723e+01 5.759999999999999787e+00 3.999999910593032837e-02 -6.294701538085937500e+02
1.206798291206359863e+01 5.690000000000000391e+00 3.999999910593032837e-02 -4.476232604980468750e+02
1.215394282341003418e+01 5.719999999999999751e+00 3.999999910593032837e-02 -2.797645568847656250e+02
1.226594948768615723e+01 5.790000000000000036e+00 3.999999910593032837e-02 -2.657763061523437500e+02
1.236093997955322266e+01 5.860000000000000320e+00 3.999999910593032837e-02 -4.476232604980468750e+02
1.246894025802612305e+01 5.879999999999999893e+00 3.999999910593032837e-02 -7.973289184570312500e+02
1.255794048309326172e+01 5.740000000000000213e+00 3.999999910593032837e-02 -7.273877563476562500e+02
1.265294289588928223e+01 5.730000000000000426e+00 3.999999910593032837e-02 -5.315526123046875000e+02
1.276494574546813965e+01 5.790000000000000036e+00 3.999999910593032837e-02 -4.476232604980468750e+02
1.285093998908996582e+01 5.759999999999999787e+00 3.999999910593032837e-02 -2.797645568847656250e+02
1.296798133850097656e+01 5.820000000000000284e+00 3.999999910593032837e-02 -1.818469390869140625e+02
1.305794382095336914e+01 5.849999999999999645e+00 3.999999910593032837e-02 -1.818469390869140625e+02
1.316594672203063965e+01 5.940000000000000391e+00 3.999999910593032837e-02 -4.476232604980468750e+02
1.325998425483703613e+01 5.889999999999999680e+00 3.999999910593032837e-02 -7.133995361328125000e+02
1.335094070434570312e+01 5.750000000000000000e+00 3.999999910593032837e-02 -6.294701538085937500e+02
1.345794844627380371e+01 5.730000000000000426e+00 3.999999910593032837e-02 -4.616115112304687500e+02
1.354895830154418945e+01 5.860000000000000320e+00 3.999999910593032837e-02 -5.455408935546875000e+02
1.366594529151916504e+01 5.799999999999999822e+00 3.999999910593032837e-02 -5.455408935546875000e+02
1.375094294548034668e+01 5.790000000000000036e+00 3.999999910593032837e-02 -4.476232604980468750e+02
1.386399126052856445e+01 5.820000000000000284e+00 3.999999910593032837e-02 -6.294701538085937500e+02
1.395794057846069336e+01 5.719999999999999751e+00 3.999999910593032837e-02 -7.273877563476562500e+02
1.406594467163085938e+01 5.669999999999999929e+00 3.999999910593032837e-02 -5.315526123046875000e+02
1.415598368644714355e+01 5.730000000000000426e+00 3.999999910593032837e-02 -5.315526123046875000e+02
1.425094127655029297e+01 5.679999999999999716e+00 3.999999910593032837e-02 -5.315526123046875000e+02
1.435895013809204102e+01 5.769999999999999574e+00 3.999999910593032837e-02 -5.455408935546875000e+02
1.444798088073730469e+01 5.709999999999999964e+00 3.999999910593032837e-02 -5.455408935546875000e+02
1.456594872474670410e+01 5.750000000000000000e+00 3.999999910593032837e-02 -4.476232604980468750e+02
1.465494108200073242e+01 5.780000000000000249e+00 3.999999910593032837e-02 -6.294701538085937500e+02
1.476293897628784180e+01 5.809999999999999609e+00 3.999999910593032837e-02 -6.434584350585937500e+02
1.485793972015380859e+01 5.730000000000000426e+00 3.999999910593032837e-02 -5.455408935546875000e+02
1.496894335746765137e+01 5.750000000000000000e+00 3.999999910593032837e-02 -7.133995361328125000e+02
1.505599832534790039e+01 5.750000000000000000e+00 3.999999910593032837e-02 -6.294701538085937500e+02
1.514994478225708008e+01 5.790000000000000036e+00 3.999999910593032837e-02 -6.294701538085937500e+02
1.526294207572937012e+01 5.769999999999999574e+00 3.999999910593032837e-02 -7.273877563476562500e+02
1.534798669815063477e+01 5.719999999999999751e+00 3.999999910593032837e-02 -6.294701538085937500e+02
1.546494507789611816e+01 5.700000000000000178e+00 3.999999910593032837e-02 -8.113171386718750000e+02
1.555599045753479004e+01 5.690000000000000391e+00 3.999999910593032837e-02 -8.113171386718750000e+02
1.566293859481811523e+01 5.709999999999999964e+00 3.999999910593032837e-02 -8.113171386718750000e+02
1.575394582748413086e+01 5.679999999999999716e+00 3.999999910593032837e-02 -5.455408935546875000e+02
1.584799313545227051e+01 5.780000000000000249e+00 3.999999910593032837e-02 -7.273877563476562500e+02
1.595599484443664551e+01 5.750000000000000000e+00 3.999999910593032837e-02 -7.133995361328125000e+02
1.606798911094665527e+01 5.639999999999999680e+00 3.999999910593032837e-02 -5.455408935546875000e+02
1.616295289993286133e+01 5.669999999999999929e+00 3.999999910593032837e-02 -4.616115112304687500e+02
1.626994490623474121e+01 5.730000000000000426e+00 3.999999910593032837e-02 -9.791758728027343750e+01
1.636094379425048828e+01 5.620000000000000107e+00 3.999999910593032837e-02 0.000000000000000000e+00
1.645598793029785156e+01 5.620000000000000107e+00 3.999999910593032837e-02 0.000000000000000000e+00
1.656398296356201172e+01 5.500000000000000000e+00 3.999999910593032837e-02 0.000000000000000000e+00
1.665295338630676270e+01 4.309999999999999609e+00 3.999999910593032837e-02 0.000000000000000000e+00
1.676894140243530273e+01 3.040000000000000036e+00 3.999999910593032837e-02 8.392935943603515625e+01
1.685999345779418945e+01 2.649999999999999911e+00 3.999999910593032837e-02 0.000000000000000000e+00
1.696799135208129883e+01 2.459999999999999964e+00 3.999999910593032837e-02 3.636938781738281250e+02
1.706294202804565430e+01 2.580000000000000071e+00 3.999999910593032837e-02 5.315526123046875000e+02
1.715294098854064941e+01 2.700000000000000178e+00 3.999999910593032837e-02 2.657763061523437500e+02
1.726094555854797363e+01 2.620000000000000107e+00 3.999999910593032837e-02 5.315526123046875000e+02
1.735494232177734375e+01 2.649999999999999911e+00 3.999999910593032837e-02 5.455408935546875000e+02
1.746798610687255859e+01 2.649999999999999911e+00 3.999999910593032837e-02 5.315526123046875000e+02
1.755294275283813477e+01 2.609999999999999876e+00 3.999999910593032837e-02 4.476232604980468750e+02
1.765294265747070312e+01 2.669999999999999929e+00 3.999999910593032837e-02 6.294701538085937500e+02
1.776094293594360352e+01 2.709999999999999964e+00 3.999999910593032837e-02 4.616115112304687500e+02
1.786798238754272461e+01 2.640000000000000124e+00 3.999999910593032837e-02 6.294701538085937500e+02
1.795894074440002441e+01 2.649999999999999911e+00 3.999999910593032837e-02 8.113171386718750000e+02
1.805294275283813477e+01 2.689999999999999947e+00 3.999999910593032837e-02 8.113171386718750000e+02
1.816094088554382324e+01 2.660000000000000142e+00 3.999999910593032837e-02 7.273877563476562500e+02
1.825093984603881836e+01 2.729999999999999982e+00 3.999999910593032837e-02 6.434584350585937500e+02
1.836798739433288574e+01 2.729999999999999982e+00 3.999999910593032837e-02 3.636938781738281250e+02
1.845394253730773926e+01 2.680000000000000160e+00 3.999999910593032837e-02 2.657763061523437500e+02
1.856594967842102051e+01 2.669999999999999929e+00 3.999999910593032837e-02 4.616115112304687500e+02
1.866094160079956055e+01 2.689999999999999947e+00 3.999999910593032837e-02 5.455408935546875000e+02
1.876894140243530273e+01 2.729999999999999982e+00 3.999999910593032837e-02 3.636938781738281250e+02
1.885794019699096680e+01 2.700000000000000178e+00 3.999999910593032837e-02 3.636938781738281250e+02
1.895294237136840820e+01 2.700000000000000178e+00 3.999999910593032837e-02 6.294701538085937500e+02
1.906494188308715820e+01 2.700000000000000178e+00 3.999999910593032837e-02 8.113171386718750000e+02
1.915094184875488281e+01 2.700000000000000178e+00 3.999999910593032837e-02 7.133995361328125000e+02
1.926799154281616211e+01 2.689999999999999947e+00 3.999999910593032837e-02 5.315526123046875000e+02
1.935794234275817871e+01 2.680000000000000160e+00 3.999999910593032837e-02 5.315526123046875000e+02
1.946594929695129395e+01 2.609999999999999876e+00 3.999999910593032837e-02 6.294701538085937500e+02
1.955997896194458008e+01 2.729999999999999982e+00 3.999999910593032837e-02 7.273877563476562500e+02
1.965094161033630371e+01 2.700000000000000178e+00 3.999999910593032837e-02 7.133995361328125000e+02
1.975794124603271484e+01 2.620000000000000107e+00 3.999999910593032837e-02 6.294701538085937500e+02
1.984894442558288574e+01 2.700000000000000178e+00 3.999999910593032837e-02 6.294701538085937500e+02
1.996595382690429688e+01 2.720000000000000195e+00 3.999999910593032837e-02 5.455408935546875000e+02
2.005094385147094727e+01 2.709999999999999964e+00 3.999999910593032837e-02 7.133995361328125000e+02
2.016398453712463379e+01 2.740000000000000213e+00 3.999999910593032837e-02 7.133995361328125000e+02
2.025794172286987305e+01 2.689999999999999947e+00 3.999999910593032837e-02 7.133995361328125000e+02
2.036594676971435547e+01 2.720000000000000195e+00 3.999999910593032837e-02 4.476232604980468750e+02
2.045599198341369629e+01 2.750000000000000000e+00 3.999999910593032837e-02 2.657763061523437500e+02
2.055094075202941895e+01 2.669999999999999929e+00 3.999999910593032837e-02 3.497056579589843750e+02
2.065894198417663574e+01 2.669999999999999929e+00 3.999999910593032837e-02 5.455408935546875000e+02
2.076799416542053223e+01 2.770000000000000018e+00 3.999999910593032837e-02 5.455408935546875000e+02
2.086594581604003906e+01 2.740000000000000213e+00 3.999999910593032837e-02 3.497056579589843750e+02
2.095494198799133301e+01 2.700000000000000178e+00 3.999999910593032837e-02 1.818469390869140625e+02
2.106294298171997070e+01 2.680000000000000160e+00 3.999999910593032837e-02 2.657763061523437500e+02
2.115794205665588379e+01 2.640000000000000124e+00 3.999999910593032837e-02 3.636938781738281250e+02
2.126894044876098633e+01 2.640000000000000124e+00 3.999999910593032837e-02 6.294701538085937500e+02
2.135598850250244141e+01 2.680000000000000160e+00 3.999999910593032837e-02 7.133995361328125000e+02
2.144995903968811035e+01 2.720000000000000195e+00 3.999999910593032837e-02 5.455408935546875000e+02
2.156293225288391113e+01 2.740000000000000213e+00 3.999999910593032837e-02 4.476232604980468750e+02
2.164798355102539062e+01 2.700000000000000178e+00 3.999999910593032837e-02 3.636938781738281250e+02
2.176494169235229492e+01 2.629999999999999893e+00 3.999999910593032837e-02 5.455408935546875000e+02
2.185599994659423828e+01 2.689999999999999947e+00 3.999999910593032837e-02 6.294701538085937500e+02
2.196294426918029785e+01 2.640000000000000124e+00 3.999999910593032837e-02 5.455408935546875000e+02
2.205394220352172852e+01 2.660000000000000142e+00 3.999999910593032837e-02 5.455408935546875000e+02
2.214798307418823242e+01 2.680000000000000160e+00 3.999999910593032837e-02 6.294701538085937500e+02
2.225600194931030273e+01 2.750000000000000000e+00 3.999999910593032837e-02 7.133995361328125000e+02
2.236894059181213379e+01 2.740000000000000213e+00 3.999999910593032837e-02 6.434584350585937500e+02
2.246294355392456055e+01 2.720000000000000195e+00 3.999999910593032837e-02 5.315526123046875000e+02
2.256495738029479980e+01 2.680000000000000160e+00 3.999999910593032837e-02 5.455408935546875000e+02
2.266094422340393066e+01 2.660000000000000142e+00 3.999999910593032837e-02 4.616115112304687500e+02
2.275605940818786621e+01 2.700000000000000178e+00 3.999999910593032837e-02 6.294701538085937500e+02
2.286398935317993164e+01 2.720000000000000195e+00 3.999999910593032837e-02 6.294701538085937500e+02
2.295294237136840820e+01 2.700000000000000178e+00 3.999999910593032837e-02 8.113171386718750000e+02
2.306398057937622070e+01 2.729999999999999982e+00 3.999999910593032837e-02 7.273877563476562500e+02
2.315997910499572754e+01 2.609999999999999876e+00 3.999999910593032837e-02 5.455408935546875000e+02
2.326797819137573242e+01 2.529999999999999805e+00 3.999999910593032837e-02 5.455408935546875000e+02
2.336294269561767578e+01 2.549999999999999822e+00 3.999999910593032837e-02 5.315526123046875000e+02
2.345294499397277832e+01 2.580000000000000071e+00 3.999999910593032837e-02 4.476232604980468750e+02
2.356094288825988770e+01 2.549999999999999822e+00 3.999999910593032837e-02 5.315526123046875000e+02
2.365494179725646973e+01 2.560000000000000053e+00 3.999999910593032837e-02 5.315526123046875000e+02
2.376798295974731445e+01 2.589999999999999858e+00 3.999999910593032837e-02 3.636938781738281250e+02
2.385294079780578613e+01 2.569999999999999840e+00 3.999999910593032837e-02 5.455408935546875000e+02
2.396094155311584473e+01 2.600000000000000089e+00 3.999999910593032837e-02 5.455408935546875000e+02
2.406094264984130859e+01 2.589999999999999858e+00 3.999999910593032837e-02 6.434584350585937500e+02
2.416798567771911621e+01 2.649999999999999911e+00 3.999999910593032837e-02 5.455408935546875000e+02
2.425894093513488770e+01 2.629999999999999893e+00 3.999999910593032837e-02 6.294701538085937500e+02
2.435294246673583984e+01 2.669999999999999929e+00 3.999999910593032837e-02 7.273877563476562500e+02
2.446094274520874023e+01 2.700000000000000178e+00 3.999999910593032837e-02 8.113171386718750000e+02
2.455095243453979492e+01 2.680000000000000160e+00 3.999999910593032837e-02 7.273877563476562500e+02
2.466797852516174316e+01 2.700000000000000178e+00 3.999999910593032837e-02 5.455408935546875000e+02
2.475394105911254883e+01 2.689999999999999947e+00 3.999999910593032837e-02 5.315526123046875000e+02
2.486594605445861816e+01 2.680000000000000160e+00 3.999999910593032837e-02 4.476232604980468750e+02
2.496094131469726562e+01 2.700000000000000178e+00 3.999999910593032837e-02 6.294701538085937500e+02
2.506894326210021973e+01 2.700000000000000178e+00 3.999999910593032837e-02 6.294701538085937500e+02
2.515794587135314941e+01 2.689999999999999947e+00 3.999999910593032837e-02 7.133995361328125000e+02
2.525294446945190430e+01 2.700000000000000178e+00 3.999999910593032837e-02 8.113171386718750000e+02
2.536494374275207520e+01 2.700000000000000178e+00 3.999999910593032837e-02 7.133995361328125000e+02
2.545094323158264160e+01 2.720000000000000195e+00 3.999999910593032837e-02 7.273877563476562500e+02
2.556799006462097168e+01 2.740000000000000213e+00 3.999999910593032837e-02 5.455408935546875000e+02
2.565794348716735840e+01 2.700000000000000178e+00 3.999999910593032837e-02 3.636938781738281250e+02
2.576604247093200684e+01 2.709999999999999964e+00 3.999999910593032837e-02 3.636938781738281250e+02
2.585998129844665527e+01 2.700000000000000178e+00 3.999999910593032837e-02 5.455408935546875000e+02
2.595094418525695801e+01 2.660000000000000142e+00 3.999999910593032837e-02 6.294701538085937500e+02
2.605794024467468262e+01 2.689999999999999947e+00 3.999999910593032837e-02 5.455408935546875000e+02
2.614894151687622070e+01 2.660000000000000142e+00 3.999999910593032837e-02 6.294701538085937500e+02
2.626594948768615723e+01 2.620000000000000107e+00 3.999999910593032837e-02 7.133995361328125000e+02
2.635093975067138672e+01 2.649999999999999911e+00 3.999999910593032837e-02 8.113171386718750000e+02
2.646399140357971191e+01 2.770000000000000018e+00 3.999999910593032837e-02 6.294701538085937500e+02
2.655794048309326172e+01 2.629999999999999893e+00 3.999999910593032837e-02 5.455408935546875000e+02
2.666594815254211426e+01 2.620000000000000107e+00 3.999999910593032837e-02 5.455408935546875000e+02
2.675599098205566406e+01 2.689999999999999947e+00 3.999999910593032837e-02 6.294701538085937500e+02
2.685093951225280762e+01 2.689999999999999947e+00 3.999999910593032837e-02 5.455408935546875000e+02
2.695894217491149902e+01 2.750000000000000000e+00 3.999999910593032837e-02 5.455408935546875000e+02
2.704799389839172363e+01 2.740000000000000213e+00 3.999999910593032837e-02 3.636938781738281250e+02
2.716594386100769043e+01 2.649999999999999911e+00 3.999999910593032837e-02 2.797645568847656250e+02
2.725493931770324707e+01 2.620000000000000107e+00 3.999999910593032837e-02 4.476232604980468750e+02
2.736293935775756836e+01 2.589999999999999858e+00 3.999999910593032837e-02 7.273877563476562500e+02
2.745794129371643066e+01 2.649999999999999911e+00 3.999999910593032837e-02 7.273877563476562500e+02
2.755493903160095215e+01 2.689999999999999947e+00 3.999999910593032837e-02 5.455408935546875000e+02
2.765599107742309570e+01 2.750000000000000000e+00 3.999999910593032837e-02 5.315526123046875000e+02
2.774994421005249023e+01 2.759999999999999787e+00 3.999999910593032837e-02 5.315526123046875000e+02
2.786294388771057129e+01 2.669999999999999929e+00 3.999999910593032837e-02 5.315526123046875000e+02
2.794799232482910156e+01 2.649999999999999911e+00 3.999999910593032837e-02 6.294701538085937500e+02
2.806494450569152832e+01 2.669999999999999929e+00 3.999999910593032837e-02 4.476232604980468750e+02
2.815598773956298828e+01 2.640000000000000124e+00 3.999999910593032837e-02 4.476232604980468750e+02
2.826294064521789551e+01 2.600000000000000089e+00 3.999999910593032837e-02 6.294701538085937500e+02
2.835394144058227539e+01 2.649999999999999911e+00 3.999999910593032837e-02 4.476232604980468750e+02
2.845494151115417480e+01 2.779999999999999805e+00 3.999999910593032837e-02 0.000000000000000000e+00
2.855600380897521973e+01 2.609999999999999876e+00 3.999999910593032837e-02 9.791758728027343750e+01
2.866894388198852539e+01 2.490000000000000213e+00 3.999999910593032837e-02 0.000000000000000000e+00
2.876294064521789551e+01 2.439999999999999947e+00 3.999999910593032837e-02 0.000000000000000000e+00
2.884894061088562012e+01 2.470000000000000195e+00 3.999999910593032837e-02 0.000000000000000000e+00
2.896094250679016113e+01 2.470000000000000195e+00 3.999999910593032837e-02 0.000000000000000000e+00
2.905599904060363770e+01 2.500000000000000000e+00 3.999999910593032837e-02 0.000000000000000000e+00
2.916398859024047852e+01 2.470000000000000195e+00 3.999999910593032837e-02 0.000000000000000000e+00
2.925294375419616699e+01 2.459999999999999964e+00 3.999999910593032837e-02 0.000000000000000000e+00
2.936894130706787109e+01 2.660000000000000142e+00 3.999999910593032837e-02 0.000000000000000000e+00
2.945997643470764160e+01 2.839999999999999858e+00 3.999999910593032837e-02 0.000000000000000000e+00
2.956798791885375977e+01 3.089999999999999858e+00 3.999999910593032837e-02 0.000000000000000000e+00
2.966294026374816895e+01 3.479999999999999982e+00 3.999999910593032837e-02 0.000000000000000000e+00
2.975294399261474609e+01 3.810000000000000053e+00 3.999999910593032837e-02 0.000000000000000000e+00
2.986094427108764648e+01 4.110000000000000320e+00 3.999999910593032837e-02 0.000000000000000000e+00
2.995494079589843750e+01 4.860000000000000320e+00 3.999999910593032837e-02 -8.392935943603515625e+01
3.006798601150512695e+01 5.740000000000000213e+00 3.999999910593032837e-02 -1.818469390869140625e+02
3.015294194221496582e+01 5.959999999999999964e+00 3.999999910593032837e-02 0.000000000000000000e+00
3.025294256210327148e+01 6.320000000000000284e+00 3.999999910593032837e-02 -2.797645568847656250e+02
3.036093568801879883e+01 5.910000000000000142e+00 3.999999910593032837e-02 -6.434584350585937500e+02
3.046798467636108398e+01 5.849999999999999645e+00 3.999999910593032837e-02 -6.294701538085937500e+02
3.055894303321838379e+01 5.870000000000000107e+00 3.999999910593032837e-02 -5.455408935546875000e+02
3.065294456481933594e+01 5.799999999999999822e+00 3.999999910593032837e-02 -6.294701538085937500e+02
3.076095271110534668e+01 5.719999999999999751e+00 3.999999910593032837e-02 -4.476232604980468750e+02
3.085094094276428223e+01 5.809999999999999609e+00 3.999999910593032837e-02 -4.476232604980468750e+02
3.096798300743103027e+01 5.919999999999999929e+00 3.999999910593032837e-02 -6.294701538085937500e+02
3.105394029617309570e+01 5.919999999999999929e+00 3.999999910593032837e-02 -7.273877563476562500e+02
3.116594576835632324e+01 5.839999999999999858e+00 3.999999910593032837e-02 -8.113171386718750000e+02
3.126094269752502441e+01 5.849999999999999645e+00 3.999999910593032837e-02 -1.175010986328125000e+03
3.136893415451049805e+01 5.740000000000000213e+00 3.999999910593032837e-02 -1.077093505859375000e+03
3.145794320106506348e+01 5.669999999999999929e+00 3.999999910593032837e-02 -7.973289184570312500e+02
3.155294466018676758e+01 5.809999999999999609e+00 3.999999910593032837e-02 -8.113171386718750000e+02
3.166494727134704590e+01 5.820000000000000284e+00 3.999999910593032837e-02 -9.092347412109375000e+02
3.175094199180603027e+01 5.709999999999999964e+00 3.999999910593032837e-02 -8.113171386718750000e+02
3.186798715591430664e+01 5.639999999999999680e+00 3.999999910593032837e-02 -7.273877563476562500e+02
3.195794248580932617e+01 5.740000000000000213e+00 3.999999910593032837e-02 -8.113171386718750000e+02
3.206594729423522949e+01 5.700000000000000178e+00 3.999999910593032837e-02 -8.113171386718750000e+02
3.215999102592468262e+01 5.740000000000000213e+00 3.999999910593032837e-02 -9.931641235351562500e+02
3.225094127655029297e+01 5.730000000000000426e+00 3.999999910593032837e-02 -9.791759033203125000e+02
3.235793876647949219e+01 5.679999999999999716e+00 3.999999910593032837e-02 -9.092347412109375000e+02
3.244893980026245117e+01 5.690000000000000391e+00 3.999999910593032837e-02 -8.952465209960937500e+02
3.256594538688659668e+01 5.750000000000000000e+00 3.999999910593032837e-02 -9.931641235351562500e+02
3.265094089508056641e+01 5.759999999999999787e+00 3.999999910593032837e-02 -1.077093505859375000e+03
3.276398801803588867e+01 5.759999999999999787e+00 3.999999910593032837e-02 -1.161022827148437500e+03
3.285794568061828613e+01 5.719999999999999751e+00 3.999999910593032837e-02 -1.077093505859375000e+03
3.296594285964965820e+01 5.679999999999999716e+00 3.999999910593032837e-02 -9.931641235351562500e+02
3.305598497390747070e+01 5.709999999999999964e+00 3.999999910593032837e-02 -1.175010986328125000e+03
3.315094017982482910e+01 5.660000000000000142e+00 3.999999910593032837e-02 -1.175010986328125000e+03
3.325893998146057129e+01 5.639999999999999680e+00 3.999999910593032837e-02 -1.161022827148437500e+03
3.334798169136047363e+01 5.690000000000000391e+00 3.999999910593032837e-02 -1.161022827148437500e+03
3.346594357490539551e+01 5.719999999999999751e+00 3.999999910593032837e-02 -1.175010986328125000e+03
3.355493974685668945e+01 5.650000000000000355e+00 3.999999910593032837e-02 -1.175010986328125000e+03
3.366294169425964355e+01 5.709999999999999964e+00 3.999999910593032837e-02 -1.175010986328125000e+03
3.375794243812561035e+01 5.669999999999999929e+00 3.999999910593032837e-02 -9.092347412109375000e+02
3.386894106864929199e+01 5.750000000000000000e+00 3.999999910593032837e-02 -1.077093505859375000e+03
3.395599746704101562e+01 5.719999999999999751e+00 3.999999910593032837e-02 -9.931641235351562500e+02
3.404994082450866699e+01 5.709999999999999964e+00 3.999999910593032837e-02 -9.931641235351562500e+02
3.416294193267822266e+01 5.719999999999999751e+00 3.999999910593032837e-02 -9.931641235351562500e+02
3.424798917770385742e+01 5.759999999999999787e+00 3.999999910593032837e-02 -9.791759033203125000e+02
3.436494350433349609e+01 5.709999999999999964e+00 3.999999910593032837e-02 -1.077093505859375000e+03
3.445598983764648438e+01 5.669999999999999929e+00 3.999999910593032837e-02 -1.077093505859375000e+03
3.456294274330139160e+01 5.639999999999999680e+00 3.999999910593032837e-02 -1.175010986328125000e+03
3.465394067764282227e+01 5.690000000000000391e+00 3.999999910593032837e-02 -1.175010986328125000e+03
3.474798703193664551e+01 5.730000000000000426e+00 3.999999910593032837e-02 -1.342869750976562500e+03
3.485599565505981445e+01 5.669999999999999929e+00 3.999999910593032837e-02 -1.342869750976562500e+03
3.496894454956054688e+01 5.679999999999999716e+00 3.999999910593032837e-02 -1.258940307617187500e+03
3.506294107437133789e+01 5.709999999999999964e+00 3.999999910593032837e-02 -1.077093505859375000e+03
3.514894390106201172e+01 5.700000000000000178e+00 3.999999910593032837e-02 -1.175010986328125000e+03
3.526094460487365723e+01 5.669999999999999929e+00 3.999999910593032837e-02 -9.931641235351562500e+02
3.535599732398986816e+01 5.740000000000000213e+00 3.999999910593032837e-02 -8.952465209960937500e+02
3.546399474143981934e+01 5.750000000000000000e+00 3.999999910593032837e-02 -1.077093505859375000e+03
3.555294370651245117e+01 5.650000000000000355e+00 3.999999910593032837e-02 -1.175010986328125000e+03
3.565494155883789062e+01 5.679999999999999716e+00 3.999999910593032837e-02 -9.791759033203125000e+02
3.575999093055725098e+01 5.660000000000000142e+00 3.999999910593032837e-02 -9.931641235351562500e+02
3.586798763275146484e+01 5.690000000000000391e+00 3.999999910593032837e-02 -9.791759033203125000e+02
3.596294951438903809e+01 5.690000000000000391e+00 3.999999910593032837e-02 -1.077093505859375000e+03
3.605293941497802734e+01 5.719999999999999751e+00 3.999999910593032837e-02 -1.161022827148437500e+03
3.616094326972961426e+01 5.690000000000000391e+00 3.999999910593032837e-02 -1.161022827148437500e+03
3.625494217872619629e+01 5.750000000000000000e+00 3.999999910593032837e-02 -1.161022827148437500e+03
3.636798691749572754e+01 5.690000000000000391e+00 3.999999910593032837e-02 -1.077093505859375000e+03
3.645294356346130371e+01 5.629999999999999893e+00 3.999999910593032837e-02 -1.077093505859375000e+03
3.656594467163085938e+01 5.679999999999999716e+00 3.999999910593032837e-02 -9.931641235351562500e+02
3.666094207763671875e+01 5.750000000000000000e+00 3.999999910593032837e-02 -1.175010986328125000e+03
3.676799559593200684e+01 5.639999999999999680e+00 3.999999910593032837e-02 -9.931641235351562500e+02
3.685893893241882324e+01 5.639999999999999680e+00 3.999999910593032837e-02 -8.952465209960937500e+02
3.695294547080993652e+01 4.929999999999999716e+00 3.999999910593032837e-02 0.000000000000000000e+00
3.706094217300415039e+01 4.559999999999999609e+00 3.999999910593032837e-02 0.000000000000000000e+00
3.715094089508056641e+01 4.660000000000000142e+00 3.999999910593032837e-02 0.000000000000000000e+00
3.726799464225769043e+01 4.280000000000000249e+00 3.999999910593032837e-02 0.000000000000000000e+00
3.735394525527954102e+01 3.049999999999999822e+00 3.999999910593032837e-02 2.657763061523437500e+02
3.746595788002014160e+01 2.589999999999999858e+00 3.999999910593032837e-02 6.294701538085937500e+02
3.756094551086425781e+01 2.669999999999999929e+00 3.999999910593032837e-02 5.455408935546875000e+02
3.766894173622131348e+01 2.629999999999999893e+00 3.999999910593032837e-02 7.133995361328125000e+02
3.775794267654418945e+01 2.629999999999999893e+00 3.999999910593032837e-02 8.952465209960937500e+02
3.785294103622436523e+01 2.629999999999999893e+00 3.999999910593032837e-02 1.091081787109375000e+03
3.796494054794311523e+01 2.700000000000000178e+00 3.999999910593032837e-02 1.077093505859375000e+03
3.805094122886657715e+01 2.680000000000000160e+00 3.999999910593032837e-02 1.077093505859375000e+03
3.816798591613769531e+01 2.689999999999999947e+00 3.999999910593032837e-02 1.161022827148437500e+03
3.825793981552124023e+01 2.680000000000000160e+00 3.999999910593032837e-02 1.077093505859375000e+03
3.836594724655151367e+01 2.709999999999999964e+00 3.999999910593032837e-02 9.931641235351562500e+02
3.845998573303222656e+01 2.799999999999999822e+00 3.999999910593032837e-02 9.791759033203125000e+02
3.855094075202941895e+01 2.770000000000000018e+00 3.999999910593032837e-02 9.092347412109375000e+02
3.865793967247009277e+01 2.700000000000000178e+00 3.999999910593032837e-02 1.077093505859375000e+03
3.874894356727600098e+01 2.660000000000000142e+00 3.999999910593032837e-02 1.356857910156250000e+03
3.886595082283020020e+01 2.669999999999999929e+00 3.999999910593032837e-02 1.258940307617187500e+03
3.895094156265258789e+01 2.759999999999999787e+00 3.999999910593032837e-02 1.356857910156250000e+03
3.906398105621337891e+01 2.669999999999999929e+00 3.999999910593032837e-02 1.272928588867187500e+03
3.915794062614440918e+01 2.770000000000000018e+00 3.999999910593032837e-02 1.258940307617187500e+03
3.926594853401184082e+01 2.759999999999999787e+00 3.999999910593032837e-02 1.091081787109375000e+03
3.935601139068603516e+01 2.720000000000000195e+00 3.999999910593032837e-02 1.175010986328125000e+03
3.945094418525695801e+01 2.700000000000000178e+00 3.999999910593032837e-02 1.258940307617187500e+03
3.955894351005554199e+01 2.770000000000000018e+00 3.999999910593032837e-02 1.175010986328125000e+03
3.964798641204833984e+01 2.759999999999999787e+00 3.999999910593032837e-02 1.077093505859375000e+03
3.976594901084899902e+01 2.700000000000000178e+00 3.999999910593032837e-02 1.077093505859375000e+03
3.985493159294128418e+01 2.689999999999999947e+00 3.999999910593032837e-02 1.077093505859375000e+03
3.996294069290161133e+01 2.660000000000000142e+00 3.999999910593032837e-02 1.175010986328125000e+03
4.005794048309326172e+01 2.629999999999999893e+00 3.999999910593032837e-02 1.077093505859375000e+03
4.016893410682678223e+01 2.720000000000000195e+00 3.999999910593032837e-02 1.342869750976562500e+03
4.025599455833435059e+01 2.750000000000000000e+00 3.999999910593032837e-02 1.258940307617187500e+03
4.034996819496154785e+01 2.680000000000000160e+00 3.999999910593032837e-02 1.258940307617187500e+03
4.046294093132019043e+01 2.729999999999999982e+00 3.999999910593032837e-02 1.258940307617187500e+03
4.054798054695129395e+01 2.740000000000000213e+00 3.999999910593032837e-02 1.175010986328125000e+03
4.066494178771972656e+01 2.700000000000000178e+00 3.999999910593032837e-02 1.272928588867187500e+03
4.075598216056823730e+01 2.759999999999999787e+00 3.999999910593032837e-02 1.161022827148437500e+03
4.086294126510620117e+01 2.729999999999999982e+00 3.999999910593032837e-02 1.356857910156250000e+03
4.095394206047058105e+01 2.750000000000000000e+00 3.999999910593032837e-02 1.175010986328125000e+03
4.104798197746276855e+01 2.759999999999999787e+00 3.999999910593032837e-02 9.931641235351562500e+02
4.115599465370178223e+01 2.720000000000000195e+00 3.999999910593032837e-02 9.092347412109375000e+02
4.126894807815551758e+01 2.680000000000000160e+00 3.999999910593032837e-02 9.931641235351562500e+02
4.136294102668762207e+01 2.649999999999999911e+00 3.999999910593032837e-02 1.077093505859375000e+03
4.144894599914550781e+01 2.660000000000000142e+00 3.999999910593032837e-02 1.258940307617187500e+03
4.156094145774841309e+01 2.740000000000000213e+00 3.999999910593032837e-02 1.175010986328125000e+03
4.165598201751708984e+01 2.729999999999999982e+00 3.999999910593032837e-02 1.091081787109375000e+03
4.176398944854736328e+01 2.700000000000000178e+00 3.999999910593032837e-02 9.931641235351562500e+02
4.185294628143310547e+01 2.709999999999999964e+00 3.999999910593032837e-02 1.077093505859375000e+03
4.195494103431701660e+01 2.729999999999999982e+00 3.999999910593032837e-02 1.161022827148437500e+03
4.205998229980468750e+01 2.709999999999999964e+00 3.999999910593032837e-02 1.258940307617187500e+03
4.216798186302185059e+01 2.720000000000000195e+00 3.999999910593032837e-02 1.175010986328125000e+03
4.226294040679931641e+01 2.700000000000000178e+00 3.999999910593032837e-02 1.091081787109375000e+03
4.235294222831726074e+01 2.740000000000000213e+00 3.999999910593032837e-02 1.258940307617187500e+03
4.246094870567321777e+01 2.609999999999999876e+00 3.999999910593032837e-02 1.440787353515625000e+03
4.255494165420532227e+01 2.709999999999999964e+00 3.999999910593032837e-02 1.356857910156250000e+03
4.266798138618469238e+01 2.750000000000000000e+00 3.999999910593032837e-02 1.258940307617187500e+03
4.275294399261474609e+01 2.720000000000000195e+00 3.999999910593032837e-02 1.175010986328125000e+03
4.286994409561157227e+01 2.729999999999999982e+00 3.999999910593032837e-02 8.952465209960937500e+02
4.296094298362731934e+01 2.750000000000000000e+00 3.999999910593032837e-02 1.077093505859375000e+03
4.306798291206359863e+01 2.709999999999999964e+00 3.999999910593032837e-02 1.091081787109375000e+03
4.315894269943237305e+01 2.689999999999999947e+00 3.999999910593032837e-02 9.092347412109375000e+02
4.325294089317321777e+01 2.759999999999999787e+00 3.999999910593032837e-02 5.315526123046875000e+02
4.336094141006469727e+01 2.790000000000000036e+00 3.999999910593032837e-02 0.000000000000000000e+00
4.345095133781433105e+01 2.700000000000000178e+00 3.999999910593032837e-02 0.000000000000000000e+00
4.354894113540649414e+01 2.450000000000000178e+00 3.999999910593032837e-02 0.000000000000000000e+00
4.365694260597229004e+01 2.549999999999999822e+00 3.999999910593032837e-02 0.000000000000000000e+00
4.376894330978393555e+01 2.470000000000000195e+00 3.999999910593032837e-02 0.000000000000000000e+00
4.386399126052856445e+01 2.419999999999999929e+00 3.999999910593032837e-02 0.000000000000000000e+00
4.395294284820556641e+01 2.419999999999999929e+00 3.999999910593032837e-02 0.000000000000000000e+00
4.406094431877136230e+01 2.549999999999999822e+00 3.999999910593032837e-02 0.000000000000000000e+00
4.415599632263183594e+01 2.950000000000000178e+00 3.999999910593032837e-02 0.000000000000000000e+00
4.426797699928283691e+01 4.099999999999999645e+00 3.999999910593032837e-02 0.000000000000000000e+00
4.435394334793090820e+01 5.230000000000000426e+00 3.999999910593032837e-02 0.000000000000000000e+00
4.446994304656982422e+01 5.480000000000000426e+00 3.999999910593032837e-02 0.000000000000000000e+00
4.456094098091125488e+01 5.750000000000000000e+00 3.999999910593032837e-02 0.000000000000000000e+00
4.466894483566284180e+01 5.879999999999999893e+00 3.999999910593032837e-02 -3.497056579589843750e+02
4.476294016838073730e+01 5.910000000000000142e+00 3.999999910593032837e-02 -7.273877563476562500e+02
4.485394072532653809e+01 5.929999999999999716e+00 3.999999910593032837e-02 -1.161022827148437500e+03
4.496094274520874023e+01 5.820000000000000284e+00 3.999999910593032837e-02 -1.440787353515625000e+03
4.505198597908020020e+01 5.690000000000000391e+00 3.999999910593032837e-02 -1.258940307617187500e+03
4.516894078254699707e+01 5.700000000000000178e+00 3.999999910593032837e-02 -1.258940307617187500e+03
4.525394034385681152e+01 5.750000000000000000e+00 3.999999910593032837e-02 -1.356857910156250000e+03
4.536694478988647461e+01 5.730000000000000426e+00 3.999999910593032837e-02 -1.622634277343750000e+03
4.546094083786010742e+01 5.759999999999999787e+00 3.999999910593032837e-02 -1.706563598632812500e+03
4.556894731521606445e+01 5.570000000000000284e+00 3.999999910593032837e-02 -1.440787353515625000e+03
4.565893983840942383e+01 5.599999999999999645e+00 3.999999910593032837e-02 -1.440787353515625000e+03
4.575394725799560547e+01 5.639999999999999680e+00 3.999999910593032837e-02 -1.440787353515625000e+03
4.586194419860839844e+01 5.709999999999999964e+00 3.999999910593032837e-02 -1.706563598632812500e+03
4.595094108581542969e+01 5.740000000000000213e+00 3.999999910593032837e-02 -1.972340087890625000e+03
4.606894159317016602e+01 5.690000000000000391e+00 3.999999910593032837e-02 -2.168175292968750000e+03
4.615794372558593750e+01 5.629999999999999893e+00 3.999999910593032837e-02 -1.888410644531250000e+03
4.626594591140747070e+01 5.639999999999999680e+00 3.999999910593032837e-02 -1.804481201171875000e+03
4.636094260215759277e+01 5.549999999999999822e+00 3.999999910593032837e-02 -2.070257568359375000e+03
4.645094752311706543e+01 5.679999999999999716e+00 3.999999910593032837e-02 -2.070257568359375000e+03
4.655894327163696289e+01 5.599999999999999645e+00 3.999999910593032837e-02 -2.168175292968750000e+03
4.665294432640075684e+01 5.639999999999999680e+00 3.999999910593032837e-02 -2.433951416015625000e+03
4.676594829559326172e+01 5.570000000000000284e+00 3.999999910593032837e-02 -2.154187011718750000e+03
4.685094022750854492e+01 5.589999999999999858e+00 3.999999910593032837e-02 -2.154187011718750000e+03
4.696799802780151367e+01 5.610000000000000320e+00 3.999999910593032837e-02 -2.154187011718750000e+03
4.705894207954406738e+01 5.540000000000000036e+00 3.999999910593032837e-02 -2.238116455078125000e+03
4.716594529151916504e+01 5.589999999999999858e+00 3.999999910593032837e-02 -2.154187011718750000e+03
4.725694537162780762e+01 5.549999999999999822e+00 3.999999910593032837e-02 -2.433951416015625000e+03
4.735094022750854492e+01 5.660000000000000142e+00 3.999999910593032837e-02 -2.517880615234375000e+03
4.745895433425903320e+01 5.629999999999999893e+00 3.999999910593032837e-02 -2.615798339843750000e+03
4.754894375801086426e+01 5.469999999999999751e+00 3.999999910593032837e-02 -2.601810058593750000e+03
4.766594433784484863e+01 5.370000000000000107e+00 3.999999910593032837e-02 -1.804481201171875000e+03
4.775198507308959961e+01 5.490000000000000213e+00 3.999999910593032837e-02 -1.720551879882812500e+03
4.786399173736572266e+01 5.660000000000000142e+00 3.999999910593032837e-02 -1.524716674804687500e+03
4.795893979072570801e+01 5.660000000000000142e+00 3.999999910593032837e-02 -1.538704956054687500e+03
4.806694293022155762e+01 5.690000000000000391e+00 3.999999910593032837e-02 -1.538704956054687500e+03
4.815598344802856445e+01 5.679999999999999716e+00 3.999999910593032837e-02 -1.342869750976562500e+03
4.825094079971313477e+01 5.629999999999999893e+00 3.999999910593032837e-02 -1.077093505859375000e+03
4.836294054985046387e+01 5.629999999999999893e+00 3.999999910593032837e-02 0.000000000000000000e+00
4.846894335746765137e+01 3.870000000000000107e+00 3.999999910593032837e-02 0.000000000000000000e+00
4.856594610214233398e+01 3.580000000000000071e+00 3.999999910593032837e-02 9.791758728027343750e+01
4.865598940849304199e+01 2.640000000000000124e+00 3.999999910593032837e-02 8.952465209960937500e+02
4.876398372650146484e+01 2.479999999999999982e+00 3.999999910593032837e-02 1.720551879882812500e+03
4.885793519020080566e+01 2.580000000000000071e+00 3.999999910593032837e-02 1.902398925781250000e+03
4.894894337654113770e+01 2.649999999999999911e+00 3.999999910593032837e-02 2.336033691406250000e+03
4.905599164962768555e+01 2.689999999999999947e+00 3.999999910593032837e-02 2.154187011718750000e+03
4.914694166183471680e+01 2.850000000000000089e+00 3.999999910593032837e-02 1.622634277343750000e+03
4.926398348808288574e+01 2.879999999999999893e+00 3.999999910593032837e-02 1.524716674804687500e+03
4.935599303245544434e+01 2.700000000000000178e+00 3.999999910593032837e-02 1.888410644531250000e+03
4.946194672584533691e+01 2.649999999999999911e+00 3.999999910593032837e-02 2.070257568359375000e+03
4.955598759651184082e+01 2.700000000000000178e+00 3.999999910593032837e-02 2.154187011718750000e+03
4.966398024559020996e+01 2.729999999999999982e+00 3.999999910593032837e-02 1.888410644531250000e+03
4.975394606590270996e+01 2.660000000000000142e+00 3.999999910593032837e-02 1.888410644531250000e+03
4.984894537925720215e+01 2.779999999999999805e+00 3.999999910593032837e-02 1.888410644531250000e+03
4.995694279670715332e+01 2.750000000000000000e+00 3.999999910593032837e-02 2.154187011718750000e+03
5.006894445419311523e+01 2.740000000000000213e+00 3.999999910593032837e-02 2.252104736328125000e+03
5.016399073600769043e+01 2.689999999999999947e+00 3.999999910593032837e-02 2.433951416015625000e+03
5.025294423103332520e+01 2.779999999999999805e+00 3.999999910593032837e-02 2.419963134765625000e+03
5.036094355583190918e+01 2.729999999999999982e+00 3.999999910593032837e-02 2.419963134765625000e+03
5.045599055290222168e+01 2.700000000000000178e+00 3.999999910593032837e-02 2.433951416015625000e+03
5.056798267364501953e+01 2.790000000000000036e+00 3.999999910593032837e-02 2.336033691406250000e+03
5.065393853187561035e+01 2.790000000000000036e+00 3.999999910593032837e-02 2.154187011718750000e+03
5.074798417091369629e+01 2.779999999999999805e+00 3.999999910593032837e-02 2.070257568359375000e+03
5.086094379425048828e+01 2.680000000000000160e+00 3.999999910593032837e-02 2.419963134765625000e+03
5.096894311904907227e+01 2.649999999999999911e+00 3.999999910593032837e-02 2.699727783203125000e+03
5.106294298171997070e+01 2.700000000000000178e+00 3.999999910593032837e-02 2.601810058593750000e+03
5.115393519401550293e+01 2.810000000000000053e+00 3.999999910593032837e-02 2.252104736328125000e+03
5.126094818115234375e+01 2.839999999999999858e+00 3.999999910593032837e-02 2.252104736328125000e+03
5.135199832916259766e+01 2.700000000000000178e+00 3.999999910593032837e-02 2.070257568359375000e+03
5.146895432472229004e+01 2.700000000000000178e+00 3.999999910593032837e-02 2.336033691406250000e+03
5.155394697189331055e+01 2.640000000000000124e+00 3.999999910593032837e-02 2.350021972656250000e+03
5.166694426536560059e+01 2.779999999999999805e+00 3.999999910593032837e-02 2.070257568359375000e+03
5.176094484329223633e+01 3.220000000000000195e+00 3.999999910593032837e-02 0.000000000000000000e+00
5.186894202232360840e+01 5.459999999999999964e+00 3.999999910593032837e-02 0.000000000000000000e+00
5.195894432067871094e+01 5.139999999999999680e+00 3.999999910593032837e-02 0.000000000000000000e+00
5.205394148826599121e+01 4.480000000000000426e+00 3.999999910593032837e-02 0.000000000000000000e+00
5.216194725036621094e+01 4.259999999999999787e+00 3.999999910593032837e-02 0.000000000000000000e+00
5.225094079971313477e+01 4.250000000000000000e+00 3.999999910593032837e-02 0.000000000000000000e+00
5.236894226074218750e+01 3.680000000000000160e+00 3.999999910593032837e-02 0.000000000000000000e+00
5.245794391632080078e+01 3.169999999999999929e+00 3.999999910593032837e-02 0.000000000000000000e+00
5.256594872474670410e+01 3.649999999999999911e+00 3.999999910593032837e-02 0.000000000000000000e+00
5.266094160079956055e+01 3.810000000000000053e+00 3.999999910593032837e-02 0.000000000000000000e+00
5.275094962120056152e+01 3.859999999999999876e+00 3.999999910593032837e-02 0.000000000000000000e+00
5.285894203186035156e+01 3.850000000000000089e+00 3.999999910593032837e-02 0.000000000000000000e+00
5.295294237136840820e+01 3.830000000000000071e+00 3.999999910593032837e-02 0.000000000000000000e+00
5.306594848632812500e+01 3.810000000000000053e+00 3.999999910593032837e-02 0.000000000000000000e+00
5.315094375610351562e+01 3.799999999999999822e+00 3.999999910593032837e-02 0.000000000000000000e+00
5.326799082756042480e+01 3.779999999999999805e+00 3.999999910593032837e-02 0.000000000000000000e+00
5.335894227027893066e+01 3.770000000000000018e+00 3.999999910593032837e-02 0.000000000000000000e+00
5.346594977378845215e+01 3.750000000000000000e+00 3.999999910593032837e-02 0.000000000000000000e+00
5.355694580078125000e+01 3.740000000000000213e+00 3.999999910593032837e-02 0.000000000000000000e+00
5.365103769302368164e+01 3.720000000000000195e+00 3.999999910593032837e-02 0.000000000000000000e+00
5.375894141197204590e+01 3.709999999999999964e+00 3.999999910593032837e-02 0.000000000000000000e+00
5.384894347190856934e+01 3.700000000000000178e+00 3.999999910593032837e-02 0.000000000000000000e+00
5.396594595909118652e+01 3.689999999999999947e+00 3.999999910593032837e-02 0.000000000000000000e+00
5.405197715759277344e+01 3.680000000000000160e+00 3.999999910593032837e-02 0.000000000000000000e+00
5.416398406028747559e+01 3.680000000000000160e+00 3.999999910593032837e-02 0.000000000000000000e+00
5.425894141197204590e+01 3.669999999999999929e+00 3.999999910593032837e-02 0.000000000000000000e+00
5.436694455146789551e+01 3.660000000000000142e+00 3.999999910593032837e-02 0.000000000000000000e+00
5.445598053932189941e+01 3.649999999999999911e+00 3.999999910593032837e-02 0.000000000000000000e+00
5.455094099044799805e+01 3.640000000000000124e+00 3.999999910593032837e-02 0.000000000000000000e+00
5.466294097900390625e+01 3.629999999999999893e+00 3.999999910593032837e-02 0.000000000000000000e+00
5.474894523620605469e+01 3.620000000000000107e+00 3.999999910593032837e-02 0.000000000000000000e+00
5.486595344543457031e+01 3.620000000000000107e+00 3.999999910593032837e-02 0.000000000000000000e+00
5.495599865913391113e+01 3.609999999999999876e+00 3.999999910593032837e-02 0.000000000000000000e+00
5.506399154663085938e+01 3.600000000000000089e+00 3.999999910593032837e-02 0.000000000000000000e+00
