4.999351501464843750e-02 3.160000000000000142e+00 4.899999871850013733e-02 0.000000000000000000e+00
1.509957313537597656e-01 3.160000000000000142e+00 4.899999871850013733e-02 0.000000000000000000e+00
2.509925365447998047e-01 3.149999999999999911e+00 4.899999871850013733e-02 0.000000000000000000e+00
3.429930210113525391e-01 3.240000000000000213e+00 4.899999871850013733e-02 0.000000000000000000e+00
4.330351352691650391e-01 3.259999999999999787e+00 4.899999871850013733e-02 0.000000000000000000e+00
5.439913272857666016e-01 3.279999999999999805e+00 4.899999871850013733e-02 0.000000000000000000e+00
6.330363750457763672e-01 3.270000000000000018e+00 4.899999871850013733e-02 0.000000000000000000e+00
7.450504302978515625e-01 3.290000000000000036e+00 4.899999871850013733e-02 0.000000000000000000e+00
8.370339870452880859e-01 3.290000000000000036e+00 4.899999871850013733e-02 0.000000000000000000e+00
9.490289688110351562e-01 3.330000000000000071e+00 4.899999871850013733e-02 0.000000000000000000e+00
1.037063121795654297e+00 3.359999999999999876e+00 4.899999871850013733e-02 0.000000000000000000e+00
1.150991439819335938e+00 3.339999999999999858e+00 4.899999871850013733e-02 0.000000000000000000e+00
1.241029500961303711e+00 3.350000000000000089e+00 4.899999871850013733e-02 0.000000000000000000e+00
1.347992181777954102e+00 3.350000000000000089e+00 4.899999871850013733e-02 0.000000000000000000e+00
1.437033414840698242e+00 3.370000000000000107e+00 4.899999871850013733e-02 0.000000000000000000e+00
1.531992912292480469e+00 3.419999999999999929e+00 4.899999871850013733e-02 0.000000000000000000e+00
1.639991998672485352e+00 3.459999999999999964e+00 4.899999871850013733e-02 0.000000000000000000e+00
1.734993696212768555e+00 3.459999999999999964e+00 4.899999871850013733e-02 0.000000000000000000e+00
1.846993923187255859e+00 3.439999999999999947e+00 4.899999871850013733e-02 0.000000000000000000e+00
1.936015605926513672e+00 3.430000000000000160e+00 4.899999871850013733e-02 0.000000000000000000e+00
2.043992042541503906e+00 3.419999999999999929e+00 4.899999871850013733e-02 0.000000000000000000e+00
2.138992547988891602e+00 3.410000000000000142e+00 4.899999871850013733e-02 0.000000000000000000e+00
2.250992774963378906e+00 3.419999999999999929e+00 4.899999871850013733e-02 0.000000000000000000e+00
2.337033987045288086e+00 3.430000000000000160e+00 4.899999871850013733e-02 0.000000000000000000e+00
2.430992126464843750e+00 3.410000000000000142e+00 4.899999871850013733e-02 0.000000000000000000e+00
2.543993949890136719e+00 3.509999999999999787e+00 4.899999871850013733e-02 0.000000000000000000e+00
2.635991811752319336e+00 3.620000000000000107e+00 4.899999871850013733e-02 0.000000000000000000e+00
2.746004819869995117e+00 3.729999999999999982e+00 4.899999871850013733e-02 0.000000000000000000e+00
2.837037801742553711e+00 4.059999999999999609e+00 4.899999871850013733e-02 0.000000000000000000e+00
2.943993330001831055e+00 4.700000000000000178e+00 4.899999871850013733e-02 0.000000000000000000e+00
3.034996271133422852e+00 5.169999999999999929e+00 4.899999871850013733e-02 0.000000000000000000e+00
3.151990652084350586e+00 5.389999999999999680e+00 4.899999871850013733e-02 0.000000000000000000e+00
3.237042665481567383e+00 5.059999999999999609e+00 2.099999971687793732e-02 -3.636938781738281250e+02
3.349995613098144531e+00 3.490000000000000213e+00 2.099999971687793732e-02 -2.657763061523437500e+02
3.443994283676147461e+00 3.549999999999999822e+00 2.099999971687793732e-02 -2.657763061523437500e+02
3.551990509033203125e+00 3.529999999999999805e+00 2.099999971687793732e-02 -2.657763061523437500e+02
3.641993761062622070e+00 3.660000000000000142e+00 2.099999971687793732e-02 -3.636938781738281250e+02
3.737094163894653320e+00 3.589999999999999858e+00 2.099999971687793732e-02 -5.315526123046875000e+02
3.845138072967529297e+00 3.549999999999999822e+00 2.099999971687793732e-02 -6.294701538085937500e+02
3.933995962142944336e+00 3.500000000000000000e+00 2.099999971687793732e-02 -5.455408935546875000e+02
4.051992654800415039e+00 3.569999999999999840e+00 2.099999971687793732e-02 -5.315526123046875000e+02
4.141028404235839844e+00 3.520000000000000018e+00 2.099999971687793732e-02 -5.315526123046875000e+02
4.249044895172119141e+00 3.540000000000000036e+00 2.099999971687793732e-02 -6.294701538085937500e+02
4.343991518020629883e+00 3.520000000000000018e+00 2.099999971687793732e-02 -5.455408935546875000e+02
4.433990716934204102e+00 3.439999999999999947e+00 2.099999971687793732e-02 -4.476232604980468750e+02
4.541993618011474609e+00 3.470000000000000195e+00 2.099999971687793732e-02 -4.476232604980468750e+02
4.635997772216796875e+00 3.490000000000000213e+00 2.099999971687793732e-02 -4.476232604980468750e+02
4.749038696289062500e+00 3.479999999999999982e+00 2.099999971687793732e-02 -4.616115112304687500e+02
4.833991527557373047e+00 3.509999999999999787e+00 2.099999971687793732e-02 -4.476232604980468750e+02
4.950992584228515625e+00 3.560000000000000053e+00 2.099999971687793732e-02 -5.315526123046875000e+02
5.041991710662841797e+00 3.589999999999999858e+00 2.099999971687793732e-02 -5.315526123046875000e+02
5.149029254913330078e+00 3.540000000000000036e+00 2.099999971687793732e-02 -4.616115112304687500e+02
5.239990949630737305e+00 3.520000000000000018e+00 2.099999971687793732e-02 -4.476232604980468750e+02
5.333992004394531250e+00 3.529999999999999805e+00 2.099999971687793732e-02 -4.476232604980468750e+02
5.442085504531860352e+00 3.500000000000000000e+00 2.099999971687793732e-02 -4.476232604980468750e+02
5.532003879547119141e+00 3.459999999999999964e+00 2.099999971687793732e-02 -4.476232604980468750e+02
5.649039506912231445e+00 3.509999999999999787e+00 2.099999971687793732e-02 -5.315526123046875000e+02
5.734993457794189453e+00 3.509999999999999787e+00 2.099999971687793732e-02 -4.476232604980468750e+02
5.846991300582885742e+00 3.500000000000000000e+00 2.099999971687793732e-02 -4.476232604980468750e+02
5.941991567611694336e+00 3.470000000000000195e+00 2.099999971687793732e-02 -5.455408935546875000e+02
6.049994230270385742e+00 3.479999999999999982e+00 2.099999971687793732e-02 -6.294701538085937500e+02
6.138988971710205078e+00 3.520000000000000018e+00 2.099999971687793732e-02 -5.455408935546875000e+02
6.233993291854858398e+00 3.529999999999999805e+00 2.099999971687793732e-02 -3.636938781738281250e+02
6.345993757247924805e+00 3.560000000000000053e+00 2.099999971687793732e-02 -4.476232604980468750e+02
6.431993246078491211e+00 3.509999999999999787e+00 2.099999971687793732e-02 -4.476232604980468750e+02
6.549031734466552734e+00 3.540000000000000036e+00 2.099999971687793732e-02 -4.476232604980468750e+02
6.638991594314575195e+00 3.490000000000000213e+00 2.099999971687793732e-02 -3.636938781738281250e+02
6.746994495391845703e+00 3.509999999999999787e+00 2.099999971687793732e-02 -3.636938781738281250e+02
6.841032505035400391e+00 3.540000000000000036e+00 2.099999971687793732e-02 -4.476232604980468750e+02
6.931989908218383789e+00 3.520000000000000018e+00 2.099999971687793732e-02 -3.636938781738281250e+02
7.038994550704956055e+00 3.569999999999999840e+00 2.099999971687793732e-02 -4.476232604980468750e+02
7.129995822906494141e+00 3.540000000000000036e+00 2.099999971687793732e-02 -4.476232604980468750e+02
7.246994972229003906e+00 3.490000000000000213e+00 2.099999971687793732e-02 -4.476232604980468750e+02
7.331990480422973633e+00 3.529999999999999805e+00 2.099999971687793732e-02 -4.476232604980468750e+02
7.445033550262451172e+00 3.529999999999999805e+00 2.099999971687793732e-02 -4.476232604980468750e+02
7.538992643356323242e+00 3.509999999999999787e+00 2.099999971687793732e-02 -3.636938781738281250e+02
7.646995306015014648e+00 3.529999999999999805e+00 2.099999971687793732e-02 -2.657763061523437500e+02
7.737029075622558594e+00 3.549999999999999822e+00 2.099999971687793732e-02 -3.636938781738281250e+02
7.831991910934448242e+00 3.560000000000000053e+00 2.099999971687793732e-02 -3.497056579589843750e+02
7.939990520477294922e+00 3.589999999999999858e+00 2.099999971687793732e-02 -3.497056579589843750e+02
8.029038667678833008e+00 3.569999999999999840e+00 2.099999971687793732e-02 -3.497056579589843750e+02
8.146993398666381836e+00 3.600000000000000089e+00 2.099999971687793732e-02 -5.315526123046875000e+02
8.236000776290893555e+00 3.580000000000000071e+00 2.099999971687793732e-02 -6.294701538085937500e+02
8.343989610671997070e+00 3.509999999999999787e+00 2.099999971687793732e-02 -6.294701538085937500e+02
8.438995838165283203e+00 3.479999999999999982e+00 2.099999971687793732e-02 -5.455408935546875000e+02
8.529037475585937500e+00 3.209999999999999964e+00 2.099999971687793732e-02 -6.294701538085937500e+02
8.637033939361572266e+00 3.470000000000000195e+00 2.099999971687793732e-02 -5.455408935546875000e+02
8.730991125106811523e+00 3.490000000000000213e+00 2.099999971687793732e-02 -5.455408935546875000e+02
8.843992710113525391e+00 3.509999999999999787e+00 2.099999971687793732e-02 -4.476232604980468750e+02
8.929031133651733398e+00 3.560000000000000053e+00 2.099999971687793732e-02 -3.636938781738281250e+02
9.045995473861694336e+00 3.549999999999999822e+00 2.099999971687793732e-02 -3.497056579589843750e+02
9.137041330337524414e+00 3.560000000000000053e+00 2.099999971687793732e-02 -4.476232604980468750e+02
9.243990659713745117e+00 3.540000000000000036e+00 2.099999971687793732e-02 -4.616115112304687500e+02
9.334999322891235352e+00 3.529999999999999805e+00 2.099999971687793732e-02 -3.636938781738281250e+02
9.429039001464843750e+00 3.529999999999999805e+00 2.099999971687793732e-02 -4.476232604980468750e+02
9.537024974822998047e+00 3.479999999999999982e+00 2.099999971687793732e-02 -4.476232604980468750e+02
9.649993181228637695e+00 3.479999999999999982e+00 2.099999971687793732e-02 -3.636938781738281250e+02
9.743991136550903320e+00 3.500000000000000000e+00 2.099999971687793732e-02 -2.797645568847656250e+02
9.845994472503662109e+00 3.569999999999999840e+00 2.099999971687793732e-02 -2.657763061523437500e+02
9.941994905471801758e+00 3.560000000000000053e+00 2.099999971687793732e-02 -1.818469390869140625e+02
1.003704261779785156e+01 3.529999999999999805e+00 2.099999971687793732e-02 -2.797645568847656250e+02
1.014505767822265625e+01 3.529999999999999805e+00 2.099999971687793732e-02 -2.657763061523437500e+02
1.023399138450622559e+01 3.509999999999999787e+00 2.099999971687793732e-02 -2.657763061523437500e+02
1.034904217720031738e+01 3.640000000000000124e+00 2.099999971687793732e-02 -2.657763061523437500e+02
1.044102478027343750e+01 3.580000000000000071e+00 2.099999971687793732e-02 -3.636938781738281250e+02
1.054902625083923340e+01 3.600000000000000089e+00 2.099999971687793732e-02 -1.818469390869140625e+02
1.064399337768554688e+01 3.569999999999999840e+00 2.099999971687793732e-02 -2.657763061523437500e+02
1.073399424552917480e+01 3.649999999999999911e+00 2.099999971687793732e-02 -2.657763061523437500e+02
1.084199309349060059e+01 3.600000000000000089e+00 2.099999971687793732e-02 -4.476232604980468750e+02
1.093599462509155273e+01 3.549999999999999822e+00 2.099999971687793732e-02 -3.636938781738281250e+02
1.104902982711791992e+01 3.560000000000000053e+00 2.099999971687793732e-02 -3.497056579589843750e+02
1.113399243354797363e+01 3.560000000000000053e+00 2.099999971687793732e-02 -2.797645568847656250e+02
1.124999141693115234e+01 3.560000000000000053e+00 2.099999971687793732e-02 -4.476232604980468750e+02
1.134199976921081543e+01 3.330000000000000071e+00 2.099999971687793732e-02 -3.636938781738281250e+02
1.144903445243835449e+01 3.540000000000000036e+00 2.099999971687793732e-02 -2.797645568847656250e+02
1.153999662399291992e+01 3.540000000000000036e+00 2.099999971687793732e-02 -3.636938781738281250e+02
1.163400149345397949e+01 3.649999999999999911e+00 2.099999971687793732e-02 -3.636938781738281250e+02
1.174199342727661133e+01 3.620000000000000107e+00 2.099999971687793732e-02 -3.636938781738281250e+02
1.183199357986450195e+01 3.569999999999999840e+00 2.099999971687793732e-02 -2.657763061523437500e+02
1.194903850555419922e+01 3.569999999999999840e+00 2.099999971687793732e-02 -3.636938781738281250e+02
1.203499102592468262e+01 3.629999999999999893e+00 2.099999971687793732e-02 -5.455408935546875000e+02
1.214699745178222656e+01 3.600000000000000089e+00 2.099999971687793732e-02 -5.455408935546875000e+02
1.224199175834655762e+01 3.540000000000000036e+00 2.099999971687793732e-02 -6.294701538085937500e+02
1.234999084472656250e+01 3.520000000000000018e+00 2.099999971687793732e-02 -7.273877563476562500e+02
1.243898963928222656e+01 3.540000000000000036e+00 2.099999971687793732e-02 -7.133995361328125000e+02
1.253399133682250977e+01 3.520000000000000018e+00 2.099999971687793732e-02 -6.294701538085937500e+02
1.264599442481994629e+01 3.490000000000000213e+00 2.099999971687793732e-02 -7.133995361328125000e+02
1.273199272155761719e+01 3.549999999999999822e+00 2.099999971687793732e-02 -6.294701538085937500e+02
1.284903430938720703e+01 3.509999999999999787e+00 2.099999971687793732e-02 -4.476232604980468750e+02
1.293899440765380859e+01 3.540000000000000036e+00 2.099999971687793732e-02 -2.657763061523437500e+02
1.304699325561523438e+01 3.569999999999999840e+00 2.099999971687793732e-02 -3.636938781738281250e+02
1.314104080200195312e+01 3.620000000000000107e+00 2.099999971687793732e-02 -3.636938781738281250e+02
1.323200511932373047e+01 3.509999999999999787e+00 2.099999971687793732e-02 -3.636938781738281250e+02
1.333899188041687012e+01 3.589999999999999858e+00 2.099999971687793732e-02 -3.636938781738281250e+02
1.342999410629272461e+01 3.629999999999999893e+00 2.099999971687793732e-02 -4.476232604980468750e+02
1.354699182510375977e+01 3.580000000000000071e+00 2.099999971687793732e-02 -3.636938781738281250e+02
1.363199043273925781e+01 3.640000000000000124e+00 2.099999971687793732e-02 -4.616115112304687500e+02
1.374504280090332031e+01 3.569999999999999840e+00 2.099999971687793732e-02 -4.476232604980468750e+02
1.383899283409118652e+01 3.560000000000000053e+00 2.099999971687793732e-02 -3.497056579589843750e+02
1.394699478149414062e+01 3.560000000000000053e+00 2.099999971687793732e-02 -3.636938781738281250e+02
1.403704380989074707e+01 3.589999999999999858e+00 2.099999971687793732e-02 -5.455408935546875000e+02
1.413198995590209961e+01 3.540000000000000036e+00 2.099999971687793732e-02 -6.434584350585937500e+02
1.423999071121215820e+01 3.540000000000000036e+00 2.099999971687793732e-02 -5.455408935546875000e+02
1.432904100418090820e+01 3.589999999999999858e+00 2.099999971687793732e-02 -4.476232604980468750e+02
1.444699525833129883e+01 3.620000000000000107e+00 2.099999971687793732e-02 -5.315526123046875000e+02
1.453599381446838379e+01 3.580000000000000071e+00 2.099999971687793732e-02 -4.476232604980468750e+02
1.464398956298828125e+01 3.520000000000000018e+00 2.099999971687793732e-02 -3.636938781738281250e+02
1.473899364471435547e+01 3.520000000000000018e+00 2.099999971687793732e-02 -4.476232604980468750e+02
1.483599114418029785e+01 3.520000000000000018e+00 2.099999971687793732e-02 -5.315526123046875000e+02
1.493703293800354004e+01 3.529999999999999805e+00 2.099999971687793732e-02 -4.476232604980468750e+02
1.503099584579467773e+01 3.529999999999999805e+00 2.099999971687793732e-02 -3.636938781738281250e+02
1.514399003982543945e+01 3.569999999999999840e+00 2.099999971687793732e-02 -4.476232604980468750e+02
1.523599314689636230e+01 3.470000000000000195e+00 2.099999971687793732e-02 -4.616115112304687500e+02
1.534600424766540527e+01 3.540000000000000036e+00 2.099999971687793732e-02 -3.497056579589843750e+02
1.543703579902648926e+01 3.509999999999999787e+00 2.099999971687793732e-02 -3.636938781738281250e+02
1.554399704933166504e+01 3.620000000000000107e+00 2.099999971687793732e-02 -5.455408935546875000e+02
1.563499212265014648e+01 3.580000000000000071e+00 2.099999971687793732e-02 -3.636938781738281250e+02
1.574902987480163574e+01 3.540000000000000036e+00 2.099999971687793732e-02 -4.476232604980468750e+02
1.583703422546386719e+01 3.660000000000000142e+00 2.099999971687793732e-02 -5.315526123046875000e+02
1.594999361038208008e+01 3.629999999999999893e+00 2.099999971687793732e-02 -5.315526123046875000e+02
1.604399251937866211e+01 3.529999999999999805e+00 2.099999971687793732e-02 -5.455408935546875000e+02
1.612999105453491211e+01 3.509999999999999787e+00 2.099999971687793732e-02 -4.476232604980468750e+02
1.624199223518371582e+01 3.529999999999999805e+00 2.099999971687793732e-02 -3.636938781738281250e+02
1.633703422546386719e+01 3.549999999999999822e+00 2.099999971687793732e-02 -2.657763061523437500e+02
1.644502925872802734e+01 3.569999999999999840e+00 2.099999971687793732e-02 -2.797645568847656250e+02
1.653399372100830078e+01 3.549999999999999822e+00 2.099999971687793732e-02 -2.657763061523437500e+02
1.664999103546142578e+01 3.600000000000000089e+00 2.099999971687793732e-02 -3.636938781738281250e+02
1.674103617668151855e+01 3.609999999999999876e+00 2.099999971687793732e-02 -4.476232604980468750e+02
1.684903097152709961e+01 3.589999999999999858e+00 2.099999971687793732e-02 -5.455408935546875000e+02
1.694398975372314453e+01 3.540000000000000036e+00 2.099999971687793732e-02 -5.455408935546875000e+02
1.703399157524108887e+01 3.500000000000000000e+00 2.099999971687793732e-02 -3.636938781738281250e+02
1.714199399948120117e+01 3.509999999999999787e+00 2.099999971687793732e-02 -2.657763061523437500e+02
1.723599362373352051e+01 3.620000000000000107e+00 2.099999971687793732e-02 -3.636938781738281250e+02
1.734903669357299805e+01 3.569999999999999840e+00 2.099999971687793732e-02 -3.636938781738281250e+02
1.743399071693420410e+01 3.580000000000000071e+00 2.099999971687793732e-02 -4.476232604980468750e+02
1.753399753570556641e+01 3.560000000000000053e+00 2.099999971687793732e-02 -3.497056579589843750e+02
1.764199376106262207e+01 3.549999999999999822e+00 2.099999971687793732e-02 -2.797645568847656250e+02
1.774902915954589844e+01 3.600000000000000089e+00 2.099999971687793732e-02 -2.657763061523437500e+02
1.783999204635620117e+01 3.660000000000000142e+00 2.099999971687793732e-02 -2.657763061523437500e+02
1.793399500846862793e+01 3.600000000000000089e+00 2.099999971687793732e-02 -3.636938781738281250e+02
1.804199409484863281e+01 3.470000000000000195e+00 2.099999971687793732e-02 -1.818469390869140625e+02
1.813199234008789062e+01 3.529999999999999805e+00 2.099999971687793732e-02 -8.392935943603515625e+01
1.824902844429016113e+01 3.609999999999999876e+00 2.099999971687793732e-02 -3.636938781738281250e+02
1.833499050140380859e+01 3.669999999999999929e+00 2.099999971687793732e-02 -5.315526123046875000e+02
1.844699549674987793e+01 3.479999999999999982e+00 2.099999971687793732e-02 -2.657763061523437500e+02
1.854199171066284180e+01 3.470000000000000195e+00 2.099999971687793732e-02 -8.392935943603515625e+01
1.865000057220458984e+01 3.569999999999999840e+00 2.099999971687793732e-02 -3.636938781738281250e+02
1.873899197578430176e+01 3.600000000000000089e+00 2.099999971687793732e-02 -8.392935943603515625e+01
1.883400225639343262e+01 3.229999999999999982e+00 2.099999971687793732e-02 0.000000000000000000e+00
1.894599175453186035e+01 3.229999999999999982e+00 2.099999971687793732e-02 0.000000000000000000e+00
1.903199243545532227e+01 3.080000000000000071e+00 2.099999971687793732e-02 0.000000000000000000e+00
1.914903092384338379e+01 2.140000000000000124e+00 2.099999971687793732e-02 0.000000000000000000e+00
1.923899722099304199e+01 1.340000000000000080e+00 4.899999871850013733e-02 8.113171386718750000e+02
1.934699892997741699e+01 2.919999999999999929e+00 4.899999871850013733e-02 9.931641235351562500e+02
1.944102931022644043e+01 3.580000000000000071e+00 4.899999871850013733e-02 1.818469390869140625e+02
1.953199148178100586e+01 3.509999999999999787e+00 4.899999871850013733e-02 0.000000000000000000e+00
1.963899302482604980e+01 3.459999999999999964e+00 4.899999871850013733e-02 8.392935943603515625e+01
1.972999429702758789e+01 3.270000000000000018e+00 4.899999871850013733e-02 3.636938781738281250e+02
1.984699678421020508e+01 3.390000000000000124e+00 4.899999871850013733e-02 3.636938781738281250e+02
1.993199038505554199e+01 3.379999999999999893e+00 4.899999871850013733e-02 0.000000000000000000e+00
2.004506254196166992e+01 3.370000000000000107e+00 4.899999871850013733e-02 2.657763061523437500e+02
2.013899350166320801e+01 3.310000000000000053e+00 4.899999871850013733e-02 4.476232604980468750e+02
2.024699258804321289e+01 3.439999999999999947e+00 4.899999871850013733e-02 4.616115112304687500e+02
2.033704638481140137e+01 3.459999999999999964e+00 4.899999871850013733e-02 5.315526123046875000e+02
2.043198895454406738e+01 3.450000000000000178e+00 4.899999871850013733e-02 4.476232604980468750e+02
2.053998994827270508e+01 3.430000000000000160e+00 4.899999871850013733e-02 3.636938781738281250e+02
2.062903070449829102e+01 3.419999999999999929e+00 4.899999871850013733e-02 2.657763061523437500e+02
2.074699306488037109e+01 3.520000000000000018e+00 4.899999871850013733e-02 8.392935943603515625e+01
2.083599162101745605e+01 3.390000000000000124e+00 4.899999871850013733e-02 0.000000000000000000e+00
2.094399690628051758e+01 3.330000000000000071e+00 4.899999871850013733e-02 9.791758728027343750e+01
2.103901124000549316e+01 3.359999999999999876e+00 4.899999871850013733e-02 3.636938781738281250e+02
2.115099000930786133e+01 3.370000000000000107e+00 4.899999871850013733e-02 4.476232604980468750e+02
2.123703598976135254e+01 3.189999999999999947e+00 4.899999871850013733e-02 2.657763061523437500e+02
2.133099436759948730e+01 3.410000000000000142e+00 4.899999871850013733e-02 3.497056579589843750e+02
2.144408965110778809e+01 3.450000000000000178e+00 4.899999871850013733e-02 4.476232604980468750e+02
2.152912163734436035e+01 3.490000000000000213e+00 4.899999871850013733e-02 4.476232604980468750e+02
2.164599347114562988e+01 3.459999999999999964e+00 4.899999871850013733e-02 6.294701538085937500e+02
2.173702788352966309e+01 3.490000000000000213e+00 4.899999871850013733e-02 5.455408935546875000e+02
2.184399390220642090e+01 3.459999999999999964e+00 4.899999871850013733e-02 4.476232604980468750e+02
2.193499541282653809e+01 3.439999999999999947e+00 4.899999871850013733e-02 3.636938781738281250e+02
2.202903175354003906e+01 3.419999999999999929e+00 4.899999871850013733e-02 4.476232604980468750e+02
2.213704180717468262e+01 3.520000000000000018e+00 4.899999871850013733e-02 5.455408935546875000e+02
2.224999356269836426e+01 3.500000000000000000e+00 4.899999871850013733e-02 3.636938781738281250e+02
2.234399104118347168e+01 3.470000000000000195e+00 4.899999871850013733e-02 2.657763061523437500e+02
2.243703174591064453e+01 3.390000000000000124e+00 4.899999871850013733e-02 8.392935943603515625e+01
2.254199290275573730e+01 3.419999999999999929e+00 4.899999871850013733e-02 0.000000000000000000e+00
2.263704228401184082e+01 3.290000000000000036e+00 4.899999871850013733e-02 2.797645568847656250e+02
2.274503564834594727e+01 3.299999999999999822e+00 4.899999871850013733e-02 4.476232604980468750e+02
2.283399796485900879e+01 3.359999999999999876e+00 4.899999871850013733e-02 3.497056579589843750e+02
2.294999241828918457e+01 3.350000000000000089e+00 4.899999871850013733e-02 5.455408935546875000e+02
2.304111814498901367e+01 3.359999999999999876e+00 4.899999871850013733e-02 3.636938781738281250e+02
2.312999272346496582e+01 3.339999999999999858e+00 4.899999871850013733e-02 3.636938781738281250e+02
2.324699664115905762e+01 3.439999999999999947e+00 4.899999871850013733e-02 4.476232604980468750e+02
2.333703255653381348e+01 3.490000000000000213e+00 4.899999871850013733e-02 3.636938781738281250e+02
2.344504237174987793e+01 3.399999999999999911e+00 4.899999871850013733e-02 5.455408935546875000e+02
2.353899645805358887e+01 3.370000000000000107e+00 4.899999871850013733e-02 4.476232604980468750e+02
2.362999749183654785e+01 3.419999999999999929e+00 4.899999871850013733e-02 3.636938781738281250e+02
2.373703384399414062e+01 3.450000000000000178e+00 4.899999871850013733e-02 5.455408935546875000e+02
2.382799315452575684e+01 3.529999999999999805e+00 4.899999871850013733e-02 3.636938781738281250e+02
2.394503188133239746e+01 3.509999999999999787e+00 4.899999871850013733e-02 3.636938781738281250e+02
2.405099511146545410e+01 3.549999999999999822e+00 4.899999871850013733e-02 2.657763061523437500e+02
2.414299631118774414e+01 3.540000000000000036e+00 4.899999871850013733e-02 2.797645568847656250e+02
2.423703813552856445e+01 3.479999999999999982e+00 4.899999871850013733e-02 2.657763061523437500e+02
2.434504151344299316e+01 3.419999999999999929e+00 4.899999871850013733e-02 3.497056579589843750e+02
2.443499588966369629e+01 3.430000000000000160e+00 4.899999871850013733e-02 1.818469390869140625e+02
2.452999544143676758e+01 3.419999999999999929e+00 4.899999871850013733e-02 1.818469390869140625e+02
2.463799309730529785e+01 3.419999999999999929e+00 4.899999871850013733e-02 3.497056579589843750e+02
2.474999237060546875e+01 3.430000000000000160e+00 4.899999871850013733e-02 2.657763061523437500e+02
2.484505152702331543e+01 3.459999999999999964e+00 4.899999871850013733e-02 3.636938781738281250e+02
2.493399119377136230e+01 3.419999999999999929e+00 4.899999871850013733e-02 4.476232604980468750e+02
2.504199361801147461e+01 3.490000000000000213e+00 4.899999871850013733e-02 3.636938781738281250e+02
2.513705086708068848e+01 3.540000000000000036e+00 4.899999871850013733e-02 3.636938781738281250e+02
2.524903106689453125e+01 3.540000000000000036e+00 4.899999871850013733e-02 4.476232604980468750e+02
2.533499360084533691e+01 3.490000000000000213e+00 4.899999871850013733e-02 4.476232604980468750e+02
2.545099973678588867e+01 3.509999999999999787e+00 4.899999871850013733e-02 3.636938781738281250e+02
2.554199361801147461e+01 3.479999999999999982e+00 4.899999871850013733e-02 5.455408935546875000e+02
2.564999556541442871e+01 3.450000000000000178e+00 4.899999871850013733e-02 3.636938781738281250e+02
2.574399375915527344e+01 3.479999999999999982e+00 4.899999871850013733e-02 3.636938781738281250e+02
2.583500003814697266e+01 3.459999999999999964e+00 4.899999871850013733e-02 2.657763061523437500e+02
2.594199228286743164e+01 3.459999999999999964e+00 4.899999871850013733e-02 1.818469390869140625e+02
2.603303766250610352e+01 3.509999999999999787e+00 4.899999871850013733e-02 8.392935943603515625e+01
2.614999365806579590e+01 3.430000000000000160e+00 4.899999871850013733e-02 0.000000000000000000e+00
2.623499846458435059e+01 3.319999999999999840e+00 4.899999871850013733e-02 8.392935943603515625e+01
2.634799122810363770e+01 3.359999999999999876e+00 4.899999871850013733e-02 5.455408935546875000e+02
2.644199323654174805e+01 3.450000000000000178e+00 4.899999871850013733e-02 3.497056579589843750e+02
2.654999184608459473e+01 3.490000000000000213e+00 4.899999871850013733e-02 2.797645568847656250e+02
2.663999032974243164e+01 3.459999999999999964e+00 4.899999871850013733e-02 3.636938781738281250e+02
2.673499321937561035e+01 3.459999999999999964e+00 4.899999871850013733e-02 3.636938781738281250e+02
2.684299230575561523e+01 3.399999999999999911e+00 4.899999871850013733e-02 3.636938781738281250e+02
2.693199229240417480e+01 3.370000000000000107e+00 4.899999871850013733e-02 4.616115112304687500e+02
2.704999494552612305e+01 3.419999999999999929e+00 4.899999871850013733e-02 2.797645568847656250e+02
2.713899326324462891e+01 3.370000000000000107e+00 4.899999871850013733e-02 2.797645568847656250e+02
2.724699687957763672e+01 3.390000000000000124e+00 4.899999871850013733e-02 2.657763061523437500e+02
2.734199309349060059e+01 3.470000000000000195e+00 4.899999871850013733e-02 4.616115112304687500e+02
2.743199396133422852e+01 3.479999999999999982e+00 4.899999871850013733e-02 3.636938781738281250e+02
2.753999328613281250e+01 3.459999999999999964e+00 4.899999871850013733e-02 5.455408935546875000e+02
2.763399577140808105e+01 3.490000000000000213e+00 4.899999871850013733e-02 5.315526123046875000e+02
2.774699807167053223e+01 3.459999999999999964e+00 4.899999871850013733e-02 3.636938781738281250e+02
2.783199095726013184e+01 3.450000000000000178e+00 4.899999871850013733e-02 5.455408935546875000e+02
2.794903206825256348e+01 3.439999999999999947e+00 4.899999871850013733e-02 4.476232604980468750e+02
2.803999400138854980e+01 3.490000000000000213e+00 4.899999871850013733e-02 4.476232604980468750e+02
2.814699316024780273e+01 3.520000000000000018e+00 4.899999871850013733e-02 4.476232604980468750e+02
2.823799371719360352e+01 3.490000000000000213e+00 4.899999871850013733e-02 3.636938781738281250e+02
2.833199405670166016e+01 3.509999999999999787e+00 4.899999871850013733e-02 3.636938781738281250e+02
2.843999099731445312e+01 3.509999999999999787e+00 4.899999871850013733e-02 3.636938781738281250e+02
2.852999210357666016e+01 3.479999999999999982e+00 4.899999871850013733e-02 2.657763061523437500e+02
2.864700007438659668e+01 3.450000000000000178e+00 4.899999871850013733e-02 1.818469390869140625e+02
2.873303461074829102e+01 3.439999999999999947e+00 4.899999871850013733e-02 2.657763061523437500e+02
2.884504079818725586e+01 3.399999999999999911e+00 4.899999871850013733e-02 4.476232604980468750e+02
2.893999290466308594e+01 3.430000000000000160e+00 4.899999871850013733e-02 4.616115112304687500e+02
2.904799079895019531e+01 3.430000000000000160e+00 4.899999871850013733e-02 3.636938781738281250e+02
2.913703393936157227e+01 3.500000000000000000e+00 4.899999871850013733e-02 3.636938781738281250e+02
2.923199796676635742e+01 3.470000000000000195e+00 4.899999871850013733e-02 4.476232604980468750e+02
2.934399127960205078e+01 3.470000000000000195e+00 4.899999871850013733e-02 3.636938781738281250e+02
2.942999243736267090e+01 3.479999999999999982e+00 4.899999871850013733e-02 3.497056579589843750e+02
2.954699540138244629e+01 3.410000000000000142e+00 4.899999871850013733e-02 3.636938781738281250e+02
2.963702702522277832e+01 3.430000000000000160e+00 4.899999871850013733e-02 5.455408935546875000e+02
2.974504971504211426e+01 3.490000000000000213e+00 4.899999871850013733e-02 5.455408935546875000e+02
2.983899426460266113e+01 3.509999999999999787e+00 4.899999871850013733e-02 4.476232604980468750e+02
2.992999577522277832e+01 3.470000000000000195e+00 4.899999871850013733e-02 3.636938781738281250e+02
3.003704452514648438e+01 3.479999999999999982e+00 4.899999871850013733e-02 3.636938781738281250e+02
3.012799263000488281e+01 3.450000000000000178e+00 4.899999871850013733e-02 2.797645568847656250e+02
3.024503135681152344e+01 3.410000000000000142e+00 4.899999871850013733e-02 3.636938781738281250e+02
3.032999491691589355e+01 3.410000000000000142e+00 4.899999871850013733e-02 3.497056579589843750e+02
3.044299316406250000e+01 3.410000000000000142e+00 4.899999871850013733e-02 2.657763061523437500e+02
3.053704929351806641e+01 3.390000000000000124e+00 4.899999871850013733e-02 2.657763061523437500e+02
3.064503884315490723e+01 3.370000000000000107e+00 4.899999871850013733e-02 4.476232604980468750e+02
3.073510646820068359e+01 3.419999999999999929e+00 4.899999871850013733e-02 3.636938781738281250e+02
3.082999157905578613e+01 3.410000000000000142e+00 4.899999871850013733e-02 4.476232604980468750e+02
3.093799567222595215e+01 3.430000000000000160e+00 4.899999871850013733e-02 3.636938781738281250e+02
3.104999661445617676e+01 3.459999999999999964e+00 4.899999871850013733e-02 4.476232604980468750e+02
3.114503574371337891e+01 3.419999999999999929e+00 4.899999871850013733e-02 4.476232604980468750e+02
3.123399853706359863e+01 3.439999999999999947e+00 4.899999871850013733e-02 3.497056579589843750e+02
3.134199476242065430e+01 3.419999999999999929e+00 4.899999871850013733e-02 2.657763061523437500e+02
3.143703937530517578e+01 3.410000000000000142e+00 4.899999871850013733e-02 3.497056579589843750e+02
3.154902887344360352e+01 3.419999999999999929e+00 4.899999871850013733e-02 5.455408935546875000e+02
3.163502478599548340e+01 3.500000000000000000e+00 4.899999871850013733e-02 4.616115112304687500e+02
3.172904038429260254e+01 3.500000000000000000e+00 4.899999871850013733e-02 3.636938781738281250e+02
3.184199309349060059e+01 3.520000000000000018e+00 4.899999871850013733e-02 1.818469390869140625e+02
3.194999480247497559e+01 3.569999999999999840e+00 4.899999871850013733e-02 8.392935943603515625e+01
3.204399394989013672e+01 3.410000000000000142e+00 4.899999871850013733e-02 1.818469390869140625e+02
3.213501095771789551e+01 3.419999999999999929e+00 4.899999871850013733e-02 3.636938781738281250e+02
3.224199652671813965e+01 3.439999999999999947e+00 4.899999871850013733e-02 4.476232604980468750e+02
3.233303618431091309e+01 3.470000000000000195e+00 4.899999871850013733e-02 2.797645568847656250e+02
3.244999694824218750e+01 3.450000000000000178e+00 4.899999871850013733e-02 4.476232604980468750e+02
3.253510093688964844e+01 3.410000000000000142e+00 4.899999871850013733e-02 5.315526123046875000e+02
3.264799213409423828e+01 3.470000000000000195e+00 4.899999871850013733e-02 5.455408935546875000e+02
3.274199080467224121e+01 3.490000000000000213e+00 4.899999871850013733e-02 4.476232604980468750e+02
3.285000205039978027e+01 3.459999999999999964e+00 4.899999871850013733e-02 4.476232604980468750e+02
3.293999171257019043e+01 3.529999999999999805e+00 4.899999871850013733e-02 3.497056579589843750e+02
3.303499817848205566e+01 3.479999999999999982e+00 4.899999871850013733e-02 3.497056579589843750e+02
3.314299345016479492e+01 3.459999999999999964e+00 4.899999871850013733e-02 3.636938781738281250e+02
3.323199248313903809e+01 3.430000000000000160e+00 4.899999871850013733e-02 5.315526123046875000e+02
3.334999299049377441e+01 3.430000000000000160e+00 4.899999871850013733e-02 6.294701538085937500e+02
3.343899178504943848e+01 3.450000000000000178e+00 4.899999871850013733e-02 4.476232604980468750e+02
3.354699301719665527e+01 3.439999999999999947e+00 4.899999871850013733e-02 4.476232604980468750e+02
3.364199256896972656e+01 3.439999999999999947e+00 4.899999871850013733e-02 3.636938781738281250e+02
3.373199248313903809e+01 3.479999999999999982e+00 4.899999871850013733e-02 4.476232604980468750e+02
3.383999252319335938e+01 3.500000000000000000e+00 4.899999871850013733e-02 5.315526123046875000e+02
3.393399190902709961e+01 3.459999999999999964e+00 4.899999871850013733e-02 4.476232604980468750e+02
3.404699563980102539e+01 3.390000000000000124e+00 4.899999871850013733e-02 4.476232604980468750e+02
3.413198947906494141e+01 3.350000000000000089e+00 4.899999871850013733e-02 4.476232604980468750e+02
3.424903368949890137e+01 3.410000000000000142e+00 4.899999871850013733e-02 4.476232604980468750e+02
3.433999276161193848e+01 3.470000000000000195e+00 4.899999871850013733e-02 4.476232604980468750e+02
3.444700217247009277e+01 3.459999999999999964e+00 4.899999871850013733e-02 6.294701538085937500e+02
3.453799366950988770e+01 3.520000000000000018e+00 4.899999871850013733e-02 6.294701538085937500e+02
3.463199353218078613e+01 3.540000000000000036e+00 4.899999871850013733e-02 4.616115112304687500e+02
3.473999404907226562e+01 3.439999999999999947e+00 4.899999871850013733e-02 3.636938781738281250e+02
3.482999253273010254e+01 3.430000000000000160e+00 4.899999871850013733e-02 3.636938781738281250e+02
3.494699311256408691e+01 3.399999999999999911e+00 4.899999871850013733e-02 4.476232604980468750e+02
3.503303074836730957e+01 3.439999999999999947e+00 4.899999871850013733e-02 4.476232604980468750e+02
3.514519238471984863e+01 3.479999999999999982e+00 4.899999871850013733e-02 4.476232604980468750e+02
3.523999428749084473e+01 3.439999999999999947e+00 4.899999871850013733e-02 4.476232604980468750e+02
3.534799671173095703e+01 3.450000000000000178e+00 4.899999871850013733e-02 5.455408935546875000e+02
3.543703913688659668e+01 3.529999999999999805e+00 4.899999871850013733e-02 4.476232604980468750e+02
3.553199696540832520e+01 3.549999999999999822e+00 4.899999871850013733e-02 4.616115112304687500e+02
3.564399242401123047e+01 3.529999999999999805e+00 4.899999871850013733e-02 3.636938781738281250e+02
3.573000240325927734e+01 3.430000000000000160e+00 4.899999871850013733e-02 5.455408935546875000e+02
3.584699416160583496e+01 3.450000000000000178e+00 4.899999871850013733e-02 1.818469390869140625e+02
3.593704080581665039e+01 3.430000000000000160e+00 4.899999871850013733e-02 9.791758728027343750e+01
3.604504466056823730e+01 3.350000000000000089e+00 4.899999871850013733e-02 3.497056579589843750e+02
3.613899230957031250e+01 3.359999999999999876e+00 4.899999871850013733e-02 3.497056579589843750e+02
3.622999262809753418e+01 3.399999999999999911e+00 4.899999871850013733e-02 4.476232604980468750e+02
3.633703088760375977e+01 3.459999999999999964e+00 4.899999871850013733e-02 3.636938781738281250e+02
3.642799329757690430e+01 3.589999999999999858e+00 4.899999871850013733e-02 0.000000000000000000e+00
3.654503583908081055e+01 3.430000000000000160e+00 4.899999871850013733e-02 0.000000000000000000e+00
3.662999701499938965e+01 3.189999999999999947e+00 4.899999871850013733e-02 0.000000000000000000e+00
3.674299454689025879e+01 3.169999999999999929e+00 4.899999871850013733e-02 0.000000000000000000e+00
3.683703255653381348e+01 3.209999999999999964e+00 4.899999871850013733e-02 0.000000000000000000e+00
3.694504189491271973e+01 3.200000000000000178e+00 4.899999871850013733e-02 0.000000000000000000e+00
3.703499674797058105e+01 3.270000000000000018e+00 4.899999871850013733e-02 0.000000000000000000e+00
3.712999367713928223e+01 3.770000000000000018e+00 4.899999871850013733e-02 0.000000000000000000e+00
3.723799490928649902e+01 4.230000000000000426e+00 4.899999871850013733e-02 0.000000000000000000e+00
3.734999632835388184e+01 4.650000000000000355e+00 4.899999871850013733e-02 0.000000000000000000e+00
3.744502878189086914e+01 5.259999999999999787e+00 4.899999871850013733e-02 0.000000000000000000e+00
3.753399324417114258e+01 5.610000000000000320e+00 4.899999871850013733e-02 0.000000000000000000e+00
3.764199495315551758e+01 5.790000000000000036e+00 4.899999871850013733e-02 0.000000000000000000e+00
3.773703169822692871e+01 6.309999999999999609e+00 4.899999871850013733e-02 0.000000000000000000e+00
3.784903097152709961e+01 6.679999999999999716e+00 4.899999871850013733e-02 0.000000000000000000e+00
3.793500781059265137e+01 7.110000000000000320e+00 2.099999971687793732e-02 -6.294701538085937500e+02
3.802904462814331055e+01 4.750000000000000000e+00 2.099999971687793732e-02 -1.258940307617187500e+03
3.814199328422546387e+01 3.500000000000000000e+00 2.099999971687793732e-02 -9.791759033203125000e+02
3.824999475479125977e+01 3.479999999999999982e+00 2.099999971687793732e-02 -9.092347412109375000e+02
3.834399247169494629e+01 3.600000000000000089e+00 2.099999971687793732e-02 -8.952465209960937500e+02
3.843499684333801270e+01 3.549999999999999822e+00 2.099999971687793732e-02 -7.273877563476562500e+02
3.854199194908142090e+01 3.509999999999999787e+00 2.099999971687793732e-02 -6.294701538085937500e+02
3.863303494453430176e+01 3.509999999999999787e+00 2.099999971687793732e-02 -6.294701538085937500e+02
3.874999523162841797e+01 3.560000000000000053e+00 2.099999971687793732e-02 -8.113171386718750000e+02
3.883499503135681152e+01 3.529999999999999805e+00 2.099999971687793732e-02 -7.133995361328125000e+02
3.894799113273620605e+01 3.560000000000000053e+00 2.099999971687793732e-02 -6.294701538085937500e+02
3.904199218750000000e+01 3.600000000000000089e+00 2.099999971687793732e-02 -4.476232604980468750e+02
3.914999270439147949e+01 3.620000000000000107e+00 2.099999971687793732e-02 -4.476232604980468750e+02
3.923999261856079102e+01 3.629999999999999893e+00 2.099999971687793732e-02 -5.315526123046875000e+02
3.933499288558959961e+01 3.529999999999999805e+00 2.099999971687793732e-02 -3.636938781738281250e+02
3.944301843643188477e+01 3.529999999999999805e+00 2.099999971687793732e-02 -4.476232604980468750e+02
3.953199195861816406e+01 3.580000000000000071e+00 2.099999971687793732e-02 -6.294701538085937500e+02
3.964999175071716309e+01 3.549999999999999822e+00 2.099999971687793732e-02 -5.315526123046875000e+02
3.973899197578430176e+01 3.549999999999999822e+00 2.099999971687793732e-02 -6.294701538085937500e+02
3.984699606895446777e+01 3.479999999999999982e+00 2.099999971687793732e-02 -6.294701538085937500e+02
3.994199490547180176e+01 3.490000000000000213e+00 2.099999971687793732e-02 -4.476232604980468750e+02
4.003199291229248047e+01 3.540000000000000036e+00 2.099999971687793732e-02 -3.636938781738281250e+02
4.013999032974243164e+01 3.609999999999999876e+00 2.099999971687793732e-02 -3.636938781738281250e+02
4.023399376869201660e+01 3.609999999999999876e+00 2.099999971687793732e-02 -6.294701538085937500e+02
4.034699416160583496e+01 3.560000000000000053e+00 2.099999971687793732e-02 -6.294701538085937500e+02
4.043199014663696289e+01 3.580000000000000071e+00 2.099999971687793732e-02 -7.273877563476562500e+02
4.054903221130371094e+01 3.540000000000000036e+00 2.099999971687793732e-02 -6.294701538085937500e+02
4.063999485969543457e+01 3.529999999999999805e+00 2.099999971687793732e-02 -6.294701538085937500e+02
4.074700188636779785e+01 3.549999999999999822e+00 2.099999971687793732e-02 -5.455408935546875000e+02
4.083800435066223145e+01 3.540000000000000036e+00 2.099999971687793732e-02 -6.294701538085937500e+02
4.093199157714843750e+01 3.569999999999999840e+00 2.099999971687793732e-02 -5.455408935546875000e+02
4.103999090194702148e+01 3.540000000000000036e+00 2.099999971687793732e-02 -5.455408935546875000e+02
4.112999343872070312e+01 3.549999999999999822e+00 2.099999971687793732e-02 -5.315526123046875000e+02
4.124699711799621582e+01 3.580000000000000071e+00 2.099999971687793732e-02 -5.455408935546875000e+02
4.133304047584533691e+01 3.580000000000000071e+00 2.099999971687793732e-02 -4.476232604980468750e+02
4.144502592086791992e+01 3.569999999999999840e+00 2.099999971687793732e-02 -4.476232604980468750e+02
4.153999233245849609e+01 3.589999999999999858e+00 2.099999971687793732e-02 -5.455408935546875000e+02
4.164799332618713379e+01 3.620000000000000107e+00 2.099999971687793732e-02 -5.455408935546875000e+02
4.173704361915588379e+01 3.580000000000000071e+00 2.099999971687793732e-02 -7.273877563476562500e+02
4.183199143409729004e+01 3.509999999999999787e+00 2.099999971687793732e-02 -6.294701538085937500e+02
4.194399404525756836e+01 3.490000000000000213e+00 2.099999971687793732e-02 -7.273877563476562500e+02
4.202999329566955566e+01 3.470000000000000195e+00 2.099999971687793732e-02 -6.294701538085937500e+02
4.214699268341064453e+01 3.520000000000000018e+00 2.099999971687793732e-02 -5.455408935546875000e+02
4.223704075813293457e+01 3.529999999999999805e+00 2.099999971687793732e-02 -4.476232604980468750e+02
4.234503793716430664e+01 3.589999999999999858e+00 2.099999971687793732e-02 -4.476232604980468750e+02
4.243898963928222656e+01 3.640000000000000124e+00 2.099999971687793732e-02 -3.636938781738281250e+02
4.253000044822692871e+01 3.629999999999999893e+00 2.099999971687793732e-02 -7.133995361328125000e+02
4.263703060150146484e+01 3.580000000000000071e+00 2.099999971687793732e-02 -7.273877563476562500e+02
4.272799324989318848e+01 3.490000000000000213e+00 2.099999971687793732e-02 -7.133995361328125000e+02
4.284503245353698730e+01 3.450000000000000178e+00 2.099999971687793732e-02 -5.315526123046875000e+02
4.292999315261840820e+01 3.520000000000000018e+00 2.099999971687793732e-02 -4.476232604980468750e+02
4.304299378395080566e+01 3.569999999999999840e+00 2.099999971687793732e-02 -4.476232604980468750e+02
4.313704466819763184e+01 3.549999999999999822e+00 2.099999971687793732e-02 -4.476232604980468750e+02
4.324504566192626953e+01 3.580000000000000071e+00 2.099999971687793732e-02 -5.315526123046875000e+02
4.333499264717102051e+01 3.600000000000000089e+00 2.099999971687793732e-02 -5.455408935546875000e+02
4.342999553680419922e+01 3.560000000000000053e+00 2.099999971687793732e-02 -6.294701538085937500e+02
4.353799271583557129e+01 3.520000000000000018e+00 2.099999971687793732e-02 -6.294701538085937500e+02
4.364999389648437500e+01 3.509999999999999787e+00 2.099999971687793732e-02 -5.455408935546875000e+02
4.374515843391418457e+01 3.569999999999999840e+00 2.099999971687793732e-02 -4.476232604980468750e+02
4.383399438858032227e+01 3.580000000000000071e+00 2.099999971687793732e-02 -6.294701538085937500e+02
4.394199228286743164e+01 3.560000000000000053e+00 2.099999971687793732e-02 -5.455408935546875000e+02
4.403702926635742188e+01 3.529999999999999805e+00 2.099999971687793732e-02 -4.616115112304687500e+02
4.414902472496032715e+01 3.600000000000000089e+00 2.099999971687793732e-02 -3.636938781738281250e+02
4.423499417304992676e+01 3.600000000000000089e+00 2.099999971687793732e-02 -4.476232604980468750e+02
4.432902979850769043e+01 3.540000000000000036e+00 2.099999971687793732e-02 -4.476232604980468750e+02
4.444199252128601074e+01 3.589999999999999858e+00 2.099999971687793732e-02 -5.455408935546875000e+02
4.454999303817749023e+01 3.600000000000000089e+00 2.099999971687793732e-02 -8.113171386718750000e+02
4.464399552345275879e+01 3.549999999999999822e+00 2.099999971687793732e-02 -8.113171386718750000e+02
4.473499584197998047e+01 3.509999999999999787e+00 2.099999971687793732e-02 -6.294701538085937500e+02
4.484199476242065430e+01 3.509999999999999787e+00 2.099999971687793732e-02 -7.273877563476562500e+02
4.493303275108337402e+01 3.509999999999999787e+00 2.099999971687793732e-02 -6.294701538085937500e+02
4.504999375343322754e+01 3.529999999999999805e+00 2.099999971687793732e-02 -6.294701538085937500e+02
4.513499307632446289e+01 3.569999999999999840e+00 2.099999971687793732e-02 -5.315526123046875000e+02
4.524799227714538574e+01 3.580000000000000071e+00 2.099999971687793732e-02 -6.294701538085937500e+02
4.534199404716491699e+01 3.549999999999999822e+00 2.099999971687793732e-02 -6.294701538085937500e+02
4.544999599456787109e+01 3.549999999999999822e+00 2.099999971687793732e-02 -5.315526123046875000e+02
4.553999662399291992e+01 3.569999999999999840e+00 2.099999971687793732e-02 -5.315526123046875000e+02
4.563506412506103516e+01 3.580000000000000071e+00 2.099999971687793732e-02 -3.497056579589843750e+02
4.574299240112304688e+01 3.580000000000000071e+00 2.099999971687793732e-02 -5.455408935546875000e+02
4.583199357986450195e+01 3.609999999999999876e+00 2.099999971687793732e-02 -6.294701538085937500e+02
4.594999074935913086e+01 3.600000000000000089e+00 2.099999971687793732e-02 -8.113171386718750000e+02
4.603899145126342773e+01 3.479999999999999982e+00 2.099999971687793732e-02 -6.294701538085937500e+02
4.614699459075927734e+01 3.560000000000000053e+00 2.099999971687793732e-02 -6.294701538085937500e+02
4.624199414253234863e+01 3.540000000000000036e+00 2.099999971687793732e-02 -6.294701538085937500e+02
4.633199048042297363e+01 3.589999999999999858e+00 2.099999971687793732e-02 -5.455408935546875000e+02
4.643999934196472168e+01 3.549999999999999822e+00 2.099999971687793732e-02 -4.476232604980468750e+02
4.653399324417114258e+01 3.529999999999999805e+00 2.099999971687793732e-02 -5.315526123046875000e+02
4.664699459075927734e+01 3.509999999999999787e+00 2.099999971687793732e-02 -7.273877563476562500e+02
4.673199224472045898e+01 3.580000000000000071e+00 2.099999971687793732e-02 -8.113171386718750000e+02
4.684903788566589355e+01 3.479999999999999982e+00 2.099999971687793732e-02 -8.113171386718750000e+02
4.693999338150024414e+01 3.410000000000000142e+00 2.099999971687793732e-02 -6.294701538085937500e+02
4.704699373245239258e+01 3.529999999999999805e+00 2.099999971687793732e-02 -4.476232604980468750e+02
4.713799166679382324e+01 3.560000000000000053e+00 2.099999971687793732e-02 -4.476232604980468750e+02
4.723198938369750977e+01 3.569999999999999840e+00 2.099999971687793732e-02 -3.636938781738281250e+02
4.733998870849609375e+01 3.600000000000000089e+00 2.099999971687793732e-02 -4.476232604980468750e+02
4.743000006675720215e+01 3.629999999999999893e+00 2.099999971687793732e-02 -5.455408935546875000e+02
4.754699110984802246e+01 3.560000000000000053e+00 2.099999971687793732e-02 -5.455408935546875000e+02
4.763304257392883301e+01 3.540000000000000036e+00 2.099999971687793732e-02 -5.315526123046875000e+02
4.774503660202026367e+01 3.540000000000000036e+00 2.099999971687793732e-02 -3.636938781738281250e+02
4.783999109268188477e+01 3.589999999999999858e+00 2.099999971687793732e-02 -3.497056579589843750e+02
4.794799375534057617e+01 3.560000000000000053e+00 2.099999971687793732e-02 -4.476232604980468750e+02
4.803704738616943359e+01 3.589999999999999858e+00 2.099999971687793732e-02 -4.476232604980468750e+02
4.813199281692504883e+01 3.560000000000000053e+00 2.099999971687793732e-02 -5.455408935546875000e+02
4.824399137496948242e+01 3.629999999999999893e+00 2.099999971687793732e-02 -7.273877563476562500e+02
4.832999277114868164e+01 3.520000000000000018e+00 2.099999971687793732e-02 -7.133995361328125000e+02
4.844699335098266602e+01 3.470000000000000195e+00 2.099999971687793732e-02 -3.497056579589843750e+02
4.853704071044921875e+01 3.549999999999999822e+00 2.099999971687793732e-02 -3.636938781738281250e+02
4.864504575729370117e+01 3.580000000000000071e+00 2.099999971687793732e-02 -4.616115112304687500e+02
4.873899030685424805e+01 3.580000000000000071e+00 2.099999971687793732e-02 -3.636938781738281250e+02
4.882999324798583984e+01 3.620000000000000107e+00 2.099999971687793732e-02 -4.476232604980468750e+02
4.893703508377075195e+01 3.629999999999999893e+00 2.099999971687793732e-02 -7.273877563476562500e+02
4.902798914909362793e+01 3.540000000000000036e+00 2.099999971687793732e-02 -5.455408935546875000e+02
4.914503240585327148e+01 3.419999999999999929e+00 2.099999971687793732e-02 -4.476232604980468750e+02
4.925099372863769531e+01 3.580000000000000071e+00 2.099999971687793732e-02 -5.315526123046875000e+02
4.934299111366271973e+01 3.509999999999999787e+00 2.099999971687793732e-02 -3.636938781738281250e+02
4.943704414367675781e+01 3.310000000000000053e+00 2.099999971687793732e-02 0.000000000000000000e+00
4.954503321647644043e+01 3.319999999999999840e+00 2.099999971687793732e-02 0.000000000000000000e+00
4.963499379158020020e+01 3.279999999999999805e+00 2.099999971687793732e-02 0.000000000000000000e+00
4.973003077507019043e+01 2.620000000000000107e+00 2.099999971687793732e-02 0.000000000000000000e+00
4.983803534507751465e+01 1.689999999999999947e+00 2.099999971687793732e-02 0.000000000000000000e+00
4.994999337196350098e+01 1.399999999999999911e+00 2.099999971687793732e-02 0.000000000000000000e+00
5.004503822326660156e+01 1.149999999999999911e+00 2.099999971687793732e-02 9.791758728027343750e+01
5.013399314880371094e+01 2.229999999999999982e+00 4.899999871850013733e-02 1.258940307617187500e+03
5.024199318885803223e+01 3.399999999999999911e+00 4.899999871850013733e-02 9.931641235351562500e+02
5.033703231811523438e+01 3.549999999999999822e+00 4.899999871850013733e-02 6.294701538085937500e+02
5.044903683662414551e+01 3.390000000000000124e+00 4.899999871850013733e-02 8.113171386718750000e+02
5.053499436378479004e+01 3.450000000000000178e+00 4.899999871850013733e-02 8.113171386718750000e+02
5.062902951240539551e+01 3.450000000000000178e+00 4.899999871850013733e-02 8.113171386718750000e+02
5.074199604988098145e+01 3.470000000000000195e+00 4.899999871850013733e-02 9.092347412109375000e+02
5.084999012947082520e+01 3.470000000000000195e+00 4.899999871850013733e-02 7.273877563476562500e+02
5.094399261474609375e+01 3.490000000000000213e+00 4.899999871850013733e-02 6.294701538085937500e+02
5.103499507904052734e+01 3.509999999999999787e+00 4.899999871850013733e-02 4.476232604980468750e+02
5.114199042320251465e+01 3.459999999999999964e+00 4.899999871850013733e-02 4.616115112304687500e+02
5.123302459716796875e+01 3.500000000000000000e+00 4.899999871850013733e-02 5.455408935546875000e+02
5.134998989105224609e+01 3.490000000000000213e+00 4.899999871850013733e-02 6.294701538085937500e+02
5.143499040603637695e+01 3.490000000000000213e+00 4.899999871850013733e-02 6.294701538085937500e+02
5.154799365997314453e+01 3.549999999999999822e+00 4.899999871850013733e-02 7.273877563476562500e+02
5.164199447631835938e+01 3.549999999999999822e+00 4.899999871850013733e-02 6.294701538085937500e+02
5.174999427795410156e+01 3.470000000000000195e+00 4.899999871850013733e-02 6.294701538085937500e+02
5.183999037742614746e+01 3.430000000000000160e+00 4.899999871850013733e-02 6.294701538085937500e+02
5.193499040603637695e+01 3.419999999999999929e+00 4.899999871850013733e-02 5.315526123046875000e+02
5.204299163818359375e+01 3.410000000000000142e+00 4.899999871850013733e-02 5.455408935546875000e+02
5.213199281692504883e+01 3.479999999999999982e+00 4.899999871850013733e-02 5.315526123046875000e+02
5.224999070167541504e+01 3.520000000000000018e+00 4.899999871850013733e-02 6.294701538085937500e+02
5.233899235725402832e+01 3.430000000000000160e+00 4.899999871850013733e-02 5.315526123046875000e+02
5.244699478149414062e+01 3.370000000000000107e+00 4.899999871850013733e-02 6.294701538085937500e+02
5.254199361801147461e+01 3.450000000000000178e+00 4.899999871850013733e-02 7.273877563476562500e+02
5.263199067115783691e+01 3.529999999999999805e+00 4.899999871850013733e-02 6.294701538085937500e+02
5.273998951911926270e+01 3.549999999999999822e+00 4.899999871850013733e-02 5.315526123046875000e+02
5.283399295806884766e+01 3.549999999999999822e+00 4.899999871850013733e-02 6.294701538085937500e+02
5.294699716567993164e+01 3.479999999999999982e+00 4.899999871850013733e-02 3.497056579589843750e+02
5.303199100494384766e+01 3.459999999999999964e+00 4.899999871850013733e-02 3.636938781738281250e+02
5.314902877807617188e+01 3.439999999999999947e+00 4.899999871850013733e-02 2.797645568847656250e+02
5.323999381065368652e+01 3.490000000000000213e+00 4.899999871850013733e-02 1.818469390869140625e+02
5.334699177742004395e+01 3.410000000000000142e+00 4.899999871850013733e-02 2.657763061523437500e+02
5.343800091743469238e+01 3.379999999999999893e+00 4.899999871850013733e-02 4.476232604980468750e+02
5.353199005126953125e+01 3.439999999999999947e+00 4.899999871850013733e-02 6.294701538085937500e+02
5.363999485969543457e+01 3.520000000000000018e+00 4.899999871850013733e-02 5.455408935546875000e+02
5.372999644279479980e+01 3.569999999999999840e+00 4.899999871850013733e-02 5.455408935546875000e+02
5.384699273109436035e+01 3.479999999999999982e+00 4.899999871850013733e-02 4.476232604980468750e+02
5.393302464485168457e+01 3.459999999999999964e+00 4.899999871850013733e-02 5.315526123046875000e+02
5.404503083229064941e+01 3.470000000000000195e+00 4.899999871850013733e-02 5.315526123046875000e+02
5.413999009132385254e+01 3.459999999999999964e+00 4.899999871850013733e-02 5.315526123046875000e+02
5.424799180030822754e+01 3.509999999999999787e+00 4.899999871850013733e-02 3.636938781738281250e+02
5.433702993392944336e+01 3.520000000000000018e+00 4.899999871850013733e-02 3.497056579589843750e+02
5.443199181556701660e+01 3.459999999999999964e+00 4.899999871850013733e-02 4.476232604980468750e+02
5.454398989677429199e+01 3.410000000000000142e+00 4.899999871850013733e-02 6.294701538085937500e+02
5.462999224662780762e+01 3.479999999999999982e+00 4.899999871850013733e-02 6.294701538085937500e+02
5.474699521064758301e+01 3.399999999999999911e+00 4.899999871850013733e-02 4.476232604980468750e+02
5.483703112602233887e+01 3.419999999999999929e+00 4.899999871850013733e-02 4.476232604980468750e+02
5.494502830505371094e+01 3.370000000000000107e+00 4.899999871850013733e-02 5.315526123046875000e+02
5.503899455070495605e+01 3.490000000000000213e+00 4.899999871850013733e-02 5.455408935546875000e+02
5.513000774383544922e+01 3.500000000000000000e+00 4.899999871850013733e-02 6.294701538085937500e+02
5.523702764511108398e+01 3.540000000000000036e+00 4.899999871850013733e-02 5.315526123046875000e+02
5.532799124717712402e+01 3.470000000000000195e+00 4.899999871850013733e-02 5.455408935546875000e+02
5.544503068923950195e+01 3.459999999999999964e+00 4.899999871850013733e-02 5.315526123046875000e+02
5.552999258041381836e+01 3.459999999999999964e+00 4.899999871850013733e-02 6.294701538085937500e+02
5.564299345016479492e+01 3.500000000000000000e+00 4.899999871850013733e-02 4.476232604980468750e+02
5.573703193664550781e+01 3.520000000000000018e+00 4.899999871850013733e-02 3.636938781738281250e+02
5.584503388404846191e+01 3.520000000000000018e+00 4.899999871850013733e-02 3.636938781738281250e+02
5.593499708175659180e+01 3.470000000000000195e+00 4.899999871850013733e-02 4.476232604980468750e+02
5.602999544143676758e+01 3.450000000000000178e+00 4.899999871850013733e-02 5.315526123046875000e+02
5.613799571990966797e+01 3.470000000000000195e+00 4.899999871850013733e-02 4.616115112304687500e+02
5.624999403953552246e+01 3.439999999999999947e+00 4.899999871850013733e-02 2.797645568847656250e+02
5.634504294395446777e+01 3.390000000000000124e+00 4.899999871850013733e-02 3.636938781738281250e+02
5.643399453163146973e+01 3.450000000000000178e+00 4.899999871850013733e-02 4.476232604980468750e+02
5.654199481010437012e+01 3.490000000000000213e+00 4.899999871850013733e-02 4.476232604980468750e+02
5.663703417778015137e+01 3.470000000000000195e+00 4.899999871850013733e-02 3.636938781738281250e+02
5.674903535842895508e+01 3.450000000000000178e+00 4.899999871850013733e-02 4.476232604980468750e+02
5.683501529693603516e+01 3.419999999999999929e+00 4.899999871850013733e-02 3.636938781738281250e+02
5.692902588844299316e+01 3.459999999999999964e+00 4.899999871850013733e-02 4.476232604980468750e+02
5.704199218750000000e+01 3.490000000000000213e+00 4.899999871850013733e-02 5.315526123046875000e+02
5.715000009536743164e+01 3.509999999999999787e+00 4.899999871850013733e-02 5.455408935546875000e+02
5.724399018287658691e+01 3.470000000000000195e+00 4.899999871850013733e-02 5.455408935546875000e+02
5.733499956130981445e+01 3.450000000000000178e+00 4.899999871850013733e-02 5.455408935546875000e+02
5.744199490547180176e+01 3.439999999999999947e+00 4.899999871850013733e-02 5.455408935546875000e+02
5.753303217887878418e+01 3.419999999999999929e+00 4.899999871850013733e-02 4.476232604980468750e+02
5.764999628067016602e+01 3.439999999999999947e+00 4.899999871850013733e-02 4.476232604980468750e+02
5.773499131202697754e+01 3.419999999999999929e+00 4.899999871850013733e-02 4.476232604980468750e+02
5.784799027442932129e+01 3.439999999999999947e+00 4.899999871850013733e-02 5.315526123046875000e+02
5.794199061393737793e+01 3.419999999999999929e+00 4.899999871850013733e-02 4.476232604980468750e+02
5.804999542236328125e+01 3.439999999999999947e+00 4.899999871850013733e-02 5.315526123046875000e+02
5.813999319076538086e+01 3.410000000000000142e+00 4.899999871850013733e-02 4.476232604980468750e+02
5.823499560356140137e+01 3.439999999999999947e+00 4.899999871850013733e-02 5.455408935546875000e+02
5.834299206733703613e+01 3.459999999999999964e+00 4.899999871850013733e-02 5.315526123046875000e+02
5.843199253082275391e+01 3.500000000000000000e+00 4.899999871850013733e-02 5.455408935546875000e+02
5.854999208450317383e+01 3.500000000000000000e+00 4.899999871850013733e-02 4.476232604980468750e+02
5.863899064064025879e+01 3.490000000000000213e+00 4.899999871850013733e-02 4.616115112304687500e+02
5.874699473381042480e+01 3.490000000000000213e+00 4.899999871850013733e-02 5.455408935546875000e+02
5.884199333190917969e+01 3.450000000000000178e+00 4.899999871850013733e-02 6.294701538085937500e+02
5.893199300765991211e+01 3.470000000000000195e+00 4.899999871850013733e-02 5.455408935546875000e+02
5.903999614715576172e+01 3.459999999999999964e+00 4.899999871850013733e-02 7.273877563476562500e+02
5.913399410247802734e+01 3.490000000000000213e+00 4.899999871850013733e-02 7.133995361328125000e+02
5.924699544906616211e+01 3.470000000000000195e+00 4.899999871850013733e-02 5.455408935546875000e+02
5.933198952674865723e+01 3.529999999999999805e+00 4.899999871850013733e-02 4.616115112304687500e+02
5.944903755187988281e+01 3.500000000000000000e+00 4.899999871850013733e-02 5.315526123046875000e+02
5.953999233245849609e+01 3.399999999999999911e+00 4.899999871850013733e-02 6.294701538085937500e+02
5.964699578285217285e+01 3.450000000000000178e+00 4.899999871850013733e-02 6.294701538085937500e+02
5.973799538612365723e+01 3.459999999999999964e+00 4.899999871850013733e-02 6.294701538085937500e+02
5.983199167251586914e+01 3.439999999999999947e+00 4.899999871850013733e-02 4.476232604980468750e+02
5.993999123573303223e+01 3.520000000000000018e+00 4.899999871850013733e-02 5.455408935546875000e+02
6.002999401092529297e+01 3.490000000000000213e+00 4.899999871850013733e-02 6.294701538085937500e+02
6.014699530601501465e+01 3.439999999999999947e+00 4.899999871850013733e-02 3.636938781738281250e+02
6.023303937911987305e+01 3.350000000000000089e+00 4.899999871850013733e-02 4.616115112304687500e+02
6.034503388404846191e+01 3.390000000000000124e+00 4.899999871850013733e-02 4.476232604980468750e+02
6.043999052047729492e+01 3.450000000000000178e+00 4.899999871850013733e-02 5.315526123046875000e+02
6.054799556732177734e+01 3.410000000000000142e+00 4.899999871850013733e-02 8.113171386718750000e+02
6.063703536987304688e+01 3.520000000000000018e+00 4.899999871850013733e-02 8.113171386718750000e+02
6.073199033737182617e+01 3.509999999999999787e+00 4.899999871850013733e-02 6.294701538085937500e+02
6.084399461746215820e+01 3.459999999999999964e+00 4.899999871850013733e-02 7.273877563476562500e+02
6.093009233474731445e+01 3.470000000000000195e+00 4.899999871850013733e-02 6.294701538085937500e+02
6.104699563980102539e+01 3.479999999999999982e+00 4.899999871850013733e-02 5.455408935546875000e+02
6.113703274726867676e+01 3.509999999999999787e+00 4.899999871850013733e-02 7.133995361328125000e+02
6.124503827095031738e+01 3.540000000000000036e+00 4.899999871850013733e-02 6.294701538085937500e+02
6.133899235725402832e+01 3.509999999999999787e+00 4.899999871850013733e-02 6.294701538085937500e+02
6.142999362945556641e+01 3.450000000000000178e+00 4.899999871850013733e-02 6.294701538085937500e+02
6.153703618049621582e+01 3.410000000000000142e+00 4.899999871850013733e-02 5.315526123046875000e+02
6.162799143791198730e+01 3.390000000000000124e+00 4.899999871850013733e-02 6.294701538085937500e+02
6.174504017829895020e+01 3.470000000000000195e+00 4.899999871850013733e-02 9.791758728027343750e+01
6.182999610900878906e+01 3.600000000000000089e+00 4.899999871850013733e-02 9.791758728027343750e+01
6.194299364089965820e+01 3.359999999999999876e+00 4.899999871850013733e-02 0.000000000000000000e+00
6.203703570365905762e+01 3.080000000000000071e+00 4.899999871850013733e-02 0.000000000000000000e+00
6.214505672454833984e+01 3.109999999999999876e+00 4.899999871850013733e-02 0.000000000000000000e+00
6.223499107360839844e+01 3.229999999999999982e+00 4.899999871850013733e-02 8.392935943603515625e+01
6.233000373840332031e+01 3.120000000000000107e+00 4.899999871850013733e-02 0.000000000000000000e+00
6.243799710273742676e+01 3.160000000000000142e+00 4.899999871850013733e-02 0.000000000000000000e+00
6.254999208450317383e+01 3.209999999999999964e+00 4.899999871850013733e-02 0.000000000000000000e+00
6.264503669738769531e+01 3.149999999999999911e+00 4.899999871850013733e-02 0.000000000000000000e+00
6.273399448394775391e+01 3.129999999999999893e+00 4.899999871850013733e-02 0.000000000000000000e+00
6.284200382232666016e+01 3.209999999999999964e+00 4.899999871850013733e-02 0.000000000000000000e+00
6.293703269958496094e+01 3.100000000000000089e+00 4.899999871850013733e-02 0.000000000000000000e+00
6.304903388023376465e+01 3.100000000000000089e+00 4.899999871850013733e-02 0.000000000000000000e+00
6.313499712944030762e+01 3.149999999999999911e+00 4.899999871850013733e-02 0.000000000000000000e+00
6.322903680801391602e+01 3.680000000000000160e+00 4.899999871850013733e-02 0.000000000000000000e+00
6.334199380874633789e+01 3.839999999999999858e+00 4.899999871850013733e-02 0.000000000000000000e+00
6.344999432563781738e+01 4.349999999999999645e+00 4.899999871850013733e-02 0.000000000000000000e+00
6.354399251937866211e+01 5.120000000000000107e+00 4.899999871850013733e-02 0.000000000000000000e+00
6.363499999046325684e+01 5.620000000000000107e+00 4.899999871850013733e-02 0.000000000000000000e+00
6.374199485778808594e+01 6.049999999999999822e+00 4.899999871850013733e-02 0.000000000000000000e+00
6.383303689956665039e+01 6.099999999999999645e+00 2.099999971687793732e-02 -9.931641235351562500e+02
6.394999456405639648e+01 3.609999999999999876e+00 2.099999971687793732e-02 -8.952465209960937500e+02
6.403499555587768555e+01 3.470000000000000195e+00 2.099999971687793732e-02 -7.273877563476562500e+02
6.414799857139587402e+01 3.540000000000000036e+00 2.099999971687793732e-02 -6.294701538085937500e+02
6.424199318885803223e+01 3.629999999999999893e+00 2.099999971687793732e-02 -7.133995361328125000e+02
6.434999346733093262e+01 3.620000000000000107e+00 2.099999971687793732e-02 -8.113171386718750000e+02
6.443999123573303223e+01 3.600000000000000089e+00 2.099999971687793732e-02 -9.092347412109375000e+02
6.453499054908752441e+01 3.529999999999999805e+00 2.099999971687793732e-02 -9.092347412109375000e+02
6.464299011230468750e+01 3.490000000000000213e+00 2.099999971687793732e-02 -9.931641235351562500e+02
6.473199176788330078e+01 3.479999999999999982e+00 2.099999971687793732e-02 -8.952465209960937500e+02
6.484999394416809082e+01 3.580000000000000071e+00 2.099999971687793732e-02 -8.113171386718750000e+02
6.493899059295654297e+01 3.560000000000000053e+00 2.099999971687793732e-02 -7.133995361328125000e+02
6.504699397087097168e+01 3.520000000000000018e+00 2.099999971687793732e-02 -9.092347412109375000e+02
6.514199352264404297e+01 3.479999999999999982e+00 2.099999971687793732e-02 -9.931641235351562500e+02
6.523199057579040527e+01 3.549999999999999822e+00 2.099999971687793732e-02 -1.175010986328125000e+03
6.533999609947204590e+01 3.430000000000000160e+00 2.099999971687793732e-02 -1.258940307617187500e+03
6.543400216102600098e+01 3.470000000000000195e+00 2.099999971687793732e-02 -1.175010986328125000e+03
6.554699468612670898e+01 3.439999999999999947e+00 2.099999971687793732e-02 -1.077093505859375000e+03
6.563200068473815918e+01 3.500000000000000000e+00 2.099999971687793732e-02 -1.077093505859375000e+03
6.574903011322021484e+01 3.500000000000000000e+00 2.099999971687793732e-02 -1.077093505859375000e+03
6.583999443054199219e+01 3.549999999999999822e+00 2.099999971687793732e-02 -1.258940307617187500e+03
6.594699382781982422e+01 3.509999999999999787e+00 2.099999971687793732e-02 -1.258940307617187500e+03
6.603799343109130859e+01 3.419999999999999929e+00 2.099999971687793732e-02 -1.258940307617187500e+03
6.613198995590209961e+01 3.459999999999999964e+00 2.099999971687793732e-02 -1.077093505859375000e+03
6.623998975753784180e+01 3.500000000000000000e+00 2.099999971687793732e-02 -1.258940307617187500e+03
6.632999324798583984e+01 3.470000000000000195e+00 2.099999971687793732e-02 -1.440787353515625000e+03
6.644699382781982422e+01 3.479999999999999982e+00 2.099999971687793732e-02 -1.440787353515625000e+03
6.653308010101318359e+01 3.459999999999999964e+00 2.099999971687793732e-02 -1.524716674804687500e+03
6.664514493942260742e+01 3.319999999999999840e+00 2.099999971687793732e-02 -1.175010986328125000e+03
6.673999214172363281e+01 3.439999999999999947e+00 2.099999971687793732e-02 -9.092347412109375000e+02
6.684799098968505859e+01 3.549999999999999822e+00 2.099999971687793732e-02 -9.931641235351562500e+02
6.693703389167785645e+01 3.569999999999999840e+00 2.099999971687793732e-02 -1.175010986328125000e+03
6.703199028968811035e+01 3.450000000000000178e+00 2.099999971687793732e-02 -1.175010986328125000e+03
6.714399170875549316e+01 3.470000000000000195e+00 2.099999971687793732e-02 -1.175010986328125000e+03
6.722999763488769531e+01 3.459999999999999964e+00 2.099999971687793732e-02 -1.175010986328125000e+03
6.734699463844299316e+01 3.470000000000000195e+00 2.099999971687793732e-02 -1.175010986328125000e+03
6.743702960014343262e+01 3.490000000000000213e+00 2.099999971687793732e-02 -1.258940307617187500e+03
6.754502701759338379e+01 3.439999999999999947e+00 2.099999971687793732e-02 -1.175010986328125000e+03
6.763899540901184082e+01 3.419999999999999929e+00 2.099999971687793732e-02 -1.077093505859375000e+03
6.772999382019042969e+01 3.500000000000000000e+00 2.099999971687793732e-02 -1.175010986328125000e+03
6.783704590797424316e+01 3.459999999999999964e+00 2.099999971687793732e-02 -1.077093505859375000e+03
6.792799019813537598e+01 3.479999999999999982e+00 2.099999971687793732e-02 -1.077093505859375000e+03
6.804504895210266113e+01 3.549999999999999822e+00 2.099999971687793732e-02 -1.258940307617187500e+03
6.812999486923217773e+01 3.549999999999999822e+00 2.099999971687793732e-02 -1.440787353515625000e+03
6.824299120903015137e+01 3.399999999999999911e+00 2.099999971687793732e-02 -1.356857910156250000e+03
6.833703589439392090e+01 3.479999999999999982e+00 2.099999971687793732e-02 -1.258940307617187500e+03
6.844504952430725098e+01 3.399999999999999911e+00 2.099999971687793732e-02 -1.258940307617187500e+03
6.853499436378479004e+01 3.419999999999999929e+00 2.099999971687793732e-02 -1.272928588867187500e+03
6.862999176979064941e+01 3.390000000000000124e+00 2.099999971687793732e-02 -1.258940307617187500e+03
6.873799180984497070e+01 3.430000000000000160e+00 2.099999971687793732e-02 -1.077093505859375000e+03
6.884999442100524902e+01 3.430000000000000160e+00 2.099999971687793732e-02 -9.092347412109375000e+02
6.894504308700561523e+01 3.459999999999999964e+00 2.099999971687793732e-02 -8.952465209960937500e+02
6.905199790000915527e+01 3.520000000000000018e+00 2.099999971687793732e-02 -8.113171386718750000e+02
6.914198994636535645e+01 3.580000000000000071e+00 2.099999971687793732e-02 -1.077093505859375000e+03
6.923703241348266602e+01 3.549999999999999822e+00 2.099999971687793732e-02 -1.161022827148437500e+03
6.934902739524841309e+01 3.439999999999999947e+00 2.099999971687793732e-02 -8.113171386718750000e+02
6.943500494956970215e+01 3.430000000000000160e+00 2.099999971687793732e-02 -9.092347412109375000e+02
6.953999018669128418e+01 3.560000000000000053e+00 2.099999971687793732e-02 -1.175010986328125000e+03
6.964199638366699219e+01 3.569999999999999840e+00 2.099999971687793732e-02 -1.524716674804687500e+03
6.975000000000000000e+01 3.419999999999999929e+00 2.099999971687793732e-02 -1.342869750976562500e+03
6.984399318695068359e+01 2.279999999999999805e+00 2.099999971687793732e-02 0.000000000000000000e+00
6.993499851226806641e+01 1.280000000000000027e+00 2.099999971687793732e-02 0.000000000000000000e+00
7.004199576377868652e+01 1.290000000000000036e+00 4.899999871850013733e-02 3.497056579589843750e+02
7.013303136825561523e+01 2.520000000000000018e+00 4.899999871850013733e-02 9.931641235351562500e+02
7.024999451637268066e+01 3.390000000000000124e+00 4.899999871850013733e-02 8.113171386718750000e+02
7.033499193191528320e+01 3.520000000000000018e+00 4.899999871850013733e-02 6.294701538085937500e+02
7.044799160957336426e+01 3.450000000000000178e+00 4.899999871850013733e-02 6.294701538085937500e+02
7.054199647903442383e+01 3.370000000000000107e+00 4.899999871850013733e-02 1.077093505859375000e+03
7.065000486373901367e+01 3.439999999999999947e+00 4.899999871850013733e-02 1.175010986328125000e+03
7.073999619483947754e+01 3.479999999999999982e+00 4.899999871850013733e-02 1.161022827148437500e+03
7.083499383926391602e+01 3.490000000000000213e+00 4.899999871850013733e-02 9.791759033203125000e+02
7.094299840927124023e+01 3.520000000000000018e+00 4.899999871850013733e-02 9.931641235351562500e+02
7.103199052810668945e+01 3.540000000000000036e+00 4.899999871850013733e-02 8.113171386718750000e+02
7.114999151229858398e+01 3.580000000000000071e+00 4.899999871850013733e-02 8.113171386718750000e+02
7.123899316787719727e+01 3.509999999999999787e+00 4.899999871850013733e-02 7.273877563476562500e+02
7.134699416160583496e+01 3.560000000000000053e+00 4.899999871850013733e-02 8.113171386718750000e+02
7.144199395179748535e+01 3.459999999999999964e+00 4.899999871850013733e-02 1.077093505859375000e+03
7.153199100494384766e+01 3.430000000000000160e+00 4.899999871850013733e-02 1.161022827148437500e+03
7.163999176025390625e+01 3.500000000000000000e+00 4.899999871850013733e-02 1.175010986328125000e+03
7.173399519920349121e+01 3.430000000000000160e+00 4.899999871850013733e-02 8.952465209960937500e+02
7.184699606895446777e+01 3.229999999999999982e+00 4.899999871850013733e-02 9.931641235351562500e+02
7.193199396133422852e+01 3.520000000000000018e+00 4.899999871850013733e-02 1.077093505859375000e+03
7.204904222488403320e+01 3.580000000000000071e+00 4.899999871850013733e-02 9.931641235351562500e+02
7.213999056816101074e+01 3.509999999999999787e+00 4.899999871850013733e-02 9.092347412109375000e+02
7.224699044227600098e+01 3.500000000000000000e+00 4.899999871850013733e-02 9.931641235351562500e+02
7.233799481391906738e+01 3.520000000000000018e+00 4.899999871850013733e-02 1.175010986328125000e+03
7.243199205398559570e+01 3.569999999999999840e+00 4.899999871850013733e-02 1.161022827148437500e+03
7.253999090194702148e+01 3.509999999999999787e+00 4.899999871850013733e-02 1.356857910156250000e+03
7.262999463081359863e+01 3.529999999999999805e+00 4.899999871850013733e-02 1.440787353515625000e+03
7.274699354171752930e+01 3.560000000000000053e+00 4.899999871850013733e-02 1.175010986328125000e+03
7.283303332328796387e+01 3.459999999999999964e+00 4.899999871850013733e-02 1.175010986328125000e+03
7.294504380226135254e+01 3.459999999999999964e+00 4.899999871850013733e-02 1.161022827148437500e+03
7.303999209403991699e+01 3.560000000000000053e+00 4.899999871850013733e-02 1.161022827148437500e+03
7.314799261093139648e+01 3.540000000000000036e+00 4.899999871850013733e-02 1.258940307617187500e+03
7.323703718185424805e+01 3.509999999999999787e+00 4.899999871850013733e-02 1.258940307617187500e+03
7.333199095726013184e+01 3.540000000000000036e+00 4.899999871850013733e-02 1.258940307617187500e+03
7.344399094581604004e+01 3.529999999999999805e+00 4.899999871850013733e-02 1.175010986328125000e+03
7.352999567985534668e+01 3.529999999999999805e+00 4.899999871850013733e-02 1.175010986328125000e+03
7.364699578285217285e+01 3.560000000000000053e+00 4.899999871850013733e-02 9.092347412109375000e+02
7.373703217506408691e+01 3.520000000000000018e+00 4.899999871850013733e-02 8.952465209960937500e+02
7.384502744674682617e+01 3.529999999999999805e+00 4.899999871850013733e-02 9.092347412109375000e+02
7.393899416923522949e+01 3.470000000000000195e+00 4.899999871850013733e-02 8.113171386718750000e+02
7.402999496459960938e+01 3.410000000000000142e+00 4.899999871850013733e-02 9.931641235351562500e+02
7.413703370094299316e+01 3.450000000000000178e+00 4.899999871850013733e-02 8.952465209960937500e+02
7.422800302505493164e+01 3.450000000000000178e+00 4.899999871850013733e-02 9.791759033203125000e+02
7.434504795074462891e+01 3.450000000000000178e+00 4.899999871850013733e-02 1.175010986328125000e+03
7.442999792098999023e+01 3.479999999999999982e+00 4.899999871850013733e-02 1.175010986328125000e+03
7.454299688339233398e+01 3.520000000000000018e+00 4.899999871850013733e-02 1.077093505859375000e+03
7.463703560829162598e+01 3.549999999999999822e+00 4.899999871850013733e-02 9.931641235351562500e+02
7.474504828453063965e+01 3.520000000000000018e+00 4.899999871850013733e-02 9.931641235351562500e+02
7.483501291275024414e+01 3.529999999999999805e+00 4.899999871850013733e-02 9.931641235351562500e+02
7.493703460693359375e+01 3.479999999999999982e+00 4.899999871850013733e-02 1.258940307617187500e+03
7.503799295425415039e+01 3.500000000000000000e+00 4.899999871850013733e-02 1.356857910156250000e+03
7.514699363708496094e+01 3.479999999999999982e+00 4.899999871850013733e-02 1.258940307617187500e+03
7.524503803253173828e+01 3.520000000000000018e+00 4.899999871850013733e-02 1.258940307617187500e+03
7.533399105072021484e+01 3.540000000000000036e+00 4.899999871850013733e-02 1.258940307617187500e+03
7.544199204444885254e+01 3.470000000000000195e+00 4.899999871850013733e-02 1.161022827148437500e+03
7.553702569007873535e+01 3.520000000000000018e+00 4.899999871850013733e-02 1.175010986328125000e+03
7.564902973175048828e+01 3.520000000000000018e+00 4.899999871850013733e-02 1.258940307617187500e+03
7.573499274253845215e+01 3.509999999999999787e+00 4.899999871850013733e-02 1.077093505859375000e+03
7.582903456687927246e+01 3.520000000000000018e+00 4.899999871850013733e-02 1.077093505859375000e+03
7.594199514389038086e+01 3.589999999999999858e+00 4.899999871850013733e-02 1.091081787109375000e+03
7.604999446868896484e+01 3.540000000000000036e+00 4.899999871850013733e-02 9.092347412109375000e+02
7.614399361610412598e+01 3.470000000000000195e+00 4.899999871850013733e-02 8.113171386718750000e+02
7.623499655723571777e+01 3.450000000000000178e+00 4.899999871850013733e-02 6.294701538085937500e+02
7.634199237823486328e+01 3.669999999999999929e+00 4.899999871850013733e-02 0.000000000000000000e+00
7.643302941322326660e+01 3.620000000000000107e+00 4.899999871850013733e-02 0.000000000000000000e+00
7.654999327659606934e+01 3.189999999999999947e+00 4.899999871850013733e-02 0.000000000000000000e+00
7.663499689102172852e+01 3.200000000000000178e+00 4.899999871850013733e-02 0.000000000000000000e+00
7.674799275398254395e+01 3.250000000000000000e+00 4.899999871850013733e-02 0.000000000000000000e+00
7.684199428558349609e+01 3.180000000000000160e+00 4.899999871850013733e-02 0.000000000000000000e+00
7.695000243186950684e+01 3.209999999999999964e+00 4.899999871850013733e-02 0.000000000000000000e+00
7.703999233245849609e+01 3.189999999999999947e+00 4.899999871850013733e-02 0.000000000000000000e+00
7.713499164581298828e+01 3.160000000000000142e+00 4.899999871850013733e-02 0.000000000000000000e+00
7.724299192428588867e+01 3.200000000000000178e+00 4.899999871850013733e-02 0.000000000000000000e+00
7.733199548721313477e+01 3.259999999999999787e+00 4.899999871850013733e-02 0.000000000000000000e+00
7.744999504089355469e+01 3.250000000000000000e+00 4.899999871850013733e-02 0.000000000000000000e+00
7.753899741172790527e+01 3.240000000000000213e+00 4.899999871850013733e-02 0.000000000000000000e+00
7.764699673652648926e+01 3.200000000000000178e+00 4.899999871850013733e-02 0.000000000000000000e+00
7.774199509620666504e+01 3.180000000000000160e+00 4.899999871850013733e-02 0.000000000000000000e+00
7.783199286460876465e+01 3.140000000000000124e+00 4.899999871850013733e-02 0.000000000000000000e+00
7.793999290466308594e+01 3.120000000000000107e+00 4.899999871850013733e-02 0.000000000000000000e+00
7.803399658203125000e+01 3.109999999999999876e+00 4.899999871850013733e-02 0.000000000000000000e+00
7.814699316024780273e+01 3.109999999999999876e+00 4.899999871850013733e-02 0.000000000000000000e+00
7.823199272155761719e+01 3.089999999999999858e+00 4.899999871850013733e-02 0.000000000000000000e+00
7.834904289245605469e+01 3.080000000000000071e+00 4.899999871850013733e-02 0.000000000000000000e+00
7.843999624252319336e+01 3.069999999999999840e+00 4.899999871850013733e-02 0.000000000000000000e+00
7.854698491096496582e+01 3.060000000000000053e+00 4.899999871850013733e-02 0.000000000000000000e+00
7.863799548149108887e+01 3.049999999999999822e+00 4.899999871850013733e-02 0.000000000000000000e+00
7.873199295997619629e+01 3.049999999999999822e+00 4.899999871850013733e-02 0.000000000000000000e+00
7.883999204635620117e+01 3.040000000000000036e+00 4.899999871850013733e-02 0.000000000000000000e+00
7.892999696731567383e+01 3.040000000000000036e+00 4.899999871850013733e-02 0.000000000000000000e+00
7.904701614379882812e+01 3.029999999999999805e+00 4.899999871850013733e-02 0.000000000000000000e+00
7.913303899765014648e+01 3.029999999999999805e+00 4.899999871850013733e-02 0.000000000000000000e+00
7.924504995346069336e+01 3.020000000000000018e+00 4.899999871850013733e-02 0.000000000000000000e+00
7.933999538421630859e+01 3.020000000000000018e+00 4.899999871850013733e-02 0.000000000000000000e+00
