9.599614143371582031e-02 1.810000000000000053e+00 3.400000184774398804e-02 0.000000000000000000e+00
1.870319843292236328e-01 1.810000000000000053e+00 3.400000184774398804e-02 0.000000000000000000e+00
2.940027713775634766e-01 1.810000000000000053e+00 3.400000184774398804e-02 0.000000000000000000e+00
3.830428123474121094e-01 1.810000000000000053e+00 3.400000184774398804e-02 0.000000000000000000e+00
4.750380516052246094e-01 1.800000000000000044e+00 3.400000184774398804e-02 0.000000000000000000e+00
5.929946899414062500e-01 1.800000000000000044e+00 3.400000184774398804e-02 0.000000000000000000e+00
6.819946765899658203e-01 1.800000000000000044e+00 3.400000184774398804e-02 0.000000000000000000e+00
7.929983139038085938e-01 1.810000000000000053e+00 3.400000184774398804e-02 0.000000000000000000e+00
8.790295124053955078e-01 1.800000000000000044e+00 3.400000184774398804e-02 0.000000000000000000e+00
9.799876213073730469e-01 1.800000000000000044e+00 3.400000184774398804e-02 0.000000000000000000e+00
1.080991983413696289e+00 1.800000000000000044e+00 3.400000184774398804e-02 0.000000000000000000e+00
1.193993806838989258e+00 1.800000000000000044e+00 3.400000184774398804e-02 0.000000000000000000e+00
1.288096666336059570e+00 1.810000000000000053e+00 3.400000184774398804e-02 0.000000000000000000e+00
1.380994319915771484e+00 1.800000000000000044e+00 3.400000184774398804e-02 0.000000000000000000e+00
1.485995054244995117e+00 1.800000000000000044e+00 3.400000184774398804e-02 0.000000000000000000e+00
1.580994367599487305e+00 1.800000000000000044e+00 3.400000184774398804e-02 0.000000000000000000e+00
1.688995838165283203e+00 1.800000000000000044e+00 3.400000184774398804e-02 0.000000000000000000e+00
1.777996063232421875e+00 1.800000000000000044e+00 3.400000184774398804e-02 0.000000000000000000e+00
1.895033836364746094e+00 1.800000000000000044e+00 3.400000184774398804e-02 0.000000000000000000e+00
1.984994411468505859e+00 1.800000000000000044e+00 3.400000184774398804e-02 0.000000000000000000e+00
2.092996358871459961e+00 1.790000000000000036e+00 3.400000184774398804e-02 0.000000000000000000e+00
2.187998294830322266e+00 1.820000000000000062e+00 3.400000184774398804e-02 0.000000000000000000e+00
2.277997493743896484e+00 1.870000000000000107e+00 3.400000184774398804e-02 0.000000000000000000e+00
2.385992050170898438e+00 1.879999999999999893e+00 3.400000184774398804e-02 0.000000000000000000e+00
2.479996204376220703e+00 1.879999999999999893e+00 3.400000184774398804e-02 0.000000000000000000e+00
2.592994928359985352e+00 1.879999999999999893e+00 3.400000184774398804e-02 0.000000000000000000e+00
2.677995681762695312e+00 1.889999999999999902e+00 3.400000184774398804e-02 0.000000000000000000e+00
2.795046806335449219e+00 1.909999999999999920e+00 3.400000184774398804e-02 0.000000000000000000e+00
2.885995388031005859e+00 1.949999999999999956e+00 3.400000184774398804e-02 0.000000000000000000e+00
2.992994070053100586e+00 1.989999999999999991e+00 3.400000184774398804e-02 0.000000000000000000e+00
3.083993434906005859e+00 2.000000000000000000e+00 3.400000184774398804e-02 0.000000000000000000e+00
3.177996635437011719e+00 1.989999999999999991e+00 3.400000184774398804e-02 0.000000000000000000e+00
3.285991668701171875e+00 1.959999999999999964e+00 3.400000184774398804e-02 0.000000000000000000e+00
3.375998020172119141e+00 1.939999999999999947e+00 3.400000184774398804e-02 0.000000000000000000e+00
3.492997407913208008e+00 1.949999999999999956e+00 3.400000184774398804e-02 0.000000000000000000e+00
3.579023122787475586e+00 1.929999999999999938e+00 3.400000184774398804e-02 0.000000000000000000e+00
3.691049098968505859e+00 1.860000000000000098e+00 3.400000184774398804e-02 0.000000000000000000e+00
3.785993576049804688e+00 1.899999999999999911e+00 3.400000184774398804e-02 0.000000000000000000e+00
3.893992900848388672e+00 1.909999999999999920e+00 3.400000184774398804e-02 0.000000000000000000e+00
3.983034133911132812e+00 1.919999999999999929e+00 3.400000184774398804e-02 0.000000000000000000e+00
4.077994346618652344e+00 1.949999999999999956e+00 3.400000184774398804e-02 0.000000000000000000e+00
4.189997196197509766e+00 2.160000000000000142e+00 3.400000184774398804e-02 0.000000000000000000e+00
4.275995492935180664e+00 2.919999999999999929e+00 3.400000184774398804e-02 0.000000000000000000e+00
4.392993927001953125e+00 3.339999999999999858e+00 3.400000184774398804e-02 0.000000000000000000e+00
4.483027935028076172e+00 3.819999999999999840e+00 3.400000184774398804e-02 0.000000000000000000e+00
4.591044664382934570e+00 4.019999999999999574e+00 3.400000184774398804e-02 0.000000000000000000e+00
4.684993505477905273e+00 4.179999999999999716e+00 3.400000184774398804e-02 0.000000000000000000e+00
4.775996446609497070e+00 4.519999999999999574e+00 3.400000184774398804e-02 0.000000000000000000e+00
4.883038282394409180e+00 4.269999999999999574e+00 1.200000010430812836e-02 -8.113171386718750000e+02
4.973993539810180664e+00 2.459999999999999964e+00 1.200000010430812836e-02 -5.315526123046875000e+02
5.091035842895507812e+00 2.459999999999999964e+00 1.200000010430812836e-02 -3.497056579589843750e+02
5.175995826721191406e+00 2.479999999999999982e+00 1.200000010430812836e-02 -3.636938781738281250e+02
5.288997650146484375e+00 2.540000000000000036e+00 1.200000010430812836e-02 -3.636938781738281250e+02
5.383024215698242188e+00 2.560000000000000053e+00 1.200000010430812836e-02 -2.657763061523437500e+02
5.491029500961303711e+00 2.529999999999999805e+00 1.200000010430812836e-02 -4.476232604980468750e+02
5.580994367599487305e+00 2.540000000000000036e+00 1.200000010430812836e-02 -4.476232604980468750e+02
5.675991296768188477e+00 2.509999999999999787e+00 1.200000010430812836e-02 -4.476232604980468750e+02
5.783995628356933594e+00 2.529999999999999805e+00 1.200000010430812836e-02 -5.455408935546875000e+02
5.895033836364746094e+00 2.479999999999999982e+00 1.200000010430812836e-02 -3.497056579589843750e+02
5.991033554077148438e+00 2.470000000000000195e+00 1.200000010430812836e-02 -4.476232604980468750e+02
6.079994678497314453e+00 2.490000000000000213e+00 1.200000010430812836e-02 -4.476232604980468750e+02
6.188002586364746094e+00 2.520000000000000018e+00 1.200000010430812836e-02 -4.476232604980468750e+02
6.283025503158569336e+00 2.509999999999999787e+00 1.200000010430812836e-02 -3.497056579589843750e+02
6.395038604736328125e+00 2.450000000000000178e+00 1.200000010430812836e-02 -3.636938781738281250e+02
6.480992794036865234e+00 2.450000000000000178e+00 1.200000010430812836e-02 -3.636938781738281250e+02
6.575045347213745117e+00 2.529999999999999805e+00 1.200000010430812836e-02 -5.455408935546875000e+02
6.688001394271850586e+00 2.549999999999999822e+00 1.200000010430812836e-02 -5.455408935546875000e+02
6.795033454895019531e+00 2.479999999999999982e+00 1.200000010430812836e-02 -4.476232604980468750e+02
6.889993429183959961e+00 2.490000000000000213e+00 1.200000010430812836e-02 -3.636938781738281250e+02
6.980991840362548828e+00 2.509999999999999787e+00 1.200000010430812836e-02 -2.797645568847656250e+02
7.087997198104858398e+00 2.509999999999999787e+00 1.200000010430812836e-02 -4.476232604980468750e+02
7.179050922393798828e+00 2.490000000000000213e+00 1.200000010430812836e-02 -4.476232604980468750e+02
7.272993087768554688e+00 2.450000000000000178e+00 1.200000010430812836e-02 -4.476232604980468750e+02
7.380990982055664062e+00 2.450000000000000178e+00 1.200000010430812836e-02 -2.657763061523437500e+02
7.493993282318115234e+00 2.419999999999999929e+00 1.200000010430812836e-02 -1.818469390869140625e+02
7.588031291961669922e+00 2.540000000000000036e+00 1.200000010430812836e-02 -2.657763061523437500e+02
7.695031881332397461e+00 2.509999999999999787e+00 1.200000010430812836e-02 -3.636938781738281250e+02
7.785994529724121094e+00 2.419999999999999929e+00 1.200000010430812836e-02 -4.476232604980468750e+02
7.880992650985717773e+00 2.419999999999999929e+00 1.200000010430812836e-02 -2.657763061523437500e+02
7.988995552062988281e+00 2.459999999999999964e+00 1.200000010430812836e-02 -2.657763061523437500e+02
8.077999114990234375e+00 2.549999999999999822e+00 1.200000010430812836e-02 -1.818469390869140625e+02
8.195039272308349609e+00 2.509999999999999787e+00 1.200000010430812836e-02 -8.392935943603515625e+01
8.284991264343261719e+00 2.540000000000000036e+00 1.200000010430812836e-02 -1.818469390869140625e+02
8.392993211746215820e+00 2.689999999999999947e+00 1.200000010430812836e-02 -4.616115112304687500e+02
8.488000154495239258e+00 2.500000000000000000e+00 1.200000010430812836e-02 -6.294701538085937500e+02
8.577997684478759766e+00 2.479999999999999982e+00 1.200000010430812836e-02 -6.294701538085937500e+02
8.685994863510131836e+00 2.430000000000000160e+00 1.200000010430812836e-02 -4.476232604980468750e+02
8.779996156692504883e+00 2.390000000000000124e+00 1.200000010430812836e-02 -2.657763061523437500e+02
8.892991304397583008e+00 2.479999999999999982e+00 1.200000010430812836e-02 -2.657763061523437500e+02
8.977998256683349609e+00 2.500000000000000000e+00 1.200000010430812836e-02 -3.636938781738281250e+02
9.095025062561035156e+00 2.520000000000000018e+00 1.200000010430812836e-02 -4.476232604980468750e+02
9.185992002487182617e+00 2.509999999999999787e+00 1.200000010430812836e-02 -3.636938781738281250e+02
9.292994976043701172e+00 2.470000000000000195e+00 1.200000010430812836e-02 -4.476232604980468750e+02
9.383995294570922852e+00 2.509999999999999787e+00 1.200000010430812836e-02 -3.636938781738281250e+02
9.478006124496459961e+00 2.439999999999999947e+00 1.200000010430812836e-02 -3.636938781738281250e+02
9.585992336273193359e+00 2.509999999999999787e+00 1.200000010430812836e-02 -6.294701538085937500e+02
9.675994396209716797e+00 2.439999999999999947e+00 1.200000010430812836e-02 -3.636938781738281250e+02
9.792992591857910156e+00 2.459999999999999964e+00 1.200000010430812836e-02 -1.818469390869140625e+02
9.879036426544189453e+00 2.459999999999999964e+00 1.200000010430812836e-02 -2.657763061523437500e+02
9.991030454635620117e+00 2.560000000000000053e+00 1.200000010430812836e-02 -3.636938781738281250e+02
1.008601045608520508e+01 2.540000000000000036e+00 1.200000010430812836e-02 -5.455408935546875000e+02
1.019399309158325195e+01 2.520000000000000018e+00 1.200000010430812836e-02 -5.455408935546875000e+02
1.028303813934326172e+01 2.509999999999999787e+00 1.200000010430812836e-02 -4.476232604980468750e+02
1.037800097465515137e+01 2.470000000000000195e+00 1.200000010430812836e-02 -4.476232604980468750e+02
1.049000239372253418e+01 2.430000000000000160e+00 1.200000010430812836e-02 -3.636938781738281250e+02
1.059699440002441406e+01 2.439999999999999947e+00 1.200000010430812836e-02 -4.616115112304687500e+02
1.069299340248107910e+01 2.470000000000000195e+00 1.200000010430812836e-02 -4.476232604980468750e+02
1.078303480148315430e+01 2.439999999999999947e+00 1.200000010430812836e-02 -5.455408935546875000e+02
1.089104247093200684e+01 2.459999999999999964e+00 1.200000010430812836e-02 -4.476232604980468750e+02
1.098499417304992676e+01 2.459999999999999964e+00 1.200000010430812836e-02 -3.636938781738281250e+02
1.107599759101867676e+01 2.399999999999999911e+00 1.200000010430812836e-02 -3.636938781738281250e+02
1.118303060531616211e+01 2.459999999999999964e+00 1.200000010430812836e-02 -3.636938781738281250e+02
1.127399444580078125e+01 2.490000000000000213e+00 1.200000010430812836e-02 -3.497056579589843750e+02
1.139103174209594727e+01 2.470000000000000195e+00 1.200000010430812836e-02 -3.636938781738281250e+02
1.147599673271179199e+01 2.450000000000000178e+00 1.200000010430812836e-02 -2.657763061523437500e+02
1.158899521827697754e+01 2.459999999999999964e+00 1.200000010430812836e-02 -2.657763061523437500e+02
1.168302822113037109e+01 2.549999999999999822e+00 1.200000010430812836e-02 -3.636938781738281250e+02
1.179103279113769531e+01 2.500000000000000000e+00 1.200000010430812836e-02 -3.497056579589843750e+02
1.188099384307861328e+01 2.459999999999999964e+00 1.200000010430812836e-02 -4.476232604980468750e+02
1.197599506378173828e+01 2.450000000000000178e+00 1.200000010430812836e-02 -5.455408935546875000e+02
1.208399796485900879e+01 2.459999999999999964e+00 1.200000010430812836e-02 -5.315526123046875000e+02
1.218800139427185059e+01 2.430000000000000160e+00 1.200000010430812836e-02 -4.616115112304687500e+02
1.229103922843933105e+01 2.450000000000000178e+00 1.200000010430812836e-02 -5.455408935546875000e+02
1.237999892234802246e+01 2.399999999999999911e+00 1.200000010430812836e-02 -3.636938781738281250e+02
1.248800086975097656e+01 2.450000000000000178e+00 1.200000010430812836e-02 -2.657763061523437500e+02
1.258302903175354004e+01 2.459999999999999964e+00 1.200000010430812836e-02 -2.797645568847656250e+02
1.269503021240234375e+01 2.609999999999999876e+00 1.200000010430812836e-02 -3.636938781738281250e+02
1.278099536895751953e+01 2.549999999999999822e+00 1.200000010430812836e-02 -4.476232604980468750e+02
1.287503314018249512e+01 2.450000000000000178e+00 1.200000010430812836e-02 -4.476232604980468750e+02
1.298800325393676758e+01 2.450000000000000178e+00 1.200000010430812836e-02 -3.636938781738281250e+02
1.307299423217773438e+01 2.439999999999999947e+00 1.200000010430812836e-02 -2.657763061523437500e+02
1.318999457359313965e+01 2.490000000000000213e+00 1.200000010430812836e-02 -2.657763061523437500e+02
1.328099441528320312e+01 2.549999999999999822e+00 1.200000010430812836e-02 -2.657763061523437500e+02
1.338802909851074219e+01 2.450000000000000178e+00 1.200000010430812836e-02 -3.636938781738281250e+02
1.347903966903686523e+01 2.459999999999999964e+00 1.200000010430812836e-02 -2.657763061523437500e+02
1.358000802993774414e+01 2.490000000000000213e+00 1.200000010430812836e-02 -4.476232604980468750e+02
1.368099260330200195e+01 2.520000000000000018e+00 1.200000010430812836e-02 -4.476232604980468750e+02
1.379399394989013672e+01 2.540000000000000036e+00 1.200000010430812836e-02 -3.497056579589843750e+02
1.388810563087463379e+01 2.470000000000000195e+00 1.200000010430812836e-02 -2.797645568847656250e+02
1.398099207878112793e+01 2.430000000000000160e+00 1.200000010430812836e-02 -8.392935943603515625e+01
1.408599591255187988e+01 2.560000000000000053e+00 1.200000010430812836e-02 -2.797645568847656250e+02
1.418099212646484375e+01 2.529999999999999805e+00 1.200000010430812836e-02 -2.797645568847656250e+02
1.428899621963500977e+01 2.490000000000000213e+00 1.200000010430812836e-02 -2.657763061523437500e+02
1.437803435325622559e+01 2.490000000000000213e+00 1.200000010430812836e-02 -3.636938781738281250e+02
1.449503111839294434e+01 2.529999999999999805e+00 1.200000010430812836e-02 -5.455408935546875000e+02
1.458499336242675781e+01 2.450000000000000178e+00 1.200000010430812836e-02 -5.455408935546875000e+02
1.469299387931823730e+01 2.439999999999999947e+00 1.200000010430812836e-02 -3.497056579589843750e+02
1.478801751136779785e+01 2.450000000000000178e+00 1.200000010430812836e-02 -2.657763061523437500e+02
1.487800121307373047e+01 2.470000000000000195e+00 1.200000010430812836e-02 -2.657763061523437500e+02
1.498599314689636230e+01 2.450000000000000178e+00 1.200000010430812836e-02 -3.497056579589843750e+02
1.507999730110168457e+01 2.470000000000000195e+00 1.200000010430812836e-02 -3.636938781738281250e+02
1.519299578666687012e+01 2.419999999999999929e+00 1.200000010430812836e-02 -3.636938781738281250e+02
1.527800011634826660e+01 2.509999999999999787e+00 1.200000010430812836e-02 -3.636938781738281250e+02
1.539503955841064453e+01 2.470000000000000195e+00 1.200000010430812836e-02 -3.636938781738281250e+02
1.548599553108215332e+01 2.470000000000000195e+00 1.200000010430812836e-02 -2.657763061523437500e+02
1.559299421310424805e+01 2.479999999999999982e+00 1.200000010430812836e-02 -2.657763061523437500e+02
1.568399500846862793e+01 2.569999999999999840e+00 1.200000010430812836e-02 -5.315526123046875000e+02
1.577799820899963379e+01 2.490000000000000213e+00 1.200000010430812836e-02 -3.636938781738281250e+02
1.588599252700805664e+01 2.479999999999999982e+00 1.200000010430812836e-02 -2.657763061523437500e+02
1.597599673271179199e+01 2.470000000000000195e+00 1.200000010430812836e-02 -2.797645568847656250e+02
1.609299683570861816e+01 2.439999999999999947e+00 1.200000010430812836e-02 -2.657763061523437500e+02
1.617903995513916016e+01 2.509999999999999787e+00 1.200000010430812836e-02 -3.636938781738281250e+02
1.629300951957702637e+01 2.479999999999999982e+00 1.200000010430812836e-02 -4.476232604980468750e+02
1.638799881935119629e+01 2.529999999999999805e+00 1.200000010430812836e-02 -5.315526123046875000e+02
1.649599504470825195e+01 2.419999999999999929e+00 1.200000010430812836e-02 -4.616115112304687500e+02
1.658499217033386230e+01 2.470000000000000195e+00 1.200000010430812836e-02 -2.797645568847656250e+02
1.667999601364135742e+01 2.450000000000000178e+00 1.200000010430812836e-02 -1.818469390869140625e+02
1.679199671745300293e+01 2.549999999999999822e+00 1.200000010430812836e-02 0.000000000000000000e+00
1.687799835205078125e+01 2.680000000000000160e+00 1.200000010430812836e-02 0.000000000000000000e+00
1.699503612518310547e+01 2.700000000000000178e+00 1.200000010430812836e-02 -4.476232604980468750e+02
1.708499312400817871e+01 2.549999999999999822e+00 1.200000010430812836e-02 -4.616115112304687500e+02
1.719299459457397461e+01 2.450000000000000178e+00 1.200000010430812836e-02 -4.476232604980468750e+02
1.728704571723937988e+01 2.450000000000000178e+00 1.200000010430812836e-02 -3.636938781738281250e+02
1.737800121307373047e+01 2.509999999999999787e+00 1.200000010430812836e-02 -3.636938781738281250e+02
1.748499298095703125e+01 2.529999999999999805e+00 1.200000010430812836e-02 -3.636938781738281250e+02
1.757599806785583496e+01 2.520000000000000018e+00 1.200000010430812836e-02 -5.455408935546875000e+02
1.769299530982971191e+01 2.529999999999999805e+00 1.200000010430812836e-02 -5.315526123046875000e+02
1.777800893783569336e+01 2.500000000000000000e+00 1.200000010430812836e-02 -5.455408935546875000e+02
1.789102530479431152e+01 2.450000000000000178e+00 1.200000010430812836e-02 -4.476232604980468750e+02
1.798499417304992676e+01 2.410000000000000142e+00 1.200000010430812836e-02 -4.616115112304687500e+02
1.809299612045288086e+01 2.430000000000000160e+00 1.200000010430812836e-02 -4.476232604980468750e+02
1.818303465843200684e+01 2.490000000000000213e+00 1.200000010430812836e-02 -5.455408935546875000e+02
1.827800059318542480e+01 2.490000000000000213e+00 1.200000010430812836e-02 -5.455408935546875000e+02
1.838599252700805664e+01 2.379999999999999893e+00 1.200000010430812836e-02 -4.476232604980468750e+02
1.847502994537353516e+01 2.419999999999999929e+00 1.200000010430812836e-02 -3.636938781738281250e+02
1.859299278259277344e+01 2.479999999999999982e+00 1.200000010430812836e-02 -2.797645568847656250e+02
1.868199205398559570e+01 2.540000000000000036e+00 1.200000010430812836e-02 -4.476232604980468750e+02
1.878999805450439453e+01 2.529999999999999805e+00 1.200000010430812836e-02 -5.315526123046875000e+02
1.888499259948730469e+01 2.470000000000000195e+00 1.200000010430812836e-02 -4.476232604980468750e+02
1.897503304481506348e+01 2.459999999999999964e+00 1.200000010430812836e-02 -2.657763061523437500e+02
1.908302974700927734e+01 2.520000000000000018e+00 1.200000010430812836e-02 -2.797645568847656250e+02
1.917699384689331055e+01 2.529999999999999805e+00 1.200000010430812836e-02 -4.476232604980468750e+02
1.928999304771423340e+01 2.509999999999999787e+00 1.200000010430812836e-02 -4.476232604980468750e+02
1.937503051757812500e+01 2.479999999999999982e+00 1.200000010430812836e-02 -5.315526123046875000e+02
1.949200582504272461e+01 2.479999999999999982e+00 1.200000010430812836e-02 -4.616115112304687500e+02
1.958303594589233398e+01 2.479999999999999982e+00 1.200000010430812836e-02 -3.636938781738281250e+02
1.968999147415161133e+01 2.459999999999999964e+00 1.200000010430812836e-02 -3.636938781738281250e+02
1.978099656105041504e+01 2.500000000000000000e+00 1.200000010430812836e-02 -3.636938781738281250e+02
1.987503314018249512e+01 2.500000000000000000e+00 1.200000010430812836e-02 -3.636938781738281250e+02
1.998304080963134766e+01 2.500000000000000000e+00 1.200000010430812836e-02 -3.497056579589843750e+02
2.008799767494201660e+01 2.500000000000000000e+00 1.200000010430812836e-02 -5.315526123046875000e+02
2.018999457359313965e+01 2.470000000000000195e+00 1.200000010430812836e-02 -5.455408935546875000e+02
2.027599668502807617e+01 2.470000000000000195e+00 1.200000010430812836e-02 -3.497056579589843750e+02
2.038800597190856934e+01 2.470000000000000195e+00 1.200000010430812836e-02 -2.797645568847656250e+02
2.048303246498107910e+01 2.479999999999999982e+00 1.200000010430812836e-02 -2.797645568847656250e+02
2.059103012084960938e+01 2.529999999999999805e+00 1.200000010430812836e-02 -2.797645568847656250e+02
2.067999863624572754e+01 2.520000000000000018e+00 1.200000010430812836e-02 -4.476232604980468750e+02
2.079503774642944336e+01 2.509999999999999787e+00 1.200000010430812836e-02 -4.476232604980468750e+02
2.088703489303588867e+01 2.490000000000000213e+00 1.200000010430812836e-02 -5.455408935546875000e+02
2.099504137039184570e+01 2.470000000000000195e+00 1.200000010430812836e-02 -4.476232604980468750e+02
2.109001374244689941e+01 2.390000000000000124e+00 1.200000010430812836e-02 -3.636938781738281250e+02
2.117999601364135742e+01 2.459999999999999964e+00 1.200000010430812836e-02 -1.818469390869140625e+02
2.128800010681152344e+01 2.459999999999999964e+00 1.200000010430812836e-02 -9.791758728027343750e+01
2.138199424743652344e+01 2.509999999999999787e+00 1.200000010430812836e-02 -1.818469390869140625e+02
2.149503612518310547e+01 2.549999999999999822e+00 1.200000010430812836e-02 0.000000000000000000e+00
2.158000063896179199e+01 2.540000000000000036e+00 1.200000010430812836e-02 -8.392935943603515625e+01
2.167102766036987305e+01 2.569999999999999840e+00 1.200000010430812836e-02 -4.476232604980468750e+02
2.178800630569458008e+01 2.430000000000000160e+00 1.200000010430812836e-02 -2.657763061523437500e+02
2.189502930641174316e+01 2.350000000000000089e+00 1.200000010430812836e-02 -9.791758728027343750e+01
2.198599338531494141e+01 2.520000000000000018e+00 1.200000010430812836e-02 -2.657763061523437500e+02
2.207999777793884277e+01 2.390000000000000124e+00 1.200000010430812836e-02 0.000000000000000000e+00
2.218800568580627441e+01 2.250000000000000000e+00 1.200000010430812836e-02 0.000000000000000000e+00
2.227799916267395020e+01 2.229999999999999982e+00 1.200000010430812836e-02 0.000000000000000000e+00
2.239503693580627441e+01 1.699999999999999956e+00 1.200000010430812836e-02 0.000000000000000000e+00
2.248099517822265625e+01 6.500000000000000222e-01 1.200000010430812836e-02 0.000000000000000000e+00
2.259298682212829590e+01 4.400000000000000022e-01 1.200000010430812836e-02 9.791758728027343750e+01
2.268800091743469238e+01 1.090000000000000080e+00 3.799999877810478210e-02 1.342869750976562500e+03
2.279503512382507324e+01 2.479999999999999982e+00 3.799999877810478210e-02 4.476232604980468750e+02
2.288499498367309570e+01 2.589999999999999858e+00 3.799999877810478210e-02 2.657763061523437500e+02
2.298000264167785645e+01 2.509999999999999787e+00 3.799999877810478210e-02 1.818469390869140625e+02
2.309200072288513184e+01 2.459999999999999964e+00 3.799999877810478210e-02 2.657763061523437500e+02
2.317799997329711914e+01 2.470000000000000195e+00 3.799999877810478210e-02 1.818469390869140625e+02
2.329503679275512695e+01 2.459999999999999964e+00 3.799999877810478210e-02 3.636938781738281250e+02
2.338499116897583008e+01 2.479999999999999982e+00 3.799999877810478210e-02 3.497056579589843750e+02
2.349299430847167969e+01 2.500000000000000000e+00 3.799999877810478210e-02 3.636938781738281250e+02
2.358703470230102539e+01 2.540000000000000036e+00 3.799999877810478210e-02 5.455408935546875000e+02
2.367801594734191895e+01 2.490000000000000213e+00 3.799999877810478210e-02 3.636938781738281250e+02
2.378499364852905273e+01 2.439999999999999947e+00 3.799999877810478210e-02 4.616115112304687500e+02
2.387599587440490723e+01 2.479999999999999982e+00 3.799999877810478210e-02 4.476232604980468750e+02
2.399299597740173340e+01 2.520000000000000018e+00 3.799999877810478210e-02 5.455408935546875000e+02
2.407800054550170898e+01 2.520000000000000018e+00 3.799999877810478210e-02 4.476232604980468750e+02
2.419103169441223145e+01 2.500000000000000000e+00 3.799999877810478210e-02 4.476232604980468750e+02
2.428499269485473633e+01 2.520000000000000018e+00 3.799999877810478210e-02 2.657763061523437500e+02
2.439300131797790527e+01 2.529999999999999805e+00 3.799999877810478210e-02 3.497056579589843750e+02
2.448304271697998047e+01 2.500000000000000000e+00 3.799999877810478210e-02 5.315526123046875000e+02
2.457799506187438965e+01 2.500000000000000000e+00 3.799999877810478210e-02 5.455408935546875000e+02
2.468599581718444824e+01 2.549999999999999822e+00 3.799999877810478210e-02 4.476232604980468750e+02
2.477503585815429688e+01 2.549999999999999822e+00 3.799999877810478210e-02 4.476232604980468750e+02
2.489299154281616211e+01 2.569999999999999840e+00 3.799999877810478210e-02 3.636938781738281250e+02
2.498199272155761719e+01 2.549999999999999822e+00 3.799999877810478210e-02 2.657763061523437500e+02
2.508999443054199219e+01 2.640000000000000124e+00 3.799999877810478210e-02 2.657763061523437500e+02
2.518499231338500977e+01 2.589999999999999858e+00 3.799999877810478210e-02 3.636938781738281250e+02
2.527503466606140137e+01 2.569999999999999840e+00 3.799999877810478210e-02 3.636938781738281250e+02
2.538303565979003906e+01 2.520000000000000018e+00 3.799999877810478210e-02 3.497056579589843750e+02
2.547699356079101562e+01 2.470000000000000195e+00 3.799999877810478210e-02 3.497056579589843750e+02
2.558999371528625488e+01 2.479999999999999982e+00 3.799999877810478210e-02 2.657763061523437500e+02
2.567503023147583008e+01 2.459999999999999964e+00 3.799999877810478210e-02 2.797645568847656250e+02
2.579199767112731934e+01 2.450000000000000178e+00 3.799999877810478210e-02 4.476232604980468750e+02
2.588303017616271973e+01 2.490000000000000213e+00 3.799999877810478210e-02 4.476232604980468750e+02
2.598999476432800293e+01 2.470000000000000195e+00 3.799999877810478210e-02 4.616115112304687500e+02
2.608099389076232910e+01 2.540000000000000036e+00 3.799999877810478210e-02 4.476232604980468750e+02
2.617502880096435547e+01 2.569999999999999840e+00 3.799999877810478210e-02 4.476232604980468750e+02
2.628303360939025879e+01 2.520000000000000018e+00 3.799999877810478210e-02 4.616115112304687500e+02
2.639599442481994629e+01 2.439999999999999947e+00 3.799999877810478210e-02 3.636938781738281250e+02
2.648999261856079102e+01 2.439999999999999947e+00 3.799999877810478210e-02 3.497056579589843750e+02
2.657599663734436035e+01 2.500000000000000000e+00 3.799999877810478210e-02 4.476232604980468750e+02
2.668802523612976074e+01 2.589999999999999858e+00 3.799999877810478210e-02 1.818469390869140625e+02
2.678303003311157227e+01 2.540000000000000036e+00 3.799999877810478210e-02 2.657763061523437500e+02
2.689103102684020996e+01 2.509999999999999787e+00 3.799999877810478210e-02 3.636938781738281250e+02
2.697999858856201172e+01 2.560000000000000053e+00 3.799999877810478210e-02 3.636938781738281250e+02
2.707503151893615723e+01 2.560000000000000053e+00 3.799999877810478210e-02 4.616115112304687500e+02
2.718702888488769531e+01 2.580000000000000071e+00 3.799999877810478210e-02 5.455408935546875000e+02
2.729503345489501953e+01 2.500000000000000000e+00 3.799999877810478210e-02 4.616115112304687500e+02
2.738999438285827637e+01 2.470000000000000195e+00 3.799999877810478210e-02 5.455408935546875000e+02
2.747999453544616699e+01 2.509999999999999787e+00 3.799999877810478210e-02 5.455408935546875000e+02
2.758799934387207031e+01 2.529999999999999805e+00 3.799999877810478210e-02 4.476232604980468750e+02
2.768199300765991211e+01 2.509999999999999787e+00 3.799999877810478210e-02 4.476232604980468750e+02
2.779503202438354492e+01 2.529999999999999805e+00 3.799999877810478210e-02 4.476232604980468750e+02
2.787999439239501953e+01 2.589999999999999858e+00 3.799999877810478210e-02 3.636938781738281250e+02
2.797999334335327148e+01 2.629999999999999893e+00 3.799999877810478210e-02 2.797645568847656250e+02
2.808801960945129395e+01 2.509999999999999787e+00 3.799999877810478210e-02 2.657763061523437500e+02
2.819503307342529297e+01 2.399999999999999911e+00 3.799999877810478210e-02 3.636938781738281250e+02
2.828599357604980469e+01 2.390000000000000124e+00 3.799999877810478210e-02 4.476232604980468750e+02
2.837999653816223145e+01 2.439999999999999947e+00 3.799999877810478210e-02 3.636938781738281250e+02
2.848800086975097656e+01 2.430000000000000160e+00 3.799999877810478210e-02 4.476232604980468750e+02
2.857800221443176270e+01 2.430000000000000160e+00 3.799999877810478210e-02 3.636938781738281250e+02
2.869503378868103027e+01 2.430000000000000160e+00 3.799999877810478210e-02 2.657763061523437500e+02
2.878099370002746582e+01 2.430000000000000160e+00 3.799999877810478210e-02 3.636938781738281250e+02
2.889299416542053223e+01 2.450000000000000178e+00 3.799999877810478210e-02 3.636938781738281250e+02
2.898799562454223633e+01 2.490000000000000213e+00 3.799999877810478210e-02 3.636938781738281250e+02
2.909599280357360840e+01 2.470000000000000195e+00 3.799999877810478210e-02 3.636938781738281250e+02
2.918499255180358887e+01 2.439999999999999947e+00 3.799999877810478210e-02 4.476232604980468750e+02
2.927999687194824219e+01 2.500000000000000000e+00 3.799999877810478210e-02 4.476232604980468750e+02
2.939199495315551758e+01 2.479999999999999982e+00 3.799999877810478210e-02 5.455408935546875000e+02
2.947799897193908691e+01 2.450000000000000178e+00 3.799999877810478210e-02 4.476232604980468750e+02
2.959504961967468262e+01 2.479999999999999982e+00 3.799999877810478210e-02 2.657763061523437500e+02
2.968499350547790527e+01 2.490000000000000213e+00 3.799999877810478210e-02 2.657763061523437500e+02
2.979300117492675781e+01 2.490000000000000213e+00 3.799999877810478210e-02 2.797645568847656250e+02
2.988702869415283203e+01 2.520000000000000018e+00 3.799999877810478210e-02 2.797645568847656250e+02
2.997809600830078125e+01 2.549999999999999822e+00 3.799999877810478210e-02 2.657763061523437500e+02
3.008509635925292969e+01 2.560000000000000053e+00 3.799999877810478210e-02 2.657763061523437500e+02
3.017599654197692871e+01 2.500000000000000000e+00 3.799999877810478210e-02 3.636938781738281250e+02
3.029299330711364746e+01 2.529999999999999805e+00 3.799999877810478210e-02 2.797645568847656250e+02
3.037799906730651855e+01 2.529999999999999805e+00 3.799999877810478210e-02 2.797645568847656250e+02
3.049105429649353027e+01 2.520000000000000018e+00 3.799999877810478210e-02 1.818469390869140625e+02
3.058499503135681152e+01 2.500000000000000000e+00 3.799999877810478210e-02 2.797645568847656250e+02
3.069299173355102539e+01 2.450000000000000178e+00 3.799999877810478210e-02 2.797645568847656250e+02
3.078303837776184082e+01 2.490000000000000213e+00 3.799999877810478210e-02 3.636938781738281250e+02
3.087799572944641113e+01 2.490000000000000213e+00 3.799999877810478210e-02 4.476232604980468750e+02
3.098599123954772949e+01 2.540000000000000036e+00 3.799999877810478210e-02 3.497056579589843750e+02
3.107503557205200195e+01 2.560000000000000053e+00 3.799999877810478210e-02 3.497056579589843750e+02
3.119299674034118652e+01 2.569999999999999840e+00 3.799999877810478210e-02 3.497056579589843750e+02
3.128200340270996094e+01 2.549999999999999822e+00 3.799999877810478210e-02 2.657763061523437500e+02
3.138999319076538086e+01 2.520000000000000018e+00 3.799999877810478210e-02 4.616115112304687500e+02
3.148499584197998047e+01 2.490000000000000213e+00 3.799999877810478210e-02 4.476232604980468750e+02
3.157503390312194824e+01 2.549999999999999822e+00 3.799999877810478210e-02 3.497056579589843750e+02
3.168304085731506348e+01 2.509999999999999787e+00 3.799999877810478210e-02 2.657763061523437500e+02
3.177699208259582520e+01 2.430000000000000160e+00 3.799999877810478210e-02 3.636938781738281250e+02
3.188999342918395996e+01 2.350000000000000089e+00 3.799999877810478210e-02 2.657763061523437500e+02
3.197503328323364258e+01 2.339999999999999858e+00 3.799999877810478210e-02 3.636938781738281250e+02
3.209199571609497070e+01 2.410000000000000142e+00 3.799999877810478210e-02 1.818469390869140625e+02
3.218303513526916504e+01 2.439999999999999947e+00 3.799999877810478210e-02 9.791758728027343750e+01
3.228998947143554688e+01 2.450000000000000178e+00 3.799999877810478210e-02 8.392935943603515625e+01
3.238099360466003418e+01 2.410000000000000142e+00 3.799999877810478210e-02 1.818469390869140625e+02
3.247503852844238281e+01 2.379999999999999893e+00 3.799999877810478210e-02 2.657763061523437500e+02
3.258303952217102051e+01 2.350000000000000089e+00 3.799999877810478210e-02 5.455408935546875000e+02
3.268000102043151855e+01 2.410000000000000142e+00 3.799999877810478210e-02 4.616115112304687500e+02
3.278999304771423340e+01 2.390000000000000124e+00 3.799999877810478210e-02 1.818469390869140625e+02
3.287599205970764160e+01 2.370000000000000107e+00 3.799999877810478210e-02 3.636938781738281250e+02
3.298800516128540039e+01 2.410000000000000142e+00 3.799999877810478210e-02 5.315526123046875000e+02
3.308303308486938477e+01 2.479999999999999982e+00 3.799999877810478210e-02 3.636938781738281250e+02
3.319103050231933594e+01 2.439999999999999947e+00 3.799999877810478210e-02 3.636938781738281250e+02
3.327999281883239746e+01 2.450000000000000178e+00 3.799999877810478210e-02 1.818469390869140625e+02
3.337503719329833984e+01 2.450000000000000178e+00 3.799999877810478210e-02 2.797645568847656250e+02
3.348704051971435547e+01 2.450000000000000178e+00 3.799999877810478210e-02 4.476232604980468750e+02
3.359503221511840820e+01 2.439999999999999947e+00 3.799999877810478210e-02 5.315526123046875000e+02
3.368999338150024414e+01 2.470000000000000195e+00 3.799999877810478210e-02 4.476232604980468750e+02
3.377999305725097656e+01 2.520000000000000018e+00 3.799999877810478210e-02 3.497056579589843750e+02
3.388802719116210938e+01 2.520000000000000018e+00 3.799999877810478210e-02 1.818469390869140625e+02
3.398199224472045898e+01 2.549999999999999822e+00 3.799999877810478210e-02 1.818469390869140625e+02
3.409504985809326172e+01 2.439999999999999947e+00 3.799999877810478210e-02 2.657763061523437500e+02
3.417999601364135742e+01 2.459999999999999964e+00 3.799999877810478210e-02 4.476232604980468750e+02
3.428799915313720703e+01 2.459999999999999964e+00 3.799999877810478210e-02 5.315526123046875000e+02
3.438799953460693359e+01 2.520000000000000018e+00 3.799999877810478210e-02 5.455408935546875000e+02
3.449503636360168457e+01 2.560000000000000053e+00 3.799999877810478210e-02 1.678587188720703125e+02
3.458599305152893066e+01 2.540000000000000036e+00 3.799999877810478210e-02 1.818469390869140625e+02
3.467999649047851562e+01 2.490000000000000213e+00 3.799999877810478210e-02 9.791758728027343750e+01
3.478800249099731445e+01 2.459999999999999964e+00 3.799999877810478210e-02 1.678587188720703125e+02
3.487800478935241699e+01 2.439999999999999947e+00 3.799999877810478210e-02 9.791758728027343750e+01
3.499503350257873535e+01 2.540000000000000036e+00 3.799999877810478210e-02 8.392935943603515625e+01
3.508099222183227539e+01 2.470000000000000195e+00 3.799999877810478210e-02 3.636938781738281250e+02
3.519299316406250000e+01 2.450000000000000178e+00 3.799999877810478210e-02 4.476232604980468750e+02
3.528804016113281250e+01 2.520000000000000018e+00 3.799999877810478210e-02 5.315526123046875000e+02
3.539503002166748047e+01 2.500000000000000000e+00 3.799999877810478210e-02 7.133995361328125000e+02
3.548499393463134766e+01 2.529999999999999805e+00 3.799999877810478210e-02 6.294701538085937500e+02
3.557999920845031738e+01 2.580000000000000071e+00 3.799999877810478210e-02 5.315526123046875000e+02
3.569199848175048828e+01 2.529999999999999805e+00 3.799999877810478210e-02 5.455408935546875000e+02
3.577800536155700684e+01 2.540000000000000036e+00 3.799999877810478210e-02 3.497056579589843750e+02
3.589503431320190430e+01 2.529999999999999805e+00 3.799999877810478210e-02 4.476232604980468750e+02
3.598499417304992676e+01 2.509999999999999787e+00 3.799999877810478210e-02 3.497056579589843750e+02
3.609299373626708984e+01 2.520000000000000018e+00 3.799999877810478210e-02 3.636938781738281250e+02
3.618704223632812500e+01 2.520000000000000018e+00 3.799999877810478210e-02 3.636938781738281250e+02
3.627799630165100098e+01 2.569999999999999840e+00 3.799999877810478210e-02 3.636938781738281250e+02
3.638499164581298828e+01 2.560000000000000053e+00 3.799999877810478210e-02 5.455408935546875000e+02
3.647599577903747559e+01 2.520000000000000018e+00 3.799999877810478210e-02 6.294701538085937500e+02
3.659299325942993164e+01 2.549999999999999822e+00 3.799999877810478210e-02 5.455408935546875000e+02
3.667809939384460449e+01 2.529999999999999805e+00 3.799999877810478210e-02 3.636938781738281250e+02
3.679104256629943848e+01 2.509999999999999787e+00 3.799999877810478210e-02 3.636938781738281250e+02
3.688499307632446289e+01 2.479999999999999982e+00 3.799999877810478210e-02 2.797645568847656250e+02
3.699298954010009766e+01 2.459999999999999964e+00 3.799999877810478210e-02 2.657763061523437500e+02
3.708303451538085938e+01 2.490000000000000213e+00 3.799999877810478210e-02 3.636938781738281250e+02
3.717799663543701172e+01 2.540000000000000036e+00 3.799999877810478210e-02 4.476232604980468750e+02
3.728599095344543457e+01 2.549999999999999822e+00 3.799999877810478210e-02 4.476232604980468750e+02
3.737502789497375488e+01 2.490000000000000213e+00 3.799999877810478210e-02 3.497056579589843750e+02
3.749299216270446777e+01 2.410000000000000142e+00 3.799999877810478210e-02 3.636938781738281250e+02
3.758199453353881836e+01 2.410000000000000142e+00 3.799999877810478210e-02 5.455408935546875000e+02
3.768999433517456055e+01 2.490000000000000213e+00 3.799999877810478210e-02 6.294701538085937500e+02
3.778499126434326172e+01 2.560000000000000053e+00 3.799999877810478210e-02 5.315526123046875000e+02
3.787503004074096680e+01 2.600000000000000089e+00 3.799999877810478210e-02 4.476232604980468750e+02
3.798303270339965820e+01 2.609999999999999876e+00 3.799999877810478210e-02 3.636938781738281250e+02
3.807699370384216309e+01 2.540000000000000036e+00 3.799999877810478210e-02 2.797645568847656250e+02
3.818999195098876953e+01 2.450000000000000178e+00 3.799999877810478210e-02 3.636938781738281250e+02
3.827503204345703125e+01 2.479999999999999982e+00 3.799999877810478210e-02 3.497056579589843750e+02
3.839199829101562500e+01 2.450000000000000178e+00 3.799999877810478210e-02 3.636938781738281250e+02
3.848302507400512695e+01 2.470000000000000195e+00 3.799999877810478210e-02 5.315526123046875000e+02
3.858999323844909668e+01 2.509999999999999787e+00 3.799999877810478210e-02 4.616115112304687500e+02
3.868099451065063477e+01 2.509999999999999787e+00 3.799999877810478210e-02 3.636938781738281250e+02
3.877503490447998047e+01 2.540000000000000036e+00 3.799999877810478210e-02 4.476232604980468750e+02
3.888302779197692871e+01 2.629999999999999893e+00 3.799999877810478210e-02 9.791758728027343750e+01
3.899600267410278320e+01 2.540000000000000036e+00 3.799999877810478210e-02 2.797645568847656250e+02
3.908999490737915039e+01 2.549999999999999822e+00 3.799999877810478210e-02 2.657763061523437500e+02
3.917599940299987793e+01 2.569999999999999840e+00 3.799999877810478210e-02 2.657763061523437500e+02
3.928802013397216797e+01 2.479999999999999982e+00 3.799999877810478210e-02 2.657763061523437500e+02
3.938302659988403320e+01 2.520000000000000018e+00 3.799999877810478210e-02 1.678587188720703125e+02
3.949103403091430664e+01 2.490000000000000213e+00 3.799999877810478210e-02 2.657763061523437500e+02
3.957999920845031738e+01 2.459999999999999964e+00 3.799999877810478210e-02 3.497056579589843750e+02
3.969602513313293457e+01 2.459999999999999964e+00 3.799999877810478210e-02 1.818469390869140625e+02
3.978703045845031738e+01 2.470000000000000195e+00 3.799999877810478210e-02 2.657763061523437500e+02
3.989502954483032227e+01 2.459999999999999964e+00 3.799999877810478210e-02 5.455408935546875000e+02
3.998999381065368652e+01 2.479999999999999982e+00 3.799999877810478210e-02 4.476232604980468750e+02
4.007999539375305176e+01 2.470000000000000195e+00 3.799999877810478210e-02 3.636938781738281250e+02
4.018800067901611328e+01 2.609999999999999876e+00 3.799999877810478210e-02 0.000000000000000000e+00
4.028200316429138184e+01 2.500000000000000000e+00 3.799999877810478210e-02 8.392935943603515625e+01
4.039503335952758789e+01 2.569999999999999840e+00 3.799999877810478210e-02 8.392935943603515625e+01
4.047999429702758789e+01 2.459999999999999964e+00 3.799999877810478210e-02 0.000000000000000000e+00
4.057102942466735840e+01 2.390000000000000124e+00 3.799999877810478210e-02 9.791758728027343750e+01
4.068800973892211914e+01 2.419999999999999929e+00 3.799999877810478210e-02 8.392935943603515625e+01
4.079503536224365234e+01 2.350000000000000089e+00 3.799999877810478210e-02 0.000000000000000000e+00
4.088599395751953125e+01 2.339999999999999858e+00 3.799999877810478210e-02 0.000000000000000000e+00
4.097999525070190430e+01 2.339999999999999858e+00 3.799999877810478210e-02 0.000000000000000000e+00
4.108799457550048828e+01 2.549999999999999822e+00 3.799999877810478210e-02 0.000000000000000000e+00
4.117799925804138184e+01 3.000000000000000000e+00 3.799999877810478210e-02 0.000000000000000000e+00
4.129503035545349121e+01 3.759999999999999787e+00 3.799999877810478210e-02 0.000000000000000000e+00
4.138099956512451172e+01 4.589999999999999858e+00 3.799999877810478210e-02 0.000000000000000000e+00
4.149299430847167969e+01 4.990000000000000213e+00 3.799999877810478210e-02 0.000000000000000000e+00
4.158800649642944336e+01 4.900000000000000355e+00 1.200000010430812836e-02 -7.273877563476562500e+02
4.169503569602966309e+01 2.459999999999999964e+00 1.200000010430812836e-02 -4.476232604980468750e+02
4.178499436378479004e+01 2.439999999999999947e+00 1.200000010430812836e-02 -1.818469390869140625e+02
4.187999725341796875e+01 2.540000000000000036e+00 1.200000010430812836e-02 -3.636938781738281250e+02
4.199199533462524414e+01 2.580000000000000071e+00 1.200000010430812836e-02 -6.294701538085937500e+02
4.207800745964050293e+01 2.529999999999999805e+00 1.200000010430812836e-02 -6.294701538085937500e+02
4.219503951072692871e+01 2.500000000000000000e+00 1.200000010430812836e-02 -6.294701538085937500e+02
4.228499436378479004e+01 2.479999999999999982e+00 1.200000010430812836e-02 -6.294701538085937500e+02
4.239299392700195312e+01 2.470000000000000195e+00 1.200000010430812836e-02 -5.315526123046875000e+02
4.248703527450561523e+01 2.509999999999999787e+00 1.200000010430812836e-02 -5.315526123046875000e+02
4.257799673080444336e+01 2.439999999999999947e+00 1.200000010430812836e-02 -6.294701538085937500e+02
4.268499326705932617e+01 2.509999999999999787e+00 1.200000010430812836e-02 -6.294701538085937500e+02
4.277599310874938965e+01 2.450000000000000178e+00 1.200000010430812836e-02 -6.294701538085937500e+02
4.289299178123474121e+01 2.450000000000000178e+00 1.200000010430812836e-02 -8.113171386718750000e+02
4.297799825668334961e+01 2.419999999999999929e+00 1.200000010430812836e-02 -7.273877563476562500e+02
4.309103322029113770e+01 2.439999999999999947e+00 1.200000010430812836e-02 -5.315526123046875000e+02
4.318499374389648438e+01 2.430000000000000160e+00 1.200000010430812836e-02 -4.476232604980468750e+02
4.329299521446228027e+01 2.479999999999999982e+00 1.200000010430812836e-02 -5.315526123046875000e+02
4.338304090499877930e+01 2.459999999999999964e+00 1.200000010430812836e-02 -5.315526123046875000e+02
4.347799420356750488e+01 2.419999999999999929e+00 1.200000010430812836e-02 -6.294701538085937500e+02
4.358599209785461426e+01 2.450000000000000178e+00 1.200000010430812836e-02 -4.476232604980468750e+02
4.367503714561462402e+01 2.470000000000000195e+00 1.200000010430812836e-02 -4.476232604980468750e+02
4.379299163818359375e+01 2.450000000000000178e+00 1.200000010430812836e-02 -5.455408935546875000e+02
4.388199472427368164e+01 2.430000000000000160e+00 1.200000010430812836e-02 -4.476232604980468750e+02
4.398999357223510742e+01 2.470000000000000195e+00 1.200000010430812836e-02 -4.476232604980468750e+02
4.408499312400817871e+01 2.529999999999999805e+00 1.200000010430812836e-02 -2.657763061523437500e+02
4.417502951622009277e+01 2.560000000000000053e+00 1.200000010430812836e-02 -3.636938781738281250e+02
4.428303384780883789e+01 2.549999999999999822e+00 1.200000010430812836e-02 -4.476232604980468750e+02
4.437699413299560547e+01 2.529999999999999805e+00 1.200000010430812836e-02 -5.315526123046875000e+02
4.448999333381652832e+01 2.520000000000000018e+00 1.200000010430812836e-02 -4.476232604980468750e+02
4.457504391670227051e+01 2.470000000000000195e+00 1.200000010430812836e-02 -5.315526123046875000e+02
4.469199252128601074e+01 2.459999999999999964e+00 1.200000010430812836e-02 -5.455408935546875000e+02
4.478311848640441895e+01 2.459999999999999964e+00 1.200000010430812836e-02 -4.476232604980468750e+02
4.489001011848449707e+01 2.479999999999999982e+00 1.200000010430812836e-02 -4.476232604980468750e+02
4.498099541664123535e+01 2.479999999999999982e+00 1.200000010430812836e-02 -4.476232604980468750e+02
4.507503747940063477e+01 2.509999999999999787e+00 1.200000010430812836e-02 -4.476232604980468750e+02
4.518302989006042480e+01 2.459999999999999964e+00 1.200000010430812836e-02 -4.476232604980468750e+02
4.529599714279174805e+01 2.450000000000000178e+00 1.200000010430812836e-02 -4.476232604980468750e+02
4.538999366760253906e+01 2.520000000000000018e+00 1.200000010430812836e-02 -5.455408935546875000e+02
4.547609353065490723e+01 2.520000000000000018e+00 1.200000010430812836e-02 -7.133995361328125000e+02
4.558802294731140137e+01 2.490000000000000213e+00 1.200000010430812836e-02 -6.294701538085937500e+02
4.568303084373474121e+01 2.459999999999999964e+00 1.200000010430812836e-02 -5.455408935546875000e+02
4.579103374481201172e+01 2.450000000000000178e+00 1.200000010430812836e-02 -5.455408935546875000e+02
4.587999701499938965e+01 2.490000000000000213e+00 1.200000010430812836e-02 -6.294701538085937500e+02
4.599502849578857422e+01 2.459999999999999964e+00 1.200000010430812836e-02 -7.133995361328125000e+02
4.608704113960266113e+01 2.419999999999999929e+00 1.200000010430812836e-02 -8.113171386718750000e+02
4.619503426551818848e+01 2.390000000000000124e+00 1.200000010430812836e-02 -7.133995361328125000e+02
4.628999924659729004e+01 2.390000000000000124e+00 1.200000010430812836e-02 -6.294701538085937500e+02
4.637999510765075684e+01 2.419999999999999929e+00 1.200000010430812836e-02 -6.294701538085937500e+02
4.648800873756408691e+01 2.450000000000000178e+00 1.200000010430812836e-02 -4.476232604980468750e+02
4.658199524879455566e+01 2.459999999999999964e+00 1.200000010430812836e-02 -4.476232604980468750e+02
4.669504523277282715e+01 2.520000000000000018e+00 1.200000010430812836e-02 -4.476232604980468750e+02
4.677999687194824219e+01 2.490000000000000213e+00 1.200000010430812836e-02 -6.294701538085937500e+02
4.687999320030212402e+01 2.490000000000000213e+00 1.200000010430812836e-02 -7.133995361328125000e+02
4.698800134658813477e+01 2.390000000000000124e+00 1.200000010430812836e-02 -7.133995361328125000e+02
4.709503412246704102e+01 2.459999999999999964e+00 1.200000010430812836e-02 -7.273877563476562500e+02
4.718599462509155273e+01 2.419999999999999929e+00 1.200000010430812836e-02 -7.273877563476562500e+02
4.727999591827392578e+01 2.410000000000000142e+00 1.200000010430812836e-02 -6.294701538085937500e+02
4.738799977302551270e+01 2.490000000000000213e+00 1.200000010430812836e-02 -7.273877563476562500e+02
4.747799658775329590e+01 2.430000000000000160e+00 1.200000010430812836e-02 -7.273877563476562500e+02
4.759503769874572754e+01 2.390000000000000124e+00 1.200000010430812836e-02 -5.315526123046875000e+02
4.768099474906921387e+01 2.470000000000000195e+00 1.200000010430812836e-02 -4.476232604980468750e+02
4.779299545288085938e+01 2.470000000000000195e+00 1.200000010430812836e-02 -5.315526123046875000e+02
4.788800716400146484e+01 2.459999999999999964e+00 1.200000010430812836e-02 -6.294701538085937500e+02
4.799503207206726074e+01 2.470000000000000195e+00 1.200000010430812836e-02 -5.455408935546875000e+02
4.808499217033386230e+01 2.470000000000000195e+00 1.200000010430812836e-02 -6.294701538085937500e+02
4.817999672889709473e+01 2.450000000000000178e+00 1.200000010430812836e-02 -6.294701538085937500e+02
4.829200506210327148e+01 2.430000000000000160e+00 1.200000010430812836e-02 -5.315526123046875000e+02
4.837799596786499023e+01 2.450000000000000178e+00 1.200000010430812836e-02 -5.455408935546875000e+02
4.849503469467163086e+01 2.459999999999999964e+00 1.200000010430812836e-02 -6.294701538085937500e+02
4.858499383926391602e+01 2.439999999999999947e+00 1.200000010430812836e-02 -7.273877563476562500e+02
4.869299173355102539e+01 2.419999999999999929e+00 1.200000010430812836e-02 -8.952465209960937500e+02
4.878703022003173828e+01 2.350000000000000089e+00 1.200000010430812836e-02 -7.133995361328125000e+02
4.887799644470214844e+01 2.390000000000000124e+00 1.200000010430812836e-02 -7.133995361328125000e+02
4.898499441146850586e+01 2.439999999999999947e+00 1.200000010430812836e-02 -6.294701538085937500e+02
4.907599496841430664e+01 2.450000000000000178e+00 1.200000010430812836e-02 -7.273877563476562500e+02
4.919299340248107910e+01 2.390000000000000124e+00 1.200000010430812836e-02 -6.294701538085937500e+02
4.927799916267395020e+01 2.439999999999999947e+00 1.200000010430812836e-02 -5.455408935546875000e+02
4.939103507995605469e+01 2.450000000000000178e+00 1.200000010430812836e-02 -5.315526123046875000e+02
4.948499512672424316e+01 2.450000000000000178e+00 1.200000010430812836e-02 -4.616115112304687500e+02
4.959299349784851074e+01 2.470000000000000195e+00 1.200000010430812836e-02 -3.636938781738281250e+02
4.968303585052490234e+01 2.520000000000000018e+00 1.200000010430812836e-02 -6.294701538085937500e+02
4.977799963951110840e+01 2.509999999999999787e+00 1.200000010430812836e-02 -9.092347412109375000e+02
4.988600015640258789e+01 2.419999999999999929e+00 1.200000010430812836e-02 -8.952465209960937500e+02
4.997503829002380371e+01 2.379999999999999893e+00 1.200000010430812836e-02 -7.273877563476562500e+02
5.009299302101135254e+01 2.459999999999999964e+00 1.200000010430812836e-02 -7.133995361328125000e+02
5.018199515342712402e+01 2.439999999999999947e+00 1.200000010430812836e-02 -6.294701538085937500e+02
5.028999471664428711e+01 2.310000000000000053e+00 1.200000010430812836e-02 -5.455408935546875000e+02
5.038499188423156738e+01 2.430000000000000160e+00 1.200000010430812836e-02 -6.294701538085937500e+02
5.047502732276916504e+01 2.490000000000000213e+00 1.200000010430812836e-02 -8.113171386718750000e+02
5.058303403854370117e+01 2.290000000000000036e+00 1.200000010430812836e-02 -6.294701538085937500e+02
5.067699289321899414e+01 2.399999999999999911e+00 1.200000010430812836e-02 -4.476232604980468750e+02
5.078999114036560059e+01 2.490000000000000213e+00 1.200000010430812836e-02 -5.455408935546875000e+02
5.087503194808959961e+01 2.430000000000000160e+00 1.200000010430812836e-02 -5.455408935546875000e+02
5.099199366569519043e+01 2.419999999999999929e+00 1.200000010430812836e-02 -3.636938781738281250e+02
5.108304500579833984e+01 2.500000000000000000e+00 1.200000010430812836e-02 -4.476232604980468750e+02
5.118999242782592773e+01 2.549999999999999822e+00 1.200000010430812836e-02 -6.294701538085937500e+02
5.128099203109741211e+01 2.470000000000000195e+00 1.200000010430812836e-02 -6.294701538085937500e+02
5.137503194808959961e+01 2.430000000000000160e+00 1.200000010430812836e-02 -4.476232604980468750e+02
5.148304343223571777e+01 2.439999999999999947e+00 1.200000010430812836e-02 -5.455408935546875000e+02
5.158799672126770020e+01 2.439999999999999947e+00 1.200000010430812836e-02 -5.455408935546875000e+02
5.168999361991882324e+01 2.490000000000000213e+00 1.200000010430812836e-02 -5.315526123046875000e+02
5.177599692344665527e+01 2.450000000000000178e+00 1.200000010430812836e-02 -6.294701538085937500e+02
5.188801836967468262e+01 2.419999999999999929e+00 1.200000010430812836e-02 -4.476232604980468750e+02
5.198302578926086426e+01 2.450000000000000178e+00 1.200000010430812836e-02 -3.497056579589843750e+02
5.209103631973266602e+01 2.479999999999999982e+00 1.200000010430812836e-02 -4.476232604980468750e+02
5.217999863624572754e+01 2.520000000000000018e+00 1.200000010430812836e-02 -5.315526123046875000e+02
5.228199195861816406e+01 2.450000000000000178e+00 1.200000010430812836e-02 -5.315526123046875000e+02
5.238704538345336914e+01 2.490000000000000213e+00 1.200000010430812836e-02 -3.636938781738281250e+02
5.249503850936889648e+01 2.479999999999999982e+00 1.200000010430812836e-02 -1.818469390869140625e+02
5.258999371528625488e+01 2.439999999999999947e+00 1.200000010430812836e-02 -9.791758728027343750e+01
5.267999482154846191e+01 2.490000000000000213e+00 1.200000010430812836e-02 -3.636938781738281250e+02
5.278799629211425781e+01 2.479999999999999982e+00 1.200000010430812836e-02 -3.636938781738281250e+02
5.288199353218078613e+01 2.500000000000000000e+00 1.200000010430812836e-02 -2.657763061523437500e+02
5.299504280090332031e+01 2.459999999999999964e+00 1.200000010430812836e-02 0.000000000000000000e+00
5.307999610900878906e+01 2.410000000000000142e+00 1.200000010430812836e-02 -8.392935943603515625e+01
5.317103695869445801e+01 2.549999999999999822e+00 1.200000010430812836e-02 -2.657763061523437500e+02
5.328799819946289062e+01 2.520000000000000018e+00 1.200000010430812836e-02 -8.392935943603515625e+01
5.339504003524780273e+01 2.479999999999999982e+00 1.200000010430812836e-02 -2.657763061523437500e+02
5.348600506782531738e+01 2.549999999999999822e+00 1.200000010430812836e-02 -5.455408935546875000e+02
5.358000802993774414e+01 2.410000000000000142e+00 1.200000010430812836e-02 -2.797645568847656250e+02
5.368800997734069824e+01 2.229999999999999982e+00 1.200000010430812836e-02 0.000000000000000000e+00
5.377800655364990234e+01 2.370000000000000107e+00 1.200000010430812836e-02 -1.818469390869140625e+02
5.389504361152648926e+01 2.470000000000000195e+00 1.200000010430812836e-02 0.000000000000000000e+00
5.398099446296691895e+01 2.569999999999999840e+00 1.200000010430812836e-02 0.000000000000000000e+00
5.409299564361572266e+01 2.520000000000000018e+00 1.200000010430812836e-02 0.000000000000000000e+00
5.418799591064453125e+01 1.810000000000000053e+00 1.200000010430812836e-02 0.000000000000000000e+00
5.429599761962890625e+01 1.860000000000000098e+00 1.200000010430812836e-02 0.000000000000000000e+00
5.438499355316162109e+01 2.169999999999999929e+00 1.200000010430812836e-02 0.000000000000000000e+00
5.448000502586364746e+01 2.000000000000000000e+00 1.200000010430812836e-02 0.000000000000000000e+00
5.459199047088623047e+01 1.229999999999999982e+00 1.200000010430812836e-02 0.000000000000000000e+00
5.467799782752990723e+01 8.100000000000000533e-01 1.200000010430812836e-02 0.000000000000000000e+00
5.479503130912780762e+01 1.129999999999999893e+00 3.799999877810478210e-02 1.258940307617187500e+03
5.488499498367309570e+01 2.410000000000000142e+00 3.799999877810478210e-02 8.113171386718750000e+02
5.499299502372741699e+01 2.669999999999999929e+00 3.799999877810478210e-02 6.294701538085937500e+02
5.508703327178955078e+01 2.479999999999999982e+00 3.799999877810478210e-02 7.133995361328125000e+02
5.517799973487854004e+01 2.509999999999999787e+00 3.799999877810478210e-02 7.133995361328125000e+02
5.528499364852905273e+01 2.560000000000000053e+00 3.799999877810478210e-02 7.273877563476562500e+02
5.537599539756774902e+01 2.500000000000000000e+00 3.799999877810478210e-02 7.273877563476562500e+02
5.549299383163452148e+01 2.549999999999999822e+00 3.799999877810478210e-02 6.294701538085937500e+02
5.557799720764160156e+01 2.520000000000000018e+00 3.799999877810478210e-02 6.294701538085937500e+02
5.569102835655212402e+01 2.500000000000000000e+00 3.799999877810478210e-02 6.294701538085937500e+02
5.578499293327331543e+01 2.569999999999999840e+00 3.799999877810478210e-02 6.294701538085937500e+02
5.589309358596801758e+01 2.500000000000000000e+00 3.799999877810478210e-02 7.273877563476562500e+02
5.598302888870239258e+01 2.560000000000000053e+00 3.799999877810478210e-02 8.113171386718750000e+02
5.607799887657165527e+01 2.600000000000000089e+00 3.799999877810478210e-02 7.133995361328125000e+02
5.618599557876586914e+01 2.609999999999999876e+00 3.799999877810478210e-02 8.113171386718750000e+02
5.627504229545593262e+01 2.589999999999999858e+00 3.799999877810478210e-02 7.273877563476562500e+02
5.639299416542053223e+01 2.529999999999999805e+00 3.799999877810478210e-02 6.294701538085937500e+02
5.648199486732482910e+01 2.479999999999999982e+00 3.799999877810478210e-02 8.113171386718750000e+02
5.658999419212341309e+01 2.479999999999999982e+00 3.799999877810478210e-02 7.133995361328125000e+02
5.668499445915222168e+01 2.589999999999999858e+00 3.799999877810478210e-02 6.294701538085937500e+02
5.677504706382751465e+01 2.600000000000000089e+00 3.799999877810478210e-02 6.294701538085937500e+02
5.688303184509277344e+01 2.470000000000000195e+00 3.799999877810478210e-02 4.476232604980468750e+02
5.697699642181396484e+01 2.459999999999999964e+00 3.799999877810478210e-02 5.455408935546875000e+02
5.708999395370483398e+01 2.529999999999999805e+00 3.799999877810478210e-02 7.273877563476562500e+02
5.717503309249877930e+01 2.549999999999999822e+00 3.799999877810478210e-02 7.133995361328125000e+02
5.729199528694152832e+01 2.600000000000000089e+00 3.799999877810478210e-02 7.273877563476562500e+02
5.738303279876708984e+01 2.580000000000000071e+00 3.799999877810478210e-02 7.133995361328125000e+02
5.748999357223510742e+01 2.490000000000000213e+00 3.799999877810478210e-02 8.113171386718750000e+02
5.758099460601806641e+01 2.500000000000000000e+00 3.799999877810478210e-02 8.113171386718750000e+02
5.767503333091735840e+01 2.560000000000000053e+00 3.799999877810478210e-02 7.133995361328125000e+02
5.778303551673889160e+01 2.620000000000000107e+00 3.799999877810478210e-02 6.294701538085937500e+02
5.789599609375000000e+01 2.560000000000000053e+00 3.799999877810478210e-02 7.133995361328125000e+02
5.798999571800231934e+01 2.529999999999999805e+00 3.799999877810478210e-02 6.294701538085937500e+02
5.807599544525146484e+01 2.589999999999999858e+00 3.799999877810478210e-02 5.315526123046875000e+02
5.818799710273742676e+01 2.520000000000000018e+00 3.799999877810478210e-02 7.273877563476562500e+02
5.828303885459899902e+01 2.540000000000000036e+00 3.799999877810478210e-02 6.294701538085937500e+02
5.839103603363037109e+01 2.580000000000000071e+00 3.799999877810478210e-02 7.273877563476562500e+02
5.847999215126037598e+01 2.600000000000000089e+00 3.799999877810478210e-02 5.455408935546875000e+02
5.857503318786621094e+01 2.509999999999999787e+00 3.799999877810478210e-02 5.455408935546875000e+02
5.868703484535217285e+01 2.459999999999999964e+00 3.799999877810478210e-02 5.315526123046875000e+02
5.879503226280212402e+01 2.479999999999999982e+00 3.799999877810478210e-02 5.315526123046875000e+02
5.889000320434570312e+01 2.529999999999999805e+00 3.799999877810478210e-02 5.315526123046875000e+02
5.897999477386474609e+01 2.609999999999999876e+00 3.799999877810478210e-02 6.294701538085937500e+02
5.908799433708190918e+01 2.529999999999999805e+00 3.799999877810478210e-02 7.133995361328125000e+02
5.918199539184570312e+01 2.529999999999999805e+00 3.799999877810478210e-02 5.455408935546875000e+02
5.929503035545349121e+01 2.540000000000000036e+00 3.799999877810478210e-02 4.476232604980468750e+02
5.937999629974365234e+01 2.459999999999999964e+00 3.799999877810478210e-02 4.476232604980468750e+02
5.947104072570800781e+01 2.500000000000000000e+00 3.799999877810478210e-02 3.636938781738281250e+02
5.958800029754638672e+01 2.509999999999999787e+00 3.799999877810478210e-02 3.636938781738281250e+02
5.969504165649414062e+01 2.529999999999999805e+00 3.799999877810478210e-02 4.476232604980468750e+02
5.978599572181701660e+01 2.459999999999999964e+00 3.799999877810478210e-02 5.455408935546875000e+02
5.987999653816223145e+01 2.459999999999999964e+00 3.799999877810478210e-02 7.133995361328125000e+02
5.998802113533020020e+01 2.490000000000000213e+00 3.799999877810478210e-02 6.294701538085937500e+02
6.007799839973449707e+01 2.490000000000000213e+00 3.799999877810478210e-02 5.455408935546875000e+02
6.019504141807556152e+01 2.509999999999999787e+00 3.799999877810478210e-02 6.294701538085937500e+02
6.028110456466674805e+01 2.529999999999999805e+00 3.799999877810478210e-02 7.133995361328125000e+02
6.039299297332763672e+01 2.569999999999999840e+00 3.799999877810478210e-02 6.294701538085937500e+02
6.048800015449523926e+01 2.540000000000000036e+00 3.799999877810478210e-02 7.133995361328125000e+02
6.058702850341796875e+01 2.569999999999999840e+00 3.799999877810478210e-02 6.294701538085937500e+02
6.068499159812927246e+01 2.580000000000000071e+00 3.799999877810478210e-02 6.294701538085937500e+02
6.077999591827392578e+01 2.529999999999999805e+00 3.799999877810478210e-02 8.113171386718750000e+02
6.089199376106262207e+01 2.509999999999999787e+00 3.799999877810478210e-02 8.113171386718750000e+02
6.097799897193908691e+01 2.509999999999999787e+00 3.799999877810478210e-02 8.113171386718750000e+02
6.109503984451293945e+01 2.549999999999999822e+00 3.799999877810478210e-02 7.133995361328125000e+02
6.118500375747680664e+01 2.500000000000000000e+00 3.799999877810478210e-02 7.133995361328125000e+02
6.129299402236938477e+01 2.540000000000000036e+00 3.799999877810478210e-02 8.113171386718750000e+02
6.138703536987304688e+01 2.529999999999999805e+00 3.799999877810478210e-02 7.133995361328125000e+02
6.147800135612487793e+01 2.560000000000000053e+00 3.799999877810478210e-02 7.273877563476562500e+02
6.158499217033386230e+01 2.520000000000000018e+00 3.799999877810478210e-02 8.952465209960937500e+02
6.167599892616271973e+01 2.540000000000000036e+00 3.799999877810478210e-02 1.077093505859375000e+03
6.179299545288085938e+01 2.529999999999999805e+00 3.799999877810478210e-02 9.931641235351562500e+02
6.187801384925842285e+01 2.549999999999999822e+00 3.799999877810478210e-02 9.931641235351562500e+02
6.199104070663452148e+01 2.609999999999999876e+00 3.799999877810478210e-02 8.952465209960937500e+02
6.208499264717102051e+01 2.589999999999999858e+00 3.799999877810478210e-02 8.113171386718750000e+02
6.219299364089965820e+01 2.560000000000000053e+00 3.799999877810478210e-02 8.952465209960937500e+02
6.228303360939025879e+01 2.520000000000000018e+00 3.799999877810478210e-02 9.092347412109375000e+02
6.237803339958190918e+01 2.569999999999999840e+00 3.799999877810478210e-02 7.133995361328125000e+02
6.248599243164062500e+01 2.649999999999999911e+00 3.799999877810478210e-02 7.133995361328125000e+02
6.257503461837768555e+01 2.470000000000000195e+00 3.799999877810478210e-02 6.294701538085937500e+02
6.269299292564392090e+01 2.500000000000000000e+00 3.799999877810478210e-02 3.636938781738281250e+02
6.278199768066406250e+01 2.529999999999999805e+00 3.799999877810478210e-02 4.476232604980468750e+02
6.288999032974243164e+01 2.520000000000000018e+00 3.799999877810478210e-02 6.294701538085937500e+02
6.298499369621276855e+01 2.549999999999999822e+00 3.799999877810478210e-02 7.133995361328125000e+02
6.307503509521484375e+01 2.569999999999999840e+00 3.799999877810478210e-02 6.294701538085937500e+02
6.318303155899047852e+01 2.560000000000000053e+00 3.799999877810478210e-02 2.657763061523437500e+02
6.327699494361877441e+01 2.430000000000000160e+00 3.799999877810478210e-02 6.294701538085937500e+02
6.338999557495117188e+01 2.459999999999999964e+00 3.799999877810478210e-02 6.294701538085937500e+02
6.347503662109375000e+01 2.549999999999999822e+00 3.799999877810478210e-02 5.315526123046875000e+02
6.359199500083923340e+01 2.569999999999999840e+00 3.799999877810478210e-02 5.455408935546875000e+02
6.368303513526916504e+01 2.540000000000000036e+00 3.799999877810478210e-02 8.113171386718750000e+02
6.378999543190002441e+01 2.540000000000000036e+00 3.799999877810478210e-02 7.133995361328125000e+02
6.388099694252014160e+01 2.470000000000000195e+00 3.799999877810478210e-02 9.092347412109375000e+02
6.397503280639648438e+01 2.509999999999999787e+00 3.799999877810478210e-02 9.092347412109375000e+02
6.408303117752075195e+01 2.669999999999999929e+00 3.799999877810478210e-02 1.818469390869140625e+02
6.419599580764770508e+01 2.569999999999999840e+00 3.799999877810478210e-02 9.791758728027343750e+01
6.428999567031860352e+01 2.339999999999999858e+00 3.799999877810478210e-02 0.000000000000000000e+00
6.437599372863769531e+01 2.450000000000000178e+00 3.799999877810478210e-02 0.000000000000000000e+00
6.448800230026245117e+01 2.410000000000000142e+00 3.799999877810478210e-02 0.000000000000000000e+00
6.458305335044860840e+01 2.359999999999999876e+00 3.799999877810478210e-02 0.000000000000000000e+00
6.469103193283081055e+01 2.390000000000000124e+00 3.799999877810478210e-02 0.000000000000000000e+00
6.477999854087829590e+01 2.379999999999999893e+00 3.799999877810478210e-02 8.392935943603515625e+01
6.488199162483215332e+01 2.419999999999999929e+00 3.799999877810478210e-02 0.000000000000000000e+00
6.498703885078430176e+01 2.370000000000000107e+00 3.799999877810478210e-02 0.000000000000000000e+00
6.509503555297851562e+01 2.339999999999999858e+00 3.799999877810478210e-02 0.000000000000000000e+00
6.518999290466308594e+01 2.430000000000000160e+00 3.799999877810478210e-02 0.000000000000000000e+00
6.527999544143676758e+01 3.100000000000000089e+00 3.799999877810478210e-02 0.000000000000000000e+00
6.538799786567687988e+01 3.520000000000000018e+00 3.799999877810478210e-02 0.000000000000000000e+00
6.548199367523193359e+01 4.209999999999999964e+00 3.799999877810478210e-02 0.000000000000000000e+00
6.559504675865173340e+01 4.709999999999999964e+00 3.799999877810478210e-02 0.000000000000000000e+00
6.567999792098999023e+01 5.160000000000000142e+00 1.200000010430812836e-02 -6.294701538085937500e+02
6.577103471755981445e+01 3.350000000000000089e+00 1.200000010430812836e-02 -1.342869750976562500e+03
6.588801980018615723e+01 2.509999999999999787e+00 1.200000010430812836e-02 -1.622634277343750000e+03
6.599503564834594727e+01 2.359999999999999876e+00 1.200000010430812836e-02 -1.342869750976562500e+03
6.608599209785461426e+01 2.330000000000000071e+00 1.200000010430812836e-02 -1.175010986328125000e+03
6.617999410629272461e+01 2.279999999999999805e+00 1.200000010430812836e-02 -8.952465209960937500e+02
6.628800225257873535e+01 2.359999999999999876e+00 1.200000010430812836e-02 -8.113171386718750000e+02
6.637802171707153320e+01 2.439999999999999947e+00 1.200000010430812836e-02 -9.931641235351562500e+02
6.649503469467163086e+01 2.459999999999999964e+00 1.200000010430812836e-02 -9.931641235351562500e+02
6.658099484443664551e+01 2.439999999999999947e+00 1.200000010430812836e-02 -8.113171386718750000e+02
6.669299340248107910e+01 2.390000000000000124e+00 1.200000010430812836e-02 -9.931641235351562500e+02
6.678800082206726074e+01 2.330000000000000071e+00 1.200000010430812836e-02 -9.931641235351562500e+02
6.689502882957458496e+01 2.330000000000000071e+00 1.200000010430812836e-02 -9.931641235351562500e+02
6.698499369621276855e+01 2.359999999999999876e+00 1.200000010430812836e-02 -8.952465209960937500e+02
6.707999825477600098e+01 2.419999999999999929e+00 1.200000010430812836e-02 -9.092347412109375000e+02
6.719199800491333008e+01 2.399999999999999911e+00 1.200000010430812836e-02 -9.931641235351562500e+02
6.727799868583679199e+01 2.390000000000000124e+00 1.200000010430812836e-02 -9.931641235351562500e+02
6.739504170417785645e+01 2.459999999999999964e+00 1.200000010430812836e-02 -9.931641235351562500e+02
6.748499178886413574e+01 2.399999999999999911e+00 1.200000010430812836e-02 -8.952465209960937500e+02
6.759299278259277344e+01 2.390000000000000124e+00 1.200000010430812836e-02 -8.952465209960937500e+02
6.768704533576965332e+01 2.410000000000000142e+00 1.200000010430812836e-02 -8.952465209960937500e+02
6.777800774574279785e+01 2.459999999999999964e+00 1.200000010430812836e-02 -9.931641235351562500e+02
6.788499116897583008e+01 2.430000000000000160e+00 1.200000010430812836e-02 -9.931641235351562500e+02
6.797599554061889648e+01 2.390000000000000124e+00 1.200000010430812836e-02 -1.175010986328125000e+03
6.809298992156982422e+01 2.330000000000000071e+00 1.200000010430812836e-02 -1.077093505859375000e+03
6.817799925804138184e+01 2.319999999999999840e+00 1.200000010430812836e-02 -9.931641235351562500e+02
6.829103183746337891e+01 2.339999999999999858e+00 1.200000010430812836e-02 -8.113171386718750000e+02
6.838499307632446289e+01 2.390000000000000124e+00 1.200000010430812836e-02 -7.273877563476562500e+02
6.849299335479736328e+01 2.459999999999999964e+00 1.200000010430812836e-02 -9.791759033203125000e+02
6.858304142951965332e+01 2.410000000000000142e+00 1.200000010430812836e-02 -1.175010986328125000e+03
6.867799687385559082e+01 2.430000000000000160e+00 1.200000010430812836e-02 -1.258940307617187500e+03
6.878599190711975098e+01 2.379999999999999893e+00 1.200000010430812836e-02 -1.258940307617187500e+03
6.887503933906555176e+01 2.299999999999999822e+00 1.200000010430812836e-02 -1.175010986328125000e+03
6.899299097061157227e+01 2.350000000000000089e+00 1.200000010430812836e-02 -1.091081787109375000e+03
6.908199238777160645e+01 2.379999999999999893e+00 1.200000010430812836e-02 -1.161022827148437500e+03
6.918999195098876953e+01 2.359999999999999876e+00 1.200000010430812836e-02 -1.175010986328125000e+03
6.928499674797058105e+01 2.390000000000000124e+00 1.200000010430812836e-02 -1.175010986328125000e+03
6.939699172973632812e+01 2.350000000000000089e+00 1.200000010430812836e-02 -1.161022827148437500e+03
6.948303699493408203e+01 2.390000000000000124e+00 1.200000010430812836e-02 -1.342869750976562500e+03
6.957699346542358398e+01 2.310000000000000053e+00 1.200000010430812836e-02 -1.272928588867187500e+03
6.968999242782592773e+01 2.330000000000000071e+00 1.200000010430812836e-02 -1.091081787109375000e+03
6.977503299713134766e+01 2.319999999999999840e+00 1.200000010430812836e-02 -1.077093505859375000e+03
6.989200568199157715e+01 2.410000000000000142e+00 1.200000010430812836e-02 -1.077093505859375000e+03
6.998303914070129395e+01 2.410000000000000142e+00 1.200000010430812836e-02 -9.931641235351562500e+02
7.008999300003051758e+01 2.430000000000000160e+00 1.200000010430812836e-02 -1.077093505859375000e+03
7.018099403381347656e+01 2.419999999999999929e+00 1.200000010430812836e-02 -1.258940307617187500e+03
7.027503776550292969e+01 2.470000000000000195e+00 1.200000010430812836e-02 -1.440787353515625000e+03
7.038304209709167480e+01 2.359999999999999876e+00 1.200000010430812836e-02 -1.440787353515625000e+03
7.049503016471862793e+01 2.250000000000000000e+00 1.200000010430812836e-02 -1.175010986328125000e+03
7.058999419212341309e+01 2.209999999999999964e+00 1.200000010430812836e-02 -7.133995361328125000e+02
7.067599582672119141e+01 2.350000000000000089e+00 1.200000010430812836e-02 -6.294701538085937500e+02
7.081103444099426270e+01 2.459999999999999964e+00 1.200000010430812836e-02 -6.294701538085937500e+02
7.090499186515808105e+01 2.529999999999999805e+00 1.200000010430812836e-02 -9.092347412109375000e+02
7.101299142837524414e+01 2.490000000000000213e+00 1.200000010430812836e-02 -1.091081787109375000e+03
7.110304570198059082e+01 2.390000000000000124e+00 1.200000010430812836e-02 -9.791759033203125000e+02
7.119799757003784180e+01 2.379999999999999893e+00 1.200000010430812836e-02 -9.931641235351562500e+02
7.130599856376647949e+01 2.500000000000000000e+00 1.200000010430812836e-02 -1.706563598632812500e+03
7.139503836631774902e+01 2.390000000000000124e+00 1.200000010430812836e-02 -1.706563598632812500e+03
7.151299309730529785e+01 2.259999999999999787e+00 1.200000010430812836e-02 -1.175010986328125000e+03
7.160199165344238281e+01 2.209999999999999964e+00 1.200000010430812836e-02 -8.113171386718750000e+02
7.170999431610107422e+01 2.250000000000000000e+00 1.200000010430812836e-02 -6.294701538085937500e+02
7.180499982833862305e+01 2.109999999999999876e+00 1.200000010430812836e-02 0.000000000000000000e+00
7.189503145217895508e+01 1.750000000000000000e+00 1.200000010430812836e-02 0.000000000000000000e+00
7.200303125381469727e+01 1.620000000000000107e+00 1.200000010430812836e-02 0.000000000000000000e+00
7.209699583053588867e+01 9.300000000000000488e-01 1.200000010430812836e-02 0.000000000000000000e+00
7.220999431610107422e+01 5.600000000000000533e-01 3.799999877810478210e-02 9.791758728027343750e+01
7.229503273963928223e+01 1.370000000000000107e+00 3.799999877810478210e-02 1.804481201171875000e+03
7.241199946403503418e+01 2.290000000000000036e+00 3.799999877810478210e-02 2.433951416015625000e+03
7.250303769111633301e+01 2.629999999999999893e+00 3.799999877810478210e-02 1.972340087890625000e+03
7.260999321937561035e+01 2.700000000000000178e+00 3.799999877810478210e-02 1.258940307617187500e+03
7.270099520683288574e+01 2.649999999999999911e+00 3.799999877810478210e-02 1.077093505859375000e+03
7.279502892494201660e+01 2.540000000000000036e+00 3.799999877810478210e-02 1.175010986328125000e+03
7.290302944183349609e+01 2.540000000000000036e+00 3.799999877810478210e-02 1.538704956054687500e+03
7.299999785423278809e+01 2.589999999999999858e+00 3.799999877810478210e-02 1.622634277343750000e+03
7.310999202728271484e+01 2.569999999999999840e+00 3.799999877810478210e-02 1.524716674804687500e+03
7.319599723815917969e+01 2.649999999999999911e+00 3.799999877810478210e-02 1.342869750976562500e+03
7.330800127983093262e+01 2.529999999999999805e+00 3.799999877810478210e-02 1.077093505859375000e+03
7.340302348136901855e+01 2.600000000000000089e+00 3.799999877810478210e-02 1.161022827148437500e+03
7.351103806495666504e+01 2.640000000000000124e+00 3.799999877810478210e-02 9.931641235351562500e+02
7.359999704360961914e+01 2.549999999999999822e+00 3.799999877810478210e-02 1.175010986328125000e+03
7.369504261016845703e+01 2.470000000000000195e+00 3.799999877810478210e-02 1.258940307617187500e+03
7.380704402923583984e+01 2.549999999999999822e+00 3.799999877810478210e-02 1.342869750976562500e+03
7.389999532699584961e+01 2.589999999999999858e+00 3.799999877810478210e-02 1.356857910156250000e+03
7.401000070571899414e+01 2.589999999999999858e+00 3.799999877810478210e-02 1.342869750976562500e+03
7.409999322891235352e+01 2.549999999999999822e+00 3.799999877810478210e-02 1.440787353515625000e+03
7.420802092552185059e+01 2.600000000000000089e+00 3.799999877810478210e-02 1.440787353515625000e+03
7.430199360847473145e+01 2.560000000000000053e+00 3.799999877810478210e-02 1.161022827148437500e+03
7.441503357887268066e+01 2.640000000000000124e+00 3.799999877810478210e-02 1.258940307617187500e+03
7.449999475479125977e+01 2.600000000000000089e+00 3.799999877810478210e-02 1.175010986328125000e+03
7.461599588394165039e+01 2.549999999999999822e+00 3.799999877810478210e-02 1.258940307617187500e+03
7.470799899101257324e+01 2.569999999999999840e+00 3.799999877810478210e-02 1.440787353515625000e+03
7.481504511833190918e+01 2.540000000000000036e+00 3.799999877810478210e-02 1.538704956054687500e+03
7.490599274635314941e+01 2.520000000000000018e+00 3.799999877810478210e-02 1.622634277343750000e+03
7.499999475479125977e+01 2.620000000000000107e+00 3.799999877810478210e-02 1.524716674804687500e+03
7.510800290107727051e+01 2.660000000000000142e+00 3.799999877810478210e-02 1.175010986328125000e+03
7.519800066947937012e+01 2.640000000000000124e+00 3.799999877810478210e-02 9.092347412109375000e+02
7.531503248214721680e+01 2.540000000000000036e+00 3.799999877810478210e-02 8.113171386718750000e+02
7.540099215507507324e+01 2.500000000000000000e+00 3.799999877810478210e-02 8.952465209960937500e+02
7.551299309730529785e+01 2.459999999999999964e+00 3.799999877810478210e-02 1.258940307617187500e+03
7.560801029205322266e+01 2.490000000000000213e+00 3.799999877810478210e-02 1.440787353515625000e+03
7.571599650382995605e+01 2.569999999999999840e+00 3.799999877810478210e-02 1.258940307617187500e+03
7.580499219894409180e+01 2.540000000000000036e+00 3.799999877810478210e-02 1.440787353515625000e+03
7.589999413490295410e+01 2.490000000000000213e+00 3.799999877810478210e-02 1.706563598632812500e+03
7.601199436187744141e+01 2.540000000000000036e+00 3.799999877810478210e-02 1.888410644531250000e+03
7.609803462028503418e+01 2.629999999999999893e+00 3.799999877810478210e-02 1.622634277343750000e+03
7.621504282951354980e+01 2.620000000000000107e+00 3.799999877810478210e-02 1.342869750976562500e+03
7.630499196052551270e+01 2.649999999999999911e+00 3.799999877810478210e-02 1.077093505859375000e+03
7.641299271583557129e+01 2.529999999999999805e+00 3.799999877810478210e-02 9.092347412109375000e+02
7.650702714920043945e+01 2.529999999999999805e+00 3.799999877810478210e-02 1.091081787109375000e+03
7.659799814224243164e+01 2.580000000000000071e+00 3.799999877810478210e-02 1.175010986328125000e+03
7.670499277114868164e+01 2.509999999999999787e+00 3.799999877810478210e-02 1.161022827148437500e+03
7.679599475860595703e+01 2.520000000000000018e+00 3.799999877810478210e-02 1.175010986328125000e+03
7.691299629211425781e+01 2.560000000000000053e+00 3.799999877810478210e-02 1.175010986328125000e+03
7.699799704551696777e+01 2.560000000000000053e+00 3.799999877810478210e-02 1.175010986328125000e+03
7.711103630065917969e+01 2.540000000000000036e+00 3.799999877810478210e-02 1.091081787109375000e+03
7.720499205589294434e+01 2.649999999999999911e+00 3.799999877810478210e-02 1.818469390869140625e+02
7.731299352645874023e+01 2.799999999999999822e+00 3.799999877810478210e-02 0.000000000000000000e+00
7.740303111076354980e+01 2.509999999999999787e+00 3.799999877810478210e-02 0.000000000000000000e+00
7.749799704551696777e+01 2.419999999999999929e+00 3.799999877810478210e-02 0.000000000000000000e+00
7.760599541664123535e+01 2.450000000000000178e+00 3.799999877810478210e-02 0.000000000000000000e+00
7.769505405426025391e+01 2.729999999999999982e+00 3.799999877810478210e-02 0.000000000000000000e+00
7.781299757957458496e+01 2.450000000000000178e+00 3.799999877810478210e-02 0.000000000000000000e+00
7.790200328826904297e+01 2.359999999999999876e+00 3.799999877810478210e-02 0.000000000000000000e+00
7.800999736785888672e+01 2.350000000000000089e+00 3.799999877810478210e-02 0.000000000000000000e+00
7.810499405860900879e+01 2.339999999999999858e+00 3.799999877810478210e-02 0.000000000000000000e+00
7.820199346542358398e+01 2.310000000000000053e+00 3.799999877810478210e-02 0.000000000000000000e+00
7.830303025245666504e+01 2.299999999999999822e+00 3.799999877810478210e-02 0.000000000000000000e+00
7.839699530601501465e+01 2.290000000000000036e+00 3.799999877810478210e-02 0.000000000000000000e+00
7.850999665260314941e+01 2.279999999999999805e+00 3.799999877810478210e-02 0.000000000000000000e+00
7.859504199028015137e+01 2.279999999999999805e+00 3.799999877810478210e-02 0.000000000000000000e+00
7.871199727058410645e+01 2.279999999999999805e+00 3.799999877810478210e-02 0.000000000000000000e+00
7.880303049087524414e+01 2.279999999999999805e+00 3.799999877810478210e-02 0.000000000000000000e+00
7.890999746322631836e+01 2.279999999999999805e+00 3.799999877810478210e-02 0.000000000000000000e+00
7.900099539756774902e+01 2.290000000000000036e+00 3.799999877810478210e-02 0.000000000000000000e+00
7.909502458572387695e+01 2.290000000000000036e+00 3.799999877810478210e-02 0.000000000000000000e+00
7.920303153991699219e+01 2.299999999999999822e+00 3.799999877810478210e-02 0.000000000000000000e+00
7.931503605842590332e+01 2.290000000000000036e+00 3.799999877810478210e-02 0.000000000000000000e+00
7.940999555587768555e+01 2.290000000000000036e+00 3.799999877810478210e-02 0.000000000000000000e+00
7.949599742889404297e+01 2.290000000000000036e+00 3.799999877810478210e-02 0.000000000000000000e+00
7.960799884796142578e+01 2.290000000000000036e+00 3.799999877810478210e-02 0.000000000000000000e+00
7.970303177833557129e+01 2.279999999999999805e+00 3.799999877810478210e-02 0.000000000000000000e+00
7.981104278564453125e+01 2.279999999999999805e+00 3.799999877810478210e-02 0.000000000000000000e+00
7.989999485015869141e+01 2.279999999999999805e+00 3.799999877810478210e-02 0.000000000000000000e+00
7.999502825736999512e+01 2.279999999999999805e+00 3.799999877810478210e-02 0.000000000000000000e+00
