6.799364089965820312e-02 1.870000000000000107e+00 3.400000184774398804e-02 0.000000000000000000e+00
1.639900207519531250e-01 1.860000000000000098e+00 3.400000184774398804e-02 0.000000000000000000e+00
2.509517669677734375e-01 1.870000000000000107e+00 3.400000184774398804e-02 0.000000000000000000e+00
3.679933547973632812e-01 1.919999999999999929e+00 3.400000184774398804e-02 0.000000000000000000e+00
4.569504261016845703e-01 1.919999999999999929e+00 3.400000184774398804e-02 0.000000000000000000e+00
5.659482479095458984e-01 1.879999999999999893e+00 3.400000184774398804e-02 0.000000000000000000e+00
6.609504222869873047e-01 1.870000000000000107e+00 3.400000184774398804e-02 0.000000000000000000e+00
7.499511241912841797e-01 1.919999999999999929e+00 3.400000184774398804e-02 0.000000000000000000e+00
8.579468727111816406e-01 1.959999999999999964e+00 3.400000184774398804e-02 0.000000000000000000e+00
9.529500007629394531e-01 1.979999999999999982e+00 3.400000184774398804e-02 0.000000000000000000e+00
1.064960241317749023e+00 1.989999999999999991e+00 3.400000184774398804e-02 0.000000000000000000e+00
1.149947881698608398e+00 1.979999999999999982e+00 3.400000184774398804e-02 0.000000000000000000e+00
1.267994642257690430e+00 1.969999999999999973e+00 3.400000184774398804e-02 0.000000000000000000e+00
1.357948780059814453e+00 1.949999999999999956e+00 3.400000184774398804e-02 0.000000000000000000e+00
1.464966773986816406e+00 1.919999999999999929e+00 3.400000184774398804e-02 0.000000000000000000e+00
1.559989690780639648e+00 1.909999999999999920e+00 3.400000184774398804e-02 0.000000000000000000e+00
1.649947643280029297e+00 1.909999999999999920e+00 3.400000184774398804e-02 0.000000000000000000e+00
1.757946252822875977e+00 1.949999999999999956e+00 3.400000184774398804e-02 0.000000000000000000e+00
1.851993322372436523e+00 1.979999999999999982e+00 3.400000184774398804e-02 0.000000000000000000e+00
1.964954137802124023e+00 2.009999999999999787e+00 3.400000184774398804e-02 0.000000000000000000e+00
2.053948163986206055e+00 2.009999999999999787e+00 3.400000184774398804e-02 0.000000000000000000e+00
2.166948318481445312e+00 2.000000000000000000e+00 3.400000184774398804e-02 0.000000000000000000e+00
2.257948160171508789e+00 1.989999999999999991e+00 3.400000184774398804e-02 0.000000000000000000e+00
2.367994785308837891e+00 2.000000000000000000e+00 3.400000184774398804e-02 0.000000000000000000e+00
2.455994367599487305e+00 1.989999999999999991e+00 3.400000184774398804e-02 0.000000000000000000e+00
2.550949811935424805e+00 1.949999999999999956e+00 3.400000184774398804e-02 0.000000000000000000e+00
2.661955833435058594e+00 1.939999999999999947e+00 3.400000184774398804e-02 0.000000000000000000e+00
2.747990369796752930e+00 1.939999999999999947e+00 3.400000184774398804e-02 0.000000000000000000e+00
2.865948915481567383e+00 1.919999999999999929e+00 3.400000184774398804e-02 0.000000000000000000e+00
2.954953908920288086e+00 1.879999999999999893e+00 3.400000184774398804e-02 0.000000000000000000e+00
3.062947988510131836e+00 1.919999999999999929e+00 3.400000184774398804e-02 0.000000000000000000e+00
3.157949686050415039e+00 2.069999999999999840e+00 3.400000184774398804e-02 0.000000000000000000e+00
3.247989654541015625e+00 2.580000000000000071e+00 3.400000184774398804e-02 0.000000000000000000e+00
3.354953527450561523e+00 3.399999999999999911e+00 3.400000184774398804e-02 0.000000000000000000e+00
3.449948310852050781e+00 4.259999999999999787e+00 3.400000184774398804e-02 0.000000000000000000e+00
3.562945842742919922e+00 4.400000000000000355e+00 9.999999776482582092e-03 -9.931641235351562500e+02
3.647991180419921875e+00 2.209999999999999964e+00 9.999999776482582092e-03 -8.113171386718750000e+02
3.764954566955566406e+00 2.209999999999999964e+00 9.999999776482582092e-03 -8.113171386718750000e+02
3.854964494705200195e+00 2.120000000000000107e+00 9.999999776482582092e-03 -4.476232604980468750e+02
3.962947368621826172e+00 2.220000000000000195e+00 9.999999776482582092e-03 -5.455408935546875000e+02
4.056953668594360352e+00 2.180000000000000160e+00 9.999999776482582092e-03 -4.476232604980468750e+02
4.147994279861450195e+00 2.180000000000000160e+00 9.999999776482582092e-03 -3.636938781738281250e+02
4.258945703506469727e+00 2.209999999999999964e+00 9.999999776482582092e-03 -3.636938781738281250e+02
4.345969915390014648e+00 2.250000000000000000e+00 9.999999776482582092e-03 -4.476232604980468750e+02
4.462946653366088867e+00 2.250000000000000000e+00 9.999999776482582092e-03 -5.455408935546875000e+02
4.551985502243041992e+00 2.240000000000000213e+00 9.999999776482582092e-03 -5.315526123046875000e+02
4.660953283309936523e+00 2.209999999999999964e+00 9.999999776482582092e-03 -5.315526123046875000e+02
4.755992650985717773e+00 2.189999999999999947e+00 9.999999776482582092e-03 -5.315526123046875000e+02
4.866957664489746094e+00 2.200000000000000178e+00 9.999999776482582092e-03 -4.476232604980468750e+02
4.952949762344360352e+00 2.229999999999999982e+00 9.999999776482582092e-03 -3.636938781738281250e+02
5.047979831695556641e+00 2.220000000000000195e+00 9.999999776482582092e-03 -4.476232604980468750e+02
5.159989833831787109e+00 2.240000000000000213e+00 9.999999776482582092e-03 -5.315526123046875000e+02
5.267987489700317383e+00 2.209999999999999964e+00 9.999999776482582092e-03 -4.476232604980468750e+02
5.362948656082153320e+00 2.209999999999999964e+00 9.999999776482582092e-03 -4.476232604980468750e+02
5.452950000762939453e+00 2.209999999999999964e+00 9.999999776482582092e-03 -4.476232604980468750e+02
5.559981584548950195e+00 2.160000000000000142e+00 9.999999776482582092e-03 -4.476232604980468750e+02
5.654947042465209961e+00 2.200000000000000178e+00 9.999999776482582092e-03 -4.476232604980468750e+02
5.767987012863159180e+00 2.169999999999999929e+00 9.999999776482582092e-03 -2.797645568847656250e+02
5.852949857711791992e+00 2.209999999999999964e+00 9.999999776482582092e-03 -4.476232604980468750e+02
5.946952342987060547e+00 2.160000000000000142e+00 9.999999776482582092e-03 -3.636938781738281250e+02
6.059998512268066406e+00 2.209999999999999964e+00 9.999999776482582092e-03 -3.636938781738281250e+02
6.167985677719116211e+00 2.200000000000000178e+00 9.999999776482582092e-03 -2.657763061523437500e+02
6.261948585510253906e+00 2.279999999999999805e+00 9.999999776482582092e-03 -2.797645568847656250e+02
6.352953195571899414e+00 2.310000000000000053e+00 9.999999776482582092e-03 -4.476232604980468750e+02
6.463984251022338867e+00 2.259999999999999787e+00 9.999999776482582092e-03 -4.476232604980468750e+02
6.550949096679687500e+00 2.169999999999999929e+00 9.999999776482582092e-03 -3.636938781738281250e+02
6.667991161346435547e+00 2.180000000000000160e+00 9.999999776482582092e-03 -2.797645568847656250e+02
6.756949663162231445e+00 2.209999999999999964e+00 9.999999776482582092e-03 -2.797645568847656250e+02
6.865949392318725586e+00 2.200000000000000178e+00 9.999999776482582092e-03 -3.636938781738281250e+02
6.960950851440429688e+00 2.200000000000000178e+00 9.999999776482582092e-03 -3.636938781738281250e+02
7.049948215484619141e+00 2.250000000000000000e+00 9.999999776482582092e-03 -3.636938781738281250e+02
7.157948732376098633e+00 2.229999999999999982e+00 9.999999776482582092e-03 -4.476232604980468750e+02
7.252949476242065430e+00 2.240000000000000213e+00 9.999999776482582092e-03 -4.476232604980468750e+02
7.364951848983764648e+00 2.229999999999999982e+00 9.999999776482582092e-03 -4.476232604980468750e+02
7.449946880340576172e+00 2.189999999999999947e+00 9.999999776482582092e-03 -3.636938781738281250e+02
7.567991495132446289e+00 2.220000000000000195e+00 9.999999776482582092e-03 -3.497056579589843750e+02
7.657946825027465820e+00 2.149999999999999911e+00 9.999999776482582092e-03 -3.636938781738281250e+02
7.764952659606933594e+00 2.209999999999999964e+00 9.999999776482582092e-03 -3.636938781738281250e+02
7.860003709793090820e+00 2.209999999999999964e+00 9.999999776482582092e-03 -3.497056579589843750e+02
7.949947595596313477e+00 2.259999999999999787e+00 9.999999776482582092e-03 -3.636938781738281250e+02
8.057946443557739258e+00 2.270000000000000018e+00 9.999999776482582092e-03 -3.636938781738281250e+02
8.151985883712768555e+00 2.259999999999999787e+00 9.999999776482582092e-03 -4.476232604980468750e+02
8.264970779418945312e+00 2.259999999999999787e+00 9.999999776482582092e-03 -3.497056579589843750e+02
8.353947401046752930e+00 2.240000000000000213e+00 9.999999776482582092e-03 -4.616115112304687500e+02
8.466949939727783203e+00 2.220000000000000195e+00 9.999999776482582092e-03 -4.616115112304687500e+02
8.557953357696533203e+00 2.220000000000000195e+00 9.999999776482582092e-03 -6.294701538085937500e+02
8.668954849243164062e+00 2.180000000000000160e+00 9.999999776482582092e-03 -5.455408935546875000e+02
8.755980730056762695e+00 2.149999999999999911e+00 9.999999776482582092e-03 -4.616115112304687500e+02
8.850949048995971680e+00 2.169999999999999929e+00 9.999999776482582092e-03 -3.497056579589843750e+02
8.961952924728393555e+00 2.180000000000000160e+00 9.999999776482582092e-03 -2.657763061523437500e+02
9.047995567321777344e+00 2.209999999999999964e+00 9.999999776482582092e-03 -2.657763061523437500e+02
9.165951251983642578e+00 2.240000000000000213e+00 9.999999776482582092e-03 -4.476232604980468750e+02
9.254949569702148438e+00 2.200000000000000178e+00 9.999999776482582092e-03 -4.476232604980468750e+02
9.362955570220947266e+00 2.209999999999999964e+00 9.999999776482582092e-03 -4.476232604980468750e+02
9.457947015762329102e+00 2.209999999999999964e+00 9.999999776482582092e-03 -4.476232604980468750e+02
9.547985553741455078e+00 2.259999999999999787e+00 9.999999776482582092e-03 -4.476232604980468750e+02
9.654958009719848633e+00 2.229999999999999982e+00 9.999999776482582092e-03 -3.636938781738281250e+02
9.749947786331176758e+00 2.229999999999999982e+00 9.999999776482582092e-03 -4.476232604980468750e+02
9.862961053848266602e+00 2.240000000000000213e+00 9.999999776482582092e-03 -4.476232604980468750e+02
9.947987079620361328e+00 2.160000000000000142e+00 9.999999776482582092e-03 -4.476232604980468750e+02
1.006494975090026855e+01 2.149999999999999911e+00 9.999999776482582092e-03 -4.616115112304687500e+02
1.015495657920837402e+01 2.169999999999999929e+00 9.999999776482582092e-03 -3.636938781738281250e+02
1.026294779777526855e+01 2.250000000000000000e+00 9.999999776482582092e-03 -2.797645568847656250e+02
1.035695290565490723e+01 2.229999999999999982e+00 9.999999776482582092e-03 -3.497056579589843750e+02
1.044799232482910156e+01 2.229999999999999982e+00 9.999999776482582092e-03 -2.797645568847656250e+02
1.055895733833312988e+01 2.259999999999999787e+00 9.999999776482582092e-03 -3.497056579589843750e+02
1.064594912528991699e+01 2.209999999999999964e+00 9.999999776482582092e-03 -2.657763061523437500e+02
1.076294708251953125e+01 2.259999999999999787e+00 9.999999776482582092e-03 -2.797645568847656250e+02
1.085198616981506348e+01 2.310000000000000053e+00 9.999999776482582092e-03 -3.636938781738281250e+02
1.096094870567321777e+01 2.259999999999999787e+00 9.999999776482582092e-03 -3.636938781738281250e+02
1.105599284172058105e+01 2.189999999999999947e+00 9.999999776482582092e-03 -4.476232604980468750e+02
1.116694974899291992e+01 2.220000000000000195e+00 9.999999776482582092e-03 -4.476232604980468750e+02
1.125294876098632812e+01 2.180000000000000160e+00 9.999999776482582092e-03 -2.657763061523437500e+02
1.134799551963806152e+01 2.209999999999999964e+00 9.999999776482582092e-03 -1.818469390869140625e+02
1.145998620986938477e+01 2.290000000000000036e+00 9.999999776482582092e-03 -3.636938781738281250e+02
1.156798720359802246e+01 2.220000000000000195e+00 9.999999776482582092e-03 -4.476232604980468750e+02
1.166294741630554199e+01 2.229999999999999982e+00 9.999999776482582092e-03 -3.497056579589843750e+02
1.175294756889343262e+01 2.209999999999999964e+00 9.999999776482582092e-03 -2.797645568847656250e+02
1.185998034477233887e+01 2.290000000000000036e+00 9.999999776482582092e-03 -1.818469390869140625e+02
1.195494818687438965e+01 2.270000000000000018e+00 9.999999776482582092e-03 -1.818469390869140625e+02
1.206799292564392090e+01 2.310000000000000053e+00 9.999999776482582092e-03 -2.797645568847656250e+02
1.215295028686523438e+01 2.310000000000000053e+00 9.999999776482582092e-03 -4.616115112304687500e+02
1.224695062637329102e+01 2.250000000000000000e+00 9.999999776482582092e-03 -4.476232604980468750e+02
1.235999393463134766e+01 2.209999999999999964e+00 9.999999776482582092e-03 -4.476232604980468750e+02
1.246799659729003906e+01 2.220000000000000195e+00 9.999999776482582092e-03 -3.497056579589843750e+02
1.256194663047790527e+01 2.209999999999999964e+00 9.999999776482582092e-03 -4.476232604980468750e+02
1.265294885635375977e+01 2.229999999999999982e+00 9.999999776482582092e-03 -4.616115112304687500e+02
1.276399540901184082e+01 2.189999999999999947e+00 9.999999776482582092e-03 -4.476232604980468750e+02
1.285094690322875977e+01 2.209999999999999964e+00 9.999999776482582092e-03 -4.476232604980468750e+02
1.296799516677856445e+01 2.270000000000000018e+00 9.999999776482582092e-03 -6.294701538085937500e+02
1.305695271492004395e+01 2.160000000000000142e+00 9.999999776482582092e-03 -4.476232604980468750e+02
1.316595077514648438e+01 2.140000000000000124e+00 9.999999776482582092e-03 -2.657763061523437500e+02
1.326094841957092285e+01 2.189999999999999947e+00 9.999999776482582092e-03 -2.657763061523437500e+02
1.334995055198669434e+01 2.259999999999999787e+00 9.999999776482582092e-03 -3.636938781738281250e+02
1.345794606208801270e+01 2.229999999999999982e+00 9.999999776482582092e-03 -3.636938781738281250e+02
1.355294871330261230e+01 2.290000000000000036e+00 9.999999776482582092e-03 -4.476232604980468750e+02
1.366495466232299805e+01 2.290000000000000036e+00 9.999999776482582092e-03 -3.497056579589843750e+02
1.374995279312133789e+01 2.229999999999999982e+00 9.999999776482582092e-03 -3.636938781738281250e+02
1.386799407005310059e+01 2.299999999999999822e+00 9.999999776482582092e-03 -3.636938781738281250e+02
1.395794844627380371e+01 2.229999999999999982e+00 9.999999776482582092e-03 -3.636938781738281250e+02
1.406494736671447754e+01 2.209999999999999964e+00 9.999999776482582092e-03 -2.657763061523437500e+02
1.415999269485473633e+01 2.259999999999999787e+00 9.999999776482582092e-03 -1.818469390869140625e+02
1.424994802474975586e+01 2.209999999999999964e+00 9.999999776482582092e-03 -1.818469390869140625e+02
1.435794711112976074e+01 2.229999999999999982e+00 9.999999776482582092e-03 -8.392935943603515625e+01
1.445199871063232422e+01 2.299999999999999822e+00 9.999999776482582092e-03 -2.657763061523437500e+02
1.456496071815490723e+01 2.240000000000000213e+00 9.999999776482582092e-03 -2.657763061523437500e+02
1.465394830703735352e+01 2.209999999999999964e+00 9.999999776482582092e-03 -3.636938781738281250e+02
1.476695370674133301e+01 2.250000000000000000e+00 9.999999776482582092e-03 -2.657763061523437500e+02
1.485794687271118164e+01 2.310000000000000053e+00 9.999999776482582092e-03 -2.797645568847656250e+02
1.496798849105834961e+01 2.229999999999999982e+00 9.999999776482582092e-03 -2.657763061523437500e+02
1.505599212646484375e+01 2.290000000000000036e+00 9.999999776482582092e-03 -3.636938781738281250e+02
1.515096020698547363e+01 2.279999999999999805e+00 9.999999776482582092e-03 -2.657763061523437500e+02
1.526194715499877930e+01 2.229999999999999982e+00 9.999999776482582092e-03 -1.818469390869140625e+02
1.534798955917358398e+01 2.140000000000000124e+00 9.999999776482582092e-03 -1.818469390869140625e+02
1.546595168113708496e+01 2.229999999999999982e+00 9.999999776482582092e-03 -3.636938781738281250e+02
1.555495047569274902e+01 2.299999999999999822e+00 9.999999776482582092e-03 -2.657763061523437500e+02
1.566294646263122559e+01 2.200000000000000178e+00 9.999999776482582092e-03 -2.657763061523437500e+02
1.575794887542724609e+01 2.270000000000000018e+00 9.999999776482582092e-03 -1.818469390869140625e+02
1.584799981117248535e+01 2.290000000000000036e+00 9.999999776482582092e-03 -2.657763061523437500e+02
1.595495128631591797e+01 2.310000000000000053e+00 9.999999776482582092e-03 -3.497056579589843750e+02
1.604994702339172363e+01 2.299999999999999822e+00 9.999999776482582092e-03 -3.636938781738281250e+02
1.616294717788696289e+01 2.319999999999999840e+00 9.999999776482582092e-03 -3.497056579589843750e+02
1.624799180030822754e+01 2.339999999999999858e+00 9.999999776482582092e-03 -4.476232604980468750e+02
1.636495375633239746e+01 2.359999999999999876e+00 9.999999776482582092e-03 -5.315526123046875000e+02
1.645500254631042480e+01 2.220000000000000195e+00 9.999999776482582092e-03 -1.818469390869140625e+02
1.656294679641723633e+01 2.220000000000000195e+00 9.999999776482582092e-03 -4.476232604980468750e+02
1.665695524215698242e+01 2.279999999999999805e+00 9.999999776482582092e-03 -4.476232604980468750e+02
1.674799466133117676e+01 2.229999999999999982e+00 9.999999776482582092e-03 -4.616115112304687500e+02
1.685894823074340820e+01 2.200000000000000178e+00 9.999999776482582092e-03 -4.476232604980468750e+02
1.694595742225646973e+01 2.169999999999999929e+00 9.999999776482582092e-03 -4.476232604980468750e+02
1.706294655799865723e+01 2.200000000000000178e+00 9.999999776482582092e-03 -3.636938781738281250e+02
1.715199398994445801e+01 2.189999999999999947e+00 9.999999776482582092e-03 -1.818469390869140625e+02
1.726095008850097656e+01 2.299999999999999822e+00 9.999999776482582092e-03 -3.497056579589843750e+02
1.735600280761718750e+01 2.270000000000000018e+00 9.999999776482582092e-03 -2.797645568847656250e+02
1.746694850921630859e+01 2.270000000000000018e+00 9.999999776482582092e-03 -3.497056579589843750e+02
1.755294966697692871e+01 2.240000000000000213e+00 9.999999776482582092e-03 -5.315526123046875000e+02
1.764799261093139648e+01 2.240000000000000213e+00 9.999999776482582092e-03 -4.476232604980468750e+02
1.775999855995178223e+01 2.209999999999999964e+00 9.999999776482582092e-03 -4.476232604980468750e+02
1.786800956726074219e+01 2.200000000000000178e+00 9.999999776482582092e-03 -3.636938781738281250e+02
1.796295022964477539e+01 2.250000000000000000e+00 9.999999776482582092e-03 -4.476232604980468750e+02
1.805295014381408691e+01 2.250000000000000000e+00 9.999999776482582092e-03 -5.455408935546875000e+02
1.815998625755310059e+01 2.200000000000000178e+00 9.999999776482582092e-03 -4.476232604980468750e+02
1.825495839118957520e+01 2.270000000000000018e+00 9.999999776482582092e-03 -6.294701538085937500e+02
1.836798191070556641e+01 2.240000000000000213e+00 9.999999776482582092e-03 -7.133995361328125000e+02
1.845294618606567383e+01 2.140000000000000124e+00 9.999999776482582092e-03 -6.294701538085937500e+02
1.854695177078247070e+01 2.140000000000000124e+00 9.999999776482582092e-03 -4.616115112304687500e+02
1.865998792648315430e+01 2.209999999999999964e+00 9.999999776482582092e-03 -3.636938781738281250e+02
1.875794601440429688e+01 2.209999999999999964e+00 9.999999776482582092e-03 -3.636938781738281250e+02
1.886195039749145508e+01 2.220000000000000195e+00 9.999999776482582092e-03 -3.636938781738281250e+02
1.895295357704162598e+01 2.319999999999999840e+00 9.999999776482582092e-03 -4.476232604980468750e+02
1.906398582458496094e+01 2.220000000000000195e+00 9.999999776482582092e-03 -3.497056579589843750e+02
1.915094733238220215e+01 2.220000000000000195e+00 9.999999776482582092e-03 -3.636938781738281250e+02
1.926798629760742188e+01 2.279999999999999805e+00 9.999999776482582092e-03 -5.315526123046875000e+02
1.935694861412048340e+01 2.240000000000000213e+00 9.999999776482582092e-03 -6.294701538085937500e+02
1.946595883369445801e+01 2.120000000000000107e+00 9.999999776482582092e-03 -3.636938781738281250e+02
1.956094813346862793e+01 2.169999999999999929e+00 9.999999776482582092e-03 -2.797645568847656250e+02
1.964994764328002930e+01 2.229999999999999982e+00 9.999999776482582092e-03 -2.657763061523437500e+02
1.975794768333435059e+01 2.220000000000000195e+00 9.999999776482582092e-03 -2.657763061523437500e+02
1.985295009613037109e+01 2.279999999999999805e+00 9.999999776482582092e-03 -5.455408935546875000e+02
1.996495199203491211e+01 2.240000000000000213e+00 9.999999776482582092e-03 0.000000000000000000e+00
2.004996085166931152e+01 1.610000000000000098e+00 9.999999776482582092e-03 0.000000000000000000e+00
2.016798853874206543e+01 1.570000000000000062e+00 9.999999776482582092e-03 0.000000000000000000e+00
2.025794816017150879e+01 1.379999999999999893e+00 9.999999776482582092e-03 0.000000000000000000e+00
2.036495637893676758e+01 9.000000000000000222e-01 9.999999776482582092e-03 0.000000000000000000e+00
2.045999407768249512e+01 4.799999999999999822e-01 9.999999776482582092e-03 0.000000000000000000e+00
2.054994869232177734e+01 2.200000000000000011e-01 9.999999776482582092e-03 0.000000000000000000e+00
2.065794706344604492e+01 5.000000000000000000e-01 3.400000184774398804e-02 7.133995361328125000e+02
2.075199079513549805e+01 2.109999999999999876e+00 3.400000184774398804e-02 1.077093505859375000e+03
2.086505579948425293e+01 2.240000000000000213e+00 3.400000184774398804e-02 7.133995361328125000e+02
2.095394802093505859e+01 2.270000000000000018e+00 3.400000184774398804e-02 5.455408935546875000e+02
2.106696510314941406e+01 2.140000000000000124e+00 3.400000184774398804e-02 7.273877563476562500e+02
2.115794682502746582e+01 2.209999999999999964e+00 3.400000184774398804e-02 5.455408935546875000e+02
2.126294660568237305e+01 2.229999999999999982e+00 3.400000184774398804e-02 2.657763061523437500e+02
2.135600328445434570e+01 2.149999999999999911e+00 3.400000184774398804e-02 3.636938781738281250e+02
2.145095229148864746e+01 2.120000000000000107e+00 3.400000184774398804e-02 3.636938781738281250e+02
2.156194972991943359e+01 2.149999999999999911e+00 3.400000184774398804e-02 2.797645568847656250e+02
2.164798665046691895e+01 2.180000000000000160e+00 3.400000184774398804e-02 1.818469390869140625e+02
2.176594972610473633e+01 2.169999999999999929e+00 3.400000184774398804e-02 9.791758728027343750e+01
2.185494709014892578e+01 2.189999999999999947e+00 3.400000184774398804e-02 9.791758728027343750e+01
2.196294617652893066e+01 2.129999999999999893e+00 3.400000184774398804e-02 9.791758728027343750e+01
2.205794620513916016e+01 2.160000000000000142e+00 3.400000184774398804e-02 1.818469390869140625e+02
2.214797854423522949e+01 2.089999999999999858e+00 3.400000184774398804e-02 1.818469390869140625e+02
2.225495195388793945e+01 2.149999999999999911e+00 3.400000184774398804e-02 2.657763061523437500e+02
2.234994673728942871e+01 2.109999999999999876e+00 3.400000184774398804e-02 2.657763061523437500e+02
2.246294641494750977e+01 2.160000000000000142e+00 3.400000184774398804e-02 3.636938781738281250e+02
2.254798507690429688e+01 2.189999999999999947e+00 3.400000184774398804e-02 3.636938781738281250e+02
2.266498923301696777e+01 2.209999999999999964e+00 3.400000184774398804e-02 2.657763061523437500e+02
2.275494813919067383e+01 2.149999999999999911e+00 3.400000184774398804e-02 3.636938781738281250e+02
2.286294794082641602e+01 2.160000000000000142e+00 3.400000184774398804e-02 4.476232604980468750e+02
2.295695018768310547e+01 2.220000000000000195e+00 3.400000184774398804e-02 3.636938781738281250e+02
2.306895303726196289e+01 2.229999999999999982e+00 3.400000184774398804e-02 2.797645568847656250e+02
2.315894675254821777e+01 2.200000000000000178e+00 3.400000184774398804e-02 2.797645568847656250e+02
2.324595117568969727e+01 2.180000000000000160e+00 3.400000184774398804e-02 3.636938781738281250e+02
2.336294889450073242e+01 2.229999999999999982e+00 3.400000184774398804e-02 1.818469390869140625e+02
2.345200061798095703e+01 2.220000000000000195e+00 3.400000184774398804e-02 9.791758728027343750e+01
2.356095194816589355e+01 2.259999999999999787e+00 3.400000184774398804e-02 1.818469390869140625e+02
2.365598726272583008e+01 2.250000000000000000e+00 3.400000184774398804e-02 1.818469390869140625e+02
2.376694846153259277e+01 2.229999999999999982e+00 3.400000184774398804e-02 2.797645568847656250e+02
2.385294866561889648e+01 2.220000000000000195e+00 3.400000184774398804e-02 3.497056579589843750e+02
2.394798874855041504e+01 2.220000000000000195e+00 3.400000184774398804e-02 3.636938781738281250e+02
2.405998659133911133e+01 2.169999999999999929e+00 3.400000184774398804e-02 2.657763061523437500e+02
2.416798448562622070e+01 2.140000000000000124e+00 3.400000184774398804e-02 2.797645568847656250e+02
2.426295042037963867e+01 2.160000000000000142e+00 3.400000184774398804e-02 2.797645568847656250e+02
2.435295009613037109e+01 2.160000000000000142e+00 3.400000184774398804e-02 2.657763061523437500e+02
2.445999455451965332e+01 2.169999999999999929e+00 3.400000184774398804e-02 1.818469390869140625e+02
2.455495119094848633e+01 2.149999999999999911e+00 3.400000184774398804e-02 2.657763061523437500e+02
2.466798448562622070e+01 2.140000000000000124e+00 3.400000184774398804e-02 1.818469390869140625e+02
2.475295042991638184e+01 2.160000000000000142e+00 3.400000184774398804e-02 9.791758728027343750e+01
2.485294842720031738e+01 2.129999999999999893e+00 3.400000184774398804e-02 1.818469390869140625e+02
2.495998930931091309e+01 2.140000000000000124e+00 3.400000184774398804e-02 2.657763061523437500e+02
2.506798076629638672e+01 2.120000000000000107e+00 3.400000184774398804e-02 4.616115112304687500e+02
2.516194868087768555e+01 2.200000000000000178e+00 3.400000184774398804e-02 4.476232604980468750e+02
2.525294971466064453e+01 2.220000000000000195e+00 3.400000184774398804e-02 3.636938781738281250e+02
2.536398649215698242e+01 2.209999999999999964e+00 3.400000184774398804e-02 1.818469390869140625e+02
2.545094728469848633e+01 2.100000000000000089e+00 3.400000184774398804e-02 2.797645568847656250e+02
2.556799244880676270e+01 2.109999999999999876e+00 3.400000184774398804e-02 2.657763061523437500e+02
2.565695166587829590e+01 2.089999999999999858e+00 3.400000184774398804e-02 2.797645568847656250e+02
2.576595139503479004e+01 2.109999999999999876e+00 3.400000184774398804e-02 2.797645568847656250e+02
2.586094880104064941e+01 2.200000000000000178e+00 3.400000184774398804e-02 9.791758728027343750e+01
2.594994854927062988e+01 2.169999999999999929e+00 3.400000184774398804e-02 9.791758728027343750e+01
2.605794811248779297e+01 2.109999999999999876e+00 3.400000184774398804e-02 9.791758728027343750e+01
2.615294933319091797e+01 2.180000000000000160e+00 3.400000184774398804e-02 2.797645568847656250e+02
2.626495647430419922e+01 2.149999999999999911e+00 3.400000184774398804e-02 3.636938781738281250e+02
2.634994745254516602e+01 2.229999999999999982e+00 3.400000184774398804e-02 3.636938781738281250e+02
2.646799206733703613e+01 2.220000000000000195e+00 3.400000184774398804e-02 3.497056579589843750e+02
2.655794668197631836e+01 2.229999999999999982e+00 3.400000184774398804e-02 2.657763061523437500e+02
2.666497015953063965e+01 2.240000000000000213e+00 3.400000184774398804e-02 2.657763061523437500e+02
2.675998902320861816e+01 2.200000000000000178e+00 3.400000184774398804e-02 2.657763061523437500e+02
2.684994959831237793e+01 2.149999999999999911e+00 3.400000184774398804e-02 3.636938781738281250e+02
2.695795178413391113e+01 2.120000000000000107e+00 3.400000184774398804e-02 3.636938781738281250e+02
2.705199289321899414e+01 2.149999999999999911e+00 3.400000184774398804e-02 4.476232604980468750e+02
2.716495418548583984e+01 2.180000000000000160e+00 3.400000184774398804e-02 3.636938781738281250e+02
2.725394868850708008e+01 2.189999999999999947e+00 3.400000184774398804e-02 2.797645568847656250e+02
2.736695098876953125e+01 2.189999999999999947e+00 3.400000184774398804e-02 2.657763061523437500e+02
2.745794963836669922e+01 2.180000000000000160e+00 3.400000184774398804e-02 2.797645568847656250e+02
2.756895399093627930e+01 2.200000000000000178e+00 3.400000184774398804e-02 2.657763061523437500e+02
2.765599083900451660e+01 2.209999999999999964e+00 3.400000184774398804e-02 3.497056579589843750e+02
2.775094676017761230e+01 2.220000000000000195e+00 3.400000184774398804e-02 3.497056579589843750e+02
2.786194920539855957e+01 2.270000000000000018e+00 3.400000184774398804e-02 2.657763061523437500e+02
2.794799494743347168e+01 2.229999999999999982e+00 3.400000184774398804e-02 3.636938781738281250e+02
2.806595158576965332e+01 2.169999999999999929e+00 3.400000184774398804e-02 3.636938781738281250e+02
2.815494847297668457e+01 2.169999999999999929e+00 3.400000184774398804e-02 1.818469390869140625e+02
2.826294636726379395e+01 2.189999999999999947e+00 3.400000184774398804e-02 1.818469390869140625e+02
2.835794949531555176e+01 2.180000000000000160e+00 3.400000184774398804e-02 1.818469390869140625e+02
2.844800329208374023e+01 2.189999999999999947e+00 3.400000184774398804e-02 8.392935943603515625e+01
2.855494618415832520e+01 2.169999999999999929e+00 3.400000184774398804e-02 1.818469390869140625e+02
2.864994645118713379e+01 2.169999999999999929e+00 3.400000184774398804e-02 1.818469390869140625e+02
2.876294708251953125e+01 2.180000000000000160e+00 3.400000184774398804e-02 3.636938781738281250e+02
2.886895465850830078e+01 2.180000000000000160e+00 3.400000184774398804e-02 1.818469390869140625e+02
2.896495056152343750e+01 2.220000000000000195e+00 3.400000184774398804e-02 0.000000000000000000e+00
2.905494832992553711e+01 2.169999999999999929e+00 3.400000184774398804e-02 0.000000000000000000e+00
2.916294717788696289e+01 2.180000000000000160e+00 3.400000184774398804e-02 8.392935943603515625e+01
2.925695276260375977e+01 2.180000000000000160e+00 3.400000184774398804e-02 2.797645568847656250e+02
2.934798884391784668e+01 2.220000000000000195e+00 3.400000184774398804e-02 2.797645568847656250e+02
2.945894551277160645e+01 2.209999999999999964e+00 3.400000184774398804e-02 2.657763061523437500e+02
2.954595351219177246e+01 2.209999999999999964e+00 3.400000184774398804e-02 1.818469390869140625e+02
2.966294956207275391e+01 2.200000000000000178e+00 3.400000184774398804e-02 3.636938781738281250e+02
2.975198841094970703e+01 2.149999999999999911e+00 3.400000184774398804e-02 4.476232604980468750e+02
2.986094617843627930e+01 2.169999999999999929e+00 3.400000184774398804e-02 5.455408935546875000e+02
2.995598888397216797e+01 2.180000000000000160e+00 3.400000184774398804e-02 5.315526123046875000e+02
3.006696128845214844e+01 2.129999999999999893e+00 3.400000184774398804e-02 2.797645568847656250e+02
3.015294909477233887e+01 2.149999999999999911e+00 3.400000184774398804e-02 3.636938781738281250e+02
3.024798846244812012e+01 2.140000000000000124e+00 3.400000184774398804e-02 3.636938781738281250e+02
3.035998177528381348e+01 2.189999999999999947e+00 3.400000184774398804e-02 2.657763061523437500e+02
3.046808648109436035e+01 2.200000000000000178e+00 3.400000184774398804e-02 2.657763061523437500e+02
3.056304144859313965e+01 2.220000000000000195e+00 3.400000184774398804e-02 2.797645568847656250e+02
3.065294885635375977e+01 2.209999999999999964e+00 3.400000184774398804e-02 1.818469390869140625e+02
3.076000714302062988e+01 2.080000000000000071e+00 3.400000184774398804e-02 2.657763061523437500e+02
3.085494971275329590e+01 1.969999999999999973e+00 3.400000184774398804e-02 1.818469390869140625e+02
3.095999431610107422e+01 1.989999999999999991e+00 3.400000184774398804e-02 9.791758728027343750e+01
3.105295228958129883e+01 1.989999999999999991e+00 3.400000184774398804e-02 2.657763061523437500e+02
3.114694976806640625e+01 2.000000000000000000e+00 3.400000184774398804e-02 2.797645568847656250e+02
3.125998139381408691e+01 2.000000000000000000e+00 3.400000184774398804e-02 2.797645568847656250e+02
3.136798572540283203e+01 2.009999999999999787e+00 3.400000184774398804e-02 3.636938781738281250e+02
3.146194648742675781e+01 2.029999999999999805e+00 3.400000184774398804e-02 3.636938781738281250e+02
3.155295062065124512e+01 2.069999999999999840e+00 3.400000184774398804e-02 2.797645568847656250e+02
3.166398787498474121e+01 2.089999999999999858e+00 3.400000184774398804e-02 2.657763061523437500e+02
3.175094604492187500e+01 2.109999999999999876e+00 3.400000184774398804e-02 2.657763061523437500e+02
3.186798739433288574e+01 2.100000000000000089e+00 3.400000184774398804e-02 3.636938781738281250e+02
3.195695471763610840e+01 2.120000000000000107e+00 3.400000184774398804e-02 2.797645568847656250e+02
3.206595182418823242e+01 2.100000000000000089e+00 3.400000184774398804e-02 2.657763061523437500e+02
3.216095018386840820e+01 2.100000000000000089e+00 3.400000184774398804e-02 3.636938781738281250e+02
3.224994778633117676e+01 2.129999999999999893e+00 3.400000184774398804e-02 3.636938781738281250e+02
3.235795044898986816e+01 2.169999999999999929e+00 3.400000184774398804e-02 3.497056579589843750e+02
3.245295238494873047e+01 2.180000000000000160e+00 3.400000184774398804e-02 4.476232604980468750e+02
3.256495809555053711e+01 2.169999999999999929e+00 3.400000184774398804e-02 3.636938781738281250e+02
3.264994740486145020e+01 2.160000000000000142e+00 3.400000184774398804e-02 4.476232604980468750e+02
3.276798558235168457e+01 2.240000000000000213e+00 3.400000184774398804e-02 3.497056579589843750e+02
3.285794734954833984e+01 2.250000000000000000e+00 3.400000184774398804e-02 2.797645568847656250e+02
3.296495079994201660e+01 2.209999999999999964e+00 3.400000184774398804e-02 2.657763061523437500e+02
3.305997920036315918e+01 2.109999999999999876e+00 3.400000184774398804e-02 1.818469390869140625e+02
3.314994716644287109e+01 2.129999999999999893e+00 3.400000184774398804e-02 2.797645568847656250e+02
3.325794768333435059e+01 2.129999999999999893e+00 3.400000184774398804e-02 2.797645568847656250e+02
3.335198879241943359e+01 2.129999999999999893e+00 3.400000184774398804e-02 2.657763061523437500e+02
3.346495342254638672e+01 2.149999999999999911e+00 3.400000184774398804e-02 2.797645568847656250e+02
3.355394840240478516e+01 2.189999999999999947e+00 3.400000184774398804e-02 2.657763061523437500e+02
3.366695046424865723e+01 2.209999999999999964e+00 3.400000184774398804e-02 3.497056579589843750e+02
3.375794982910156250e+01 2.209999999999999964e+00 3.400000184774398804e-02 3.497056579589843750e+02
3.386800765991210938e+01 2.209999999999999964e+00 3.400000184774398804e-02 3.636938781738281250e+02
3.395600199699401855e+01 2.180000000000000160e+00 3.400000184774398804e-02 3.497056579589843750e+02
3.405094861984252930e+01 2.200000000000000178e+00 3.400000184774398804e-02 3.497056579589843750e+02
3.416202569007873535e+01 2.169999999999999929e+00 3.400000184774398804e-02 3.636938781738281250e+02
3.424799418449401855e+01 2.120000000000000107e+00 3.400000184774398804e-02 3.636938781738281250e+02
3.436595296859741211e+01 2.149999999999999911e+00 3.400000184774398804e-02 2.797645568847656250e+02
3.445495009422302246e+01 2.140000000000000124e+00 3.400000184774398804e-02 3.636938781738281250e+02
3.456294727325439453e+01 2.129999999999999893e+00 3.400000184774398804e-02 3.636938781738281250e+02
3.465794587135314941e+01 2.169999999999999929e+00 3.400000184774398804e-02 2.797645568847656250e+02
3.474800062179565430e+01 2.189999999999999947e+00 3.400000184774398804e-02 2.657763061523437500e+02
3.485494971275329590e+01 2.149999999999999911e+00 3.400000184774398804e-02 3.636938781738281250e+02
3.494994735717773438e+01 2.160000000000000142e+00 3.400000184774398804e-02 3.497056579589843750e+02
3.506294965744018555e+01 2.189999999999999947e+00 3.400000184774398804e-02 2.797645568847656250e+02
3.514799070358276367e+01 2.189999999999999947e+00 3.400000184774398804e-02 3.636938781738281250e+02
3.526506423950195312e+01 2.149999999999999911e+00 3.400000184774398804e-02 4.476232604980468750e+02
3.535495400428771973e+01 2.129999999999999893e+00 3.400000184774398804e-02 4.616115112304687500e+02
3.546294856071472168e+01 2.160000000000000142e+00 3.400000184774398804e-02 5.315526123046875000e+02
3.555695366859436035e+01 2.200000000000000178e+00 3.400000184774398804e-02 5.455408935546875000e+02
3.564799547195434570e+01 2.209999999999999964e+00 3.400000184774398804e-02 4.616115112304687500e+02
3.575894927978515625e+01 2.220000000000000195e+00 3.400000184774398804e-02 4.476232604980468750e+02
3.584595274925231934e+01 2.209999999999999964e+00 3.400000184774398804e-02 3.636938781738281250e+02
3.596294856071472168e+01 2.220000000000000195e+00 3.400000184774398804e-02 3.636938781738281250e+02
3.605198979377746582e+01 2.120000000000000107e+00 3.400000184774398804e-02 4.616115112304687500e+02
3.616095304489135742e+01 2.160000000000000142e+00 3.400000184774398804e-02 4.476232604980468750e+02
3.625600051879882812e+01 2.160000000000000142e+00 3.400000184774398804e-02 5.455408935546875000e+02
3.636695170402526855e+01 2.200000000000000178e+00 3.400000184774398804e-02 4.476232604980468750e+02
3.645295333862304688e+01 2.220000000000000195e+00 3.400000184774398804e-02 4.476232604980468750e+02
3.654798841476440430e+01 2.189999999999999947e+00 3.400000184774398804e-02 3.636938781738281250e+02
3.665999174118041992e+01 2.250000000000000000e+00 3.400000184774398804e-02 2.797645568847656250e+02
3.676799345016479492e+01 2.229999999999999982e+00 3.400000184774398804e-02 3.636938781738281250e+02
3.686294722557067871e+01 2.220000000000000195e+00 3.400000184774398804e-02 4.476232604980468750e+02
3.695295453071594238e+01 2.160000000000000142e+00 3.400000184774398804e-02 5.315526123046875000e+02
3.705998539924621582e+01 2.189999999999999947e+00 3.400000184774398804e-02 4.476232604980468750e+02
3.715494847297668457e+01 2.189999999999999947e+00 3.400000184774398804e-02 2.797645568847656250e+02
3.726798105239868164e+01 2.180000000000000160e+00 3.400000184774398804e-02 2.657763061523437500e+02
3.735294890403747559e+01 2.169999999999999929e+00 3.400000184774398804e-02 3.636938781738281250e+02
3.745394682884216309e+01 2.189999999999999947e+00 3.400000184774398804e-02 2.657763061523437500e+02
3.755999207496643066e+01 2.180000000000000160e+00 3.400000184774398804e-02 3.497056579589843750e+02
3.766694879531860352e+01 2.200000000000000178e+00 3.400000184774398804e-02 3.497056579589843750e+02
3.776194858551025391e+01 2.270000000000000018e+00 3.400000184774398804e-02 3.636938781738281250e+02
3.785296583175659180e+01 2.200000000000000178e+00 3.400000184774398804e-02 2.797645568847656250e+02
3.796398377418518066e+01 2.120000000000000107e+00 3.400000184774398804e-02 3.636938781738281250e+02
3.805094861984252930e+01 2.049999999999999822e+00 3.400000184774398804e-02 4.476232604980468750e+02
3.816798281669616699e+01 2.140000000000000124e+00 3.400000184774398804e-02 2.657763061523437500e+02
3.825695276260375977e+01 2.180000000000000160e+00 3.400000184774398804e-02 4.476232604980468750e+02
3.836595058441162109e+01 2.200000000000000178e+00 3.400000184774398804e-02 3.636938781738281250e+02
3.846095228195190430e+01 2.209999999999999964e+00 3.400000184774398804e-02 3.636938781738281250e+02
3.854994678497314453e+01 2.200000000000000178e+00 3.400000184774398804e-02 4.476232604980468750e+02
3.865795302391052246e+01 2.259999999999999787e+00 3.400000184774398804e-02 4.476232604980468750e+02
3.875295448303222656e+01 2.229999999999999982e+00 3.400000184774398804e-02 3.636938781738281250e+02
3.886495637893676758e+01 2.160000000000000142e+00 3.400000184774398804e-02 3.636938781738281250e+02
3.894994688034057617e+01 2.129999999999999893e+00 3.400000184774398804e-02 2.797645568847656250e+02
3.906799960136413574e+01 2.129999999999999893e+00 3.400000184774398804e-02 2.657763061523437500e+02
3.915794682502746582e+01 2.120000000000000107e+00 3.400000184774398804e-02 4.476232604980468750e+02
3.926495480537414551e+01 2.160000000000000142e+00 3.400000184774398804e-02 5.455408935546875000e+02
3.935998868942260742e+01 2.209999999999999964e+00 3.400000184774398804e-02 4.476232604980468750e+02
3.944994711875915527e+01 2.220000000000000195e+00 3.400000184774398804e-02 4.476232604980468750e+02
3.955794835090637207e+01 2.279999999999999805e+00 3.400000184774398804e-02 5.455408935546875000e+02
3.965198802947998047e+01 2.250000000000000000e+00 3.400000184774398804e-02 4.476232604980468750e+02
3.976495194435119629e+01 2.189999999999999947e+00 3.400000184774398804e-02 3.636938781738281250e+02
3.985395097732543945e+01 2.160000000000000142e+00 3.400000184774398804e-02 3.497056579589843750e+02
3.996695208549499512e+01 2.169999999999999929e+00 3.400000184774398804e-02 3.636938781738281250e+02
4.005795121192932129e+01 2.140000000000000124e+00 3.400000184774398804e-02 4.616115112304687500e+02
4.015394783020019531e+01 2.160000000000000142e+00 3.400000184774398804e-02 4.616115112304687500e+02
4.025600457191467285e+01 2.149999999999999911e+00 3.400000184774398804e-02 3.636938781738281250e+02
4.035095810890197754e+01 2.270000000000000018e+00 3.400000184774398804e-02 8.392935943603515625e+01
4.046195054054260254e+01 2.200000000000000178e+00 3.400000184774398804e-02 8.392935943603515625e+01
4.054807996749877930e+01 2.160000000000000142e+00 3.400000184774398804e-02 8.392935943603515625e+01
4.066594767570495605e+01 2.229999999999999982e+00 3.400000184774398804e-02 0.000000000000000000e+00
4.075494742393493652e+01 2.109999999999999876e+00 3.400000184774398804e-02 9.791758728027343750e+01
4.086294794082641602e+01 2.209999999999999964e+00 3.400000184774398804e-02 0.000000000000000000e+00
4.095794868469238281e+01 2.339999999999999858e+00 3.400000184774398804e-02 0.000000000000000000e+00
4.104799842834472656e+01 2.209999999999999964e+00 3.400000184774398804e-02 8.392935943603515625e+01
4.115495491027832031e+01 2.270000000000000018e+00 3.400000184774398804e-02 0.000000000000000000e+00
4.124994897842407227e+01 3.100000000000000089e+00 3.400000184774398804e-02 0.000000000000000000e+00
4.136296415328979492e+01 4.179999999999999716e+00 3.400000184774398804e-02 -8.392935943603515625e+01
4.144798731803894043e+01 4.059999999999999609e+00 9.999999776482582092e-03 -6.294701538085937500e+02
4.156495523452758789e+01 2.229999999999999982e+00 9.999999776482582092e-03 -5.315526123046875000e+02
4.165506052970886230e+01 2.200000000000000178e+00 9.999999776482582092e-03 -2.657763061523437500e+02
4.176294684410095215e+01 2.259999999999999787e+00 9.999999776482582092e-03 -3.497056579589843750e+02
4.185702157020568848e+01 2.310000000000000053e+00 9.999999776482582092e-03 -3.497056579589843750e+02
4.194799637794494629e+01 2.290000000000000036e+00 9.999999776482582092e-03 -5.455408935546875000e+02
4.205894970893859863e+01 2.279999999999999805e+00 9.999999776482582092e-03 -6.294701538085937500e+02
4.214595198631286621e+01 2.209999999999999964e+00 9.999999776482582092e-03 -5.315526123046875000e+02
4.226294827461242676e+01 2.220000000000000195e+00 9.999999776482582092e-03 -5.455408935546875000e+02
4.235199952125549316e+01 2.250000000000000000e+00 9.999999776482582092e-03 -8.113171386718750000e+02
4.246094751358032227e+01 2.250000000000000000e+00 9.999999776482582092e-03 -8.952465209960937500e+02
4.255598950386047363e+01 2.200000000000000178e+00 9.999999776482582092e-03 -8.113171386718750000e+02
4.266695070266723633e+01 2.129999999999999893e+00 9.999999776482582092e-03 -7.273877563476562500e+02
4.275294971466064453e+01 2.209999999999999964e+00 9.999999776482582092e-03 -6.294701538085937500e+02
4.284798979759216309e+01 2.220000000000000195e+00 9.999999776482582092e-03 -5.455408935546875000e+02
4.295998573303222656e+01 2.250000000000000000e+00 9.999999776482582092e-03 -5.455408935546875000e+02
4.306798768043518066e+01 2.209999999999999964e+00 9.999999776482582092e-03 -4.476232604980468750e+02
4.316294646263122559e+01 2.209999999999999964e+00 9.999999776482582092e-03 -5.455408935546875000e+02
4.325294661521911621e+01 2.200000000000000178e+00 9.999999776482582092e-03 -6.294701538085937500e+02
4.335998916625976562e+01 2.209999999999999964e+00 9.999999776482582092e-03 -6.294701538085937500e+02
4.345494985580444336e+01 2.140000000000000124e+00 9.999999776482582092e-03 -6.294701538085937500e+02
4.356798362731933594e+01 2.140000000000000124e+00 9.999999776482582092e-03 -6.294701538085937500e+02
4.365295004844665527e+01 2.209999999999999964e+00 9.999999776482582092e-03 -6.294701538085937500e+02
4.375295019149780273e+01 2.209999999999999964e+00 9.999999776482582092e-03 -6.294701538085937500e+02
4.385998821258544922e+01 2.169999999999999929e+00 9.999999776482582092e-03 -5.455408935546875000e+02
4.396799874305725098e+01 2.209999999999999964e+00 9.999999776482582092e-03 -6.294701538085937500e+02
4.406195306777954102e+01 2.209999999999999964e+00 9.999999776482582092e-03 -5.315526123046875000e+02
4.415295195579528809e+01 2.200000000000000178e+00 9.999999776482582092e-03 -5.455408935546875000e+02
4.426398682594299316e+01 2.200000000000000178e+00 9.999999776482582092e-03 -4.616115112304687500e+02
4.435094881057739258e+01 2.259999999999999787e+00 9.999999776482582092e-03 -6.294701538085937500e+02
4.446798276901245117e+01 2.209999999999999964e+00 9.999999776482582092e-03 -5.315526123046875000e+02
4.455695247650146484e+01 2.240000000000000213e+00 9.999999776482582092e-03 -7.273877563476562500e+02
4.466595172882080078e+01 2.160000000000000142e+00 9.999999776482582092e-03 -6.294701538085937500e+02
4.476095533370971680e+01 2.200000000000000178e+00 9.999999776482582092e-03 -5.315526123046875000e+02
4.484995436668395996e+01 2.250000000000000000e+00 9.999999776482582092e-03 -4.476232604980468750e+02
4.495795226097106934e+01 2.209999999999999964e+00 9.999999776482582092e-03 -2.657763061523437500e+02
4.505294847488403320e+01 2.299999999999999822e+00 9.999999776482582092e-03 -2.657763061523437500e+02
4.516500043869018555e+01 2.270000000000000018e+00 9.999999776482582092e-03 -4.476232604980468750e+02
4.524994564056396484e+01 2.279999999999999805e+00 9.999999776482582092e-03 -5.455408935546875000e+02
4.536799216270446777e+01 2.250000000000000000e+00 9.999999776482582092e-03 -7.133995361328125000e+02
4.545794963836669922e+01 2.169999999999999929e+00 9.999999776482582092e-03 -7.133995361328125000e+02
4.556495070457458496e+01 2.189999999999999947e+00 9.999999776482582092e-03 -7.273877563476562500e+02
4.565998125076293945e+01 2.129999999999999893e+00 9.999999776482582092e-03 -5.455408935546875000e+02
4.574994707107543945e+01 2.200000000000000178e+00 9.999999776482582092e-03 -5.455408935546875000e+02
4.585794806480407715e+01 2.180000000000000160e+00 9.999999776482582092e-03 -5.315526123046875000e+02
4.595199251174926758e+01 2.209999999999999964e+00 9.999999776482582092e-03 -6.434584350585937500e+02
4.606495332717895508e+01 2.200000000000000178e+00 9.999999776482582092e-03 -5.455408935546875000e+02
4.615394639968872070e+01 2.209999999999999964e+00 9.999999776482582092e-03 -4.476232604980468750e+02
4.626694989204406738e+01 2.229999999999999982e+00 9.999999776482582092e-03 -3.636938781738281250e+02
4.635794687271118164e+01 2.209999999999999964e+00 9.999999776482582092e-03 -3.636938781738281250e+02
4.646798443794250488e+01 2.200000000000000178e+00 9.999999776482582092e-03 -4.476232604980468750e+02
4.655598545074462891e+01 2.200000000000000178e+00 9.999999776482582092e-03 -4.476232604980468750e+02
4.665094780921936035e+01 2.250000000000000000e+00 9.999999776482582092e-03 -5.455408935546875000e+02
4.676195025444030762e+01 2.209999999999999964e+00 9.999999776482582092e-03 -4.476232604980468750e+02
4.684798645973205566e+01 2.229999999999999982e+00 9.999999776482582092e-03 -5.315526123046875000e+02
4.696595835685729980e+01 2.250000000000000000e+00 9.999999776482582092e-03 -7.133995361328125000e+02
4.705506205558776855e+01 2.240000000000000213e+00 9.999999776482582092e-03 -7.133995361328125000e+02
4.716294789314270020e+01 2.189999999999999947e+00 9.999999776482582092e-03 -7.273877563476562500e+02
4.725795006752014160e+01 2.109999999999999876e+00 9.999999776482582092e-03 -5.455408935546875000e+02
4.734799289703369141e+01 2.200000000000000178e+00 9.999999776482582092e-03 -4.476232604980468750e+02
4.745505976676940918e+01 2.229999999999999982e+00 9.999999776482582092e-03 -4.476232604980468750e+02
4.754994821548461914e+01 2.229999999999999982e+00 9.999999776482582092e-03 -4.476232604980468750e+02
4.766294836997985840e+01 2.250000000000000000e+00 9.999999776482582092e-03 -4.476232604980468750e+02
4.774799609184265137e+01 2.259999999999999787e+00 9.999999776482582092e-03 -4.616115112304687500e+02
4.786495399475097656e+01 2.250000000000000000e+00 9.999999776482582092e-03 -5.315526123046875000e+02
4.795495533943176270e+01 2.229999999999999982e+00 9.999999776482582092e-03 -5.455408935546875000e+02
4.806296133995056152e+01 2.240000000000000213e+00 9.999999776482582092e-03 -7.273877563476562500e+02
4.815695142745971680e+01 2.169999999999999929e+00 9.999999776482582092e-03 -8.113171386718750000e+02
4.825495123863220215e+01 2.189999999999999947e+00 9.999999776482582092e-03 -8.952465209960937500e+02
4.835894608497619629e+01 2.180000000000000160e+00 9.999999776482582092e-03 -8.113171386718750000e+02
4.844595193862915039e+01 2.169999999999999929e+00 9.999999776482582092e-03 -8.952465209960937500e+02
4.856294775009155273e+01 2.149999999999999911e+00 9.999999776482582092e-03 -8.952465209960937500e+02
4.865199470520019531e+01 2.189999999999999947e+00 9.999999776482582092e-03 -7.133995361328125000e+02
4.876094865798950195e+01 2.129999999999999893e+00 9.999999776482582092e-03 -5.315526123046875000e+02
4.885599303245544434e+01 2.189999999999999947e+00 9.999999776482582092e-03 -4.476232604980468750e+02
4.896694970130920410e+01 2.209999999999999964e+00 9.999999776482582092e-03 -4.476232604980468750e+02
4.905294871330261230e+01 2.229999999999999982e+00 9.999999776482582092e-03 -6.294701538085937500e+02
4.914798331260681152e+01 2.220000000000000195e+00 9.999999776482582092e-03 -5.455408935546875000e+02
4.925998806953430176e+01 2.250000000000000000e+00 9.999999776482582092e-03 -5.315526123046875000e+02
4.936798572540283203e+01 2.259999999999999787e+00 9.999999776482582092e-03 -5.455408935546875000e+02
4.946295452117919922e+01 2.220000000000000195e+00 9.999999776482582092e-03 -6.294701538085937500e+02
4.955295085906982422e+01 2.200000000000000178e+00 9.999999776482582092e-03 -6.294701538085937500e+02
4.965998220443725586e+01 2.200000000000000178e+00 9.999999776482582092e-03 -4.476232604980468750e+02
4.975497865676879883e+01 2.259999999999999787e+00 9.999999776482582092e-03 -2.797645568847656250e+02
4.986798548698425293e+01 2.290000000000000036e+00 9.999999776482582092e-03 -4.616115112304687500e+02
4.995294785499572754e+01 2.350000000000000089e+00 9.999999776482582092e-03 -7.133995361328125000e+02
5.004695105552673340e+01 2.279999999999999805e+00 9.999999776482582092e-03 -7.273877563476562500e+02
5.015999269485473633e+01 2.129999999999999893e+00 9.999999776482582092e-03 -7.273877563476562500e+02
5.026799750328063965e+01 2.180000000000000160e+00 9.999999776482582092e-03 -7.133995361328125000e+02
5.036194801330566406e+01 2.169999999999999929e+00 9.999999776482582092e-03 -7.273877563476562500e+02
5.045295310020446777e+01 2.120000000000000107e+00 9.999999776482582092e-03 -6.294701538085937500e+02
5.056399011611938477e+01 2.180000000000000160e+00 9.999999776482582092e-03 -5.455408935546875000e+02
5.065094709396362305e+01 2.209999999999999964e+00 9.999999776482582092e-03 -5.455408935546875000e+02
5.076799607276916504e+01 2.229999999999999982e+00 9.999999776482582092e-03 -6.294701538085937500e+02
5.085695028305053711e+01 2.209999999999999964e+00 9.999999776482582092e-03 -6.294701538085937500e+02
5.096595072746276855e+01 2.209999999999999964e+00 9.999999776482582092e-03 -5.455408935546875000e+02
5.106094813346862793e+01 2.220000000000000195e+00 9.999999776482582092e-03 -5.455408935546875000e+02
5.114994978904724121e+01 2.229999999999999982e+00 9.999999776482582092e-03 -5.455408935546875000e+02
5.125794768333435059e+01 2.259999999999999787e+00 9.999999776482582092e-03 -5.315526123046875000e+02
5.135295009613037109e+01 2.209999999999999964e+00 9.999999776482582092e-03 -6.294701538085937500e+02
5.146495032310485840e+01 2.279999999999999805e+00 9.999999776482582092e-03 -7.133995361328125000e+02
5.154994916915893555e+01 2.169999999999999929e+00 9.999999776482582092e-03 -5.315526123046875000e+02
5.166799068450927734e+01 2.180000000000000160e+00 9.999999776482582092e-03 -3.636938781738281250e+02
5.175794482231140137e+01 2.270000000000000018e+00 9.999999776482582092e-03 -4.476232604980468750e+02
5.186495041847229004e+01 2.319999999999999840e+00 9.999999776482582092e-03 -4.476232604980468750e+02
5.195999097824096680e+01 2.259999999999999787e+00 9.999999776482582092e-03 -3.636938781738281250e+02
5.204994559288024902e+01 2.259999999999999787e+00 9.999999776482582092e-03 -4.476232604980468750e+02
5.215794539451599121e+01 2.290000000000000036e+00 9.999999776482582092e-03 -5.455408935546875000e+02
5.225198674201965332e+01 2.200000000000000178e+00 9.999999776482582092e-03 -3.497056579589843750e+02
5.236496019363403320e+01 2.209999999999999964e+00 9.999999776482582092e-03 -4.616115112304687500e+02
5.245394849777221680e+01 2.259999999999999787e+00 9.999999776482582092e-03 -4.476232604980468750e+02
5.256695032119750977e+01 2.270000000000000018e+00 9.999999776482582092e-03 -6.294701538085937500e+02
5.265794730186462402e+01 2.229999999999999982e+00 9.999999776482582092e-03 -6.294701538085937500e+02
5.276799678802490234e+01 2.149999999999999911e+00 9.999999776482582092e-03 0.000000000000000000e+00
5.288195276260375977e+01 1.669999999999999929e+00 9.999999776482582092e-03 0.000000000000000000e+00
5.297295260429382324e+01 1.719999999999999973e+00 9.999999776482582092e-03 0.000000000000000000e+00
5.308405137062072754e+01 1.530000000000000027e+00 9.999999776482582092e-03 0.000000000000000000e+00
5.317095232009887695e+01 1.000000000000000000e+00 9.999999776482582092e-03 0.000000000000000000e+00
5.328798580169677734e+01 4.699999999999999734e-01 9.999999776482582092e-03 0.000000000000000000e+00
5.337695193290710449e+01 2.399999999999999911e-01 9.999999776482582092e-03 0.000000000000000000e+00
5.348594927787780762e+01 7.399999999999999911e-01 3.400000184774398804e-02 1.077093505859375000e+03
5.358095192909240723e+01 2.060000000000000053e+00 3.400000184774398804e-02 8.952465209960937500e+02
5.366994547843933105e+01 2.250000000000000000e+00 3.400000184774398804e-02 5.455408935546875000e+02
5.377794623374938965e+01 2.189999999999999947e+00 3.400000184774398804e-02 7.133995361328125000e+02
5.387294769287109375e+01 2.140000000000000124e+00 3.400000184774398804e-02 8.952465209960937500e+02
5.398505663871765137e+01 2.209999999999999964e+00 3.400000184774398804e-02 8.113171386718750000e+02
5.406994676589965820e+01 2.160000000000000142e+00 3.400000184774398804e-02 6.294701538085937500e+02
5.418799424171447754e+01 2.209999999999999964e+00 3.400000184774398804e-02 5.455408935546875000e+02
5.427794575691223145e+01 2.209999999999999964e+00 3.400000184774398804e-02 4.476232604980468750e+02
5.438495564460754395e+01 2.189999999999999947e+00 3.400000184774398804e-02 3.636938781738281250e+02
5.448000073432922363e+01 2.209999999999999964e+00 3.400000184774398804e-02 2.657763061523437500e+02
5.456994819641113281e+01 2.180000000000000160e+00 3.400000184774398804e-02 3.636938781738281250e+02
5.467794656753540039e+01 2.160000000000000142e+00 3.400000184774398804e-02 5.455408935546875000e+02
5.477199602127075195e+01 2.160000000000000142e+00 3.400000184774398804e-02 6.294701538085937500e+02
5.488494896888732910e+01 2.209999999999999964e+00 3.400000184774398804e-02 7.133995361328125000e+02
5.497394585609436035e+01 2.229999999999999982e+00 3.400000184774398804e-02 5.315526123046875000e+02
5.508695125579833984e+01 2.240000000000000213e+00 3.400000184774398804e-02 3.636938781738281250e+02
5.517794799804687500e+01 2.310000000000000053e+00 3.400000184774398804e-02 3.636938781738281250e+02
5.528895092010498047e+01 2.250000000000000000e+00 3.400000184774398804e-02 3.636938781738281250e+02
5.537599539756774902e+01 2.209999999999999964e+00 3.400000184774398804e-02 2.657763061523437500e+02
5.547095656394958496e+01 2.140000000000000124e+00 3.400000184774398804e-02 3.636938781738281250e+02
5.558194828033447266e+01 2.149999999999999911e+00 3.400000184774398804e-02 3.636938781738281250e+02
5.566799187660217285e+01 2.140000000000000124e+00 3.400000184774398804e-02 3.497056579589843750e+02
5.578596043586730957e+01 2.140000000000000124e+00 3.400000184774398804e-02 4.476232604980468750e+02
5.587494874000549316e+01 2.129999999999999893e+00 3.400000184774398804e-02 4.476232604980468750e+02
5.598294568061828613e+01 2.169999999999999929e+00 3.400000184774398804e-02 4.476232604980468750e+02
5.607795190811157227e+01 2.160000000000000142e+00 3.400000184774398804e-02 4.476232604980468750e+02
5.616801285743713379e+01 2.220000000000000195e+00 3.400000184774398804e-02 4.476232604980468750e+02
5.627495145797729492e+01 2.220000000000000195e+00 3.400000184774398804e-02 5.315526123046875000e+02
5.636994624137878418e+01 2.109999999999999876e+00 3.400000184774398804e-02 5.455408935546875000e+02
5.648294496536254883e+01 2.109999999999999876e+00 3.400000184774398804e-02 5.455408935546875000e+02
5.656798624992370605e+01 2.160000000000000142e+00 3.400000184774398804e-02 5.455408935546875000e+02
5.668494987487792969e+01 2.209999999999999964e+00 3.400000184774398804e-02 7.273877563476562500e+02
5.677495431900024414e+01 2.220000000000000195e+00 3.400000184774398804e-02 8.113171386718750000e+02
5.688294649124145508e+01 2.229999999999999982e+00 3.400000184774398804e-02 9.931641235351562500e+02
5.697695136070251465e+01 2.160000000000000142e+00 3.400000184774398804e-02 9.791759033203125000e+02
5.706799077987670898e+01 2.209999999999999964e+00 3.400000184774398804e-02 8.952465209960937500e+02
5.717895579338073730e+01 2.240000000000000213e+00 3.400000184774398804e-02 8.113171386718750000e+02
5.726595091819763184e+01 2.270000000000000018e+00 3.400000184774398804e-02 8.113171386718750000e+02
5.738294649124145508e+01 2.209999999999999964e+00 3.400000184774398804e-02 7.273877563476562500e+02
5.747199749946594238e+01 2.229999999999999982e+00 3.400000184774398804e-02 7.273877563476562500e+02
5.758094739913940430e+01 2.209999999999999964e+00 3.400000184774398804e-02 6.294701538085937500e+02
5.767599511146545410e+01 2.220000000000000195e+00 3.400000184774398804e-02 7.133995361328125000e+02
5.778695344924926758e+01 2.220000000000000195e+00 3.400000184774398804e-02 6.294701538085937500e+02
5.787294769287109375e+01 2.220000000000000195e+00 3.400000184774398804e-02 5.315526123046875000e+02
5.796798729896545410e+01 2.259999999999999787e+00 3.400000184774398804e-02 4.476232604980468750e+02
5.807999086380004883e+01 2.129999999999999893e+00 3.400000184774398804e-02 5.455408935546875000e+02
5.818799543380737305e+01 2.129999999999999893e+00 3.400000184774398804e-02 3.636938781738281250e+02
5.828294634819030762e+01 2.180000000000000160e+00 3.400000184774398804e-02 1.678587188720703125e+02
5.837294864654541016e+01 2.140000000000000124e+00 3.400000184774398804e-02 2.657763061523437500e+02
5.847998976707458496e+01 2.169999999999999929e+00 3.400000184774398804e-02 3.636938781738281250e+02
5.857495021820068359e+01 2.180000000000000160e+00 3.400000184774398804e-02 5.455408935546875000e+02
5.868798756599426270e+01 2.229999999999999982e+00 3.400000184774398804e-02 4.476232604980468750e+02
5.877295303344726562e+01 2.200000000000000178e+00 3.400000184774398804e-02 5.315526123046875000e+02
5.886695075035095215e+01 2.189999999999999947e+00 3.400000184774398804e-02 6.294701538085937500e+02
5.897999143600463867e+01 2.140000000000000124e+00 3.400000184774398804e-02 7.133995361328125000e+02
5.908798933029174805e+01 2.149999999999999911e+00 3.400000184774398804e-02 7.133995361328125000e+02
5.918194055557250977e+01 2.209999999999999964e+00 3.400000184774398804e-02 7.133995361328125000e+02
5.927295160293579102e+01 2.209999999999999964e+00 3.400000184774398804e-02 7.273877563476562500e+02
5.938399434089660645e+01 2.209999999999999964e+00 3.400000184774398804e-02 6.294701538085937500e+02
5.947096371650695801e+01 2.189999999999999947e+00 3.400000184774398804e-02 8.113171386718750000e+02
5.958799624443054199e+01 2.160000000000000142e+00 3.400000184774398804e-02 7.973289184570312500e+02
5.967695212364196777e+01 2.200000000000000178e+00 3.400000184774398804e-02 8.113171386718750000e+02
5.978594970703125000e+01 2.229999999999999982e+00 3.400000184774398804e-02 7.133995361328125000e+02
5.988094806671142578e+01 2.209999999999999964e+00 3.400000184774398804e-02 6.294701538085937500e+02
5.996994972229003906e+01 2.180000000000000160e+00 3.400000184774398804e-02 6.294701538085937500e+02
6.007794547080993652e+01 2.209999999999999964e+00 3.400000184774398804e-02 7.273877563476562500e+02
6.017294931411743164e+01 2.220000000000000195e+00 3.400000184774398804e-02 7.973289184570312500e+02
6.028495550155639648e+01 2.209999999999999964e+00 3.400000184774398804e-02 8.113171386718750000e+02
6.036994862556457520e+01 2.149999999999999911e+00 3.400000184774398804e-02 7.273877563476562500e+02
6.048798823356628418e+01 2.169999999999999929e+00 3.400000184774398804e-02 8.113171386718750000e+02
6.057794690132141113e+01 2.200000000000000178e+00 3.400000184774398804e-02 8.113171386718750000e+02
6.068499374389648438e+01 2.209999999999999964e+00 3.400000184774398804e-02 8.113171386718750000e+02
6.077999758720397949e+01 2.209999999999999964e+00 3.400000184774398804e-02 6.294701538085937500e+02
6.086994791030883789e+01 2.160000000000000142e+00 3.400000184774398804e-02 6.294701538085937500e+02
6.097794771194458008e+01 2.160000000000000142e+00 3.400000184774398804e-02 8.113171386718750000e+02
6.107199501991271973e+01 2.209999999999999964e+00 3.400000184774398804e-02 8.113171386718750000e+02
6.118495130538940430e+01 2.240000000000000213e+00 3.400000184774398804e-02 7.133995361328125000e+02
6.127394747734069824e+01 2.200000000000000178e+00 3.400000184774398804e-02 5.315526123046875000e+02
6.138694977760314941e+01 2.180000000000000160e+00 3.400000184774398804e-02 6.294701538085937500e+02
6.147794747352600098e+01 2.160000000000000142e+00 3.400000184774398804e-02 7.273877563476562500e+02
6.156694793701171875e+01 2.180000000000000160e+00 3.400000184774398804e-02 9.092347412109375000e+02
6.167598509788513184e+01 2.229999999999999982e+00 3.400000184774398804e-02 8.952465209960937500e+02
6.177094674110412598e+01 2.240000000000000213e+00 3.400000184774398804e-02 8.113171386718750000e+02
6.188194727897644043e+01 2.209999999999999964e+00 3.400000184774398804e-02 7.273877563476562500e+02
6.196798920631408691e+01 2.189999999999999947e+00 3.400000184774398804e-02 7.133995361328125000e+02
6.208594870567321777e+01 2.209999999999999964e+00 3.400000184774398804e-02 5.455408935546875000e+02
6.217494964599609375e+01 2.290000000000000036e+00 3.400000184774398804e-02 4.476232604980468750e+02
6.228294825553894043e+01 2.209999999999999964e+00 3.400000184774398804e-02 4.616115112304687500e+02
6.237794733047485352e+01 2.109999999999999876e+00 3.400000184774398804e-02 4.476232604980468750e+02
6.246799015998840332e+01 2.069999999999999840e+00 3.400000184774398804e-02 5.455408935546875000e+02
6.257495284080505371e+01 2.120000000000000107e+00 3.400000184774398804e-02 7.273877563476562500e+02
6.266994714736938477e+01 2.240000000000000213e+00 3.400000184774398804e-02 6.294701538085937500e+02
6.278296017646789551e+01 2.270000000000000018e+00 3.400000184774398804e-02 6.294701538085937500e+02
6.288894844055175781e+01 2.250000000000000000e+00 3.400000184774398804e-02 6.294701538085937500e+02
6.298505949974060059e+01 2.169999999999999929e+00 3.400000184774398804e-02 6.294701538085937500e+02
6.307505989074707031e+01 2.149999999999999911e+00 3.400000184774398804e-02 4.476232604980468750e+02
6.318294692039489746e+01 2.169999999999999929e+00 3.400000184774398804e-02 5.455408935546875000e+02
6.327695345878601074e+01 2.169999999999999929e+00 3.400000184774398804e-02 6.294701538085937500e+02
6.336799502372741699e+01 2.200000000000000178e+00 3.400000184774398804e-02 7.133995361328125000e+02
6.347894740104675293e+01 2.259999999999999787e+00 3.400000184774398804e-02 6.294701538085937500e+02
6.356595206260681152e+01 2.189999999999999947e+00 3.400000184774398804e-02 5.455408935546875000e+02
6.368294715881347656e+01 2.129999999999999893e+00 3.400000184774398804e-02 8.113171386718750000e+02
6.377198767662048340e+01 2.140000000000000124e+00 3.400000184774398804e-02 8.113171386718750000e+02
6.388094806671142578e+01 2.209999999999999964e+00 3.400000184774398804e-02 5.455408935546875000e+02
6.397598528861999512e+01 2.359999999999999876e+00 3.400000184774398804e-02 0.000000000000000000e+00
6.408695697784423828e+01 2.189999999999999947e+00 3.400000184774398804e-02 8.392935943603515625e+01
6.417294836044311523e+01 2.149999999999999911e+00 3.400000184774398804e-02 0.000000000000000000e+00
6.426798534393310547e+01 2.120000000000000107e+00 3.400000184774398804e-02 0.000000000000000000e+00
6.437998843193054199e+01 2.169999999999999929e+00 3.400000184774398804e-02 0.000000000000000000e+00
6.448799157142639160e+01 2.180000000000000160e+00 3.400000184774398804e-02 0.000000000000000000e+00
6.458294725418090820e+01 2.169999999999999929e+00 3.400000184774398804e-02 0.000000000000000000e+00
6.467294287681579590e+01 2.140000000000000124e+00 3.400000184774398804e-02 0.000000000000000000e+00
6.477999377250671387e+01 2.140000000000000124e+00 3.400000184774398804e-02 0.000000000000000000e+00
6.487495398521423340e+01 2.180000000000000160e+00 3.400000184774398804e-02 0.000000000000000000e+00
6.498800039291381836e+01 2.779999999999999805e+00 3.400000184774398804e-02 -9.791758728027343750e+01
6.507295060157775879e+01 4.269999999999999574e+00 3.400000184774398804e-02 0.000000000000000000e+00
6.516695070266723633e+01 4.620000000000000107e+00 9.999999776482582092e-03 -5.315526123046875000e+02
6.527999806404113770e+01 3.000000000000000000e+00 9.999999776482582092e-03 -1.426799072265625000e+03
6.538799262046813965e+01 2.240000000000000213e+00 9.999999776482582092e-03 -1.524716674804687500e+03
6.548194885253906250e+01 2.100000000000000089e+00 9.999999776482582092e-03 -1.440787353515625000e+03
6.557295179367065430e+01 2.069999999999999840e+00 9.999999776482582092e-03 -1.356857910156250000e+03
6.568398690223693848e+01 2.100000000000000089e+00 9.999999776482582092e-03 -1.077093505859375000e+03
6.577094864845275879e+01 2.149999999999999911e+00 9.999999776482582092e-03 -1.272928588867187500e+03
6.588798260688781738e+01 2.209999999999999964e+00 9.999999776482582092e-03 -1.258940307617187500e+03
6.597695469856262207e+01 2.149999999999999911e+00 9.999999776482582092e-03 -1.175010986328125000e+03
6.608594799041748047e+01 2.060000000000000053e+00 9.999999776482582092e-03 -9.791759033203125000e+02
6.618095040321350098e+01 2.060000000000000053e+00 9.999999776482582092e-03 -8.952465209960937500e+02
6.626994705200195312e+01 2.060000000000000053e+00 9.999999776482582092e-03 -8.113171386718750000e+02
6.637794947624206543e+01 2.240000000000000213e+00 9.999999776482582092e-03 -9.092347412109375000e+02
6.647294902801513672e+01 2.229999999999999982e+00 9.999999776482582092e-03 -1.356857910156250000e+03
6.658500075340270996e+01 2.200000000000000178e+00 9.999999776482582092e-03 -1.524716674804687500e+03
6.666994762420654297e+01 2.200000000000000178e+00 9.999999776482582092e-03 -1.524716674804687500e+03
6.678797984123229980e+01 2.080000000000000071e+00 9.999999776482582092e-03 -1.524716674804687500e+03
6.687795257568359375e+01 2.089999999999999858e+00 9.999999776482582092e-03 -1.440787353515625000e+03
6.698495197296142578e+01 2.129999999999999893e+00 9.999999776482582092e-03 -1.608645996093750000e+03
6.707998347282409668e+01 2.089999999999999858e+00 9.999999776482582092e-03 -1.706563598632812500e+03
6.716995239257812500e+01 2.080000000000000071e+00 9.999999776482582092e-03 -1.622634277343750000e+03
6.727794718742370605e+01 2.089999999999999858e+00 9.999999776482582092e-03 -1.608645996093750000e+03
6.737198400497436523e+01 2.040000000000000036e+00 9.999999776482582092e-03 -1.706563598632812500e+03
6.748495793342590332e+01 2.109999999999999876e+00 9.999999776482582092e-03 -1.804481201171875000e+03
6.757394695281982422e+01 2.069999999999999840e+00 9.999999776482582092e-03 -1.622634277343750000e+03
6.768695068359375000e+01 2.029999999999999805e+00 9.999999776482582092e-03 -1.538704956054687500e+03
6.777795076370239258e+01 2.080000000000000071e+00 9.999999776482582092e-03 -1.440787353515625000e+03
6.788895010948181152e+01 2.069999999999999840e+00 9.999999776482582092e-03 -1.524716674804687500e+03
6.797599434852600098e+01 2.109999999999999876e+00 9.999999776482582092e-03 -1.608645996093750000e+03
6.807094693183898926e+01 2.120000000000000107e+00 9.999999776482582092e-03 -1.706563598632812500e+03
6.818194699287414551e+01 2.140000000000000124e+00 9.999999776482582092e-03 -1.608645996093750000e+03
6.827394604682922363e+01 2.109999999999999876e+00 9.999999776482582092e-03 -1.804481201171875000e+03
6.838594913482666016e+01 2.149999999999999911e+00 9.999999776482582092e-03 -2.070257568359375000e+03
6.847495031356811523e+01 2.080000000000000071e+00 9.999999776482582092e-03 -2.070257568359375000e+03
6.858294677734375000e+01 2.060000000000000053e+00 9.999999776482582092e-03 -1.986328247070312500e+03
6.867794871330261230e+01 1.979999999999999982e+00 9.999999776482582092e-03 -1.790493041992187500e+03
6.878894901275634766e+01 1.959999999999999964e+00 9.999999776482582092e-03 -1.804481201171875000e+03
6.887495160102844238e+01 2.069999999999999840e+00 9.999999776482582092e-03 -1.804481201171875000e+03
6.896994805335998535e+01 2.129999999999999893e+00 9.999999776482582092e-03 -1.888410644531250000e+03
6.908294892311096191e+01 2.089999999999999858e+00 9.999999776482582092e-03 -1.986328247070312500e+03
6.918895196914672852e+01 2.040000000000000036e+00 9.999999776482582092e-03 -1.790493041992187500e+03
6.928495669364929199e+01 2.020000000000000018e+00 9.999999776482582092e-03 -1.440787353515625000e+03
6.937504959106445312e+01 1.969999999999999973e+00 9.999999776482582092e-03 -9.092347412109375000e+02
6.948294758796691895e+01 1.729999999999999982e+00 9.999999776482582092e-03 0.000000000000000000e+00
6.957695078849792480e+01 1.070000000000000062e+00 9.999999776482582092e-03 0.000000000000000000e+00
6.968995118141174316e+01 8.900000000000000133e-01 9.999999776482582092e-03 0.000000000000000000e+00
6.977895188331604004e+01 4.099999999999999756e-01 3.400000184774398804e-02 1.622634277343750000e+03
6.986595249176025391e+01 1.510000000000000009e+00 3.400000184774398804e-02 1.888410644531250000e+03
6.998294949531555176e+01 2.089999999999999858e+00 3.400000184774398804e-02 2.070257568359375000e+03
7.007198429107666016e+01 2.259999999999999787e+00 3.400000184774398804e-02 1.888410644531250000e+03
7.018095016479492188e+01 2.339999999999999858e+00 3.400000184774398804e-02 1.272928588867187500e+03
7.027598690986633301e+01 2.299999999999999822e+00 3.400000184774398804e-02 1.077093505859375000e+03
7.038696670532226562e+01 2.180000000000000160e+00 3.400000184774398804e-02 1.175010986328125000e+03
7.047294950485229492e+01 2.209999999999999964e+00 3.400000184774398804e-02 1.342869750976562500e+03
7.058994770050048828e+01 2.299999999999999822e+00 3.400000184774398804e-02 1.077093505859375000e+03
7.067998433113098145e+01 2.209999999999999964e+00 3.400000184774398804e-02 1.161022827148437500e+03
7.078798747062683105e+01 2.169999999999999929e+00 3.400000184774398804e-02 1.258940307617187500e+03
7.088294935226440430e+01 2.220000000000000195e+00 3.400000184774398804e-02 1.272928588867187500e+03
7.097295212745666504e+01 2.149999999999999911e+00 3.400000184774398804e-02 1.258940307617187500e+03
7.107998466491699219e+01 2.279999999999999805e+00 3.400000184774398804e-02 1.161022827148437500e+03
7.117494797706604004e+01 2.299999999999999822e+00 3.400000184774398804e-02 1.175010986328125000e+03
7.128799629211425781e+01 2.160000000000000142e+00 3.400000184774398804e-02 1.258940307617187500e+03
7.137294936180114746e+01 2.180000000000000160e+00 3.400000184774398804e-02 1.426799072265625000e+03
7.148994970321655273e+01 2.250000000000000000e+00 3.400000184774398804e-02 1.258940307617187500e+03
7.157999897003173828e+01 2.229999999999999982e+00 3.400000184774398804e-02 1.258940307617187500e+03
7.168798017501831055e+01 2.220000000000000195e+00 3.400000184774398804e-02 1.175010986328125000e+03
7.178194808959960938e+01 2.259999999999999787e+00 3.400000184774398804e-02 9.931641235351562500e+02
7.187295293807983398e+01 2.279999999999999805e+00 3.400000184774398804e-02 8.952465209960937500e+02
7.198398542404174805e+01 2.149999999999999911e+00 3.400000184774398804e-02 8.952465209960937500e+02
7.207095026969909668e+01 2.189999999999999947e+00 3.400000184774398804e-02 1.077093505859375000e+03
7.218799328804016113e+01 2.240000000000000213e+00 3.400000184774398804e-02 1.175010986328125000e+03
7.227695655822753906e+01 2.220000000000000195e+00 3.400000184774398804e-02 1.258940307617187500e+03
7.238595223426818848e+01 2.160000000000000142e+00 3.400000184774398804e-02 1.356857910156250000e+03
7.248094916343688965e+01 2.209999999999999964e+00 3.400000184774398804e-02 1.524716674804687500e+03
7.256994938850402832e+01 2.189999999999999947e+00 3.400000184774398804e-02 1.538704956054687500e+03
7.267794823646545410e+01 2.189999999999999947e+00 3.400000184774398804e-02 1.622634277343750000e+03
7.277295184135437012e+01 2.229999999999999982e+00 3.400000184774398804e-02 1.706563598632812500e+03
7.288497233390808105e+01 2.279999999999999805e+00 3.400000184774398804e-02 1.538704956054687500e+03
7.296994853019714355e+01 2.240000000000000213e+00 3.400000184774398804e-02 1.258940307617187500e+03
7.308798646926879883e+01 2.229999999999999982e+00 3.400000184774398804e-02 1.175010986328125000e+03
7.317794942855834961e+01 2.209999999999999964e+00 3.400000184774398804e-02 1.161022827148437500e+03
7.328503298759460449e+01 2.200000000000000178e+00 3.400000184774398804e-02 1.175010986328125000e+03
7.337999534606933594e+01 2.209999999999999964e+00 3.400000184774398804e-02 1.258940307617187500e+03
7.346994757652282715e+01 2.180000000000000160e+00 3.400000184774398804e-02 1.258940307617187500e+03
7.357794761657714844e+01 2.180000000000000160e+00 3.400000184774398804e-02 1.440787353515625000e+03
7.367198204994201660e+01 2.209999999999999964e+00 3.400000184774398804e-02 1.622634277343750000e+03
7.378495311737060547e+01 2.209999999999999964e+00 3.400000184774398804e-02 1.804481201171875000e+03
7.387394857406616211e+01 2.229999999999999982e+00 3.400000184774398804e-02 1.524716674804687500e+03
7.398694920539855957e+01 2.279999999999999805e+00 3.400000184774398804e-02 1.077093505859375000e+03
7.407794833183288574e+01 2.240000000000000213e+00 3.400000184774398804e-02 9.931641235351562500e+02
7.418798780441284180e+01 2.270000000000000018e+00 3.400000184774398804e-02 9.931641235351562500e+02
7.427598953247070312e+01 2.209999999999999964e+00 3.400000184774398804e-02 9.931641235351562500e+02
7.437095093727111816e+01 2.180000000000000160e+00 3.400000184774398804e-02 8.113171386718750000e+02
7.448195219039916992e+01 2.209999999999999964e+00 3.400000184774398804e-02 7.133995361328125000e+02
7.456798672676086426e+01 2.259999999999999787e+00 3.400000184774398804e-02 8.113171386718750000e+02
7.468594789505004883e+01 2.200000000000000178e+00 3.400000184774398804e-02 6.294701538085937500e+02
7.477497482299804688e+01 2.180000000000000160e+00 3.400000184774398804e-02 7.273877563476562500e+02
7.488294601440429688e+01 2.149999999999999911e+00 3.400000184774398804e-02 7.133995361328125000e+02
7.497794675827026367e+01 2.149999999999999911e+00 3.400000184774398804e-02 6.294701538085937500e+02
7.506798672676086426e+01 2.359999999999999876e+00 3.400000184774398804e-02 0.000000000000000000e+00
7.517495179176330566e+01 2.200000000000000178e+00 3.400000184774398804e-02 0.000000000000000000e+00
7.526995182037353516e+01 2.120000000000000107e+00 3.400000184774398804e-02 0.000000000000000000e+00
7.538294816017150879e+01 2.109999999999999876e+00 3.400000184774398804e-02 0.000000000000000000e+00
7.546799063682556152e+01 2.100000000000000089e+00 3.400000184774398804e-02 0.000000000000000000e+00
7.558495354652404785e+01 2.109999999999999876e+00 3.400000184774398804e-02 0.000000000000000000e+00
7.567495322227478027e+01 2.100000000000000089e+00 3.400000184774398804e-02 0.000000000000000000e+00
7.578295254707336426e+01 2.109999999999999876e+00 3.400000184774398804e-02 0.000000000000000000e+00
7.587695217132568359e+01 2.129999999999999893e+00 3.400000184774398804e-02 0.000000000000000000e+00
7.596799063682556152e+01 2.120000000000000107e+00 3.400000184774398804e-02 0.000000000000000000e+00
7.607894873619079590e+01 2.100000000000000089e+00 3.400000184774398804e-02 0.000000000000000000e+00
7.616595101356506348e+01 2.080000000000000071e+00 3.400000184774398804e-02 0.000000000000000000e+00
7.628294801712036133e+01 2.080000000000000071e+00 3.400000184774398804e-02 0.000000000000000000e+00
7.637198758125305176e+01 2.080000000000000071e+00 3.400000184774398804e-02 0.000000000000000000e+00
7.648095321655273438e+01 2.080000000000000071e+00 3.400000184774398804e-02 0.000000000000000000e+00
7.657598876953125000e+01 2.080000000000000071e+00 3.400000184774398804e-02 0.000000000000000000e+00
7.668694758415222168e+01 2.080000000000000071e+00 3.400000184774398804e-02 0.000000000000000000e+00
7.677295494079589844e+01 2.080000000000000071e+00 3.400000184774398804e-02 0.000000000000000000e+00
7.686798834800720215e+01 2.069999999999999840e+00 3.400000184774398804e-02 0.000000000000000000e+00
7.698000073432922363e+01 2.069999999999999840e+00 3.400000184774398804e-02 0.000000000000000000e+00
7.708798623085021973e+01 2.060000000000000053e+00 3.400000184774398804e-02 0.000000000000000000e+00
7.718294858932495117e+01 2.069999999999999840e+00 3.400000184774398804e-02 0.000000000000000000e+00
7.727295184135437012e+01 2.060000000000000053e+00 3.400000184774398804e-02 0.000000000000000000e+00
7.737998771667480469e+01 2.060000000000000053e+00 3.400000184774398804e-02 0.000000000000000000e+00
7.747495365142822266e+01 2.049999999999999822e+00 3.400000184774398804e-02 0.000000000000000000e+00
7.758798456192016602e+01 2.049999999999999822e+00 3.400000184774398804e-02 0.000000000000000000e+00
