8.094811439514160156e-02 2.560000000000000053e+00 3.299999982118606567e-02 0.000000000000000000e+00
1.639893054962158203e-01 2.560000000000000053e+00 3.299999982118606567e-02 0.000000000000000000e+00
2.739408016204833984e-01 2.560000000000000053e+00 3.299999982118606567e-02 0.000000000000000000e+00
3.629610538482666016e-01 2.569999999999999840e+00 3.299999982118606567e-02 0.000000000000000000e+00
4.749307632446289062e-01 2.569999999999999840e+00 3.299999982118606567e-02 0.000000000000000000e+00
5.659341812133789062e-01 2.569999999999999840e+00 3.299999982118606567e-02 0.000000000000000000e+00
6.789422035217285156e-01 2.569999999999999840e+00 3.299999982118606567e-02 0.000000000000000000e+00
7.669422626495361328e-01 2.569999999999999840e+00 3.299999982118606567e-02 0.000000000000000000e+00
8.779392242431640625e-01 2.569999999999999840e+00 3.299999982118606567e-02 0.000000000000000000e+00
9.679834842681884766e-01 2.569999999999999840e+00 3.299999982118606567e-02 0.000000000000000000e+00
1.081946134567260742e+00 2.569999999999999840e+00 3.299999982118606567e-02 0.000000000000000000e+00
1.170940637588500977e+00 2.569999999999999840e+00 3.299999982118606567e-02 0.000000000000000000e+00
1.280939579010009766e+00 2.569999999999999840e+00 3.299999982118606567e-02 0.000000000000000000e+00
1.371980190277099609e+00 2.569999999999999840e+00 3.299999982118606567e-02 0.000000000000000000e+00
1.461940288543701172e+00 2.569999999999999840e+00 3.299999982118606567e-02 0.000000000000000000e+00
1.575979471206665039e+00 2.569999999999999840e+00 3.299999982118606567e-02 0.000000000000000000e+00
1.664942026138305664e+00 2.569999999999999840e+00 3.299999982118606567e-02 0.000000000000000000e+00
1.775984287261962891e+00 2.569999999999999840e+00 3.299999982118606567e-02 0.000000000000000000e+00
1.867985963821411133e+00 2.569999999999999840e+00 3.299999982118606567e-02 0.000000000000000000e+00
1.980941057205200195e+00 2.569999999999999840e+00 3.299999982118606567e-02 0.000000000000000000e+00
2.068946838378906250e+00 2.569999999999999840e+00 3.299999982118606567e-02 0.000000000000000000e+00
2.180942296981811523e+00 2.609999999999999876e+00 3.299999982118606567e-02 0.000000000000000000e+00
2.270943164825439453e+00 2.589999999999999858e+00 3.299999982118606567e-02 0.000000000000000000e+00
2.365942478179931641e+00 2.560000000000000053e+00 3.299999982118606567e-02 0.000000000000000000e+00
2.474939584732055664e+00 2.600000000000000089e+00 3.299999982118606567e-02 0.000000000000000000e+00
2.563981294631958008e+00 2.979999999999999982e+00 3.299999982118606567e-02 0.000000000000000000e+00
2.675979614257812500e+00 3.149999999999999911e+00 3.299999982118606567e-02 0.000000000000000000e+00
2.766938924789428711e+00 3.740000000000000213e+00 3.299999982118606567e-02 0.000000000000000000e+00
2.860944509506225586e+00 4.509999999999999787e+00 3.299999982118606567e-02 -8.392935943603515625e+01
2.972941160202026367e+00 5.009999999999999787e+00 3.299999982118606567e-02 -3.636938781738281250e+02
3.059991598129272461e+00 4.990000000000000213e+00 3.299999982118606567e-02 -1.678587188720703125e+02
3.176941633224487305e+00 4.940000000000000391e+00 3.299999982118606567e-02 -9.791758728027343750e+01
3.265938997268676758e+00 5.110000000000000320e+00 3.299999982118606567e-02 -1.678587188720703125e+02
3.374942302703857422e+00 5.110000000000000320e+00 3.299999982118606567e-02 -2.657763061523437500e+02
3.469946384429931641e+00 5.040000000000000036e+00 3.299999982118606567e-02 -3.636938781738281250e+02
3.580944061279296875e+00 5.059999999999999609e+00 3.299999982118606567e-02 -3.497056579589843750e+02
3.666937589645385742e+00 4.990000000000000213e+00 3.299999982118606567e-02 -3.636938781738281250e+02
3.761938810348510742e+00 4.940000000000000391e+00 3.299999982118606567e-02 -3.636938781738281250e+02
3.873940467834472656e+00 4.929999999999999716e+00 3.299999982118606567e-02 -4.616115112304687500e+02
3.980943202972412109e+00 4.919999999999999929e+00 3.299999982118606567e-02 -5.315526123046875000e+02
4.076942443847656250e+00 4.950000000000000178e+00 3.299999982118606567e-02 -5.455408935546875000e+02
4.166938304901123047e+00 4.959999999999999964e+00 3.299999982118606567e-02 -5.455408935546875000e+02
4.273940563201904297e+00 4.959999999999999964e+00 3.299999982118606567e-02 -4.616115112304687500e+02
4.368950366973876953e+00 4.910000000000000142e+00 3.299999982118606567e-02 -4.616115112304687500e+02
4.480943202972412109e+00 4.900000000000000355e+00 3.299999982118606567e-02 -4.476232604980468750e+02
4.566939830780029297e+00 4.849999999999999645e+00 3.299999982118606567e-02 -4.476232604980468750e+02
4.660947084426879883e+00 4.879999999999999893e+00 3.299999982118606567e-02 -4.616115112304687500e+02
4.773939371109008789e+00 4.900000000000000355e+00 3.299999982118606567e-02 -4.476232604980468750e+02
4.881938934326171875e+00 4.919999999999999929e+00 3.299999982118606567e-02 -4.476232604980468750e+02
4.975979089736938477e+00 4.980000000000000426e+00 3.299999982118606567e-02 -3.497056579589843750e+02
5.066937923431396484e+00 5.040000000000000036e+00 3.299999982118606567e-02 -3.497056579589843750e+02
5.177940368652343750e+00 5.080000000000000071e+00 3.299999982118606567e-02 -3.636938781738281250e+02
5.264940500259399414e+00 5.030000000000000249e+00 3.299999982118606567e-02 -3.636938781738281250e+02
5.381938219070434570e+00 4.969999999999999751e+00 3.299999982118606567e-02 -3.636938781738281250e+02
5.470938682556152344e+00 4.919999999999999929e+00 3.299999982118606567e-02 -4.476232604980468750e+02
5.579987049102783203e+00 4.910000000000000142e+00 3.299999982118606567e-02 -4.476232604980468750e+02
5.674939155578613281e+00 4.839999999999999858e+00 3.299999982118606567e-02 -3.636938781738281250e+02
5.763982534408569336e+00 4.900000000000000355e+00 3.299999982118606567e-02 -3.636938781738281250e+02
5.871985197067260742e+00 5.019999999999999574e+00 3.299999982118606567e-02 -4.476232604980468750e+02
5.966939687728881836e+00 4.969999999999999751e+00 3.299999982118606567e-02 -3.636938781738281250e+02
6.078953027725219727e+00 4.959999999999999964e+00 3.299999982118606567e-02 -3.497056579589843750e+02
6.163980007171630859e+00 4.969999999999999751e+00 3.299999982118606567e-02 -4.476232604980468750e+02
6.281936883926391602e+00 4.870000000000000107e+00 3.299999982118606567e-02 -2.797645568847656250e+02
6.371984958648681641e+00 4.940000000000000391e+00 3.299999982118606567e-02 -3.636938781738281250e+02
6.479048252105712891e+00 4.929999999999999716e+00 3.299999982118606567e-02 -3.636938781738281250e+02
6.573938131332397461e+00 4.959999999999999964e+00 3.299999982118606567e-02 -2.657763061523437500e+02
6.663979768753051758e+00 4.990000000000000213e+00 3.299999982118606567e-02 -2.657763061523437500e+02
6.771978616714477539e+00 4.940000000000000391e+00 3.299999982118606567e-02 -3.636938781738281250e+02
6.865940332412719727e+00 4.950000000000000178e+00 3.299999982118606567e-02 -2.797645568847656250e+02
6.978945255279541016e+00 4.990000000000000213e+00 3.299999982118606567e-02 -2.657763061523437500e+02
7.067987442016601562e+00 4.990000000000000213e+00 3.299999982118606567e-02 -2.657763061523437500e+02
7.180944919586181641e+00 4.990000000000000213e+00 3.299999982118606567e-02 -2.657763061523437500e+02
7.271981000900268555e+00 5.009999999999999787e+00 3.299999982118606567e-02 -1.818469390869140625e+02
7.382940530776977539e+00 4.980000000000000426e+00 3.299999982118606567e-02 -3.636938781738281250e+02
7.469941377639770508e+00 4.990000000000000213e+00 3.299999982118606567e-02 -3.497056579589843750e+02
7.564939737319946289e+00 4.950000000000000178e+00 3.299999982118606567e-02 -4.616115112304687500e+02
7.675979137420654297e+00 4.919999999999999929e+00 3.299999982118606567e-02 -4.476232604980468750e+02
7.761937379837036133e+00 4.940000000000000391e+00 3.299999982118606567e-02 -2.797645568847656250e+02
7.879992246627807617e+00 4.950000000000000178e+00 3.299999982118606567e-02 -1.818469390869140625e+02
7.968945503234863281e+00 5.000000000000000000e+00 3.299999982118606567e-02 -4.616115112304687500e+02
8.076939582824707031e+00 5.000000000000000000e+00 3.299999982118606567e-02 -4.476232604980468750e+02
8.171990633010864258e+00 4.950000000000000178e+00 3.299999982118606567e-02 -4.616115112304687500e+02
8.261940479278564453e+00 4.959999999999999964e+00 3.299999982118606567e-02 -4.476232604980468750e+02
8.368952989578247070e+00 4.950000000000000178e+00 3.299999982118606567e-02 -4.616115112304687500e+02
8.463985443115234375e+00 4.959999999999999964e+00 3.299999982118606567e-02 -4.476232604980468750e+02
8.576943159103393555e+00 4.950000000000000178e+00 3.299999982118606567e-02 -4.476232604980468750e+02
8.661938190460205078e+00 4.980000000000000426e+00 3.299999982118606567e-02 -5.455408935546875000e+02
8.778953552246093750e+00 4.950000000000000178e+00 3.299999982118606567e-02 -5.455408935546875000e+02
8.869040727615356445e+00 5.009999999999999787e+00 3.299999982118606567e-02 -5.455408935546875000e+02
8.976940155029296875e+00 4.910000000000000142e+00 3.299999982118606567e-02 -3.636938781738281250e+02
9.070940017700195312e+00 4.900000000000000355e+00 3.299999982118606567e-02 -4.616115112304687500e+02
9.161942005157470703e+00 4.940000000000000391e+00 3.299999982118606567e-02 -4.476232604980468750e+02
9.272941589355468750e+00 4.900000000000000355e+00 3.299999982118606567e-02 -5.315526123046875000e+02
9.359985113143920898e+00 4.870000000000000107e+00 3.299999982118606567e-02 -4.476232604980468750e+02
9.476942300796508789e+00 4.959999999999999964e+00 3.299999982118606567e-02 -5.455408935546875000e+02
9.565939426422119141e+00 4.940000000000000391e+00 3.299999982118606567e-02 -4.476232604980468750e+02
9.674937009811401367e+00 4.969999999999999751e+00 3.299999982118606567e-02 -4.476232604980468750e+02
9.769943475723266602e+00 4.969999999999999751e+00 3.299999982118606567e-02 -5.455408935546875000e+02
9.880941629409790039e+00 4.969999999999999751e+00 3.299999982118606567e-02 -6.294701538085937500e+02
9.966939687728881836e+00 4.919999999999999929e+00 3.299999982118606567e-02 -5.455408935546875000e+02
1.006193947792053223e+01 4.870000000000000107e+00 3.299999982118606567e-02 -5.455408935546875000e+02
1.017403650283813477e+01 4.900000000000000355e+00 3.299999982118606567e-02 -4.476232604980468750e+02
1.028193712234497070e+01 4.910000000000000142e+00 3.299999982118606567e-02 -4.476232604980468750e+02
1.037694168090820312e+01 4.940000000000000391e+00 3.299999982118606567e-02 -6.434584350585937500e+02
1.046693897247314453e+01 4.940000000000000391e+00 3.299999982118606567e-02 -4.476232604980468750e+02
1.057393860816955566e+01 4.889999999999999680e+00 3.299999982118606567e-02 -5.455408935546875000e+02
1.066895461082458496e+01 4.950000000000000178e+00 3.299999982118606567e-02 -6.294701538085937500e+02
1.078193902969360352e+01 4.929999999999999716e+00 3.299999982118606567e-02 -4.476232604980468750e+02
1.086694025993347168e+01 4.950000000000000178e+00 3.299999982118606567e-02 -4.476232604980468750e+02
1.097598361968994141e+01 4.940000000000000391e+00 3.299999982118606567e-02 -5.315526123046875000e+02
1.107397937774658203e+01 4.959999999999999964e+00 3.299999982118606567e-02 -5.455408935546875000e+02
1.118193984031677246e+01 4.959999999999999964e+00 3.299999982118606567e-02 -4.476232604980468750e+02
1.127598571777343750e+01 4.950000000000000178e+00 3.299999982118606567e-02 -4.476232604980468750e+02
1.136694002151489258e+01 4.969999999999999751e+00 3.299999982118606567e-02 -5.455408935546875000e+02
1.147793889045715332e+01 4.940000000000000391e+00 3.299999982118606567e-02 -5.315526123046875000e+02
1.156494283676147461e+01 5.009999999999999787e+00 3.299999982118606567e-02 -6.294701538085937500e+02
1.166693878173828125e+01 4.969999999999999751e+00 3.299999982118606567e-02 -6.434584350585937500e+02
1.177093935012817383e+01 4.950000000000000178e+00 3.299999982118606567e-02 -6.294701538085937500e+02
1.187998580932617188e+01 4.919999999999999929e+00 3.299999982118606567e-02 -8.113171386718750000e+02
1.197493815422058105e+01 4.860000000000000320e+00 3.299999982118606567e-02 -7.133995361328125000e+02
1.206398773193359375e+01 4.879999999999999893e+00 3.299999982118606567e-02 -6.294701538085937500e+02
1.217198705673217773e+01 4.839999999999999858e+00 3.299999982118606567e-02 -5.315526123046875000e+02
1.226693749427795410e+01 4.879999999999999893e+00 3.299999982118606567e-02 -4.476232604980468750e+02
1.237896370887756348e+01 4.980000000000000426e+00 3.299999982118606567e-02 -3.636938781738281250e+02
1.246397757530212402e+01 4.959999999999999964e+00 3.299999982118606567e-02 -4.476232604980468750e+02
1.258193874359130859e+01 4.980000000000000426e+00 3.299999982118606567e-02 -4.476232604980468750e+02
1.267198920249938965e+01 5.059999999999999609e+00 3.299999982118606567e-02 -7.973289184570312500e+02
1.277894186973571777e+01 4.959999999999999964e+00 3.299999982118606567e-02 -8.113171386718750000e+02
1.287393712997436523e+01 4.889999999999999680e+00 3.299999982118606567e-02 -5.455408935546875000e+02
1.296397590637207031e+01 4.919999999999999929e+00 3.299999982118606567e-02 -5.455408935546875000e+02
1.307198095321655273e+01 4.919999999999999929e+00 3.299999982118606567e-02 -5.455408935546875000e+02
1.316594028472900391e+01 4.889999999999999680e+00 3.299999982118606567e-02 -3.636938781738281250e+02
1.327893805503845215e+01 4.929999999999999716e+00 3.299999982118606567e-02 -3.636938781738281250e+02
1.336798429489135742e+01 4.959999999999999964e+00 3.299999982118606567e-02 -4.476232604980468750e+02
1.348094439506530762e+01 4.980000000000000426e+00 3.299999982118606567e-02 -5.455408935546875000e+02
1.357198691368103027e+01 4.940000000000000391e+00 3.299999982118606567e-02 -4.476232604980468750e+02
1.366094541549682617e+01 5.000000000000000000e+00 3.299999982118606567e-02 -5.455408935546875000e+02
1.376994276046752930e+01 5.040000000000000036e+00 3.299999982118606567e-02 -4.476232604980468750e+02
1.386497664451599121e+01 4.959999999999999964e+00 3.299999982118606567e-02 -4.616115112304687500e+02
1.397599101066589355e+01 4.990000000000000213e+00 3.299999982118606567e-02 -5.455408935546875000e+02
1.406193828582763672e+01 4.980000000000000426e+00 3.299999982118606567e-02 -5.455408935546875000e+02
1.417998099327087402e+01 4.849999999999999645e+00 3.299999982118606567e-02 -4.616115112304687500e+02
1.426894855499267578e+01 4.839999999999999858e+00 3.299999982118606567e-02 -4.616115112304687500e+02
1.437694072723388672e+01 4.980000000000000426e+00 3.299999982118606567e-02 -3.636938781738281250e+02
1.447198295593261719e+01 5.019999999999999574e+00 3.299999982118606567e-02 -3.636938781738281250e+02
1.456193900108337402e+01 4.959999999999999964e+00 3.299999982118606567e-02 -3.497056579589843750e+02
1.466895413398742676e+01 4.919999999999999929e+00 3.299999982118606567e-02 -4.476232604980468750e+02
1.476400041580200195e+01 4.990000000000000213e+00 3.299999982118606567e-02 -5.455408935546875000e+02
1.487694168090820312e+01 4.940000000000000391e+00 3.299999982118606567e-02 -5.455408935546875000e+02
1.496193790435791016e+01 4.919999999999999929e+00 3.299999982118606567e-02 -4.476232604980468750e+02
1.507894778251647949e+01 4.950000000000000178e+00 3.299999982118606567e-02 -5.455408935546875000e+02
1.516894125938415527e+01 5.009999999999999787e+00 3.299999982118606567e-02 -6.294701538085937500e+02
1.527694010734558105e+01 4.919999999999999929e+00 3.299999982118606567e-02 -5.315526123046875000e+02
1.537094378471374512e+01 4.919999999999999929e+00 3.299999982118606567e-02 -4.616115112304687500e+02
1.546193718910217285e+01 4.950000000000000178e+00 3.299999982118606567e-02 -5.455408935546875000e+02
1.557293939590454102e+01 4.959999999999999964e+00 3.299999982118606567e-02 -5.455408935546875000e+02
1.565998101234436035e+01 4.950000000000000178e+00 3.299999982118606567e-02 -4.476232604980468750e+02
1.577693986892700195e+01 4.969999999999999751e+00 3.299999982118606567e-02 -5.455408935546875000e+02
1.586594057083129883e+01 4.940000000000000391e+00 3.299999982118606567e-02 -5.315526123046875000e+02
1.597493696212768555e+01 4.910000000000000142e+00 3.299999982118606567e-02 -4.476232604980468750e+02
1.606994152069091797e+01 4.889999999999999680e+00 3.299999982118606567e-02 -3.636938781738281250e+02
1.618094444274902344e+01 4.940000000000000391e+00 3.299999982118606567e-02 -5.315526123046875000e+02
1.626694011688232422e+01 4.950000000000000178e+00 3.299999982118606567e-02 -5.455408935546875000e+02
1.636194062232971191e+01 4.969999999999999751e+00 3.299999982118606567e-02 -4.476232604980468750e+02
1.647393870353698730e+01 4.860000000000000320e+00 3.299999982118606567e-02 0.000000000000000000e+00
1.658095717430114746e+01 5.089999999999999858e+00 3.299999982118606567e-02 -2.657763061523437500e+02
1.667694234848022461e+01 5.139999999999999680e+00 3.299999982118606567e-02 -5.315526123046875000e+02
1.676694059371948242e+01 5.110000000000000320e+00 3.299999982118606567e-02 -7.133995361328125000e+02
1.687393927574157715e+01 4.879999999999999893e+00 3.299999982118606567e-02 -6.294701538085937500e+02
1.696894526481628418e+01 4.929999999999999716e+00 3.299999982118606567e-02 -6.294701538085937500e+02
1.708094406127929688e+01 4.879999999999999893e+00 3.299999982118606567e-02 -6.294701538085937500e+02
1.716694045066833496e+01 4.730000000000000426e+00 3.299999982118606567e-02 0.000000000000000000e+00
1.726096534729003906e+01 4.290000000000000036e+00 3.299999982118606567e-02 0.000000000000000000e+00
1.737393975257873535e+01 4.349999999999999645e+00 3.299999982118606567e-02 0.000000000000000000e+00
1.748094296455383301e+01 4.150000000000000355e+00 3.299999982118606567e-02 0.000000000000000000e+00
1.757599020004272461e+01 3.069999999999999840e+00 6.700000166893005371e-02 8.113171386718750000e+02
1.766693997383117676e+01 4.169999999999999929e+00 6.700000166893005371e-02 8.952465209960937500e+02
1.777794098854064941e+01 5.019999999999999574e+00 6.700000166893005371e-02 4.476232604980468750e+02
1.786494112014770508e+01 5.040000000000000036e+00 6.700000166893005371e-02 3.636938781738281250e+02
1.795998334884643555e+01 4.950000000000000178e+00 6.700000166893005371e-02 3.636938781738281250e+02
1.807094955444335938e+01 4.959999999999999964e+00 6.700000166893005371e-02 2.657763061523437500e+02
1.817997741699218750e+01 4.799999999999999822e+00 6.700000166893005371e-02 4.476232604980468750e+02
1.827493882179260254e+01 4.940000000000000391e+00 6.700000166893005371e-02 5.315526123046875000e+02
1.836397957801818848e+01 4.940000000000000391e+00 6.700000166893005371e-02 6.294701538085937500e+02
1.847198200225830078e+01 5.009999999999999787e+00 6.700000166893005371e-02 5.455408935546875000e+02
1.856694149971008301e+01 5.009999999999999787e+00 6.700000166893005371e-02 5.455408935546875000e+02
1.867894053459167480e+01 5.049999999999999822e+00 6.700000166893005371e-02 5.455408935546875000e+02
1.876397371292114258e+01 5.000000000000000000e+00 6.700000166893005371e-02 5.315526123046875000e+02
1.888094234466552734e+01 4.950000000000000178e+00 6.700000166893005371e-02 4.476232604980468750e+02
1.897197794914245605e+01 4.969999999999999751e+00 6.700000166893005371e-02 4.476232604980468750e+02
1.907894992828369141e+01 5.030000000000000249e+00 6.700000166893005371e-02 6.294701538085937500e+02
1.917394018173217773e+01 5.040000000000000036e+00 6.700000166893005371e-02 5.315526123046875000e+02
1.926398372650146484e+01 5.089999999999999858e+00 6.700000166893005371e-02 6.294701538085937500e+02
1.937198901176452637e+01 5.080000000000000071e+00 6.700000166893005371e-02 6.294701538085937500e+02
1.946593976020812988e+01 5.059999999999999609e+00 6.700000166893005371e-02 4.616115112304687500e+02
1.957895541191101074e+01 5.059999999999999609e+00 6.700000166893005371e-02 6.294701538085937500e+02
1.966797780990600586e+01 5.089999999999999858e+00 6.700000166893005371e-02 5.455408935546875000e+02
1.978094148635864258e+01 5.009999999999999787e+00 6.700000166893005371e-02 3.636938781738281250e+02
1.987294244766235352e+01 4.650000000000000355e+00 6.700000166893005371e-02 8.392935943603515625e+01
1.998094201087951660e+01 4.820000000000000284e+00 6.700000166893005371e-02 9.791758728027343750e+01
2.006894254684448242e+01 4.700000000000000178e+00 6.700000166893005371e-02 3.497056579589843750e+02
2.016094183921813965e+01 4.849999999999999645e+00 6.700000166893005371e-02 6.294701538085937500e+02
2.027794981002807617e+01 4.959999999999999964e+00 6.700000166893005371e-02 6.294701538085937500e+02
2.036694979667663574e+01 4.929999999999999716e+00 6.700000166893005371e-02 5.455408935546875000e+02
2.047394323348999023e+01 5.009999999999999787e+00 6.700000166893005371e-02 5.315526123046875000e+02
2.056494188308715820e+01 4.990000000000000213e+00 6.700000166893005371e-02 6.294701538085937500e+02
2.068094253540039062e+01 4.919999999999999929e+00 6.700000166893005371e-02 5.455408935546875000e+02
2.076693892478942871e+01 4.950000000000000178e+00 6.700000166893005371e-02 7.273877563476562500e+02
2.087998652458190918e+01 5.030000000000000249e+00 6.700000166893005371e-02 7.133995361328125000e+02
2.097394061088562012e+01 5.080000000000000071e+00 6.700000166893005371e-02 7.133995361328125000e+02
2.106693816184997559e+01 5.139999999999999680e+00 6.700000166893005371e-02 5.315526123046875000e+02
2.117197227478027344e+01 5.099999999999999645e+00 6.700000166893005371e-02 4.476232604980468750e+02
2.126694083213806152e+01 5.000000000000000000e+00 6.700000166893005371e-02 4.476232604980468750e+02
2.137494063377380371e+01 4.990000000000000213e+00 6.700000166893005371e-02 4.476232604980468750e+02
2.146397662162780762e+01 4.980000000000000426e+00 6.700000166893005371e-02 5.455408935546875000e+02
2.157394027709960938e+01 5.009999999999999787e+00 6.700000166893005371e-02 5.315526123046875000e+02
2.167093992233276367e+01 5.040000000000000036e+00 6.700000166893005371e-02 5.315526123046875000e+02
2.177895665168762207e+01 5.110000000000000320e+00 6.700000166893005371e-02 4.616115112304687500e+02
2.187394189834594727e+01 5.139999999999999680e+00 6.700000166893005371e-02 5.455408935546875000e+02
2.196398973464965820e+01 5.059999999999999609e+00 6.700000166893005371e-02 4.476232604980468750e+02
2.207094120979309082e+01 5.049999999999999822e+00 6.700000166893005371e-02 5.315526123046875000e+02
2.216594076156616211e+01 5.030000000000000249e+00 6.700000166893005371e-02 4.476232604980468750e+02
2.227894592285156250e+01 5.000000000000000000e+00 6.700000166893005371e-02 4.476232604980468750e+02
2.236400175094604492e+01 4.990000000000000213e+00 6.700000166893005371e-02 4.476232604980468750e+02
2.248094534873962402e+01 5.019999999999999574e+00 6.700000166893005371e-02 5.315526123046875000e+02
2.257198119163513184e+01 4.980000000000000426e+00 6.700000166893005371e-02 3.497056579589843750e+02
2.267894411087036133e+01 5.009999999999999787e+00 6.700000166893005371e-02 2.797645568847656250e+02
2.276994657516479492e+01 5.009999999999999787e+00 6.700000166893005371e-02 3.636938781738281250e+02
2.286401939392089844e+01 4.959999999999999964e+00 6.700000166893005371e-02 4.476232604980468750e+02
2.297198390960693359e+01 4.919999999999999929e+00 6.700000166893005371e-02 3.636938781738281250e+02
2.306193900108337402e+01 4.900000000000000355e+00 6.700000166893005371e-02 4.476232604980468750e+02
2.317894005775451660e+01 4.900000000000000355e+00 6.700000166893005371e-02 3.636938781738281250e+02
2.326494050025939941e+01 4.879999999999999893e+00 6.700000166893005371e-02 4.476232604980468750e+02
2.337694120407104492e+01 4.959999999999999964e+00 6.700000166893005371e-02 5.455408935546875000e+02
2.347198057174682617e+01 5.080000000000000071e+00 6.700000166893005371e-02 5.455408935546875000e+02
2.357999086380004883e+01 5.049999999999999822e+00 6.700000166893005371e-02 4.476232604980468750e+02
2.366894054412841797e+01 5.040000000000000036e+00 6.700000166893005371e-02 5.315526123046875000e+02
2.376399135589599609e+01 5.009999999999999787e+00 6.700000166893005371e-02 4.476232604980468750e+02
2.387597393989562988e+01 4.969999999999999751e+00 6.700000166893005371e-02 5.455408935546875000e+02
2.396094346046447754e+01 5.009999999999999787e+00 6.700000166893005371e-02 5.455408935546875000e+02
2.407894515991210938e+01 5.080000000000000071e+00 6.700000166893005371e-02 5.455408935546875000e+02
2.416894435882568359e+01 5.089999999999999858e+00 6.700000166893005371e-02 4.616115112304687500e+02
2.427598762512207031e+01 5.059999999999999609e+00 6.700000166893005371e-02 4.476232604980468750e+02
2.437094187736511230e+01 5.080000000000000071e+00 6.700000166893005371e-02 5.455408935546875000e+02
2.446194124221801758e+01 5.040000000000000036e+00 6.700000166893005371e-02 4.476232604980468750e+02
2.456894373893737793e+01 4.969999999999999751e+00 6.700000166893005371e-02 3.497056579589843750e+02
2.465998458862304688e+01 4.910000000000000142e+00 6.700000166893005371e-02 4.476232604980468750e+02
2.477694034576416016e+01 4.980000000000000426e+00 6.700000166893005371e-02 4.616115112304687500e+02
2.486193871498107910e+01 5.049999999999999822e+00 6.700000166893005371e-02 5.455408935546875000e+02
2.497493743896484375e+01 5.030000000000000249e+00 6.700000166893005371e-02 5.315526123046875000e+02
2.506894445419311523e+01 4.980000000000000426e+00 6.700000166893005371e-02 4.476232604980468750e+02
2.517693972587585449e+01 4.959999999999999964e+00 6.700000166893005371e-02 4.476232604980468750e+02
2.526693749427795410e+01 5.019999999999999574e+00 6.700000166893005371e-02 3.497056579589843750e+02
2.536193847656250000e+01 5.019999999999999574e+00 6.700000166893005371e-02 4.476232604980468750e+02
2.546994519233703613e+01 4.990000000000000213e+00 6.700000166893005371e-02 5.455408935546875000e+02
2.555894207954406738e+01 4.959999999999999964e+00 6.700000166893005371e-02 4.476232604980468750e+02
2.567694115638732910e+01 4.980000000000000426e+00 6.700000166893005371e-02 6.294701538085937500e+02
2.576594233512878418e+01 4.959999999999999964e+00 6.700000166893005371e-02 6.294701538085937500e+02
2.587393903732299805e+01 4.990000000000000213e+00 6.700000166893005371e-02 5.455408935546875000e+02
2.596895670890808105e+01 4.969999999999999751e+00 6.700000166893005371e-02 4.476232604980468750e+02
2.608094358444213867e+01 4.969999999999999751e+00 6.700000166893005371e-02 6.294701538085937500e+02
2.616593980789184570e+01 4.910000000000000142e+00 6.700000166893005371e-02 4.476232604980468750e+02
2.626094770431518555e+01 4.940000000000000391e+00 6.700000166893005371e-02 3.497056579589843750e+02
2.637394499778747559e+01 4.929999999999999716e+00 6.700000166893005371e-02 3.497056579589843750e+02
2.648094558715820312e+01 4.959999999999999964e+00 6.700000166893005371e-02 3.636938781738281250e+02
2.657598757743835449e+01 4.969999999999999751e+00 6.700000166893005371e-02 3.636938781738281250e+02
2.666693878173828125e+01 4.959999999999999964e+00 6.700000166893005371e-02 4.476232604980468750e+02
2.677394127845764160e+01 5.000000000000000000e+00 6.700000166893005371e-02 7.273877563476562500e+02
2.686494016647338867e+01 5.059999999999999609e+00 6.700000166893005371e-02 6.294701538085937500e+02
2.698094153404235840e+01 5.070000000000000284e+00 6.700000166893005371e-02 6.294701538085937500e+02
2.706694054603576660e+01 5.059999999999999609e+00 6.700000166893005371e-02 5.315526123046875000e+02
2.717998456954956055e+01 5.009999999999999787e+00 6.700000166893005371e-02 4.616115112304687500e+02
2.727394223213195801e+01 4.990000000000000213e+00 6.700000166893005371e-02 4.476232604980468750e+02
2.736693978309631348e+01 5.040000000000000036e+00 6.700000166893005371e-02 3.636938781738281250e+02
2.747198247909545898e+01 5.030000000000000249e+00 6.700000166893005371e-02 4.476232604980468750e+02
2.756693959236145020e+01 4.990000000000000213e+00 6.700000166893005371e-02 3.497056579589843750e+02
2.767493915557861328e+01 5.000000000000000000e+00 6.700000166893005371e-02 2.797645568847656250e+02
2.776397848129272461e+01 4.959999999999999964e+00 6.700000166893005371e-02 2.657763061523437500e+02
2.788094568252563477e+01 5.030000000000000249e+00 6.700000166893005371e-02 3.636938781738281250e+02
2.797094225883483887e+01 4.980000000000000426e+00 6.700000166893005371e-02 3.497056579589843750e+02
2.807893943786621094e+01 4.839999999999999858e+00 6.700000166893005371e-02 3.636938781738281250e+02
2.817394161224365234e+01 4.959999999999999964e+00 6.700000166893005371e-02 8.392935943603515625e+01
2.826398277282714844e+01 4.790000000000000036e+00 6.700000166893005371e-02 0.000000000000000000e+00
2.837093997001647949e+01 4.629999999999999893e+00 6.700000166893005371e-02 0.000000000000000000e+00
2.846594262123107910e+01 4.709999999999999964e+00 6.700000166893005371e-02 9.791758728027343750e+01
2.857904386520385742e+01 4.900000000000000355e+00 6.700000166893005371e-02 2.657763061523437500e+02
2.866398906707763672e+01 4.809999999999999609e+00 6.700000166893005371e-02 2.657763061523437500e+02
2.878094244003295898e+01 4.849999999999999645e+00 6.700000166893005371e-02 4.476232604980468750e+02
2.887198662757873535e+01 4.900000000000000355e+00 6.700000166893005371e-02 4.616115112304687500e+02
2.897894644737243652e+01 4.919999999999999929e+00 6.700000166893005371e-02 5.455408935546875000e+02
2.906994462013244629e+01 5.019999999999999574e+00 6.700000166893005371e-02 7.133995361328125000e+02
2.916397500038146973e+01 5.000000000000000000e+00 6.700000166893005371e-02 6.294701538085937500e+02
2.927198362350463867e+01 4.879999999999999893e+00 6.700000166893005371e-02 5.315526123046875000e+02
2.936193895339965820e+01 4.879999999999999893e+00 6.700000166893005371e-02 5.315526123046875000e+02
2.947894358634948730e+01 4.980000000000000426e+00 6.700000166893005371e-02 5.455408935546875000e+02
2.956494021415710449e+01 5.030000000000000249e+00 6.700000166893005371e-02 4.476232604980468750e+02
2.967694163322448730e+01 5.059999999999999609e+00 6.700000166893005371e-02 4.476232604980468750e+02
2.977197909355163574e+01 5.040000000000000036e+00 6.700000166893005371e-02 4.476232604980468750e+02
2.987999081611633301e+01 4.980000000000000426e+00 6.700000166893005371e-02 4.476232604980468750e+02
2.996894001960754395e+01 4.929999999999999716e+00 6.700000166893005371e-02 5.315526123046875000e+02
3.006399273872375488e+01 4.980000000000000426e+00 6.700000166893005371e-02 5.455408935546875000e+02
3.017598295211791992e+01 5.019999999999999574e+00 6.700000166893005371e-02 4.476232604980468750e+02
3.026798963546752930e+01 4.950000000000000178e+00 6.700000166893005371e-02 5.455408935546875000e+02
3.037901806831359863e+01 5.019999999999999574e+00 6.700000166893005371e-02 5.315526123046875000e+02
3.046897649765014648e+01 5.080000000000000071e+00 6.700000166893005371e-02 7.133995361328125000e+02
3.057598161697387695e+01 5.080000000000000071e+00 6.700000166893005371e-02 5.455408935546875000e+02
3.067094326019287109e+01 5.019999999999999574e+00 6.700000166893005371e-02 5.315526123046875000e+02
3.076193881034851074e+01 4.959999999999999964e+00 6.700000166893005371e-02 3.636938781738281250e+02
3.086904096603393555e+01 4.900000000000000355e+00 6.700000166893005371e-02 4.476232604980468750e+02
3.095997786521911621e+01 4.889999999999999680e+00 6.700000166893005371e-02 4.476232604980468750e+02
3.107695508003234863e+01 4.950000000000000178e+00 6.700000166893005371e-02 4.476232604980468750e+02
3.116194987297058105e+01 4.950000000000000178e+00 6.700000166893005371e-02 4.476232604980468750e+02
3.127494120597839355e+01 4.940000000000000391e+00 6.700000166893005371e-02 0.000000000000000000e+00
3.136896443367004395e+01 4.719999999999999751e+00 6.700000166893005371e-02 9.791758728027343750e+01
3.147694301605224609e+01 4.790000000000000036e+00 6.700000166893005371e-02 0.000000000000000000e+00
3.156693983078002930e+01 4.730000000000000426e+00 6.700000166893005371e-02 0.000000000000000000e+00
3.166194033622741699e+01 4.690000000000000391e+00 6.700000166893005371e-02 0.000000000000000000e+00
3.176994085311889648e+01 4.870000000000000107e+00 6.700000166893005371e-02 0.000000000000000000e+00
3.188094115257263184e+01 5.500000000000000000e+00 6.700000166893005371e-02 0.000000000000000000e+00
3.197694182395935059e+01 6.200000000000000178e+00 6.700000166893005371e-02 0.000000000000000000e+00
3.206594276428222656e+01 6.849999999999999645e+00 6.700000166893005371e-02 0.000000000000000000e+00
3.217394733428955078e+01 7.129999999999999893e+00 6.700000166893005371e-02 0.000000000000000000e+00
3.226894450187683105e+01 7.549999999999999822e+00 6.700000166893005371e-02 0.000000000000000000e+00
3.238094162940979004e+01 8.019999999999999574e+00 6.700000166893005371e-02 -9.791758728027343750e+01
3.246594142913818359e+01 8.580000000000000071e+00 6.700000166893005371e-02 0.000000000000000000e+00
3.256094431877136230e+01 8.939999999999999503e+00 6.700000166893005371e-02 -8.392935943603515625e+01
3.267394375801086426e+01 7.459999999999999964e+00 3.299999982118606567e-02 -1.524716674804687500e+03
3.278094410896301270e+01 5.080000000000000071e+00 3.299999982118606567e-02 -1.706563598632812500e+03
3.287598323822021484e+01 4.799999999999999822e+00 3.299999982118606567e-02 -1.538704956054687500e+03
3.296693825721740723e+01 4.910000000000000142e+00 3.299999982118606567e-02 -1.440787353515625000e+03
3.307394003868103027e+01 4.879999999999999893e+00 3.299999982118606567e-02 -1.258940307617187500e+03
3.316494131088256836e+01 4.839999999999999858e+00 3.299999982118606567e-02 -1.161022827148437500e+03
3.328094196319580078e+01 4.919999999999999929e+00 3.299999982118606567e-02 -9.931641235351562500e+02
3.336693906784057617e+01 4.980000000000000426e+00 3.299999982118606567e-02 -8.952465209960937500e+02
3.347999024391174316e+01 4.889999999999999680e+00 3.299999982118606567e-02 -7.133995361328125000e+02
3.357394385337829590e+01 4.790000000000000036e+00 3.299999982118606567e-02 -7.133995361328125000e+02
3.366693806648254395e+01 4.980000000000000426e+00 3.299999982118606567e-02 -6.294701538085937500e+02
3.377197909355163574e+01 4.929999999999999716e+00 3.299999982118606567e-02 -6.294701538085937500e+02
3.386694288253784180e+01 4.900000000000000355e+00 3.299999982118606567e-02 -5.455408935546875000e+02
3.397494840621948242e+01 4.940000000000000391e+00 3.299999982118606567e-02 -5.455408935546875000e+02
3.406398200988769531e+01 5.019999999999999574e+00 3.299999982118606567e-02 -6.294701538085937500e+02
3.416593813896179199e+01 4.910000000000000142e+00 3.299999982118606567e-02 -6.294701538085937500e+02
3.427094054222106934e+01 4.959999999999999964e+00 3.299999982118606567e-02 -5.455408935546875000e+02
3.437894606590270996e+01 4.959999999999999964e+00 3.299999982118606567e-02 -5.455408935546875000e+02
3.447393989562988281e+01 4.959999999999999964e+00 3.299999982118606567e-02 -5.455408935546875000e+02
3.456398224830627441e+01 4.969999999999999751e+00 3.299999982118606567e-02 -6.294701538085937500e+02
3.467094111442565918e+01 4.980000000000000426e+00 3.299999982118606567e-02 -7.273877563476562500e+02
3.476594376564025879e+01 4.950000000000000178e+00 3.299999982118606567e-02 -6.294701538085937500e+02
3.487894582748413086e+01 4.940000000000000391e+00 3.299999982118606567e-02 -6.294701538085937500e+02
3.496397566795349121e+01 4.950000000000000178e+00 3.299999982118606567e-02 -6.294701538085937500e+02
3.508094525337219238e+01 4.959999999999999964e+00 3.299999982118606567e-02 -7.273877563476562500e+02
3.517197871208190918e+01 4.940000000000000391e+00 3.299999982118606567e-02 -6.294701538085937500e+02
3.527897286415100098e+01 4.950000000000000178e+00 3.299999982118606567e-02 -4.476232604980468750e+02
3.536994528770446777e+01 4.969999999999999751e+00 3.299999982118606567e-02 -4.476232604980468750e+02
3.546398186683654785e+01 5.000000000000000000e+00 3.299999982118606567e-02 -4.476232604980468750e+02
3.557197952270507812e+01 4.929999999999999716e+00 3.299999982118606567e-02 -6.294701538085937500e+02
3.566194510459899902e+01 4.929999999999999716e+00 3.299999982118606567e-02 -5.455408935546875000e+02
3.577895855903625488e+01 4.919999999999999929e+00 3.299999982118606567e-02 -6.294701538085937500e+02
3.586493873596191406e+01 4.959999999999999964e+00 3.299999982118606567e-02 -6.294701538085937500e+02
3.597694110870361328e+01 4.929999999999999716e+00 3.299999982118606567e-02 -6.294701538085937500e+02
3.607197546958923340e+01 4.969999999999999751e+00 3.299999982118606567e-02 -6.294701538085937500e+02
3.617998886108398438e+01 4.980000000000000426e+00 3.299999982118606567e-02 -5.455408935546875000e+02
3.626894211769104004e+01 4.940000000000000391e+00 3.299999982118606567e-02 -6.434584350585937500e+02
3.636397767066955566e+01 4.919999999999999929e+00 3.299999982118606567e-02 -6.434584350585937500e+02
3.647597670555114746e+01 4.969999999999999751e+00 3.299999982118606567e-02 -6.294701538085937500e+02
3.657694101333618164e+01 4.929999999999999716e+00 3.299999982118606567e-02 -7.273877563476562500e+02
3.667894315719604492e+01 4.940000000000000391e+00 3.299999982118606567e-02 -8.113171386718750000e+02
3.676894640922546387e+01 4.879999999999999893e+00 3.299999982118606567e-02 -7.973289184570312500e+02
3.687598299980163574e+01 4.959999999999999964e+00 3.299999982118606567e-02 -6.294701538085937500e+02
3.697094225883483887e+01 4.969999999999999751e+00 3.299999982118606567e-02 -7.133995361328125000e+02
3.706193947792053223e+01 4.900000000000000355e+00 3.299999982118606567e-02 -6.294701538085937500e+02
3.716895198822021484e+01 4.959999999999999964e+00 3.299999982118606567e-02 -6.294701538085937500e+02
3.725998282432556152e+01 4.959999999999999964e+00 3.299999982118606567e-02 -8.113171386718750000e+02
3.737694692611694336e+01 4.910000000000000142e+00 3.299999982118606567e-02 -6.294701538085937500e+02
3.746194100379943848e+01 4.969999999999999751e+00 3.299999982118606567e-02 -5.455408935546875000e+02
3.757494139671325684e+01 4.990000000000000213e+00 3.299999982118606567e-02 -4.616115112304687500e+02
3.766894674301147461e+01 4.990000000000000213e+00 3.299999982118606567e-02 -6.294701538085937500e+02
3.777693915367126465e+01 4.969999999999999751e+00 3.299999982118606567e-02 -6.294701538085937500e+02
3.786693930625915527e+01 4.940000000000000391e+00 3.299999982118606567e-02 -7.273877563476562500e+02
3.796193981170654297e+01 4.879999999999999893e+00 3.299999982118606567e-02 -7.133995361328125000e+02
3.806994175910949707e+01 4.929999999999999716e+00 3.299999982118606567e-02 -6.434584350585937500e+02
3.818094277381896973e+01 4.910000000000000142e+00 3.299999982118606567e-02 -5.455408935546875000e+02
3.827694129943847656e+01 4.959999999999999964e+00 3.299999982118606567e-02 -5.455408935546875000e+02
3.836599493026733398e+01 5.019999999999999574e+00 3.299999982118606567e-02 -5.315526123046875000e+02
3.847393822669982910e+01 5.030000000000000249e+00 3.299999982118606567e-02 -5.455408935546875000e+02
3.856894779205322266e+01 5.019999999999999574e+00 3.299999982118606567e-02 -7.133995361328125000e+02
3.868094372749328613e+01 4.929999999999999716e+00 3.299999982118606567e-02 -7.273877563476562500e+02
3.876594042778015137e+01 4.959999999999999964e+00 3.299999982118606567e-02 -7.273877563476562500e+02
3.886094379425048828e+01 5.009999999999999787e+00 3.299999982118606567e-02 -7.133995361328125000e+02
3.897394037246704102e+01 4.990000000000000213e+00 3.299999982118606567e-02 -8.113171386718750000e+02
3.908094191551208496e+01 4.959999999999999964e+00 3.299999982118606567e-02 -7.273877563476562500e+02
3.917598247528076172e+01 4.950000000000000178e+00 3.299999982118606567e-02 -8.113171386718750000e+02
3.926694631576538086e+01 4.919999999999999929e+00 3.299999982118606567e-02 -7.133995361328125000e+02
3.937393808364868164e+01 5.009999999999999787e+00 3.299999982118606567e-02 -5.315526123046875000e+02
3.946493935585021973e+01 4.959999999999999964e+00 3.299999982118606567e-02 -6.294701538085937500e+02
3.955904293060302734e+01 5.019999999999999574e+00 3.299999982118606567e-02 -7.133995361328125000e+02
3.966693854331970215e+01 4.969999999999999751e+00 3.299999982118606567e-02 -8.113171386718750000e+02
3.977998042106628418e+01 4.839999999999999858e+00 3.299999982118606567e-02 -9.092347412109375000e+02
3.987394285202026367e+01 4.950000000000000178e+00 3.299999982118606567e-02 -9.791759033203125000e+02
3.997598767280578613e+01 4.900000000000000355e+00 3.299999982118606567e-02 -9.931641235351562500e+02
4.007197761535644531e+01 4.910000000000000142e+00 3.299999982118606567e-02 -8.952465209960937500e+02
4.016693806648254395e+01 4.879999999999999893e+00 3.299999982118606567e-02 -7.133995361328125000e+02
4.027493906021118164e+01 4.889999999999999680e+00 3.299999982118606567e-02 -5.455408935546875000e+02
4.036399269104003906e+01 4.919999999999999929e+00 3.299999982118606567e-02 -4.476232604980468750e+02
4.047394037246704102e+01 4.650000000000000355e+00 3.299999982118606567e-02 -6.294701538085937500e+02
4.057094001770019531e+01 4.919999999999999929e+00 3.299999982118606567e-02 -6.294701538085937500e+02
4.067898106575012207e+01 4.900000000000000355e+00 3.299999982118606567e-02 -3.636938781738281250e+02
4.077394104003906250e+01 4.940000000000000391e+00 3.299999982118606567e-02 -5.455408935546875000e+02
4.086398077011108398e+01 5.009999999999999787e+00 3.299999982118606567e-02 -5.455408935546875000e+02
4.097094058990478516e+01 4.969999999999999751e+00 3.299999982118606567e-02 -6.294701538085937500e+02
4.106594061851501465e+01 4.950000000000000178e+00 3.299999982118606567e-02 -7.273877563476562500e+02
4.117897367477416992e+01 4.919999999999999929e+00 3.299999982118606567e-02 -5.315526123046875000e+02
4.126398038864135742e+01 4.919999999999999929e+00 3.299999982118606567e-02 -4.476232604980468750e+02
4.138094449043273926e+01 5.009999999999999787e+00 3.299999982118606567e-02 -6.434584350585937500e+02
4.147198128700256348e+01 5.070000000000000284e+00 3.299999982118606567e-02 -6.294701538085937500e+02
4.157893896102905273e+01 4.940000000000000391e+00 3.299999982118606567e-02 -6.294701538085937500e+02
4.166994142532348633e+01 4.919999999999999929e+00 3.299999982118606567e-02 -6.294701538085937500e+02
4.176398468017578125e+01 4.910000000000000142e+00 3.299999982118606567e-02 -8.952465209960937500e+02
4.187197780609130859e+01 4.370000000000000107e+00 3.299999982118606567e-02 0.000000000000000000e+00
4.196194887161254883e+01 3.899999999999999911e+00 3.299999982118606567e-02 0.000000000000000000e+00
4.207894229888916016e+01 3.870000000000000107e+00 3.299999982118606567e-02 0.000000000000000000e+00
4.216493964195251465e+01 3.140000000000000124e+00 3.299999982118606567e-02 0.000000000000000000e+00
4.227694153785705566e+01 2.410000000000000142e+00 6.700000166893005371e-02 6.294701538085937500e+02
4.237197613716125488e+01 3.740000000000000213e+00 6.700000166893005371e-02 1.440787353515625000e+03
4.247997641563415527e+01 4.910000000000000142e+00 6.700000166893005371e-02 1.524716674804687500e+03
4.256899333000183105e+01 5.099999999999999645e+00 6.700000166893005371e-02 1.258940307617187500e+03
4.266398334503173828e+01 5.089999999999999858e+00 6.700000166893005371e-02 9.092347412109375000e+02
4.277597308158874512e+01 5.040000000000000036e+00 6.700000166893005371e-02 9.931641235351562500e+02
4.286094307899475098e+01 5.040000000000000036e+00 6.700000166893005371e-02 8.113171386718750000e+02
4.297894096374511719e+01 5.000000000000000000e+00 6.700000166893005371e-02 9.931641235351562500e+02
4.306894898414611816e+01 5.059999999999999609e+00 6.700000166893005371e-02 8.952465209960937500e+02
4.317597627639770508e+01 5.110000000000000320e+00 6.700000166893005371e-02 9.092347412109375000e+02
4.327094578742980957e+01 5.129999999999999893e+00 6.700000166893005371e-02 8.113171386718750000e+02
4.336203765869140625e+01 5.129999999999999893e+00 6.700000166893005371e-02 4.476232604980468750e+02
4.346896409988403320e+01 5.110000000000000320e+00 6.700000166893005371e-02 3.497056579589843750e+02
4.355999350547790527e+01 4.950000000000000178e+00 6.700000166893005371e-02 3.636938781738281250e+02
4.367694067955017090e+01 4.910000000000000142e+00 6.700000166893005371e-02 4.476232604980468750e+02
4.376193928718566895e+01 4.910000000000000142e+00 6.700000166893005371e-02 5.315526123046875000e+02
4.387493920326232910e+01 4.950000000000000178e+00 6.700000166893005371e-02 7.133995361328125000e+02
4.396895956993103027e+01 4.900000000000000355e+00 6.700000166893005371e-02 8.113171386718750000e+02
4.407694435119628906e+01 5.019999999999999574e+00 6.700000166893005371e-02 8.952465209960937500e+02
4.416693997383117676e+01 4.959999999999999964e+00 6.700000166893005371e-02 7.133995361328125000e+02
4.426194143295288086e+01 4.940000000000000391e+00 6.700000166893005371e-02 7.273877563476562500e+02
4.436994171142578125e+01 5.030000000000000249e+00 6.700000166893005371e-02 8.113171386718750000e+02
4.448094201087951660e+01 5.080000000000000071e+00 6.700000166893005371e-02 9.931641235351562500e+02
4.457694125175476074e+01 5.129999999999999893e+00 6.700000166893005371e-02 7.273877563476562500e+02
4.466593790054321289e+01 5.059999999999999609e+00 6.700000166893005371e-02 5.455408935546875000e+02
4.477393937110900879e+01 5.040000000000000036e+00 6.700000166893005371e-02 3.636938781738281250e+02
4.486899018287658691e+01 5.030000000000000249e+00 6.700000166893005371e-02 4.476232604980468750e+02
4.498094344139099121e+01 5.009999999999999787e+00 6.700000166893005371e-02 4.476232604980468750e+02
4.506594300270080566e+01 5.049999999999999822e+00 6.700000166893005371e-02 4.476232604980468750e+02
4.516094422340393066e+01 5.080000000000000071e+00 6.700000166893005371e-02 6.294701538085937500e+02
4.527393817901611328e+01 5.089999999999999858e+00 6.700000166893005371e-02 5.455408935546875000e+02
4.538094067573547363e+01 5.030000000000000249e+00 6.700000166893005371e-02 5.455408935546875000e+02
4.547598028182983398e+01 5.019999999999999574e+00 6.700000166893005371e-02 5.455408935546875000e+02
4.556694006919860840e+01 5.030000000000000249e+00 6.700000166893005371e-02 6.294701538085937500e+02
4.567394185066223145e+01 4.969999999999999751e+00 6.700000166893005371e-02 5.315526123046875000e+02
4.576494431495666504e+01 5.019999999999999574e+00 6.700000166893005371e-02 6.434584350585937500e+02
4.586593914031982422e+01 5.030000000000000249e+00 6.700000166893005371e-02 5.315526123046875000e+02
4.596693921089172363e+01 5.000000000000000000e+00 6.700000166893005371e-02 6.294701538085937500e+02
4.607998538017272949e+01 5.009999999999999787e+00 6.700000166893005371e-02 7.273877563476562500e+02
4.617394042015075684e+01 4.910000000000000142e+00 6.700000166893005371e-02 6.294701538085937500e+02
4.628094315528869629e+01 4.900000000000000355e+00 6.700000166893005371e-02 8.113171386718750000e+02
4.637198305130004883e+01 5.030000000000000249e+00 6.700000166893005371e-02 7.273877563476562500e+02
4.646694135665893555e+01 5.120000000000000107e+00 6.700000166893005371e-02 7.273877563476562500e+02
4.657494735717773438e+01 5.059999999999999609e+00 6.700000166893005371e-02 6.294701538085937500e+02
4.666398882865905762e+01 4.990000000000000213e+00 6.700000166893005371e-02 7.133995361328125000e+02
4.677393937110900879e+01 5.030000000000000249e+00 6.700000166893005371e-02 7.133995361328125000e+02
4.687094402313232422e+01 5.089999999999999858e+00 6.700000166893005371e-02 7.973289184570312500e+02
4.697904491424560547e+01 5.110000000000000320e+00 6.700000166893005371e-02 6.294701538085937500e+02
4.707393932342529297e+01 5.089999999999999858e+00 6.700000166893005371e-02 4.476232604980468750e+02
4.716397762298583984e+01 5.019999999999999574e+00 6.700000166893005371e-02 3.636938781738281250e+02
4.727093863487243652e+01 4.950000000000000178e+00 6.700000166893005371e-02 3.636938781738281250e+02
4.736594080924987793e+01 4.870000000000000107e+00 6.700000166893005371e-02 6.294701538085937500e+02
4.747893834114074707e+01 4.969999999999999751e+00 6.700000166893005371e-02 8.113171386718750000e+02
4.756398105621337891e+01 5.070000000000000284e+00 6.700000166893005371e-02 6.294701538085937500e+02
4.768094110488891602e+01 5.030000000000000249e+00 6.700000166893005371e-02 6.294701538085937500e+02
4.777198696136474609e+01 5.019999999999999574e+00 6.700000166893005371e-02 6.294701538085937500e+02
4.787894201278686523e+01 5.030000000000000249e+00 6.700000166893005371e-02 6.434584350585937500e+02
4.796994376182556152e+01 4.990000000000000213e+00 6.700000166893005371e-02 7.273877563476562500e+02
4.806397891044616699e+01 5.009999999999999787e+00 6.700000166893005371e-02 7.973289184570312500e+02
4.817198920249938965e+01 5.000000000000000000e+00 6.700000166893005371e-02 9.092347412109375000e+02
4.826193833351135254e+01 5.009999999999999787e+00 6.700000166893005371e-02 8.952465209960937500e+02
4.837894582748413086e+01 5.019999999999999574e+00 6.700000166893005371e-02 7.273877563476562500e+02
4.846493792533874512e+01 4.950000000000000178e+00 6.700000166893005371e-02 8.113171386718750000e+02
4.857694149017333984e+01 4.980000000000000426e+00 6.700000166893005371e-02 8.952465209960937500e+02
4.867197871208190918e+01 5.019999999999999574e+00 6.700000166893005371e-02 8.952465209960937500e+02
4.877998399734497070e+01 5.059999999999999609e+00 6.700000166893005371e-02 8.952465209960937500e+02
4.886894369125366211e+01 5.070000000000000284e+00 6.700000166893005371e-02 8.113171386718750000e+02
4.896397829055786133e+01 5.070000000000000284e+00 6.700000166893005371e-02 7.133995361328125000e+02
4.907598280906677246e+01 5.019999999999999574e+00 6.700000166893005371e-02 6.294701538085937500e+02
4.917694759368896484e+01 5.049999999999999822e+00 6.700000166893005371e-02 7.133995361328125000e+02
4.927894616127014160e+01 5.049999999999999822e+00 6.700000166893005371e-02 6.294701538085937500e+02
4.936894226074218750e+01 5.000000000000000000e+00 6.700000166893005371e-02 7.273877563476562500e+02
4.947597956657409668e+01 5.040000000000000036e+00 6.700000166893005371e-02 6.294701538085937500e+02
4.957094168663024902e+01 4.990000000000000213e+00 6.700000166893005371e-02 6.294701538085937500e+02
4.966193819046020508e+01 4.950000000000000178e+00 6.700000166893005371e-02 8.113171386718750000e+02
4.976894378662109375e+01 4.959999999999999964e+00 6.700000166893005371e-02 8.113171386718750000e+02
4.985999274253845215e+01 5.000000000000000000e+00 6.700000166893005371e-02 8.113171386718750000e+02
4.997695255279541016e+01 5.089999999999999858e+00 6.700000166893005371e-02 8.113171386718750000e+02
5.006194067001342773e+01 4.919999999999999929e+00 6.700000166893005371e-02 7.133995361328125000e+02
5.017494010925292969e+01 4.879999999999999893e+00 6.700000166893005371e-02 8.113171386718750000e+02
5.026894450187683105e+01 4.980000000000000426e+00 6.700000166893005371e-02 9.931641235351562500e+02
5.037693715095520020e+01 5.080000000000000071e+00 6.700000166893005371e-02 9.931641235351562500e+02
5.046695065498352051e+01 5.049999999999999822e+00 6.700000166893005371e-02 7.133995361328125000e+02
5.056193900108337402e+01 5.000000000000000000e+00 6.700000166893005371e-02 6.294701538085937500e+02
5.066994428634643555e+01 5.040000000000000036e+00 6.700000166893005371e-02 5.315526123046875000e+02
5.078194403648376465e+01 4.990000000000000213e+00 6.700000166893005371e-02 7.133995361328125000e+02
5.087694096565246582e+01 5.049999999999999822e+00 6.700000166893005371e-02 9.092347412109375000e+02
5.096594071388244629e+01 5.070000000000000284e+00 6.700000166893005371e-02 7.273877563476562500e+02
5.107394146919250488e+01 5.030000000000000249e+00 6.700000166893005371e-02 6.294701538085937500e+02
5.116895651817321777e+01 4.969999999999999751e+00 6.700000166893005371e-02 6.294701538085937500e+02
5.128094124794006348e+01 4.969999999999999751e+00 6.700000166893005371e-02 7.133995361328125000e+02
5.136593914031982422e+01 5.030000000000000249e+00 6.700000166893005371e-02 9.791758728027343750e+01
5.146094202995300293e+01 5.070000000000000284e+00 6.700000166893005371e-02 0.000000000000000000e+00
5.157394099235534668e+01 4.759999999999999787e+00 6.700000166893005371e-02 8.392935943603515625e+01
5.168093919754028320e+01 4.700000000000000178e+00 6.700000166893005371e-02 0.000000000000000000e+00
5.177598071098327637e+01 4.719999999999999751e+00 6.700000166893005371e-02 0.000000000000000000e+00
5.186694312095642090e+01 4.660000000000000142e+00 6.700000166893005371e-02 0.000000000000000000e+00
5.197394323348999023e+01 4.660000000000000142e+00 6.700000166893005371e-02 0.000000000000000000e+00
5.206494188308715820e+01 4.700000000000000178e+00 6.700000166893005371e-02 0.000000000000000000e+00
5.218196296691894531e+01 4.679999999999999716e+00 6.700000166893005371e-02 0.000000000000000000e+00
5.226693916320800781e+01 4.629999999999999893e+00 6.700000166893005371e-02 0.000000000000000000e+00
5.237998151779174805e+01 4.730000000000000426e+00 6.700000166893005371e-02 0.000000000000000000e+00
5.247394323348999023e+01 5.349999999999999645e+00 6.700000166893005371e-02 0.000000000000000000e+00
5.258194279670715332e+01 5.559999999999999609e+00 6.700000166893005371e-02 0.000000000000000000e+00
5.267198443412780762e+01 6.450000000000000178e+00 6.700000166893005371e-02 0.000000000000000000e+00
5.276694107055664062e+01 6.759999999999999787e+00 6.700000166893005371e-02 0.000000000000000000e+00
5.287493920326232910e+01 7.360000000000000320e+00 6.700000166893005371e-02 0.000000000000000000e+00
5.296398639678955078e+01 8.269999999999999574e+00 6.700000166893005371e-02 0.000000000000000000e+00
5.307394027709960938e+01 8.679999999999999716e+00 6.700000166893005371e-02 0.000000000000000000e+00
5.317094683647155762e+01 9.169999999999999929e+00 3.299999982118606567e-02 -9.791758728027343750e+01
5.327894067764282227e+01 6.940000000000000391e+00 3.299999982118606567e-02 -1.608645996093750000e+03
5.337394213676452637e+01 4.959999999999999964e+00 3.299999982118606567e-02 -1.342869750976562500e+03
5.346398234367370605e+01 4.799999999999999822e+00 3.299999982118606567e-02 -1.258940307617187500e+03
5.357094216346740723e+01 5.000000000000000000e+00 3.299999982118606567e-02 -1.538704956054687500e+03
5.366594386100769043e+01 4.990000000000000213e+00 3.299999982118606567e-02 -1.524716674804687500e+03
5.377904939651489258e+01 4.860000000000000320e+00 3.299999982118606567e-02 -1.440787353515625000e+03
5.386398005485534668e+01 4.929999999999999716e+00 3.299999982118606567e-02 -1.538704956054687500e+03
5.398094964027404785e+01 4.839999999999999858e+00 3.299999982118606567e-02 -1.706563598632812500e+03
5.407198739051818848e+01 4.900000000000000355e+00 3.299999982118606567e-02 -1.804481201171875000e+03
5.417894434928894043e+01 4.900000000000000355e+00 3.299999982118606567e-02 -1.986328247070312500e+03
5.426994109153747559e+01 4.790000000000000036e+00 3.299999982118606567e-02 -1.790493041992187500e+03
5.436398816108703613e+01 4.839999999999999858e+00 3.299999982118606567e-02 -1.622634277343750000e+03
5.447199940681457520e+01 4.860000000000000320e+00 3.299999982118606567e-02 -1.440787353515625000e+03
5.456193995475769043e+01 4.830000000000000071e+00 3.299999982118606567e-02 -1.342869750976562500e+03
5.467894363403320312e+01 4.929999999999999716e+00 3.299999982118606567e-02 -1.258940307617187500e+03
5.476494312286376953e+01 4.879999999999999893e+00 3.299999982118606567e-02 -1.440787353515625000e+03
5.487693953514099121e+01 4.919999999999999929e+00 3.299999982118606567e-02 -1.790493041992187500e+03
5.497198104858398438e+01 4.959999999999999964e+00 3.299999982118606567e-02 -1.804481201171875000e+03
5.507998585700988770e+01 4.849999999999999645e+00 3.299999982118606567e-02 -2.070257568359375000e+03
5.516894602775573730e+01 4.889999999999999680e+00 3.299999982118606567e-02 -2.070257568359375000e+03
5.526399588584899902e+01 4.839999999999999858e+00 3.299999982118606567e-02 -1.804481201171875000e+03
5.537598323822021484e+01 4.830000000000000071e+00 3.299999982118606567e-02 -1.706563598632812500e+03
5.546094584465026855e+01 4.900000000000000355e+00 3.299999982118606567e-02 -1.972340087890625000e+03
5.557894515991210938e+01 4.910000000000000142e+00 3.299999982118606567e-02 -2.070257568359375000e+03
5.566894483566284180e+01 4.759999999999999787e+00 3.299999982118606567e-02 -2.252104736328125000e+03
5.577598190307617188e+01 4.769999999999999574e+00 3.299999982118606567e-02 -1.804481201171875000e+03
5.587094306945800781e+01 4.730000000000000426e+00 3.299999982118606567e-02 -1.440787353515625000e+03
5.596194076538085938e+01 4.919999999999999929e+00 3.299999982118606567e-02 -1.258940307617187500e+03
5.606894445419311523e+01 4.940000000000000391e+00 3.299999982118606567e-02 -1.622634277343750000e+03
5.615998220443725586e+01 4.919999999999999929e+00 3.299999982118606567e-02 -1.440787353515625000e+03
5.627694129943847656e+01 4.889999999999999680e+00 3.299999982118606567e-02 -1.440787353515625000e+03
5.636194109916687012e+01 4.860000000000000320e+00 3.299999982118606567e-02 -1.342869750976562500e+03
5.647494006156921387e+01 4.870000000000000107e+00 3.299999982118606567e-02 -1.440787353515625000e+03
5.656894922256469727e+01 4.860000000000000320e+00 3.299999982118606567e-02 -1.440787353515625000e+03
5.667694735527038574e+01 4.860000000000000320e+00 3.299999982118606567e-02 -1.161022827148437500e+03
5.676693725585937500e+01 4.849999999999999645e+00 3.299999982118606567e-02 -9.931641235351562500e+02
5.686193990707397461e+01 4.940000000000000391e+00 3.299999982118606567e-02 -9.931641235351562500e+02
5.696994662284851074e+01 4.950000000000000178e+00 3.299999982118606567e-02 -8.113171386718750000e+02
5.708194065093994141e+01 4.980000000000000426e+00 3.299999982118606567e-02 -1.258940307617187500e+03
5.717694020271301270e+01 5.000000000000000000e+00 3.299999982118606567e-02 -1.524716674804687500e+03
5.726594090461730957e+01 4.799999999999999822e+00 3.299999982118606567e-02 -8.113171386718750000e+02
5.737393879890441895e+01 4.849999999999999645e+00 3.299999982118606567e-02 -7.133995361328125000e+02
5.746895170211791992e+01 5.150000000000000355e+00 3.299999982118606567e-02 -1.706563598632812500e+03
5.758094406127929688e+01 4.719999999999999751e+00 6.700000166893005371e-02 3.636938781738281250e+02
5.766594004631042480e+01 4.570000000000000284e+00 6.700000166893005371e-02 0.000000000000000000e+00
5.776094436645507812e+01 4.799999999999999822e+00 6.700000166893005371e-02 2.657763061523437500e+02
5.787393808364868164e+01 4.660000000000000142e+00 6.700000166893005371e-02 1.622634277343750000e+03
5.798094129562377930e+01 4.830000000000000071e+00 6.700000166893005371e-02 2.350021972656250000e+03
5.807598280906677246e+01 5.059999999999999609e+00 6.700000166893005371e-02 1.888410644531250000e+03
5.816693782806396484e+01 5.139999999999999680e+00 6.700000166893005371e-02 1.538704956054687500e+03
5.827393865585327148e+01 5.070000000000000284e+00 6.700000166893005371e-02 1.356857910156250000e+03
5.836493921279907227e+01 5.099999999999999645e+00 6.700000166893005371e-02 1.622634277343750000e+03
5.845893788337707520e+01 5.120000000000000107e+00 6.700000166893005371e-02 1.790493041992187500e+03
5.856693911552429199e+01 5.040000000000000036e+00 6.700000166893005371e-02 1.804481201171875000e+03
5.867999172210693359e+01 5.129999999999999893e+00 6.700000166893005371e-02 1.608645996093750000e+03
5.877394294738769531e+01 5.000000000000000000e+00 6.700000166893005371e-02 1.440787353515625000e+03
5.887598085403442383e+01 5.110000000000000320e+00 6.700000166893005371e-02 1.524716674804687500e+03
5.897198939323425293e+01 5.080000000000000071e+00 6.700000166893005371e-02 1.622634277343750000e+03
5.906694006919860840e+01 5.070000000000000284e+00 6.700000166893005371e-02 1.524716674804687500e+03
5.917494225502014160e+01 5.120000000000000107e+00 6.700000166893005371e-02 1.720551879882812500e+03
5.926397895812988281e+01 5.099999999999999645e+00 6.700000166893005371e-02 1.804481201171875000e+03
5.938194227218627930e+01 5.120000000000000107e+00 6.700000166893005371e-02 1.790493041992187500e+03
5.947094130516052246e+01 5.030000000000000249e+00 6.700000166893005371e-02 1.888410644531250000e+03
5.957894206047058105e+01 5.089999999999999858e+00 6.700000166893005371e-02 2.070257568359375000e+03
5.967394304275512695e+01 5.070000000000000284e+00 6.700000166893005371e-02 1.972340087890625000e+03
5.976397418975830078e+01 5.089999999999999858e+00 6.700000166893005371e-02 2.168175292968750000e+03
5.987095904350280762e+01 5.080000000000000071e+00 6.700000166893005371e-02 2.070257568359375000e+03
5.996593999862670898e+01 5.250000000000000000e+00 6.700000166893005371e-02 1.440787353515625000e+03
6.007905006408691406e+01 5.179999999999999716e+00 6.700000166893005371e-02 1.091081787109375000e+03
6.016399502754211426e+01 5.070000000000000284e+00 6.700000166893005371e-02 9.931641235351562500e+02
6.028094077110290527e+01 5.019999999999999574e+00 6.700000166893005371e-02 1.258940307617187500e+03
6.037198424339294434e+01 4.990000000000000213e+00 6.700000166893005371e-02 1.175010986328125000e+03
6.047894167900085449e+01 4.959999999999999964e+00 6.700000166893005371e-02 1.258940307617187500e+03
6.056994199752807617e+01 5.040000000000000036e+00 6.700000166893005371e-02 1.440787353515625000e+03
6.066398096084594727e+01 5.080000000000000071e+00 6.700000166893005371e-02 1.440787353515625000e+03
6.077198481559753418e+01 5.040000000000000036e+00 6.700000166893005371e-02 1.440787353515625000e+03
6.086194133758544922e+01 5.089999999999999858e+00 6.700000166893005371e-02 1.342869750976562500e+03
6.097894191741943359e+01 5.059999999999999609e+00 6.700000166893005371e-02 1.538704956054687500e+03
6.106494235992431641e+01 5.070000000000000284e+00 6.700000166893005371e-02 1.342869750976562500e+03
6.117694282531738281e+01 5.089999999999999858e+00 6.700000166893005371e-02 1.622634277343750000e+03
6.127198624610900879e+01 4.929999999999999716e+00 6.700000166893005371e-02 1.524716674804687500e+03
6.137998437881469727e+01 5.059999999999999609e+00 6.700000166893005371e-02 1.440787353515625000e+03
6.146894478797912598e+01 5.089999999999999858e+00 6.700000166893005371e-02 1.524716674804687500e+03
6.156397747993469238e+01 5.030000000000000249e+00 6.700000166893005371e-02 1.608645996093750000e+03
6.167598628997802734e+01 5.059999999999999609e+00 6.700000166893005371e-02 1.538704956054687500e+03
6.176094603538513184e+01 5.120000000000000107e+00 6.700000166893005371e-02 1.440787353515625000e+03
6.187897872924804688e+01 5.080000000000000071e+00 6.700000166893005371e-02 9.931641235351562500e+02
6.196895551681518555e+01 5.370000000000000107e+00 6.700000166893005371e-02 0.000000000000000000e+00
6.207597470283508301e+01 5.719999999999999751e+00 6.700000166893005371e-02 0.000000000000000000e+00
6.217094016075134277e+01 5.019999999999999574e+00 6.700000166893005371e-02 0.000000000000000000e+00
6.226194286346435547e+01 4.750000000000000000e+00 6.700000166893005371e-02 0.000000000000000000e+00
6.236894416809082031e+01 4.740000000000000213e+00 6.700000166893005371e-02 0.000000000000000000e+00
6.245999145507812500e+01 4.400000000000000355e+00 6.700000166893005371e-02 0.000000000000000000e+00
6.257693934440612793e+01 4.589999999999999858e+00 6.700000166893005371e-02 0.000000000000000000e+00
6.266193914413452148e+01 4.660000000000000142e+00 6.700000166893005371e-02 0.000000000000000000e+00
6.277493953704833984e+01 4.849999999999999645e+00 6.700000166893005371e-02 0.000000000000000000e+00
6.286894559860229492e+01 4.879999999999999893e+00 6.700000166893005371e-02 0.000000000000000000e+00
6.297693943977355957e+01 4.879999999999999893e+00 6.700000166893005371e-02 0.000000000000000000e+00
6.306693887710571289e+01 4.809999999999999609e+00 6.700000166893005371e-02 0.000000000000000000e+00
6.316194033622741699e+01 4.759999999999999787e+00 6.700000166893005371e-02 0.000000000000000000e+00
6.326994156837463379e+01 4.709999999999999964e+00 6.700000166893005371e-02 0.000000000000000000e+00
6.338093996047973633e+01 4.679999999999999716e+00 6.700000166893005371e-02 0.000000000000000000e+00
6.347694230079650879e+01 4.639999999999999680e+00 6.700000166893005371e-02 0.000000000000000000e+00
6.356594014167785645e+01 4.610000000000000320e+00 6.700000166893005371e-02 0.000000000000000000e+00
6.367394161224365234e+01 4.570000000000000284e+00 6.700000166893005371e-02 0.000000000000000000e+00
6.376898193359375000e+01 4.549999999999999822e+00 6.700000166893005371e-02 0.000000000000000000e+00
6.388094401359558105e+01 4.519999999999999574e+00 6.700000166893005371e-02 0.000000000000000000e+00
6.396594119071960449e+01 4.500000000000000000e+00 6.700000166893005371e-02 0.000000000000000000e+00
6.406096625328063965e+01 4.469999999999999751e+00 6.700000166893005371e-02 0.000000000000000000e+00
6.417394185066223145e+01 4.459999999999999964e+00 6.700000166893005371e-02 0.000000000000000000e+00
6.428093957901000977e+01 4.440000000000000391e+00 6.700000166893005371e-02 0.000000000000000000e+00
6.437597870826721191e+01 4.419999999999999929e+00 6.700000166893005371e-02 0.000000000000000000e+00
6.446693944931030273e+01 4.400000000000000355e+00 6.700000166893005371e-02 0.000000000000000000e+00
