8.399820327758789062e-02 1.600000000000000089e+00 2.500000037252902985e-02 0.000000000000000000e+00
1.639995574951171875e-01 1.600000000000000089e+00 2.500000037252902985e-02 0.000000000000000000e+00
2.790400981903076172e-01 1.600000000000000089e+00 2.500000037252902985e-02 0.000000000000000000e+00
3.699991703033447266e-01 1.600000000000000089e+00 2.500000037252902985e-02 0.000000000000000000e+00
4.809975624084472656e-01 1.600000000000000089e+00 2.500000037252902985e-02 0.000000000000000000e+00
5.699977874755859375e-01 1.600000000000000089e+00 2.500000037252902985e-02 0.000000000000000000e+00
6.830420494079589844e-01 1.600000000000000089e+00 2.500000037252902985e-02 0.000000000000000000e+00
7.740061283111572266e-01 1.600000000000000089e+00 2.500000037252902985e-02 0.000000000000000000e+00
8.650026321411132812e-01 1.600000000000000089e+00 2.500000037252902985e-02 0.000000000000000000e+00
9.750494956970214844e-01 1.600000000000000089e+00 2.500000037252902985e-02 0.000000000000000000e+00
1.064998865127563477e+00 1.600000000000000089e+00 2.500000037252902985e-02 0.000000000000000000e+00
1.180005311965942383e+00 1.600000000000000089e+00 2.500000037252902985e-02 0.000000000000000000e+00
1.268991708755493164e+00 1.600000000000000089e+00 2.500000037252902985e-02 0.000000000000000000e+00
1.381001710891723633e+00 1.600000000000000089e+00 2.500000037252902985e-02 0.000000000000000000e+00
1.471041917800903320e+00 1.600000000000000089e+00 2.500000037252902985e-02 0.000000000000000000e+00
1.583048343658447266e+00 1.600000000000000089e+00 2.500000037252902985e-02 0.000000000000000000e+00
1.673999786376953125e+00 1.600000000000000089e+00 2.500000037252902985e-02 0.000000000000000000e+00
1.768988370895385742e+00 1.600000000000000089e+00 2.500000037252902985e-02 0.000000000000000000e+00
1.875061988830566406e+00 1.600000000000000089e+00 2.500000037252902985e-02 0.000000000000000000e+00
1.967044115066528320e+00 1.600000000000000089e+00 2.500000037252902985e-02 0.000000000000000000e+00
2.077997207641601562e+00 1.600000000000000089e+00 2.500000037252902985e-02 0.000000000000000000e+00
2.168002367019653320e+00 1.600000000000000089e+00 2.500000037252902985e-02 0.000000000000000000e+00
2.279999256134033203e+00 1.600000000000000089e+00 2.500000037252902985e-02 0.000000000000000000e+00
2.369998455047607422e+00 1.600000000000000089e+00 2.500000037252902985e-02 0.000000000000000000e+00
2.483052015304565430e+00 1.600000000000000089e+00 2.500000037252902985e-02 0.000000000000000000e+00
2.572000026702880859e+00 1.600000000000000089e+00 2.500000037252902985e-02 0.000000000000000000e+00
2.684999465942382812e+00 1.590000000000000080e+00 2.500000037252902985e-02 0.000000000000000000e+00
2.777000188827514648e+00 1.530000000000000027e+00 2.500000037252902985e-02 0.000000000000000000e+00
2.867048263549804688e+00 1.669999999999999929e+00 2.500000037252902985e-02 0.000000000000000000e+00
2.979047298431396484e+00 1.860000000000000098e+00 2.500000037252902985e-02 0.000000000000000000e+00
3.069997549057006836e+00 2.229999999999999982e+00 2.500000037252902985e-02 0.000000000000000000e+00
3.183050394058227539e+00 2.770000000000000018e+00 2.500000037252902985e-02 0.000000000000000000e+00
3.271998405456542969e+00 3.540000000000000036e+00 2.500000037252902985e-02 0.000000000000000000e+00
3.383049488067626953e+00 4.059999999999999609e+00 2.500000037252902985e-02 -1.818469390869140625e+02
3.473008394241333008e+00 4.190000000000000391e+00 2.500000037252902985e-02 -3.636938781738281250e+02
3.565001487731933594e+00 4.089999999999999858e+00 2.500000037252902985e-02 -4.476232604980468750e+02
3.680998086929321289e+00 4.080000000000000071e+00 2.500000037252902985e-02 -4.476232604980468750e+02
3.766001224517822266e+00 4.040000000000000036e+00 2.500000037252902985e-02 -1.818469390869140625e+02
3.877997398376464844e+00 4.099999999999999645e+00 2.500000037252902985e-02 -1.678587188720703125e+02
3.969000816345214844e+00 4.059999999999999609e+00 2.500000037252902985e-02 -8.392935943603515625e+01
4.079998970031738281e+00 4.120000000000000107e+00 2.500000037252902985e-02 -2.657763061523437500e+02
4.176001310348510742e+00 4.139999999999999680e+00 2.500000037252902985e-02 -4.616115112304687500e+02
4.285006999969482422e+00 4.049999999999999822e+00 2.500000037252902985e-02 -4.616115112304687500e+02
4.379998207092285156e+00 4.059999999999999609e+00 2.500000037252902985e-02 -5.455408935546875000e+02
4.468999147415161133e+00 4.059999999999999609e+00 2.500000037252902985e-02 -5.315526123046875000e+02
4.576997995376586914e+00 4.089999999999999858e+00 2.500000037252902985e-02 -5.315526123046875000e+02
4.672000408172607422e+00 4.070000000000000284e+00 2.500000037252902985e-02 -4.476232604980468750e+02
4.784013271331787109e+00 4.099999999999999645e+00 2.500000037252902985e-02 -5.455408935546875000e+02
4.869004964828491211e+00 4.019999999999999574e+00 2.500000037252902985e-02 -5.315526123046875000e+02
4.964010715484619141e+00 4.019999999999999574e+00 2.500000037252902985e-02 -6.294701538085937500e+02
5.077007770538330078e+00 4.009999999999999787e+00 2.500000037252902985e-02 -6.294701538085937500e+02
5.184006690979003906e+00 4.019999999999999574e+00 2.500000037252902985e-02 -7.973289184570312500e+02
5.279043912887573242e+00 4.070000000000000284e+00 2.500000037252902985e-02 -6.294701538085937500e+02
5.369013547897338867e+00 4.089999999999999858e+00 2.500000037252902985e-02 -6.294701538085937500e+02
5.476998567581176758e+00 4.030000000000000249e+00 2.500000037252902985e-02 -6.294701538085937500e+02
5.571033239364624023e+00 3.959999999999999964e+00 2.500000037252902985e-02 -6.294701538085937500e+02
5.683999300003051758e+00 3.950000000000000178e+00 2.500000037252902985e-02 -6.294701538085937500e+02
5.772999286651611328e+00 3.970000000000000195e+00 2.500000037252902985e-02 -5.315526123046875000e+02
5.860003709793090820e+00 4.019999999999999574e+00 2.500000037252902985e-02 -4.476232604980468750e+02
5.976991653442382812e+00 4.070000000000000284e+00 2.500000037252902985e-02 -3.636938781738281250e+02
6.066098451614379883e+00 4.009999999999999787e+00 2.500000037252902985e-02 -3.636938781738281250e+02
6.175046205520629883e+00 4.040000000000000036e+00 2.500000037252902985e-02 -4.616115112304687500e+02
6.270005941390991211e+00 4.000000000000000000e+00 2.500000037252902985e-02 -3.636938781738281250e+02
6.381001472473144531e+00 4.030000000000000249e+00 2.500000037252902985e-02 -2.657763061523437500e+02
6.467043399810791016e+00 4.059999999999999609e+00 2.500000037252902985e-02 -3.636938781738281250e+02
6.584001541137695312e+00 4.049999999999999822e+00 2.500000037252902985e-02 -5.455408935546875000e+02
6.673999786376953125e+00 4.030000000000000249e+00 2.500000037252902985e-02 -5.455408935546875000e+02
6.781999826431274414e+00 4.019999999999999574e+00 2.500000037252902985e-02 -4.616115112304687500e+02
6.877001523971557617e+00 4.040000000000000036e+00 2.500000037252902985e-02 -4.476232604980468750e+02
6.967045307159423828e+00 4.030000000000000249e+00 2.500000037252902985e-02 -5.315526123046875000e+02
7.073998451232910156e+00 4.009999999999999787e+00 2.500000037252902985e-02 -5.315526123046875000e+02
7.169001102447509766e+00 3.990000000000000213e+00 2.500000037252902985e-02 -4.476232604980468750e+02
7.282003641128540039e+00 4.030000000000000249e+00 2.500000037252902985e-02 -4.476232604980468750e+02
7.367046833038330078e+00 4.059999999999999609e+00 2.500000037252902985e-02 -4.476232604980468750e+02
7.484002351760864258e+00 4.040000000000000036e+00 2.500000037252902985e-02 -4.476232604980468750e+02
7.573999404907226562e+00 4.019999999999999574e+00 2.500000037252902985e-02 -4.476232604980468750e+02
7.682003498077392578e+00 4.030000000000000249e+00 2.500000037252902985e-02 -4.476232604980468750e+02
7.776004552841186523e+00 4.049999999999999822e+00 2.500000037252902985e-02 -4.476232604980468750e+02
7.867044925689697266e+00 4.040000000000000036e+00 2.500000037252902985e-02 -4.476232604980468750e+02
7.978009462356567383e+00 4.070000000000000284e+00 2.500000037252902985e-02 -4.476232604980468750e+02
8.065005302429199219e+00 4.080000000000000071e+00 2.500000037252902985e-02 -4.476232604980468750e+02
8.181991338729858398e+00 4.049999999999999822e+00 2.500000037252902985e-02 -4.476232604980468750e+02
8.271044015884399414e+00 4.089999999999999858e+00 2.500000037252902985e-02 -5.455408935546875000e+02
8.380000591278076172e+00 4.019999999999999574e+00 2.500000037252902985e-02 -4.476232604980468750e+02
8.475056171417236328e+00 4.009999999999999787e+00 2.500000037252902985e-02 -5.455408935546875000e+02
8.576001405715942383e+00 3.979999999999999982e+00 2.500000037252902985e-02 -5.455408935546875000e+02
8.671999216079711914e+00 3.910000000000000142e+00 2.500000037252902985e-02 -5.315526123046875000e+02
8.767039775848388672e+00 4.009999999999999787e+00 2.500000037252902985e-02 -4.616115112304687500e+02
8.879052400588989258e+00 4.040000000000000036e+00 2.500000037252902985e-02 -4.476232604980468750e+02
8.980000972747802734e+00 4.049999999999999822e+00 2.500000037252902985e-02 -4.476232604980468750e+02
9.081999301910400391e+00 4.049999999999999822e+00 2.500000037252902985e-02 -4.476232604980468750e+02
9.172009944915771484e+00 4.070000000000000284e+00 2.500000037252902985e-02 -2.657763061523437500e+02
9.279042720794677734e+00 4.080000000000000071e+00 2.500000037252902985e-02 -8.392935943603515625e+01
9.373997926712036133e+00 4.209999999999999964e+00 2.500000037252902985e-02 -2.657763061523437500e+02
9.471036672592163086e+00 4.190000000000000391e+00 2.500000037252902985e-02 -6.294701538085937500e+02
9.571990013122558594e+00 4.040000000000000036e+00 2.500000037252902985e-02 -8.952465209960937500e+02
9.666001319885253906e+00 3.950000000000000178e+00 2.500000037252902985e-02 -7.973289184570312500e+02
9.779034614562988281e+00 3.939999999999999947e+00 2.500000037252902985e-02 -7.133995361328125000e+02
9.868001461029052734e+00 3.959999999999999964e+00 2.500000037252902985e-02 -5.455408935546875000e+02
9.981007814407348633e+00 3.939999999999999947e+00 2.500000037252902985e-02 -4.476232604980468750e+02
1.007200288772583008e+01 3.939999999999999947e+00 2.500000037252902985e-02 -3.636938781738281250e+02
1.018303799629211426e+01 4.070000000000000284e+00 2.500000037252902985e-02 -3.636938781738281250e+02
1.026999974250793457e+01 4.089999999999999858e+00 2.500000037252902985e-02 -5.455408935546875000e+02
1.036500144004821777e+01 3.979999999999999982e+00 2.500000037252902985e-02 -4.616115112304687500e+02
1.047600030899047852e+01 3.990000000000000213e+00 2.500000037252902985e-02 -4.476232604980468750e+02
1.058500766754150391e+01 4.059999999999999609e+00 2.500000037252902985e-02 -3.636938781738281250e+02
1.068000078201293945e+01 4.009999999999999787e+00 2.500000037252902985e-02 -3.636938781738281250e+02
1.076899027824401855e+01 4.009999999999999787e+00 2.500000037252902985e-02 -3.497056579589843750e+02
1.087701511383056641e+01 4.040000000000000036e+00 2.500000037252902985e-02 -2.797645568847656250e+02
1.097200059890747070e+01 4.059999999999999609e+00 2.500000037252902985e-02 -4.476232604980468750e+02
1.108400034904479980e+01 4.019999999999999574e+00 2.500000037252902985e-02 -4.616115112304687500e+02
1.116899776458740234e+01 4.110000000000000320e+00 2.500000037252902985e-02 -3.636938781738281250e+02
1.126400279998779297e+01 4.099999999999999645e+00 2.500000037252902985e-02 -4.476232604980468750e+02
1.137700319290161133e+01 4.030000000000000249e+00 2.500000037252902985e-02 -3.636938781738281250e+02
1.148400068283081055e+01 4.009999999999999787e+00 2.500000037252902985e-02 -4.476232604980468750e+02
1.157904362678527832e+01 4.040000000000000036e+00 2.500000037252902985e-02 -4.476232604980468750e+02
1.166899800300598145e+01 4.019999999999999574e+00 2.500000037252902985e-02 -4.476232604980468750e+02
1.177699828147888184e+01 3.979999999999999982e+00 2.500000037252902985e-02 -3.497056579589843750e+02
1.187103962898254395e+01 3.950000000000000178e+00 2.500000037252902985e-02 -3.636938781738281250e+02
1.198400068283081055e+01 4.070000000000000284e+00 2.500000037252902985e-02 -4.476232604980468750e+02
1.207299780845642090e+01 4.019999999999999574e+00 2.500000037252902985e-02 -3.636938781738281250e+02
1.216000127792358398e+01 4.009999999999999787e+00 2.500000037252902985e-02 -4.616115112304687500e+02
1.227700185775756836e+01 4.049999999999999822e+00 2.500000037252902985e-02 -5.455408935546875000e+02
1.236599850654602051e+01 3.959999999999999964e+00 2.500000037252902985e-02 -5.455408935546875000e+02
1.247505474090576172e+01 3.890000000000000124e+00 2.500000037252902985e-02 -4.616115112304687500e+02
1.256999778747558594e+01 3.979999999999999982e+00 2.500000037252902985e-02 -4.476232604980468750e+02
1.268099999427795410e+01 3.970000000000000195e+00 2.500000037252902985e-02 -3.636938781738281250e+02
1.276704120635986328e+01 4.000000000000000000e+00 2.500000037252902985e-02 -2.657763061523437500e+02
1.287699985504150391e+01 4.059999999999999609e+00 2.500000037252902985e-02 -3.636938781738281250e+02
1.297399854660034180e+01 4.040000000000000036e+00 2.500000037252902985e-02 -3.636938781738281250e+02
1.308199739456176758e+01 4.040000000000000036e+00 2.500000037252902985e-02 -5.455408935546875000e+02
1.317700147628784180e+01 4.019999999999999574e+00 2.500000037252902985e-02 -5.455408935546875000e+02
1.326704883575439453e+01 3.979999999999999982e+00 2.500000037252902985e-02 -6.294701538085937500e+02
1.337399983406066895e+01 3.919999999999999929e+00 2.500000037252902985e-02 -5.315526123046875000e+02
1.346900153160095215e+01 3.750000000000000000e+00 2.500000037252902985e-02 -3.636938781738281250e+02
1.358199858665466309e+01 3.939999999999999947e+00 2.500000037252902985e-02 -3.636938781738281250e+02
1.366704249382019043e+01 3.919999999999999929e+00 2.500000037252902985e-02 -3.636938781738281250e+02
1.378400039672851562e+01 3.910000000000000142e+00 2.500000037252902985e-02 -5.455408935546875000e+02
1.387399768829345703e+01 3.930000000000000160e+00 2.500000037252902985e-02 -4.476232604980468750e+02
1.398199820518493652e+01 3.910000000000000142e+00 2.500000037252902985e-02 -4.476232604980468750e+02
1.407600188255310059e+01 3.879999999999999893e+00 2.500000037252902985e-02 -4.476232604980468750e+02
1.416703343391418457e+01 3.899999999999999911e+00 2.500000037252902985e-02 -5.455408935546875000e+02
1.427799773216247559e+01 3.870000000000000107e+00 2.500000037252902985e-02 -6.294701538085937500e+02
1.436500644683837891e+01 3.759999999999999787e+00 2.500000037252902985e-02 -4.476232604980468750e+02
1.448199009895324707e+01 3.750000000000000000e+00 2.500000037252902985e-02 -5.455408935546875000e+02
1.457104206085205078e+01 3.810000000000000053e+00 2.500000037252902985e-02 -4.476232604980468750e+02
1.468000173568725586e+01 3.839999999999999858e+00 2.500000037252902985e-02 -4.476232604980468750e+02
1.477504658699035645e+01 3.890000000000000124e+00 2.500000037252902985e-02 -4.616115112304687500e+02
1.486400675773620605e+01 3.750000000000000000e+00 2.500000037252902985e-02 -3.497056579589843750e+02
1.497200345993041992e+01 3.890000000000000124e+00 2.500000037252902985e-02 -2.657763061523437500e+02
1.506703734397888184e+01 3.930000000000000160e+00 2.500000037252902985e-02 -3.636938781738281250e+02
1.517903947830200195e+01 3.850000000000000089e+00 2.500000037252902985e-02 -5.455408935546875000e+02
1.527103543281555176e+01 3.810000000000000053e+00 2.500000037252902985e-02 -5.455408935546875000e+02
1.538199734687805176e+01 3.810000000000000053e+00 2.500000037252902985e-02 -5.315526123046875000e+02
1.547200179100036621e+01 3.799999999999999822e+00 2.500000037252902985e-02 -6.294701538085937500e+02
1.557904243469238281e+01 3.740000000000000213e+00 2.500000037252902985e-02 -5.315526123046875000e+02
1.567399001121520996e+01 3.620000000000000107e+00 2.500000037252902985e-02 -5.315526123046875000e+02
1.576399898529052734e+01 3.649999999999999911e+00 2.500000037252902985e-02 -6.294701538085937500e+02
1.587200069427490234e+01 3.669999999999999929e+00 2.500000037252902985e-02 -8.113171386718750000e+02
1.596600484848022461e+01 3.620000000000000107e+00 2.500000037252902985e-02 -5.455408935546875000e+02
1.608199882507324219e+01 3.609999999999999876e+00 2.500000037252902985e-02 -3.636938781738281250e+02
1.617103958129882812e+01 3.589999999999999858e+00 2.500000037252902985e-02 -2.657763061523437500e+02
1.628400111198425293e+01 3.720000000000000195e+00 2.500000037252902985e-02 -4.476232604980468750e+02
1.637504649162292480e+01 3.689999999999999947e+00 2.500000037252902985e-02 -5.455408935546875000e+02
1.648500657081604004e+01 3.640000000000000124e+00 2.500000037252902985e-02 -3.497056579589843750e+02
1.657300615310668945e+01 3.740000000000000213e+00 2.500000037252902985e-02 -2.797645568847656250e+02
1.666799616813659668e+01 4.040000000000000036e+00 2.500000037252902985e-02 -4.476232604980468750e+02
1.677902793884277344e+01 3.950000000000000178e+00 2.500000037252902985e-02 -2.657763061523437500e+02
1.686500549316406250e+01 4.030000000000000249e+00 2.500000037252902985e-02 -4.476232604980468750e+02
1.698303651809692383e+01 4.040000000000000036e+00 2.500000037252902985e-02 -4.476232604980468750e+02
1.707199954986572266e+01 3.959999999999999964e+00 2.500000037252902985e-02 -5.455408935546875000e+02
1.717999887466430664e+01 4.030000000000000249e+00 2.500000037252902985e-02 -6.294701538085937500e+02
1.727504491806030273e+01 3.879999999999999893e+00 2.500000037252902985e-02 -6.294701538085937500e+02
1.736500382423400879e+01 3.750000000000000000e+00 2.500000037252902985e-02 -5.455408935546875000e+02
1.747200369834899902e+01 3.779999999999999805e+00 2.500000037252902985e-02 -6.294701538085937500e+02
1.756705451011657715e+01 3.339999999999999858e+00 2.500000037252902985e-02 0.000000000000000000e+00
1.768000006675720215e+01 3.029999999999999805e+00 2.500000037252902985e-02 0.000000000000000000e+00
1.776499843597412109e+01 2.979999999999999982e+00 2.500000037252902985e-02 0.000000000000000000e+00
1.788199996948242188e+01 2.609999999999999876e+00 2.500000037252902985e-02 0.000000000000000000e+00
1.797200059890747070e+01 2.020000000000000018e+00 2.500000037252902985e-02 0.000000000000000000e+00
1.807999944686889648e+01 1.540000000000000036e+00 2.500000037252902985e-02 9.791758728027343750e+01
1.817399930953979492e+01 1.300000000000000044e+00 2.500000037252902985e-02 2.657763061523437500e+02
1.826500463485717773e+01 1.310000000000000053e+00 2.500000037252902985e-02 4.476232604980468750e+02
1.837600660324096680e+01 1.379999999999999893e+00 2.500000037252902985e-02 4.476232604980468750e+02
1.846304965019226074e+01 1.360000000000000098e+00 2.500000037252902985e-02 3.636938781738281250e+02
1.857999730110168457e+01 1.389999999999999902e+00 2.500000037252902985e-02 1.818469390869140625e+02
1.866900062561035156e+01 1.350000000000000089e+00 2.500000037252902985e-02 4.476232604980468750e+02
1.877799963951110840e+01 1.310000000000000053e+00 2.500000037252902985e-02 6.294701538085937500e+02
1.887300014495849609e+01 1.370000000000000107e+00 2.500000037252902985e-02 6.294701538085937500e+02
1.898399829864501953e+01 1.439999999999999947e+00 2.500000037252902985e-02 4.616115112304687500e+02
1.906999564170837402e+01 1.429999999999999938e+00 2.500000037252902985e-02 1.818469390869140625e+02
1.916500186920166016e+01 1.429999999999999938e+00 2.500000037252902985e-02 8.392935943603515625e+01
1.927700042724609375e+01 1.310000000000000053e+00 2.500000037252902985e-02 2.657763061523437500e+02
1.938500547409057617e+01 1.270000000000000018e+00 2.500000037252902985e-02 8.113171386718750000e+02
1.948000001907348633e+01 1.360000000000000098e+00 2.500000037252902985e-02 9.931641235351562500e+02
1.956999778747558594e+01 1.409999999999999920e+00 2.500000037252902985e-02 8.113171386718750000e+02
1.967699980735778809e+01 1.449999999999999956e+00 2.500000037252902985e-02 5.455408935546875000e+02
1.977199935913085938e+01 1.479999999999999982e+00 2.500000037252902985e-02 3.636938781738281250e+02
1.988499927520751953e+01 1.439999999999999947e+00 2.500000037252902985e-02 1.818469390869140625e+02
1.997001361846923828e+01 1.409999999999999920e+00 2.500000037252902985e-02 9.791758728027343750e+01
2.006400203704833984e+01 1.310000000000000053e+00 2.500000037252902985e-02 2.657763061523437500e+02
2.017699861526489258e+01 1.399999999999999911e+00 2.500000037252902985e-02 3.636938781738281250e+02
2.027103590965270996e+01 1.409999999999999920e+00 2.500000037252902985e-02 4.476232604980468750e+02
2.037904286384582520e+01 1.419999999999999929e+00 2.500000037252902985e-02 4.476232604980468750e+02
2.046999788284301758e+01 1.419999999999999929e+00 2.500000037252902985e-02 5.315526123046875000e+02
2.058099722862243652e+01 1.449999999999999956e+00 2.500000037252902985e-02 5.315526123046875000e+02
2.066800951957702637e+01 1.439999999999999947e+00 2.500000037252902985e-02 5.315526123046875000e+02
2.078500771522521973e+01 1.409999999999999920e+00 2.500000037252902985e-02 4.476232604980468750e+02
2.087399697303771973e+01 1.389999999999999902e+00 2.500000037252902985e-02 4.476232604980468750e+02
2.098313951492309570e+01 1.409999999999999920e+00 2.500000037252902985e-02 2.657763061523437500e+02
2.107809543609619141e+01 1.409999999999999920e+00 2.500000037252902985e-02 1.818469390869140625e+02
2.116714596748352051e+01 1.350000000000000089e+00 2.500000037252902985e-02 3.636938781738281250e+02
2.127504396438598633e+01 1.310000000000000053e+00 2.500000037252902985e-02 4.476232604980468750e+02
2.137000060081481934e+01 1.370000000000000107e+00 2.500000037252902985e-02 5.455408935546875000e+02
2.148199987411499023e+01 1.429999999999999938e+00 2.500000037252902985e-02 5.315526123046875000e+02
2.156703782081604004e+01 1.419999999999999929e+00 2.500000037252902985e-02 5.455408935546875000e+02
2.168500375747680664e+01 1.340000000000000080e+00 2.500000037252902985e-02 5.455408935546875000e+02
2.177505588531494141e+01 1.370000000000000107e+00 2.500000037252902985e-02 6.294701538085937500e+02
2.188200139999389648e+01 1.409999999999999920e+00 2.500000037252902985e-02 7.133995361328125000e+02
2.197699928283691406e+01 1.429999999999999938e+00 2.500000037252902985e-02 6.294701538085937500e+02
2.206704139709472656e+01 1.479999999999999982e+00 2.500000037252902985e-02 6.294701538085937500e+02
2.217505311965942383e+01 1.439999999999999947e+00 2.500000037252902985e-02 5.455408935546875000e+02
2.226899862289428711e+01 1.409999999999999920e+00 2.500000037252902985e-02 5.315526123046875000e+02
2.238200020790100098e+01 1.379999999999999893e+00 2.500000037252902985e-02 6.294701538085937500e+02
2.247104144096374512e+01 1.399999999999999911e+00 2.500000037252902985e-02 6.294701538085937500e+02
2.258400273323059082e+01 1.439999999999999947e+00 2.500000037252902985e-02 6.294701538085937500e+02
2.267504620552062988e+01 1.459999999999999964e+00 2.500000037252902985e-02 4.476232604980468750e+02
2.276400017738342285e+01 1.479999999999999982e+00 2.500000037252902985e-02 3.636938781738281250e+02
2.287299823760986328e+01 1.439999999999999947e+00 2.500000037252902985e-02 1.818469390869140625e+02
2.296799945831298828e+01 1.379999999999999893e+00 2.500000037252902985e-02 3.497056579589843750e+02
2.307904934883117676e+01 1.389999999999999902e+00 2.500000037252902985e-02 4.476232604980468750e+02
2.316500210762023926e+01 1.360000000000000098e+00 2.500000037252902985e-02 4.476232604980468750e+02
2.328304648399353027e+01 1.379999999999999893e+00 2.500000037252902985e-02 4.616115112304687500e+02
2.337199854850769043e+01 1.399999999999999911e+00 2.500000037252902985e-02 5.455408935546875000e+02
2.348000073432922363e+01 1.439999999999999947e+00 2.500000037252902985e-02 5.315526123046875000e+02
2.357504653930664062e+01 1.429999999999999938e+00 2.500000037252902985e-02 5.315526123046875000e+02
2.366500663757324219e+01 1.409999999999999920e+00 2.500000037252902985e-02 6.294701538085937500e+02
2.377200746536254883e+01 1.409999999999999920e+00 2.500000037252902985e-02 7.273877563476562500e+02
2.386703276634216309e+01 1.360000000000000098e+00 2.500000037252902985e-02 7.273877563476562500e+02
2.398000288009643555e+01 1.370000000000000107e+00 2.500000037252902985e-02 8.113171386718750000e+02
2.406499838829040527e+01 1.439999999999999947e+00 2.500000037252902985e-02 7.273877563476562500e+02
2.418199896812438965e+01 1.429999999999999938e+00 2.500000037252902985e-02 6.294701538085937500e+02
2.427199983596801758e+01 1.479999999999999982e+00 2.500000037252902985e-02 5.455408935546875000e+02
2.438000106811523438e+01 1.419999999999999929e+00 2.500000037252902985e-02 3.636938781738281250e+02
2.447399950027465820e+01 1.419999999999999929e+00 2.500000037252902985e-02 2.797645568847656250e+02
2.456500267982482910e+01 1.320000000000000062e+00 2.500000037252902985e-02 5.315526123046875000e+02
2.467600035667419434e+01 1.350000000000000089e+00 2.500000037252902985e-02 5.315526123046875000e+02
2.476303887367248535e+01 1.419999999999999929e+00 2.500000037252902985e-02 5.455408935546875000e+02
2.488000488281250000e+01 1.459999999999999964e+00 2.500000037252902985e-02 5.455408935546875000e+02
2.496899795532226562e+01 1.409999999999999920e+00 2.500000037252902985e-02 4.476232604980468750e+02
2.507800102233886719e+01 1.409999999999999920e+00 2.500000037252902985e-02 6.294701538085937500e+02
2.517299914360046387e+01 1.360000000000000098e+00 2.500000037252902985e-02 6.294701538085937500e+02
2.528400015830993652e+01 1.350000000000000089e+00 2.500000037252902985e-02 7.133995361328125000e+02
2.536999773979187012e+01 1.439999999999999947e+00 2.500000037252902985e-02 5.315526123046875000e+02
2.546499896049499512e+01 1.449999999999999956e+00 2.500000037252902985e-02 7.133995361328125000e+02
2.557699990272521973e+01 1.399999999999999911e+00 2.500000037252902985e-02 6.294701538085937500e+02
2.568400192260742188e+01 1.439999999999999947e+00 2.500000037252902985e-02 6.294701538085937500e+02
2.578000164031982422e+01 1.459999999999999964e+00 2.500000037252902985e-02 5.455408935546875000e+02
2.586999988555908203e+01 1.399999999999999911e+00 2.500000037252902985e-02 4.476232604980468750e+02
2.597699904441833496e+01 1.389999999999999902e+00 2.500000037252902985e-02 4.476232604980468750e+02
2.607200765609741211e+01 1.399999999999999911e+00 2.500000037252902985e-02 6.294701538085937500e+02
2.618500900268554688e+01 1.360000000000000098e+00 2.500000037252902985e-02 6.294701538085937500e+02
2.626999735832214355e+01 1.399999999999999911e+00 2.500000037252902985e-02 6.294701538085937500e+02
2.636400008201599121e+01 1.409999999999999920e+00 2.500000037252902985e-02 6.294701538085937500e+02
2.647698998451232910e+01 1.379999999999999893e+00 2.500000037252902985e-02 5.315526123046875000e+02
2.658500027656555176e+01 1.350000000000000089e+00 2.500000037252902985e-02 7.273877563476562500e+02
2.667904329299926758e+01 1.379999999999999893e+00 2.500000037252902985e-02 7.273877563476562500e+02
2.676999807357788086e+01 1.370000000000000107e+00 2.500000037252902985e-02 7.273877563476562500e+02
2.688099932670593262e+01 1.409999999999999920e+00 2.500000037252902985e-02 8.113171386718750000e+02
2.696801447868347168e+01 1.379999999999999893e+00 2.500000037252902985e-02 9.931641235351562500e+02
2.708500981330871582e+01 1.419999999999999929e+00 2.500000037252902985e-02 8.113171386718750000e+02
2.717399883270263672e+01 1.399999999999999911e+00 2.500000037252902985e-02 7.273877563476562500e+02
2.728303623199462891e+01 1.419999999999999929e+00 2.500000037252902985e-02 6.294701538085937500e+02
2.737800049781799316e+01 1.439999999999999947e+00 2.500000037252902985e-02 6.294701538085937500e+02
2.746704602241516113e+01 1.399999999999999911e+00 2.500000037252902985e-02 7.273877563476562500e+02
2.757504200935363770e+01 1.419999999999999929e+00 2.500000037252902985e-02 8.113171386718750000e+02
2.767000436782836914e+01 1.379999999999999893e+00 2.500000037252902985e-02 7.133995361328125000e+02
2.778200054168701172e+01 1.429999999999999938e+00 2.500000037252902985e-02 6.294701538085937500e+02
2.786703944206237793e+01 1.439999999999999947e+00 2.500000037252902985e-02 5.455408935546875000e+02
2.798400115966796875e+01 1.379999999999999893e+00 2.500000037252902985e-02 4.616115112304687500e+02
2.807504415512084961e+01 1.360000000000000098e+00 2.500000037252902985e-02 6.294701538085937500e+02
2.818200039863586426e+01 1.409999999999999920e+00 2.500000037252902985e-02 7.133995361328125000e+02
2.827699756622314453e+01 1.409999999999999920e+00 2.500000037252902985e-02 4.476232604980468750e+02
2.836704587936401367e+01 1.360000000000000098e+00 2.500000037252902985e-02 5.315526123046875000e+02
2.847504138946533203e+01 1.320000000000000062e+00 2.500000037252902985e-02 7.133995361328125000e+02
2.856899905204772949e+01 1.340000000000000080e+00 2.500000037252902985e-02 7.133995361328125000e+02
2.868200349807739258e+01 1.409999999999999920e+00 2.500000037252902985e-02 8.952465209960937500e+02
2.877104067802429199e+01 1.399999999999999911e+00 2.500000037252902985e-02 9.092347412109375000e+02
2.888400149345397949e+01 1.419999999999999929e+00 2.500000037252902985e-02 7.133995361328125000e+02
2.897504258155822754e+01 1.399999999999999911e+00 2.500000037252902985e-02 8.113171386718750000e+02
2.906400084495544434e+01 1.350000000000000089e+00 2.500000037252902985e-02 8.952465209960937500e+02
2.917299890518188477e+01 1.449999999999999956e+00 2.500000037252902985e-02 7.133995361328125000e+02
2.926802015304565430e+01 1.419999999999999929e+00 2.500000037252902985e-02 7.133995361328125000e+02
2.937903833389282227e+01 1.469999999999999973e+00 2.500000037252902985e-02 3.636938781738281250e+02
2.946500372886657715e+01 1.419999999999999929e+00 2.500000037252902985e-02 4.616115112304687500e+02
2.958303952217102051e+01 1.300000000000000044e+00 2.500000037252902985e-02 6.294701538085937500e+02
2.967200207710266113e+01 1.330000000000000071e+00 2.500000037252902985e-02 6.294701538085937500e+02
2.977999877929687500e+01 1.500000000000000000e+00 2.500000037252902985e-02 0.000000000000000000e+00
2.987503576278686523e+01 1.489999999999999991e+00 2.500000037252902985e-02 8.392935943603515625e+01
2.996501064300537109e+01 1.350000000000000089e+00 2.500000037252902985e-02 0.000000000000000000e+00
3.007200074195861816e+01 1.340000000000000080e+00 2.500000037252902985e-02 0.000000000000000000e+00
3.016704750061035156e+01 1.800000000000000044e+00 2.500000037252902985e-02 0.000000000000000000e+00
3.028000211715698242e+01 2.890000000000000124e+00 2.500000037252902985e-02 0.000000000000000000e+00
3.036499834060668945e+01 3.600000000000000089e+00 2.500000037252902985e-02 0.000000000000000000e+00
3.048200011253356934e+01 4.009999999999999787e+00 2.500000037252902985e-02 0.000000000000000000e+00
3.057199859619140625e+01 4.000000000000000000e+00 2.500000037252902985e-02 0.000000000000000000e+00
3.067999935150146484e+01 4.019999999999999574e+00 2.500000037252902985e-02 -1.678587188720703125e+02
3.077400064468383789e+01 4.089999999999999858e+00 2.500000037252902985e-02 -3.636938781738281250e+02
3.086500787734985352e+01 4.150000000000000355e+00 2.500000037252902985e-02 -4.476232604980468750e+02
3.097601008415222168e+01 4.139999999999999680e+00 2.500000037252902985e-02 -5.315526123046875000e+02
3.106303882598876953e+01 4.169999999999999929e+00 2.500000037252902985e-02 -6.294701538085937500e+02
3.118000268936157227e+01 4.070000000000000284e+00 2.500000037252902985e-02 -7.133995361328125000e+02
3.126899790763854980e+01 4.030000000000000249e+00 2.500000037252902985e-02 -6.294701538085937500e+02
3.137800931930541992e+01 4.059999999999999609e+00 2.500000037252902985e-02 -6.294701538085937500e+02
3.147299909591674805e+01 4.089999999999999858e+00 2.500000037252902985e-02 -5.315526123046875000e+02
3.158399987220764160e+01 4.110000000000000320e+00 2.500000037252902985e-02 -6.294701538085937500e+02
3.166999650001525879e+01 4.110000000000000320e+00 2.500000037252902985e-02 -8.113171386718750000e+02
3.176501297950744629e+01 4.040000000000000036e+00 2.500000037252902985e-02 -7.273877563476562500e+02
3.187699699401855469e+01 4.009999999999999787e+00 2.500000037252902985e-02 -7.273877563476562500e+02
3.198499989509582520e+01 4.030000000000000249e+00 2.500000037252902985e-02 -7.273877563476562500e+02
3.208001208305358887e+01 4.169999999999999929e+00 2.500000037252902985e-02 -9.092347412109375000e+02
3.216999959945678711e+01 4.120000000000000107e+00 2.500000037252902985e-02 -1.175010986328125000e+03
3.227699875831604004e+01 3.970000000000000195e+00 2.500000037252902985e-02 -1.356857910156250000e+03
3.237200689315795898e+01 3.919999999999999929e+00 2.500000037252902985e-02 -1.258940307617187500e+03
3.246900105476379395e+01 3.890000000000000124e+00 2.500000037252902985e-02 -8.952465209960937500e+02
3.256999802589416504e+01 3.950000000000000178e+00 2.500000037252902985e-02 -7.273877563476562500e+02
3.266400241851806641e+01 3.990000000000000213e+00 2.500000037252902985e-02 -8.952465209960937500e+02
3.277700018882751465e+01 4.009999999999999787e+00 2.500000037252902985e-02 -7.273877563476562500e+02
3.288500690460205078e+01 3.990000000000000213e+00 2.500000037252902985e-02 -7.133995361328125000e+02
3.297904515266418457e+01 3.990000000000000213e+00 2.500000037252902985e-02 -6.294701538085937500e+02
3.306999802589416504e+01 4.019999999999999574e+00 2.500000037252902985e-02 -6.294701538085937500e+02
3.318099832534790039e+01 4.019999999999999574e+00 2.500000037252902985e-02 -5.315526123046875000e+02
3.326800346374511719e+01 4.040000000000000036e+00 2.500000037252902985e-02 -6.294701538085937500e+02
3.338500666618347168e+01 4.070000000000000284e+00 2.500000037252902985e-02 -6.294701538085937500e+02
3.347399854660034180e+01 4.049999999999999822e+00 2.500000037252902985e-02 -6.294701538085937500e+02
3.358304667472839355e+01 4.040000000000000036e+00 2.500000037252902985e-02 -8.113171386718750000e+02
3.367799735069274902e+01 4.059999999999999609e+00 2.500000037252902985e-02 -7.133995361328125000e+02
3.376705813407897949e+01 4.049999999999999822e+00 2.500000037252902985e-02 -7.273877563476562500e+02
3.387504339218139648e+01 4.000000000000000000e+00 2.500000037252902985e-02 -9.092347412109375000e+02
3.397000050544738770e+01 3.919999999999999929e+00 2.500000037252902985e-02 -8.952465209960937500e+02
3.408199763298034668e+01 3.970000000000000195e+00 2.500000037252902985e-02 -7.973289184570312500e+02
3.416704535484313965e+01 3.979999999999999982e+00 2.500000037252902985e-02 -7.133995361328125000e+02
3.428501749038696289e+01 4.049999999999999822e+00 2.500000037252902985e-02 -6.294701538085937500e+02
3.437504625320434570e+01 4.040000000000000036e+00 2.500000037252902985e-02 -7.133995361328125000e+02
3.448199605941772461e+01 4.009999999999999787e+00 2.500000037252902985e-02 -8.113171386718750000e+02
3.457699656486511230e+01 3.990000000000000213e+00 2.500000037252902985e-02 -7.273877563476562500e+02
3.466703271865844727e+01 4.009999999999999787e+00 2.500000037252902985e-02 -8.952465209960937500e+02
3.477505350112915039e+01 4.049999999999999822e+00 2.500000037252902985e-02 -9.092347412109375000e+02
3.486899828910827637e+01 3.970000000000000195e+00 2.500000037252902985e-02 -8.113171386718750000e+02
3.498199892044067383e+01 3.979999999999999982e+00 2.500000037252902985e-02 -7.273877563476562500e+02
3.507103490829467773e+01 3.959999999999999964e+00 2.500000037252902985e-02 -8.113171386718750000e+02
3.518400621414184570e+01 4.059999999999999609e+00 2.500000037252902985e-02 -9.931641235351562500e+02
3.527504372596740723e+01 4.000000000000000000e+00 2.500000037252902985e-02 -8.952465209960937500e+02
3.536400008201599121e+01 3.970000000000000195e+00 2.500000037252902985e-02 -8.952465209960937500e+02
3.547299742698669434e+01 3.979999999999999982e+00 2.500000037252902985e-02 -9.092347412109375000e+02
3.556799983978271484e+01 4.009999999999999787e+00 2.500000037252902985e-02 -9.931641235351562500e+02
3.567903304100036621e+01 3.959999999999999964e+00 2.500000037252902985e-02 -9.931641235351562500e+02
3.576499986648559570e+01 3.930000000000000160e+00 2.500000037252902985e-02 -8.113171386718750000e+02
3.588303852081298828e+01 3.939999999999999947e+00 2.500000037252902985e-02 -7.133995361328125000e+02
3.597200012207031250e+01 4.059999999999999609e+00 2.500000037252902985e-02 -8.113171386718750000e+02
3.607999873161315918e+01 4.070000000000000284e+00 2.500000037252902985e-02 -9.931641235351562500e+02
3.617503476142883301e+01 4.030000000000000249e+00 2.500000037252902985e-02 -1.175010986328125000e+03
3.626500558853149414e+01 3.979999999999999982e+00 2.500000037252902985e-02 -1.175010986328125000e+03
3.637199807167053223e+01 4.019999999999999574e+00 2.500000037252902985e-02 -1.161022827148437500e+03
3.646707940101623535e+01 3.950000000000000178e+00 2.500000037252902985e-02 -1.091081787109375000e+03
3.657999968528747559e+01 3.910000000000000142e+00 2.500000037252902985e-02 -8.952465209960937500e+02
3.666500759124755859e+01 4.009999999999999787e+00 2.500000037252902985e-02 -7.133995361328125000e+02
3.678199744224548340e+01 4.059999999999999609e+00 2.500000037252902985e-02 -9.931641235351562500e+02
3.687199926376342773e+01 4.019999999999999574e+00 2.500000037252902985e-02 -8.952465209960937500e+02
3.698001265525817871e+01 3.919999999999999929e+00 2.500000037252902985e-02 -9.931641235351562500e+02
3.707399988174438477e+01 3.979999999999999982e+00 2.500000037252902985e-02 -8.952465209960937500e+02
3.716500735282897949e+01 3.939999999999999947e+00 2.500000037252902985e-02 -8.952465209960937500e+02
3.727600789070129395e+01 3.959999999999999964e+00 2.500000037252902985e-02 -1.077093505859375000e+03
3.736303639411926270e+01 3.950000000000000178e+00 2.500000037252902985e-02 -9.791759033203125000e+02
3.747999835014343262e+01 4.000000000000000000e+00 2.500000037252902985e-02 -1.091081787109375000e+03
3.756899881362915039e+01 3.950000000000000178e+00 2.500000037252902985e-02 -9.791759033203125000e+02
3.767800116539001465e+01 3.959999999999999964e+00 2.500000037252902985e-02 -9.931641235351562500e+02
3.777300453186035156e+01 3.939999999999999947e+00 2.500000037252902985e-02 -6.294701538085937500e+02
3.788402795791625977e+01 3.990000000000000213e+00 2.500000037252902985e-02 -8.113171386718750000e+02
3.797000098228454590e+01 3.979999999999999982e+00 2.500000037252902985e-02 -8.113171386718750000e+02
3.806500029563903809e+01 3.990000000000000213e+00 2.500000037252902985e-02 -8.952465209960937500e+02
3.817699837684631348e+01 3.990000000000000213e+00 2.500000037252902985e-02 -8.113171386718750000e+02
3.828500604629516602e+01 4.040000000000000036e+00 2.500000037252902985e-02 -9.931641235351562500e+02
3.838000106811523438e+01 3.910000000000000142e+00 2.500000037252902985e-02 -9.931641235351562500e+02
3.846999835968017578e+01 3.879999999999999893e+00 2.500000037252902985e-02 -7.133995361328125000e+02
3.857699823379516602e+01 3.270000000000000018e+00 2.500000037252902985e-02 0.000000000000000000e+00
3.867199802398681641e+01 2.910000000000000142e+00 2.500000037252902985e-02 0.000000000000000000e+00
3.878500628471374512e+01 2.790000000000000036e+00 2.500000037252902985e-02 9.791758728027343750e+01
3.886999845504760742e+01 1.510000000000000009e+00 2.500000037252902985e-02 4.476232604980468750e+02
3.896400046348571777e+01 1.270000000000000018e+00 2.500000037252902985e-02 9.791759033203125000e+02
3.907699799537658691e+01 1.310000000000000053e+00 2.500000037252902985e-02 1.258940307617187500e+03
3.918499946594238281e+01 1.370000000000000107e+00 2.500000037252902985e-02 1.161022827148437500e+03
3.927904558181762695e+01 1.419999999999999929e+00 2.500000037252902985e-02 1.077093505859375000e+03
3.937000751495361328e+01 1.370000000000000107e+00 2.500000037252902985e-02 1.175010986328125000e+03
3.948100113868713379e+01 1.350000000000000089e+00 2.500000037252902985e-02 1.161022827148437500e+03
3.956799960136413574e+01 1.389999999999999902e+00 2.500000037252902985e-02 1.161022827148437500e+03
3.968500185012817383e+01 1.409999999999999920e+00 2.500000037252902985e-02 8.952465209960937500e+02
3.977399539947509766e+01 1.459999999999999964e+00 2.500000037252902985e-02 8.952465209960937500e+02
3.988400125503540039e+01 1.449999999999999956e+00 2.500000037252902985e-02 9.092347412109375000e+02
3.996703553199768066e+01 1.419999999999999929e+00 2.500000037252902985e-02 8.113171386718750000e+02
4.006899762153625488e+01 1.389999999999999902e+00 2.500000037252902985e-02 8.113171386718750000e+02
4.017200016975402832e+01 1.399999999999999911e+00 2.500000037252902985e-02 8.113171386718750000e+02
4.027399826049804688e+01 1.360000000000000098e+00 2.500000037252902985e-02 8.113171386718750000e+02
4.037699842453002930e+01 1.429999999999999938e+00 2.500000037252902985e-02 9.092347412109375000e+02
4.047904729843139648e+01 1.330000000000000071e+00 2.500000037252902985e-02 8.952465209960937500e+02
4.058199691772460938e+01 1.379999999999999893e+00 2.500000037252902985e-02 8.952465209960937500e+02
4.068399906158447266e+01 1.419999999999999929e+00 2.500000037252902985e-02 9.791759033203125000e+02
4.076599955558776855e+01 1.449999999999999956e+00 2.500000037252902985e-02 8.952465209960937500e+02
4.086899757385253906e+01 1.389999999999999902e+00 2.500000037252902985e-02 8.952465209960937500e+02
4.097104191780090332e+01 1.370000000000000107e+00 2.500000037252902985e-02 9.092347412109375000e+02
4.107400250434875488e+01 1.389999999999999902e+00 2.500000037252902985e-02 9.791759033203125000e+02
4.117600202560424805e+01 1.449999999999999956e+00 2.500000037252902985e-02 9.791759033203125000e+02
4.127904033660888672e+01 1.439999999999999947e+00 2.500000037252902985e-02 8.952465209960937500e+02
4.138099622726440430e+01 1.370000000000000107e+00 2.500000037252902985e-02 8.952465209960937500e+02
4.148399758338928223e+01 1.429999999999999938e+00 2.500000037252902985e-02 9.931641235351562500e+02
4.158399844169616699e+01 1.449999999999999956e+00 2.500000037252902985e-02 9.092347412109375000e+02
4.166800022125244141e+01 1.419999999999999929e+00 2.500000037252902985e-02 8.952465209960937500e+02
4.177103686332702637e+01 1.350000000000000089e+00 2.500000037252902985e-02 9.092347412109375000e+02
4.187299752235412598e+01 1.389999999999999902e+00 2.500000037252902985e-02 9.931641235351562500e+02
4.197600293159484863e+01 1.419999999999999929e+00 2.500000037252902985e-02 1.077093505859375000e+03
4.207799863815307617e+01 1.399999999999999911e+00 2.500000037252902985e-02 9.931641235351562500e+02
4.218099999427795410e+01 1.360000000000000098e+00 2.500000037252902985e-02 1.077093505859375000e+03
4.228303980827331543e+01 1.409999999999999920e+00 2.500000037252902985e-02 1.077093505859375000e+03
4.238399648666381836e+01 1.409999999999999920e+00 2.500000037252902985e-02 9.931641235351562500e+02
4.246799778938293457e+01 1.399999999999999911e+00 2.500000037252902985e-02 9.931641235351562500e+02
4.256999707221984863e+01 1.419999999999999929e+00 2.500000037252902985e-02 9.092347412109375000e+02
4.267299818992614746e+01 1.419999999999999929e+00 2.500000037252902985e-02 8.952465209960937500e+02
4.277503490447998047e+01 1.409999999999999920e+00 2.500000037252902985e-02 8.952465209960937500e+02
4.287799835205078125e+01 1.429999999999999938e+00 2.500000037252902985e-02 8.113171386718750000e+02
4.297999978065490723e+01 1.419999999999999929e+00 2.500000037252902985e-02 8.113171386718750000e+02
4.308304286003112793e+01 1.409999999999999920e+00 2.500000037252902985e-02 7.273877563476562500e+02
4.318399763107299805e+01 1.379999999999999893e+00 2.500000037252902985e-02 8.113171386718750000e+02
4.326703786849975586e+01 1.360000000000000098e+00 2.500000037252902985e-02 8.952465209960937500e+02
4.336999726295471191e+01 1.350000000000000089e+00 2.500000037252902985e-02 1.091081787109375000e+03
4.347199869155883789e+01 1.370000000000000107e+00 2.500000037252902985e-02 9.931641235351562500e+02
4.357504653930664062e+01 1.379999999999999893e+00 2.500000037252902985e-02 9.791759033203125000e+02
4.367700123786926270e+01 1.409999999999999920e+00 2.500000037252902985e-02 9.092347412109375000e+02
4.377999234199523926e+01 1.409999999999999920e+00 2.500000037252902985e-02 8.952465209960937500e+02
4.388199138641357422e+01 1.409999999999999920e+00 2.500000037252902985e-02 8.113171386718750000e+02
4.398400235176086426e+01 1.399999999999999911e+00 2.500000037252902985e-02 8.952465209960937500e+02
4.408500051498413086e+01 1.429999999999999938e+00 2.500000037252902985e-02 5.455408935546875000e+02
4.416899919509887695e+01 1.409999999999999920e+00 2.500000037252902985e-02 6.294701538085937500e+02
4.427199888229370117e+01 1.419999999999999929e+00 2.500000037252902985e-02 7.133995361328125000e+02
4.437399792671203613e+01 1.330000000000000071e+00 2.500000037252902985e-02 8.952465209960937500e+02
4.447699165344238281e+01 1.399999999999999911e+00 2.500000037252902985e-02 8.952465209960937500e+02
4.457905244827270508e+01 1.409999999999999920e+00 2.500000037252902985e-02 8.113171386718750000e+02
4.468200111389160156e+01 1.429999999999999938e+00 2.500000037252902985e-02 7.133995361328125000e+02
4.478399848937988281e+01 1.419999999999999929e+00 2.500000037252902985e-02 8.113171386718750000e+02
4.487504959106445312e+01 1.310000000000000053e+00 2.500000037252902985e-02 8.113171386718750000e+02
4.496899938583374023e+01 1.340000000000000080e+00 2.500000037252902985e-02 8.952465209960937500e+02
4.507103919982910156e+01 1.389999999999999902e+00 2.500000037252902985e-02 8.113171386718750000e+02
4.517399787902832031e+01 1.469999999999999973e+00 2.500000037252902985e-02 7.133995361328125000e+02
4.527600145339965820e+01 1.379999999999999893e+00 2.500000037252902985e-02 8.113171386718750000e+02
4.537903666496276855e+01 1.350000000000000089e+00 2.500000037252902985e-02 8.113171386718750000e+02
4.548099732398986816e+01 1.350000000000000089e+00 2.500000037252902985e-02 8.952465209960937500e+02
4.558400368690490723e+01 1.409999999999999920e+00 2.500000037252902985e-02 8.952465209960937500e+02
4.568499207496643066e+01 1.439999999999999947e+00 2.500000037252902985e-02 6.294701538085937500e+02
4.576800060272216797e+01 1.409999999999999920e+00 2.500000037252902985e-02 6.294701538085937500e+02
4.587104344367980957e+01 1.370000000000000107e+00 2.500000037252902985e-02 6.294701538085937500e+02
4.597299742698669434e+01 1.320000000000000062e+00 2.500000037252902985e-02 7.273877563476562500e+02
4.607600188255310059e+01 1.389999999999999902e+00 2.500000037252902985e-02 5.455408935546875000e+02
4.617799806594848633e+01 1.540000000000000036e+00 2.500000037252902985e-02 0.000000000000000000e+00
4.628099775314331055e+01 1.459999999999999964e+00 2.500000037252902985e-02 0.000000000000000000e+00
4.638304352760314941e+01 1.379999999999999893e+00 2.500000037252902985e-02 0.000000000000000000e+00
4.648399972915649414e+01 1.379999999999999893e+00 2.500000037252902985e-02 0.000000000000000000e+00
4.656799912452697754e+01 1.320000000000000062e+00 2.500000037252902985e-02 0.000000000000000000e+00
4.666999793052673340e+01 1.310000000000000053e+00 2.500000037252902985e-02 0.000000000000000000e+00
4.677299809455871582e+01 1.649999999999999911e+00 2.500000037252902985e-02 0.000000000000000000e+00
4.687507128715515137e+01 2.359999999999999876e+00 2.500000037252902985e-02 0.000000000000000000e+00
4.697800087928771973e+01 2.910000000000000142e+00 2.500000037252902985e-02 0.000000000000000000e+00
4.708000135421752930e+01 3.410000000000000142e+00 2.500000037252902985e-02 -9.791758728027343750e+01
4.718304872512817383e+01 4.080000000000000071e+00 2.500000037252902985e-02 -8.392935943603515625e+01
4.728399181365966797e+01 4.089999999999999858e+00 2.500000037252902985e-02 -1.818469390869140625e+02
4.736704134941101074e+01 4.139999999999999680e+00 2.500000037252902985e-02 -3.497056579589843750e+02
4.747000265121459961e+01 4.219999999999999751e+00 2.500000037252902985e-02 -7.273877563476562500e+02
4.757199835777282715e+01 4.320000000000000284e+00 2.500000037252902985e-02 -1.622634277343750000e+03
4.767504453659057617e+01 4.129999999999999893e+00 2.500000037252902985e-02 -2.070257568359375000e+03
4.777699995040893555e+01 3.990000000000000213e+00 2.500000037252902985e-02 -1.804481201171875000e+03
4.788000202178955078e+01 3.850000000000000089e+00 2.500000037252902985e-02 -1.888410644531250000e+03
4.798199915885925293e+01 4.009999999999999787e+00 2.500000037252902985e-02 -1.972340087890625000e+03
4.808399868011474609e+01 3.899999999999999911e+00 2.500000037252902985e-02 -1.972340087890625000e+03
4.816704034805297852e+01 3.819999999999999840e+00 2.500000037252902985e-02 -1.888410644531250000e+03
4.826900219917297363e+01 3.859999999999999876e+00 2.500000037252902985e-02 -1.706563598632812500e+03
4.837199783325195312e+01 3.919999999999999929e+00 2.500000037252902985e-02 -2.154187011718750000e+03
4.847399878501892090e+01 3.930000000000000160e+00 2.500000037252902985e-02 -2.070257568359375000e+03
4.857699847221374512e+01 3.930000000000000160e+00 2.500000037252902985e-02 -1.986328247070312500e+03
4.867904591560363770e+01 3.930000000000000160e+00 2.500000037252902985e-02 -2.154187011718750000e+03
4.878199696540832520e+01 3.770000000000000018e+00 2.500000037252902985e-02 -1.804481201171875000e+03
4.888400053977966309e+01 3.830000000000000071e+00 2.500000037252902985e-02 -1.440787353515625000e+03
4.896599149703979492e+01 3.870000000000000107e+00 2.500000037252902985e-02 -1.440787353515625000e+03
4.906900024414062500e+01 3.979999999999999982e+00 2.500000037252902985e-02 -1.524716674804687500e+03
4.917103624343872070e+01 4.030000000000000249e+00 2.500000037252902985e-02 -1.706563598632812500e+03
4.927399802207946777e+01 3.939999999999999947e+00 2.500000037252902985e-02 -1.888410644531250000e+03
4.937600231170654297e+01 3.990000000000000213e+00 2.500000037252902985e-02 -2.433951416015625000e+03
4.947904324531555176e+01 3.939999999999999947e+00 2.500000037252902985e-02 -2.601810058593750000e+03
4.958099865913391113e+01 3.850000000000000089e+00 2.500000037252902985e-02 -2.433951416015625000e+03
4.968399786949157715e+01 3.790000000000000036e+00 2.500000037252902985e-02 -2.419963134765625000e+03
4.978499960899353027e+01 3.770000000000000018e+00 2.500000037252902985e-02 -1.720551879882812500e+03
4.986800551414489746e+01 3.890000000000000124e+00 2.500000037252902985e-02 -1.972340087890625000e+03
4.997104310989379883e+01 3.939999999999999947e+00 2.500000037252902985e-02 -1.804481201171875000e+03
5.007299900054931641e+01 3.930000000000000160e+00 2.500000037252902985e-02 -1.888410644531250000e+03
5.017600202560424805e+01 3.850000000000000089e+00 2.500000037252902985e-02 -2.168175292968750000e+03
5.027799916267395020e+01 3.830000000000000071e+00 2.500000037252902985e-02 -1.888410644531250000e+03
5.038099765777587891e+01 3.799999999999999822e+00 2.500000037252902985e-02 -1.720551879882812500e+03
5.048303127288818359e+01 3.850000000000000089e+00 2.500000037252902985e-02 -1.258940307617187500e+03
5.058600401878356934e+01 3.839999999999999858e+00 2.500000037252902985e-02 -1.077093505859375000e+03
5.066800832748413086e+01 3.970000000000000195e+00 2.500000037252902985e-02 -1.622634277343750000e+03
5.076999902725219727e+01 4.080000000000000071e+00 2.500000037252902985e-02 -1.706563598632812500e+03
5.087299704551696777e+01 3.779999999999999805e+00 2.500000037252902985e-02 -1.175010986328125000e+03
5.097504162788391113e+01 3.720000000000000195e+00 2.500000037252902985e-02 0.000000000000000000e+00
5.107799792289733887e+01 2.830000000000000071e+00 2.500000037252902985e-02 0.000000000000000000e+00
5.117999982833862305e+01 2.640000000000000124e+00 2.500000037252902985e-02 0.000000000000000000e+00
5.128303670883178711e+01 2.209999999999999964e+00 2.500000037252902985e-02 1.818469390869140625e+02
5.138500022888183594e+01 1.320000000000000062e+00 2.500000037252902985e-02 9.092347412109375000e+02
5.146703505516052246e+01 1.179999999999999938e+00 2.500000037252902985e-02 1.706563598632812500e+03
5.156999635696411133e+01 1.270000000000000018e+00 2.500000037252902985e-02 1.888410644531250000e+03
5.167200589179992676e+01 1.370000000000000107e+00 2.500000037252902985e-02 1.888410644531250000e+03
5.177505087852478027e+01 1.429999999999999938e+00 2.500000037252902985e-02 1.524716674804687500e+03
5.189798927307128906e+01 1.429999999999999938e+00 2.500000037252902985e-02 1.440787353515625000e+03
5.200000119209289551e+01 1.379999999999999893e+00 2.500000037252902985e-02 1.706563598632812500e+03
5.210306787490844727e+01 1.399999999999999911e+00 2.500000037252902985e-02 1.790493041992187500e+03
5.220500206947326660e+01 1.409999999999999920e+00 2.500000037252902985e-02 1.720551879882812500e+03
5.228703665733337402e+01 1.439999999999999947e+00 2.500000037252902985e-02 1.790493041992187500e+03
5.238998937606811523e+01 1.330000000000000071e+00 2.500000037252902985e-02 1.888410644531250000e+03
5.249201440811157227e+01 1.419999999999999929e+00 2.500000037252902985e-02 2.238116455078125000e+03
5.259504508972167969e+01 1.360000000000000098e+00 2.500000037252902985e-02 2.154187011718750000e+03
5.269700312614440918e+01 1.489999999999999991e+00 2.500000037252902985e-02 1.706563598632812500e+03
5.280000352859497070e+01 1.479999999999999982e+00 2.500000037252902985e-02 1.706563598632812500e+03
5.290200400352478027e+01 1.489999999999999991e+00 2.500000037252902985e-02 1.622634277343750000e+03
5.300400710105895996e+01 1.360000000000000098e+00 2.500000037252902985e-02 1.986328247070312500e+03
5.308703780174255371e+01 1.409999999999999920e+00 2.500000037252902985e-02 2.070257568359375000e+03
5.318899703025817871e+01 1.370000000000000107e+00 2.500000037252902985e-02 2.070257568359375000e+03
5.329200124740600586e+01 1.409999999999999920e+00 2.500000037252902985e-02 2.070257568359375000e+03
5.339398837089538574e+01 1.419999999999999929e+00 2.500000037252902985e-02 1.986328247070312500e+03
5.349699950218200684e+01 1.469999999999999973e+00 2.500000037252902985e-02 1.706563598632812500e+03
5.359904503822326660e+01 1.439999999999999947e+00 2.500000037252902985e-02 1.888410644531250000e+03
5.370199012756347656e+01 1.419999999999999929e+00 2.500000037252902985e-02 1.888410644531250000e+03
5.380399250984191895e+01 1.379999999999999893e+00 2.500000037252902985e-02 1.986328247070312500e+03
5.388600134849548340e+01 1.389999999999999902e+00 2.500000037252902985e-02 1.902398925781250000e+03
5.398899912834167480e+01 1.379999999999999893e+00 2.500000037252902985e-02 1.790493041992187500e+03
5.409104347229003906e+01 1.399999999999999911e+00 2.500000037252902985e-02 1.888410644531250000e+03
5.419398999214172363e+01 1.429999999999999938e+00 2.500000037252902985e-02 1.888410644531250000e+03
5.429600262641906738e+01 1.459999999999999964e+00 2.500000037252902985e-02 1.902398925781250000e+03
5.439904260635375977e+01 1.419999999999999929e+00 2.500000037252902985e-02 1.888410644531250000e+03
5.450099134445190430e+01 1.360000000000000098e+00 2.500000037252902985e-02 1.720551879882812500e+03
5.460399031639099121e+01 1.439999999999999947e+00 2.500000037252902985e-02 1.790493041992187500e+03
5.470398521423339844e+01 1.389999999999999902e+00 2.500000037252902985e-02 1.804481201171875000e+03
5.478798532485961914e+01 1.449999999999999956e+00 2.500000037252902985e-02 1.538704956054687500e+03
5.489104413986206055e+01 1.469999999999999973e+00 2.500000037252902985e-02 1.161022827148437500e+03
5.499299907684326172e+01 1.439999999999999947e+00 2.500000037252902985e-02 4.476232604980468750e+02
5.509600162506103516e+01 1.870000000000000107e+00 2.500000037252902985e-02 0.000000000000000000e+00
5.519799923896789551e+01 1.959999999999999964e+00 2.500000037252902985e-02 0.000000000000000000e+00
5.530099940299987793e+01 1.629999999999999893e+00 2.500000037252902985e-02 0.000000000000000000e+00
5.540304684638977051e+01 1.629999999999999893e+00 2.500000037252902985e-02 0.000000000000000000e+00
5.549399805068969727e+01 1.439999999999999947e+00 2.500000037252902985e-02 0.000000000000000000e+00
5.558800292015075684e+01 1.360000000000000098e+00 2.500000037252902985e-02 0.000000000000000000e+00
5.568999934196472168e+01 1.540000000000000036e+00 2.500000037252902985e-02 0.000000000000000000e+00
5.579299974441528320e+01 1.610000000000000098e+00 2.500000037252902985e-02 0.000000000000000000e+00
5.589507770538330078e+01 1.729999999999999982e+00 2.500000037252902985e-02 0.000000000000000000e+00
5.599799728393554688e+01 1.750000000000000000e+00 2.500000037252902985e-02 0.000000000000000000e+00
5.610000109672546387e+01 1.739999999999999991e+00 2.500000037252902985e-02 0.000000000000000000e+00
5.620304512977600098e+01 1.719999999999999973e+00 2.500000037252902985e-02 0.000000000000000000e+00
5.630505776405334473e+01 1.709999999999999964e+00 2.500000037252902985e-02 0.000000000000000000e+00
5.638703799247741699e+01 1.699999999999999956e+00 2.500000037252902985e-02 0.000000000000000000e+00
5.649000072479248047e+01 1.689999999999999947e+00 2.500000037252902985e-02 0.000000000000000000e+00
5.659200072288513184e+01 1.669999999999999929e+00 2.500000037252902985e-02 0.000000000000000000e+00
5.669504857063293457e+01 1.659999999999999920e+00 2.500000037252902985e-02 0.000000000000000000e+00
5.679699921607971191e+01 1.649999999999999911e+00 2.500000037252902985e-02 0.000000000000000000e+00
5.690000510215759277e+01 1.639999999999999902e+00 2.500000037252902985e-02 0.000000000000000000e+00
5.700209641456604004e+01 1.629999999999999893e+00 2.500000037252902985e-02 0.000000000000000000e+00
5.710409545898437500e+01 1.629999999999999893e+00 2.500000037252902985e-02 0.000000000000000000e+00
5.720499634742736816e+01 1.620000000000000107e+00 2.500000037252902985e-02 0.000000000000000000e+00
5.728898978233337402e+01 1.610000000000000098e+00 2.500000037252902985e-02 0.000000000000000000e+00
5.739199304580688477e+01 1.610000000000000098e+00 2.500000037252902985e-02 0.000000000000000000e+00
5.749398922920227051e+01 1.600000000000000089e+00 2.500000037252902985e-02 0.000000000000000000e+00
5.759699892997741699e+01 1.590000000000000080e+00 2.500000037252902985e-02 0.000000000000000000e+00
5.769904232025146484e+01 1.590000000000000080e+00 2.500000037252902985e-02 0.000000000000000000e+00
5.780199813842773438e+01 1.580000000000000071e+00 2.500000037252902985e-02 0.000000000000000000e+00
5.790400052070617676e+01 1.580000000000000071e+00 2.500000037252902985e-02 0.000000000000000000e+00
