3.795361518859863281e-02 3.069999999999999840e+00 4.500000178813934326e-02 0.000000000000000000e+00
1.379599571228027344e-01 3.069999999999999840e+00 4.500000178813934326e-02 0.000000000000000000e+00
2.289521694183349609e-01 3.069999999999999840e+00 4.500000178813934326e-02 0.000000000000000000e+00
3.209509849548339844e-01 3.069999999999999840e+00 4.500000178813934326e-02 0.000000000000000000e+00
4.369502067565917969e-01 3.069999999999999840e+00 4.500000178813934326e-02 0.000000000000000000e+00
5.229518413543701172e-01 3.069999999999999840e+00 4.500000178813934326e-02 0.000000000000000000e+00
6.139514446258544922e-01 3.069999999999999840e+00 4.500000178813934326e-02 0.000000000000000000e+00
7.309494018554687500e-01 3.069999999999999840e+00 4.500000178813934326e-02 0.000000000000000000e+00
8.229527473449707031e-01 3.069999999999999840e+00 4.500000178813934326e-02 0.000000000000000000e+00
9.289557933807373047e-01 3.069999999999999840e+00 4.500000178813934326e-02 0.000000000000000000e+00
1.022954463958740234e+00 3.069999999999999840e+00 4.500000178813934326e-02 0.000000000000000000e+00
1.130952119827270508e+00 3.069999999999999840e+00 4.500000178813934326e-02 0.000000000000000000e+00
1.220950841903686523e+00 3.069999999999999840e+00 4.500000178813934326e-02 0.000000000000000000e+00
1.322952270507812500e+00 3.069999999999999840e+00 4.500000178813934326e-02 0.000000000000000000e+00
1.423994064331054688e+00 3.069999999999999840e+00 4.500000178813934326e-02 0.000000000000000000e+00
1.520944118499755859e+00 3.069999999999999840e+00 4.500000178813934326e-02 0.000000000000000000e+00
1.632945060729980469e+00 3.069999999999999840e+00 4.500000178813934326e-02 0.000000000000000000e+00
1.721949338912963867e+00 3.069999999999999840e+00 4.500000178813934326e-02 0.000000000000000000e+00
1.829941272735595703e+00 3.069999999999999840e+00 4.500000178813934326e-02 0.000000000000000000e+00
1.924957275390625000e+00 3.069999999999999840e+00 4.500000178813934326e-02 0.000000000000000000e+00
2.036954164505004883e+00 3.069999999999999840e+00 4.500000178813934326e-02 0.000000000000000000e+00
2.122952222824096680e+00 3.069999999999999840e+00 4.500000178813934326e-02 0.000000000000000000e+00
2.216952085494995117e+00 3.069999999999999840e+00 4.500000178813934326e-02 0.000000000000000000e+00
2.329951047897338867e+00 3.069999999999999840e+00 4.500000178813934326e-02 0.000000000000000000e+00
2.420943498611450195e+00 3.060000000000000053e+00 4.500000178813934326e-02 0.000000000000000000e+00
2.532017230987548828e+00 3.060000000000000053e+00 4.500000178813934326e-02 0.000000000000000000e+00
2.622945785522460938e+00 3.060000000000000053e+00 4.500000178813934326e-02 0.000000000000000000e+00
2.729951381683349609e+00 3.069999999999999840e+00 4.500000178813934326e-02 0.000000000000000000e+00
2.820951938629150391e+00 3.089999999999999858e+00 4.500000178813934326e-02 0.000000000000000000e+00
2.920942306518554688e+00 3.270000000000000018e+00 4.500000178813934326e-02 0.000000000000000000e+00
3.022942781448364258e+00 3.629999999999999893e+00 4.500000178813934326e-02 0.000000000000000000e+00
3.135997056961059570e+00 4.339999999999999858e+00 4.500000178813934326e-02 0.000000000000000000e+00
3.229951143264770508e+00 4.980000000000000426e+00 4.500000178813934326e-02 0.000000000000000000e+00
3.322951555252075195e+00 5.650000000000000355e+00 4.500000178813934326e-02 0.000000000000000000e+00
3.427985668182373047e+00 6.089999999999999858e+00 4.500000178813934326e-02 0.000000000000000000e+00
3.522952795028686523e+00 6.269999999999999574e+00 4.500000178813934326e-02 0.000000000000000000e+00
3.632012605667114258e+00 6.580000000000000071e+00 4.500000178813934326e-02 -8.392935943603515625e+01
3.720963954925537109e+00 6.620000000000000107e+00 4.500000178813934326e-02 -3.636938781738281250e+02
3.822951078414916992e+00 6.349999999999999645e+00 4.500000178813934326e-02 -1.818469390869140625e+02
3.927998304367065430e+00 6.410000000000000142e+00 4.500000178813934326e-02 -1.678587188720703125e+02
4.036081790924072266e+00 6.639999999999999680e+00 4.500000178813934326e-02 -3.636938781738281250e+02
4.130949258804321289e+00 6.509999999999999787e+00 4.500000178813934326e-02 -5.455408935546875000e+02
4.220951557159423828e+00 6.440000000000000391e+00 4.500000178813934326e-02 -5.315526123046875000e+02
4.328965187072753906e+00 6.330000000000000071e+00 4.500000178813934326e-02 -5.315526123046875000e+02
4.422951936721801758e+00 6.269999999999999574e+00 4.500000178813934326e-02 -6.434584350585937500e+02
4.536000251770019531e+00 6.349999999999999645e+00 4.500000178813934326e-02 -6.294701538085937500e+02
4.620951652526855469e+00 6.389999999999999680e+00 4.500000178813934326e-02 -6.294701538085937500e+02
4.720949649810791016e+00 6.400000000000000355e+00 4.500000178813934326e-02 -6.294701538085937500e+02
4.828950881958007812e+00 6.370000000000000107e+00 4.500000178813934326e-02 -4.476232604980468750e+02
4.935988426208496094e+00 6.429999999999999716e+00 4.500000178813934326e-02 -3.636938781738281250e+02
5.026950120925903320e+00 6.410000000000000142e+00 4.500000178813934326e-02 -5.455408935546875000e+02
5.120951890945434570e+00 6.339999999999999858e+00 4.500000178813934326e-02 -6.294701538085937500e+02
5.228950500488281250e+00 6.370000000000000107e+00 4.500000178813934326e-02 -7.273877563476562500e+02
5.318949937820434570e+00 6.309999999999999609e+00 4.500000178813934326e-02 -6.294701538085937500e+02
5.436010122299194336e+00 6.400000000000000355e+00 4.500000178813934326e-02 -5.455408935546875000e+02
5.521953105926513672e+00 6.459999999999999964e+00 4.500000178813934326e-02 -3.636938781738281250e+02
5.633948802947998047e+00 6.419999999999999929e+00 4.500000178813934326e-02 -4.476232604980468750e+02
5.728949069976806641e+00 6.370000000000000107e+00 4.500000178813934326e-02 -5.455408935546875000e+02
5.836952209472656250e+00 6.280000000000000249e+00 4.500000178813934326e-02 -4.476232604980468750e+02
5.925951719284057617e+00 6.280000000000000249e+00 4.500000178813934326e-02 -3.636938781738281250e+02
6.020954132080078125e+00 6.320000000000000284e+00 4.500000178813934326e-02 -2.797645568847656250e+02
6.132953405380249023e+00 6.450000000000000178e+00 4.500000178813934326e-02 -2.797645568847656250e+02
6.218950748443603516e+00 6.459999999999999964e+00 4.500000178813934326e-02 -4.616115112304687500e+02
6.335994005203247070e+00 6.360000000000000320e+00 4.500000178813934326e-02 -4.616115112304687500e+02
6.425966262817382812e+00 6.280000000000000249e+00 4.500000178813934326e-02 -2.657763061523437500e+02
6.533951997756958008e+00 6.379999999999999893e+00 4.500000178813934326e-02 -2.797645568847656250e+02
6.627985000610351562e+00 6.379999999999999893e+00 4.500000178813934326e-02 -2.797645568847656250e+02
6.718941211700439453e+00 6.379999999999999893e+00 4.500000178813934326e-02 -1.818469390869140625e+02
6.825949430465698242e+00 6.450000000000000178e+00 4.500000178813934326e-02 -2.657763061523437500e+02
6.916954040527343750e+00 6.429999999999999716e+00 4.500000178813934326e-02 -4.476232604980468750e+02
7.033951520919799805e+00 6.459999999999999964e+00 4.500000178813934326e-02 -4.616115112304687500e+02
7.118949890136718750e+00 6.349999999999999645e+00 4.500000178813934326e-02 -4.476232604980468750e+02
7.231997728347778320e+00 6.379999999999999893e+00 4.500000178813934326e-02 -3.636938781738281250e+02
7.325950145721435547e+00 6.410000000000000142e+00 4.500000178813934326e-02 -4.476232604980468750e+02
7.433955430984497070e+00 6.389999999999999680e+00 4.500000178813934326e-02 -4.476232604980468750e+02
7.524094820022583008e+00 6.389999999999999680e+00 4.500000178813934326e-02 -5.315526123046875000e+02
7.618950605392456055e+00 6.339999999999999858e+00 4.500000178813934326e-02 -5.455408935546875000e+02
7.726952314376831055e+00 6.400000000000000355e+00 4.500000178813934326e-02 -5.455408935546875000e+02
7.815995693206787109e+00 6.349999999999999645e+00 4.500000178813934326e-02 -4.476232604980468750e+02
7.933955669403076172e+00 6.429999999999999716e+00 4.500000178813934326e-02 -3.636938781738281250e+02
8.022954463958740234e+00 6.459999999999999964e+00 4.500000178813934326e-02 -2.657763061523437500e+02
8.130951166152954102e+00 6.519999999999999574e+00 4.500000178813934326e-02 -4.616115112304687500e+02
8.225951671600341797e+00 6.509999999999999787e+00 4.500000178813934326e-02 -6.294701538085937500e+02
8.322953224182128906e+00 6.389999999999999680e+00 4.500000178813934326e-02 -6.294701538085937500e+02
8.423989295959472656e+00 6.349999999999999645e+00 4.500000178813934326e-02 -4.476232604980468750e+02
8.517950534820556641e+00 6.400000000000000355e+00 4.500000178813934326e-02 -4.476232604980468750e+02
8.630950212478637695e+00 6.389999999999999680e+00 4.500000178813934326e-02 -3.636938781738281250e+02
8.715990304946899414e+00 6.450000000000000178e+00 4.500000178813934326e-02 -3.636938781738281250e+02
8.832954168319702148e+00 6.509999999999999787e+00 4.500000178813934326e-02 -3.636938781738281250e+02
8.923994302749633789e+00 6.469999999999999751e+00 4.500000178813934326e-02 -5.315526123046875000e+02
9.030951976776123047e+00 6.370000000000000107e+00 4.500000178813934326e-02 -6.294701538085937500e+02
9.121956348419189453e+00 6.240000000000000213e+00 4.500000178813934326e-02 -5.455408935546875000e+02
9.215991020202636719e+00 6.290000000000000036e+00 4.500000178813934326e-02 -5.315526123046875000e+02
9.323990583419799805e+00 6.370000000000000107e+00 4.500000178813934326e-02 -5.455408935546875000e+02
9.436950922012329102e+00 6.389999999999999680e+00 4.500000178813934326e-02 -4.476232604980468750e+02
9.530952453613281250e+00 6.389999999999999680e+00 4.500000178813934326e-02 -4.476232604980468750e+02
9.632952928543090820e+00 6.379999999999999893e+00 4.500000178813934326e-02 -3.636938781738281250e+02
9.728954792022705078e+00 6.389999999999999680e+00 4.500000178813934326e-02 -4.616115112304687500e+02
9.823993682861328125e+00 6.419999999999999929e+00 4.500000178813934326e-02 -3.497056579589843750e+02
9.931998729705810547e+00 6.360000000000000320e+00 4.500000178813934326e-02 -4.476232604980468750e+02
1.002095127105712891e+01 6.349999999999999645e+00 4.500000178813934326e-02 -5.455408935546875000e+02
1.013695096969604492e+01 6.370000000000000107e+00 4.500000178813934326e-02 -3.636938781738281250e+02
1.022798466682434082e+01 6.349999999999999645e+00 4.500000178813934326e-02 -4.476232604980468750e+02
1.033599281311035156e+01 6.389999999999999680e+00 4.500000178813934326e-02 -4.476232604980468750e+02
1.043094968795776367e+01 6.339999999999999858e+00 4.500000178813934326e-02 -3.497056579589843750e+02
1.052095508575439453e+01 6.360000000000000320e+00 4.500000178813934326e-02 -4.476232604980468750e+02
1.062895178794860840e+01 6.349999999999999645e+00 4.500000178813934326e-02 -3.636938781738281250e+02
1.072295522689819336e+01 6.419999999999999929e+00 4.500000178813934326e-02 -4.476232604980468750e+02
1.083599042892456055e+01 6.450000000000000178e+00 4.500000178813934326e-02 -2.657763061523437500e+02
1.092095136642456055e+01 6.500000000000000000e+00 4.500000178813934326e-02 -1.678587188720703125e+02
1.103695273399353027e+01 6.509999999999999787e+00 4.500000178813934326e-02 0.000000000000000000e+00
1.112895250320434570e+01 6.799999999999999822e+00 4.500000178813934326e-02 0.000000000000000000e+00
1.123599076271057129e+01 7.030000000000000249e+00 4.500000178813934326e-02 -8.392935943603515625e+01
1.132695245742797852e+01 6.650000000000000355e+00 4.500000178813934326e-02 -3.636938781738281250e+02
1.142095541954040527e+01 6.469999999999999751e+00 4.500000178813934326e-02 -4.476232604980468750e+02
1.152896928787231445e+01 6.419999999999999929e+00 4.500000178813934326e-02 -4.616115112304687500e+02
1.161895012855529785e+01 6.440000000000000391e+00 4.500000178813934326e-02 -5.315526123046875000e+02
1.173598408699035645e+01 6.410000000000000142e+00 4.500000178813934326e-02 -4.476232604980468750e+02
1.182195305824279785e+01 6.370000000000000107e+00 4.500000178813934326e-02 -2.797645568847656250e+02
1.193395090103149414e+01 6.429999999999999716e+00 4.500000178813934326e-02 -3.636938781738281250e+02
1.202895236015319824e+01 6.469999999999999751e+00 4.500000178813934326e-02 -6.294701538085937500e+02
1.213695144653320312e+01 6.500000000000000000e+00 4.500000178813934326e-02 -6.294701538085937500e+02
1.222595381736755371e+01 6.320000000000000284e+00 4.500000178813934326e-02 -4.476232604980468750e+02
1.232095265388488770e+01 6.339999999999999858e+00 4.500000178813934326e-02 -3.497056579589843750e+02
1.243295621871948242e+01 6.400000000000000355e+00 4.500000178813934326e-02 -3.636938781738281250e+02
1.251895022392272949e+01 6.330000000000000071e+00 4.500000178813934326e-02 -2.657763061523437500e+02
1.263598775863647461e+01 6.400000000000000355e+00 4.500000178813934326e-02 -9.791758728027343750e+01
1.272595000267028809e+01 6.700000000000000178e+00 4.500000178813934326e-02 -2.657763061523437500e+02
1.283394932746887207e+01 6.429999999999999716e+00 4.500000178813934326e-02 -4.476232604980468750e+02
1.292798948287963867e+01 6.389999999999999680e+00 4.500000178813934326e-02 -4.476232604980468750e+02
1.301895165443420410e+01 6.429999999999999716e+00 4.500000178813934326e-02 -6.294701538085937500e+02
1.312594866752624512e+01 6.349999999999999645e+00 4.500000178813934326e-02 -5.455408935546875000e+02
1.321695280075073242e+01 6.370000000000000107e+00 4.500000178813934326e-02 -5.455408935546875000e+02
1.333395051956176758e+01 6.440000000000000391e+00 4.500000178813934326e-02 -4.476232604980468750e+02
1.341895055770874023e+01 6.410000000000000142e+00 4.500000178813934326e-02 -4.476232604980468750e+02
1.353199410438537598e+01 6.400000000000000355e+00 4.500000178813934326e-02 -5.315526123046875000e+02
1.362595224380493164e+01 6.389999999999999680e+00 4.500000178813934326e-02 -5.455408935546875000e+02
1.373394489288330078e+01 6.370000000000000107e+00 4.500000178813934326e-02 -6.294701538085937500e+02
1.382399129867553711e+01 6.320000000000000284e+00 4.500000178813934326e-02 -5.315526123046875000e+02
1.391895031929016113e+01 6.370000000000000107e+00 4.500000178813934326e-02 -3.636938781738281250e+02
1.402694940567016602e+01 6.459999999999999964e+00 4.500000178813934326e-02 -3.636938781738281250e+02
1.411598801612854004e+01 6.429999999999999716e+00 4.500000178813934326e-02 -2.657763061523437500e+02
1.423395323753356934e+01 6.459999999999999964e+00 4.500000178813934326e-02 -3.497056579589843750e+02
1.432295513153076172e+01 6.410000000000000142e+00 4.500000178813934326e-02 -4.476232604980468750e+02
1.443094325065612793e+01 6.379999999999999893e+00 4.500000178813934326e-02 -5.455408935546875000e+02
1.452595376968383789e+01 6.410000000000000142e+00 4.500000178813934326e-02 -6.434584350585937500e+02
1.463199782371520996e+01 6.330000000000000071e+00 4.500000178813934326e-02 -5.455408935546875000e+02
1.472399449348449707e+01 6.400000000000000355e+00 4.500000178813934326e-02 -4.616115112304687500e+02
1.481795954704284668e+01 6.519999999999999574e+00 4.500000178813934326e-02 -5.455408935546875000e+02
1.493095088005065918e+01 6.419999999999999929e+00 4.500000178813934326e-02 -7.133995361328125000e+02
1.502295303344726562e+01 6.360000000000000320e+00 4.500000178813934326e-02 -6.294701538085937500e+02
1.513295555114746094e+01 6.299999999999999822e+00 4.500000178813934326e-02 -6.294701538085937500e+02
1.522398996353149414e+01 6.250000000000000000e+00 4.500000178813934326e-02 -6.294701538085937500e+02
1.533094310760498047e+01 6.360000000000000320e+00 4.500000178813934326e-02 -6.294701538085937500e+02
1.542195296287536621e+01 6.309999999999999609e+00 4.500000178813934326e-02 -6.294701538085937500e+02
1.552295207977294922e+01 6.299999999999999822e+00 4.500000178813934326e-02 -7.133995361328125000e+02
1.562399959564208984e+01 6.339999999999999858e+00 4.500000178813934326e-02 -7.133995361328125000e+02
1.573695254325866699e+01 6.290000000000000036e+00 4.500000178813934326e-02 -6.294701538085937500e+02
1.583095049858093262e+01 6.299999999999999822e+00 4.500000178813934326e-02 -4.476232604980468750e+02
1.591695356369018555e+01 6.459999999999999964e+00 4.500000178813934326e-02 -5.315526123046875000e+02
1.602895712852478027e+01 6.450000000000000178e+00 4.500000178813934326e-02 -5.455408935546875000e+02
1.612398815155029297e+01 6.360000000000000320e+00 4.500000178813934326e-02 -6.294701538085937500e+02
1.623198843002319336e+01 6.389999999999999680e+00 4.500000178813934326e-02 -8.113171386718750000e+02
1.632095003128051758e+01 6.419999999999999929e+00 4.500000178813934326e-02 -9.931641235351562500e+02
1.643695044517517090e+01 6.339999999999999858e+00 4.500000178813934326e-02 -8.952465209960937500e+02
1.652799582481384277e+01 6.230000000000000426e+00 4.500000178813934326e-02 -6.294701538085937500e+02
1.663598847389221191e+01 6.240000000000000213e+00 4.500000178813934326e-02 -3.497056579589843750e+02
1.673094940185546875e+01 6.400000000000000355e+00 4.500000178813934326e-02 -3.636938781738281250e+02
1.682095265388488770e+01 6.440000000000000391e+00 4.500000178813934326e-02 -4.476232604980468750e+02
1.692895555496215820e+01 6.469999999999999751e+00 4.500000178813934326e-02 -6.294701538085937500e+02
1.702295351028442383e+01 6.410000000000000142e+00 4.500000178813934326e-02 -6.294701538085937500e+02
1.713598966598510742e+01 6.429999999999999716e+00 4.500000178813934326e-02 -6.294701538085937500e+02
1.722095513343811035e+01 6.339999999999999858e+00 4.500000178813934326e-02 -6.294701538085937500e+02
1.733694291114807129e+01 6.309999999999999609e+00 4.500000178813934326e-02 -5.455408935546875000e+02
1.742895936965942383e+01 6.309999999999999609e+00 4.500000178813934326e-02 -4.476232604980468750e+02
1.753599071502685547e+01 6.320000000000000284e+00 4.500000178813934326e-02 -3.636938781738281250e+02
1.762694954872131348e+01 6.309999999999999609e+00 4.500000178813934326e-02 0.000000000000000000e+00
1.772095084190368652e+01 6.339999999999999858e+00 4.500000178813934326e-02 0.000000000000000000e+00
1.782895350456237793e+01 6.379999999999999893e+00 4.500000178813934326e-02 0.000000000000000000e+00
1.791906285285949707e+01 6.339999999999999858e+00 4.500000178813934326e-02 0.000000000000000000e+00
1.803598999977111816e+01 5.379999999999999893e+00 4.500000178813934326e-02 0.000000000000000000e+00
1.812194728851318359e+01 4.879999999999999893e+00 4.500000178813934326e-02 0.000000000000000000e+00
1.823395299911499023e+01 4.410000000000000142e+00 4.500000178813934326e-02 0.000000000000000000e+00
1.832894492149353027e+01 3.439999999999999947e+00 4.500000178813934326e-02 8.392935943603515625e+01
1.843695139884948730e+01 3.020000000000000018e+00 4.500000178813934326e-02 4.476232604980468750e+02
1.852595090866088867e+01 3.049999999999999822e+00 4.500000178813934326e-02 3.636938781738281250e+02
1.862095499038696289e+01 3.049999999999999822e+00 4.500000178813934326e-02 4.616115112304687500e+02
1.873295378684997559e+01 3.040000000000000036e+00 4.500000178813934326e-02 4.476232604980468750e+02
1.881895184516906738e+01 3.089999999999999858e+00 4.500000178813934326e-02 4.476232604980468750e+02
1.893599343299865723e+01 3.029999999999999805e+00 4.500000178813934326e-02 4.476232604980468750e+02
1.902594995498657227e+01 3.040000000000000036e+00 4.500000178813934326e-02 5.455408935546875000e+02
1.913395857810974121e+01 3.089999999999999858e+00 4.500000178813934326e-02 6.294701538085937500e+02
1.922799062728881836e+01 3.089999999999999858e+00 4.500000178813934326e-02 7.133995361328125000e+02
1.931895112991333008e+01 3.129999999999999893e+00 4.500000178813934326e-02 4.616115112304687500e+02
1.942595195770263672e+01 3.120000000000000107e+00 4.500000178813934326e-02 4.476232604980468750e+02
1.951695656776428223e+01 3.069999999999999840e+00 4.500000178813934326e-02 3.636938781738281250e+02
1.963395118713378906e+01 3.020000000000000018e+00 4.500000178813934326e-02 3.636938781738281250e+02
1.971895027160644531e+01 3.049999999999999822e+00 4.500000178813934326e-02 4.476232604980468750e+02
1.983200001716613770e+01 3.069999999999999840e+00 4.500000178813934326e-02 4.476232604980468750e+02
1.992595410346984863e+01 3.089999999999999858e+00 4.500000178813934326e-02 5.315526123046875000e+02
2.003395295143127441e+01 3.080000000000000071e+00 4.500000178813934326e-02 5.455408935546875000e+02
2.012400555610656738e+01 3.109999999999999876e+00 4.500000178813934326e-02 6.294701538085937500e+02
2.021894979476928711e+01 3.080000000000000071e+00 4.500000178813934326e-02 8.113171386718750000e+02
2.032695126533508301e+01 3.140000000000000124e+00 4.500000178813934326e-02 7.133995361328125000e+02
2.041598844528198242e+01 3.180000000000000160e+00 4.500000178813934326e-02 7.273877563476562500e+02
2.053395438194274902e+01 3.149999999999999911e+00 4.500000178813934326e-02 6.294701538085937500e+02
2.062295150756835938e+01 3.100000000000000089e+00 4.500000178813934326e-02 5.455408935546875000e+02
2.073095345497131348e+01 3.060000000000000053e+00 4.500000178813934326e-02 6.294701538085937500e+02
2.082595467567443848e+01 3.029999999999999805e+00 4.500000178813934326e-02 7.273877563476562500e+02
2.093795347213745117e+01 3.040000000000000036e+00 4.500000178813934326e-02 8.113171386718750000e+02
2.102398872375488281e+01 3.160000000000000142e+00 4.500000178813934326e-02 8.952465209960937500e+02
2.111795353889465332e+01 3.029999999999999805e+00 4.500000178813934326e-02 8.113171386718750000e+02
2.123095369338989258e+01 3.160000000000000142e+00 4.500000178813934326e-02 5.315526123046875000e+02
2.131598830223083496e+01 3.180000000000000160e+00 4.500000178813934326e-02 4.616115112304687500e+02
2.143296313285827637e+01 3.140000000000000124e+00 4.500000178813934326e-02 5.455408935546875000e+02
2.152399992942810059e+01 3.180000000000000160e+00 4.500000178813934326e-02 5.315526123046875000e+02
2.163095378875732422e+01 3.120000000000000107e+00 4.500000178813934326e-02 5.455408935546875000e+02
2.172196006774902344e+01 3.069999999999999840e+00 4.500000178813934326e-02 5.315526123046875000e+02
2.183600687980651855e+01 3.100000000000000089e+00 4.500000178813934326e-02 6.294701538085937500e+02
2.192399621009826660e+01 3.100000000000000089e+00 4.500000178813934326e-02 4.476232604980468750e+02
2.203695464134216309e+01 3.120000000000000107e+00 4.500000178813934326e-02 3.497056579589843750e+02
2.213095116615295410e+01 3.109999999999999876e+00 4.500000178813934326e-02 6.434584350585937500e+02
2.223295593261718750e+01 3.149999999999999911e+00 4.500000178813934326e-02 7.273877563476562500e+02
2.232895112037658691e+01 3.169999999999999929e+00 4.500000178813934326e-02 5.315526123046875000e+02
2.242399239540100098e+01 3.109999999999999876e+00 4.500000178813934326e-02 6.294701538085937500e+02
2.253199934959411621e+01 3.100000000000000089e+00 4.500000178813934326e-02 5.455408935546875000e+02
2.262095236778259277e+01 3.109999999999999876e+00 4.500000178813934326e-02 5.455408935546875000e+02
2.273795175552368164e+01 3.109999999999999876e+00 4.500000178813934326e-02 4.476232604980468750e+02
2.282799077033996582e+01 3.120000000000000107e+00 4.500000178813934326e-02 5.455408935546875000e+02
2.293598818778991699e+01 3.100000000000000089e+00 4.500000178813934326e-02 7.273877563476562500e+02
2.303095030784606934e+01 3.120000000000000107e+00 4.500000178813934326e-02 7.273877563476562500e+02
2.312095117568969727e+01 3.109999999999999876e+00 4.500000178813934326e-02 6.294701538085937500e+02
2.322895288467407227e+01 3.060000000000000053e+00 4.500000178813934326e-02 6.294701538085937500e+02
2.332295536994934082e+01 3.040000000000000036e+00 4.500000178813934326e-02 7.133995361328125000e+02
2.343599939346313477e+01 3.160000000000000142e+00 4.500000178813934326e-02 6.294701538085937500e+02
2.352095341682434082e+01 3.160000000000000142e+00 4.500000178813934326e-02 6.294701538085937500e+02
2.363795161247253418e+01 3.120000000000000107e+00 4.500000178813934326e-02 6.294701538085937500e+02
2.372895383834838867e+01 3.089999999999999858e+00 4.500000178813934326e-02 7.273877563476562500e+02
2.383600044250488281e+01 3.080000000000000071e+00 4.500000178813934326e-02 7.133995361328125000e+02
2.392695379257202148e+01 3.149999999999999911e+00 4.500000178813934326e-02 7.133995361328125000e+02
2.402094841003417969e+01 3.149999999999999911e+00 4.500000178813934326e-02 8.952465209960937500e+02
2.412895584106445312e+01 3.160000000000000142e+00 4.500000178813934326e-02 8.113171386718750000e+02
2.421895146369934082e+01 3.160000000000000142e+00 4.500000178813934326e-02 5.455408935546875000e+02
2.433598804473876953e+01 3.069999999999999840e+00 4.500000178813934326e-02 3.636938781738281250e+02
2.442195630073547363e+01 3.109999999999999876e+00 4.500000178813934326e-02 3.636938781738281250e+02
2.453395175933837891e+01 3.120000000000000107e+00 4.500000178813934326e-02 3.636938781738281250e+02
2.462894105911254883e+01 3.089999999999999858e+00 4.500000178813934326e-02 5.315526123046875000e+02
2.473695421218872070e+01 3.129999999999999893e+00 4.500000178813934326e-02 5.455408935546875000e+02
2.482595133781433105e+01 3.100000000000000089e+00 4.500000178813934326e-02 3.636938781738281250e+02
2.492095446586608887e+01 3.100000000000000089e+00 4.500000178813934326e-02 6.294701538085937500e+02
2.503295564651489258e+01 3.109999999999999876e+00 4.500000178813934326e-02 6.294701538085937500e+02
2.511895322799682617e+01 3.109999999999999876e+00 4.500000178813934326e-02 5.315526123046875000e+02
2.523599290847778320e+01 3.089999999999999858e+00 4.500000178813934326e-02 6.294701538085937500e+02
2.532594990730285645e+01 3.069999999999999840e+00 4.500000178813934326e-02 6.294701538085937500e+02
2.543395209312438965e+01 3.069999999999999840e+00 4.500000178813934326e-02 7.133995361328125000e+02
2.552799224853515625e+01 3.109999999999999876e+00 4.500000178813934326e-02 5.315526123046875000e+02
2.561895012855529785e+01 3.129999999999999893e+00 4.500000178813934326e-02 4.476232604980468750e+02
2.572594308853149414e+01 3.040000000000000036e+00 4.500000178813934326e-02 2.657763061523437500e+02
2.581695294380187988e+01 3.040000000000000036e+00 4.500000178813934326e-02 4.476232604980468750e+02
2.593394112586975098e+01 3.029999999999999805e+00 4.500000178813934326e-02 5.315526123046875000e+02
2.601894307136535645e+01 3.029999999999999805e+00 4.500000178813934326e-02 5.455408935546875000e+02
2.613200068473815918e+01 3.060000000000000053e+00 4.500000178813934326e-02 6.294701538085937500e+02
2.622595191001892090e+01 3.129999999999999893e+00 4.500000178813934326e-02 6.294701538085937500e+02
2.633395242691040039e+01 3.140000000000000124e+00 4.500000178813934326e-02 5.315526123046875000e+02
2.642399191856384277e+01 3.100000000000000089e+00 4.500000178813934326e-02 5.315526123046875000e+02
2.651895093917846680e+01 3.109999999999999876e+00 4.500000178813934326e-02 5.315526123046875000e+02
2.662695240974426270e+01 3.100000000000000089e+00 4.500000178813934326e-02 5.455408935546875000e+02
2.671599507331848145e+01 3.100000000000000089e+00 4.500000178813934326e-02 5.315526123046875000e+02
2.683395171165466309e+01 3.089999999999999858e+00 4.500000178813934326e-02 6.294701538085937500e+02
2.692295241355895996e+01 3.120000000000000107e+00 4.500000178813934326e-02 6.294701538085937500e+02
2.703095054626464844e+01 3.140000000000000124e+00 4.500000178813934326e-02 3.636938781738281250e+02
2.712595200538635254e+01 3.100000000000000089e+00 4.500000178813934326e-02 5.455408935546875000e+02
2.721599364280700684e+01 3.080000000000000071e+00 4.500000178813934326e-02 6.434584350585937500e+02
2.732399511337280273e+01 3.120000000000000107e+00 4.500000178813934326e-02 6.294701538085937500e+02
2.741795229911804199e+01 3.089999999999999858e+00 4.500000178813934326e-02 4.476232604980468750e+02
2.753095221519470215e+01 3.069999999999999840e+00 4.500000178813934326e-02 5.455408935546875000e+02
2.763095116615295410e+01 3.049999999999999822e+00 4.500000178813934326e-02 5.455408935546875000e+02
2.773295378684997559e+01 3.029999999999999805e+00 4.500000178813934326e-02 5.455408935546875000e+02
2.782398843765258789e+01 3.120000000000000107e+00 4.500000178813934326e-02 6.294701538085937500e+02
2.793095040321350098e+01 3.129999999999999893e+00 4.500000178813934326e-02 7.133995361328125000e+02
2.802195215225219727e+01 2.979999999999999982e+00 4.500000178813934326e-02 7.133995361328125000e+02
2.812195324897766113e+01 3.060000000000000053e+00 4.500000178813934326e-02 7.133995361328125000e+02
2.822399187088012695e+01 3.129999999999999893e+00 4.500000178813934326e-02 6.294701538085937500e+02
2.833694887161254883e+01 3.180000000000000160e+00 4.500000178813934326e-02 6.294701538085937500e+02
2.843094921112060547e+01 3.149999999999999911e+00 4.500000178813934326e-02 4.616115112304687500e+02
2.851695036888122559e+01 3.069999999999999840e+00 4.500000178813934326e-02 6.294701538085937500e+02
2.862895226478576660e+01 3.020000000000000018e+00 4.500000178813934326e-02 8.113171386718750000e+02
2.872398924827575684e+01 3.100000000000000089e+00 4.500000178813934326e-02 7.133995361328125000e+02
2.883199167251586914e+01 3.120000000000000107e+00 4.500000178813934326e-02 5.455408935546875000e+02
2.892095541954040527e+01 3.149999999999999911e+00 4.500000178813934326e-02 6.294701538085937500e+02
2.903695249557495117e+01 3.180000000000000160e+00 4.500000178813934326e-02 4.476232604980468750e+02
2.912798857688903809e+01 3.120000000000000107e+00 4.500000178813934326e-02 4.476232604980468750e+02
2.923598814010620117e+01 3.060000000000000053e+00 4.500000178813934326e-02 4.476232604980468750e+02
2.933095836639404297e+01 3.049999999999999822e+00 4.500000178813934326e-02 3.636938781738281250e+02
2.942095351219177246e+01 3.069999999999999840e+00 4.500000178813934326e-02 3.636938781738281250e+02
2.952894449234008789e+01 3.020000000000000018e+00 4.500000178813934326e-02 5.455408935546875000e+02
2.962296247482299805e+01 3.069999999999999840e+00 4.500000178813934326e-02 5.455408935546875000e+02
2.973601174354553223e+01 3.120000000000000107e+00 4.500000178813934326e-02 1.678587188720703125e+02
2.982095384597778320e+01 3.089999999999999858e+00 4.500000178813934326e-02 0.000000000000000000e+00
2.991199564933776855e+01 2.879999999999999893e+00 4.500000178813934326e-02 8.392935943603515625e+01
3.002895164489746094e+01 2.839999999999999858e+00 4.500000178813934326e-02 0.000000000000000000e+00
3.013599634170532227e+01 2.819999999999999840e+00 4.500000178813934326e-02 0.000000000000000000e+00
3.022695088386535645e+01 2.839999999999999858e+00 4.500000178813934326e-02 0.000000000000000000e+00
3.032095193862915039e+01 3.029999999999999805e+00 4.500000178813934326e-02 0.000000000000000000e+00
3.042895007133483887e+01 3.279999999999999805e+00 4.500000178813934326e-02 0.000000000000000000e+00
3.051895046234130859e+01 3.950000000000000178e+00 4.500000178813934326e-02 0.000000000000000000e+00
3.063599181175231934e+01 4.620000000000000107e+00 4.500000178813934326e-02 0.000000000000000000e+00
3.072195696830749512e+01 5.150000000000000355e+00 4.500000178813934326e-02 0.000000000000000000e+00
3.083395385742187500e+01 5.910000000000000142e+00 4.500000178813934326e-02 0.000000000000000000e+00
3.092895054817199707e+01 6.500000000000000000e+00 4.500000178813934326e-02 -2.797645568847656250e+02
3.103695368766784668e+01 6.540000000000000036e+00 4.500000178813934326e-02 -4.476232604980468750e+02
3.112595272064208984e+01 6.469999999999999751e+00 4.500000178813934326e-02 -6.294701538085937500e+02
3.122096848487854004e+01 6.490000000000000213e+00 4.500000178813934326e-02 -8.113171386718750000e+02
3.133295345306396484e+01 6.370000000000000107e+00 4.500000178813934326e-02 -9.931641235351562500e+02
3.141895055770874023e+01 6.259999999999999787e+00 4.500000178813934326e-02 -7.273877563476562500e+02
3.153598451614379883e+01 6.349999999999999645e+00 4.500000178813934326e-02 -4.476232604980468750e+02
3.162595033645629883e+01 6.459999999999999964e+00 4.500000178813934326e-02 -3.636938781738281250e+02
3.173394846916198730e+01 6.459999999999999964e+00 4.500000178813934326e-02 -4.476232604980468750e+02
3.182798981666564941e+01 6.509999999999999787e+00 4.500000178813934326e-02 -7.133995361328125000e+02
3.191895174980163574e+01 6.440000000000000391e+00 4.500000178813934326e-02 -8.113171386718750000e+02
3.202595090866088867e+01 6.339999999999999858e+00 4.500000178813934326e-02 -8.113171386718750000e+02
3.211695384979248047e+01 6.320000000000000284e+00 4.500000178813934326e-02 -7.973289184570312500e+02
3.223395180702209473e+01 6.370000000000000107e+00 4.500000178813934326e-02 -6.294701538085937500e+02
3.231895923614501953e+01 6.450000000000000178e+00 4.500000178813934326e-02 -6.294701538085937500e+02
3.243199658393859863e+01 6.379999999999999893e+00 4.500000178813934326e-02 -6.294701538085937500e+02
3.252595162391662598e+01 6.309999999999999609e+00 4.500000178813934326e-02 -5.455408935546875000e+02
3.263395166397094727e+01 6.309999999999999609e+00 4.500000178813934326e-02 -5.455408935546875000e+02
3.272399592399597168e+01 6.379999999999999893e+00 4.500000178813934326e-02 -5.315526123046875000e+02
3.281895184516906738e+01 6.349999999999999645e+00 4.500000178813934326e-02 -5.315526123046875000e+02
3.292695379257202148e+01 6.320000000000000284e+00 4.500000178813934326e-02 -5.455408935546875000e+02
3.303795123100280762e+01 6.370000000000000107e+00 4.500000178813934326e-02 -6.294701538085937500e+02
3.313395261764526367e+01 6.349999999999999645e+00 4.500000178813934326e-02 -6.294701538085937500e+02
3.322295570373535156e+01 6.360000000000000320e+00 4.500000178813934326e-02 -7.273877563476562500e+02
3.333096194267272949e+01 6.339999999999999858e+00 4.500000178813934326e-02 -6.294701538085937500e+02
3.342595338821411133e+01 6.349999999999999645e+00 4.500000178813934326e-02 -5.315526123046875000e+02
3.353795075416564941e+01 6.360000000000000320e+00 4.500000178813934326e-02 -5.455408935546875000e+02
3.362399005889892578e+01 6.400000000000000355e+00 4.500000178813934326e-02 -6.294701538085937500e+02
3.371795010566711426e+01 6.389999999999999680e+00 4.500000178813934326e-02 -6.294701538085937500e+02
3.383095049858093262e+01 6.379999999999999893e+00 4.500000178813934326e-02 -6.294701538085937500e+02
3.391598963737487793e+01 6.389999999999999680e+00 4.500000178813934326e-02 -6.294701538085937500e+02
3.403295516967773438e+01 6.419999999999999929e+00 4.500000178813934326e-02 -5.455408935546875000e+02
3.412399148941040039e+01 6.429999999999999716e+00 4.500000178813934326e-02 -4.476232604980468750e+02
3.423094964027404785e+01 6.400000000000000355e+00 4.500000178813934326e-02 -6.294701538085937500e+02
3.432196402549743652e+01 6.400000000000000355e+00 4.500000178813934326e-02 -5.455408935546875000e+02
3.443795180320739746e+01 6.419999999999999929e+00 4.500000178813934326e-02 -7.273877563476562500e+02
3.452400016784667969e+01 6.410000000000000142e+00 4.500000178813934326e-02 -8.113171386718750000e+02
3.463694953918457031e+01 6.339999999999999858e+00 4.500000178813934326e-02 -8.113171386718750000e+02
3.473095035552978516e+01 6.299999999999999822e+00 4.500000178813934326e-02 -8.113171386718750000e+02
3.481695008277893066e+01 6.309999999999999609e+00 4.500000178813934326e-02 -8.952465209960937500e+02
3.492893910408020020e+01 6.290000000000000036e+00 4.500000178813934326e-02 -8.113171386718750000e+02
3.502400088310241699e+01 6.339999999999999858e+00 4.500000178813934326e-02 -6.294701538085937500e+02
3.513199162483215332e+01 6.410000000000000142e+00 4.500000178813934326e-02 -8.113171386718750000e+02
3.522095203399658203e+01 6.330000000000000071e+00 4.500000178813934326e-02 -8.113171386718750000e+02
3.533695030212402344e+01 6.309999999999999609e+00 4.500000178813934326e-02 -7.273877563476562500e+02
3.542799544334411621e+01 6.320000000000000284e+00 4.500000178813934326e-02 -7.133995361328125000e+02
3.553599381446838379e+01 6.349999999999999645e+00 4.500000178813934326e-02 -7.273877563476562500e+02
3.563094925880432129e+01 6.309999999999999609e+00 4.500000178813934326e-02 -7.133995361328125000e+02
3.572096085548400879e+01 6.389999999999999680e+00 4.500000178813934326e-02 -7.133995361328125000e+02
3.582895231246948242e+01 6.400000000000000355e+00 4.500000178813934326e-02 -8.113171386718750000e+02
3.592295265197753906e+01 6.349999999999999645e+00 4.500000178813934326e-02 -8.952465209960937500e+02
3.603599619865417480e+01 6.389999999999999680e+00 4.500000178813934326e-02 -9.931641235351562500e+02
3.612094497680664062e+01 6.320000000000000284e+00 4.500000178813934326e-02 -9.931641235351562500e+02
3.621200704574584961e+01 6.360000000000000320e+00 4.500000178813934326e-02 -9.931641235351562500e+02
3.632895040512084961e+01 6.309999999999999609e+00 4.500000178813934326e-02 -9.931641235351562500e+02
3.643599724769592285e+01 6.290000000000000036e+00 4.500000178813934326e-02 -8.113171386718750000e+02
3.652694845199584961e+01 6.230000000000000426e+00 4.500000178813934326e-02 -8.113171386718750000e+02
3.662095165252685547e+01 6.290000000000000036e+00 4.500000178813934326e-02 -8.113171386718750000e+02
3.672895145416259766e+01 6.290000000000000036e+00 4.500000178813934326e-02 -8.113171386718750000e+02
3.681895136833190918e+01 6.349999999999999645e+00 4.500000178813934326e-02 -6.294701538085937500e+02
3.693599843978881836e+01 6.379999999999999893e+00 4.500000178813934326e-02 -5.455408935546875000e+02
3.702195835113525391e+01 6.370000000000000107e+00 4.500000178813934326e-02 -5.455408935546875000e+02
3.713395333290100098e+01 6.339999999999999858e+00 4.500000178813934326e-02 -6.294701538085937500e+02
3.722894954681396484e+01 6.379999999999999893e+00 4.500000178813934326e-02 -8.113171386718750000e+02
3.733695149421691895e+01 6.389999999999999680e+00 4.500000178813934326e-02 -9.092347412109375000e+02
3.742594909667968750e+01 6.419999999999999929e+00 4.500000178813934326e-02 -8.113171386718750000e+02
3.752095103263854980e+01 6.320000000000000284e+00 4.500000178813934326e-02 -7.133995361328125000e+02
3.763295340538024902e+01 6.360000000000000320e+00 4.500000178813934326e-02 -8.952465209960937500e+02
3.771894955635070801e+01 6.320000000000000284e+00 4.500000178813934326e-02 -9.092347412109375000e+02
3.783601069450378418e+01 6.389999999999999680e+00 4.500000178813934326e-02 -9.931641235351562500e+02
3.792594981193542480e+01 6.330000000000000071e+00 4.500000178813934326e-02 -9.092347412109375000e+02
3.803394937515258789e+01 6.290000000000000036e+00 4.500000178813934326e-02 -9.092347412109375000e+02
3.812801265716552734e+01 6.219999999999999751e+00 4.500000178813934326e-02 -8.952465209960937500e+02
3.821894168853759766e+01 6.299999999999999822e+00 4.500000178813934326e-02 -9.092347412109375000e+02
3.832594990730285645e+01 6.290000000000000036e+00 4.500000178813934326e-02 -8.952465209960937500e+02
3.841695904731750488e+01 6.280000000000000249e+00 4.500000178813934326e-02 -9.791759033203125000e+02
3.853394937515258789e+01 6.299999999999999822e+00 4.500000178813934326e-02 -9.931641235351562500e+02
3.861895012855529785e+01 6.330000000000000071e+00 4.500000178813934326e-02 -9.931641235351562500e+02
3.873199701309204102e+01 6.269999999999999574e+00 4.500000178813934326e-02 -9.931641235351562500e+02
3.882594847679138184e+01 6.320000000000000284e+00 4.500000178813934326e-02 -8.952465209960937500e+02
3.893394804000854492e+01 6.330000000000000071e+00 4.500000178813934326e-02 -9.931641235351562500e+02
3.902398800849914551e+01 6.320000000000000284e+00 4.500000178813934326e-02 -1.091081787109375000e+03
3.911895084381103516e+01 6.250000000000000000e+00 4.500000178813934326e-02 -9.931641235351562500e+02
3.922695112228393555e+01 6.259999999999999787e+00 4.500000178813934326e-02 -8.113171386718750000e+02
3.931599760055541992e+01 6.339999999999999858e+00 4.500000178813934326e-02 -8.113171386718750000e+02
3.943394970893859863e+01 6.299999999999999822e+00 4.500000178813934326e-02 -8.113171386718750000e+02
3.952295255661010742e+01 6.250000000000000000e+00 4.500000178813934326e-02 -7.973289184570312500e+02
3.963095092773437500e+01 5.959999999999999964e+00 4.500000178813934326e-02 0.000000000000000000e+00
3.972595000267028809e+01 5.280000000000000249e+00 4.500000178813934326e-02 0.000000000000000000e+00
3.983795213699340820e+01 5.290000000000000036e+00 4.500000178813934326e-02 0.000000000000000000e+00
3.992400074005126953e+01 4.660000000000000142e+00 4.500000178813934326e-02 0.000000000000000000e+00
4.001795101165771484e+01 3.339999999999999858e+00 4.500000178813934326e-02 8.392935943603515625e+01
4.013094902038574219e+01 3.089999999999999858e+00 4.500000178813934326e-02 1.678587188720703125e+02
4.022295570373535156e+01 2.950000000000000178e+00 4.500000178813934326e-02 4.476232604980468750e+02
4.033295369148254395e+01 2.990000000000000213e+00 4.500000178813934326e-02 6.294701538085937500e+02
4.042399120330810547e+01 3.049999999999999822e+00 4.500000178813934326e-02 7.133995361328125000e+02
4.053095054626464844e+01 3.089999999999999858e+00 4.500000178813934326e-02 7.273877563476562500e+02
4.062195420265197754e+01 3.049999999999999822e+00 4.500000178813934326e-02 6.294701538085937500e+02
4.071599316596984863e+01 3.089999999999999858e+00 4.500000178813934326e-02 8.952465209960937500e+02
4.082399439811706543e+01 3.080000000000000071e+00 4.500000178813934326e-02 8.952465209960937500e+02
4.093695187568664551e+01 3.109999999999999876e+00 4.500000178813934326e-02 9.791759033203125000e+02
4.103094935417175293e+01 3.080000000000000071e+00 4.500000178813934326e-02 8.113171386718750000e+02
4.112399697303771973e+01 3.129999999999999893e+00 4.500000178813934326e-02 8.113171386718750000e+02
4.122896718978881836e+01 3.129999999999999893e+00 4.500000178813934326e-02 8.113171386718750000e+02
4.132398509979248047e+01 3.140000000000000124e+00 4.500000178813934326e-02 8.113171386718750000e+02
4.143199276924133301e+01 3.160000000000000142e+00 4.500000178813934326e-02 8.952465209960937500e+02
4.152095055580139160e+01 3.149999999999999911e+00 4.500000178813934326e-02 9.931641235351562500e+02
4.163795161247253418e+01 3.180000000000000160e+00 4.500000178813934326e-02 9.092347412109375000e+02
4.172801065444946289e+01 3.100000000000000089e+00 4.500000178813934326e-02 8.113171386718750000e+02
4.183601140975952148e+01 3.140000000000000124e+00 4.500000178813934326e-02 5.455408935546875000e+02
4.193094158172607422e+01 3.049999999999999822e+00 4.500000178813934326e-02 5.455408935546875000e+02
4.202094602584838867e+01 3.120000000000000107e+00 4.500000178813934326e-02 5.455408935546875000e+02
4.212895202636718750e+01 3.109999999999999876e+00 4.500000178813934326e-02 7.273877563476562500e+02
4.222295475006103516e+01 3.029999999999999805e+00 4.500000178813934326e-02 8.113171386718750000e+02
4.233599615097045898e+01 3.029999999999999805e+00 4.500000178813934326e-02 8.952465209960937500e+02
4.242096352577209473e+01 3.149999999999999911e+00 4.500000178813934326e-02 8.113171386718750000e+02
4.252894306182861328e+01 3.189999999999999947e+00 4.500000178813934326e-02 7.133995361328125000e+02
4.262895131111145020e+01 3.189999999999999947e+00 4.500000178813934326e-02 6.294701538085937500e+02
4.273600029945373535e+01 3.109999999999999876e+00 4.500000178813934326e-02 6.294701538085937500e+02
4.282694888114929199e+01 3.089999999999999858e+00 4.500000178813934326e-02 6.294701538085937500e+02
4.292095255851745605e+01 3.100000000000000089e+00 4.500000178813934326e-02 7.273877563476562500e+02
4.302895164489746094e+01 3.109999999999999876e+00 4.500000178813934326e-02 7.273877563476562500e+02
4.311894869804382324e+01 3.189999999999999947e+00 4.500000178813934326e-02 7.273877563476562500e+02
4.323599958419799805e+01 3.180000000000000160e+00 4.500000178813934326e-02 7.273877563476562500e+02
4.332195854187011719e+01 3.120000000000000107e+00 4.500000178813934326e-02 7.133995361328125000e+02
4.343394923210144043e+01 3.149999999999999911e+00 4.500000178813934326e-02 7.273877563476562500e+02
4.352894926071166992e+01 3.109999999999999876e+00 4.500000178813934326e-02 8.952465209960937500e+02
4.363695406913757324e+01 3.129999999999999893e+00 4.500000178813934326e-02 8.952465209960937500e+02
4.372594881057739258e+01 3.109999999999999876e+00 4.500000178813934326e-02 8.952465209960937500e+02
4.382095241546630859e+01 3.100000000000000089e+00 4.500000178813934326e-02 8.113171386718750000e+02
4.393295264244079590e+01 3.029999999999999805e+00 4.500000178813934326e-02 9.931641235351562500e+02
4.401894402503967285e+01 3.069999999999999840e+00 4.500000178813934326e-02 9.931641235351562500e+02
4.413599562644958496e+01 3.200000000000000178e+00 4.500000178813934326e-02 8.952465209960937500e+02
4.422595167160034180e+01 3.160000000000000142e+00 4.500000178813934326e-02 8.113171386718750000e+02
4.433395099639892578e+01 3.109999999999999876e+00 4.500000178813934326e-02 7.133995361328125000e+02
4.442799425125122070e+01 3.129999999999999893e+00 4.500000178813934326e-02 9.092347412109375000e+02
4.451894998550415039e+01 3.149999999999999911e+00 4.500000178813934326e-02 9.931641235351562500e+02
4.462594342231750488e+01 3.140000000000000124e+00 4.500000178813934326e-02 8.113171386718750000e+02
4.471694135665893555e+01 3.100000000000000089e+00 4.500000178813934326e-02 8.113171386718750000e+02
4.483395147323608398e+01 3.149999999999999911e+00 4.500000178813934326e-02 7.273877563476562500e+02
4.491894888877868652e+01 3.149999999999999911e+00 4.500000178813934326e-02 8.113171386718750000e+02
4.503200387954711914e+01 3.149999999999999911e+00 4.500000178813934326e-02 9.092347412109375000e+02
4.512594866752624512e+01 3.169999999999999929e+00 4.500000178813934326e-02 7.133995361328125000e+02
4.523394942283630371e+01 3.140000000000000124e+00 4.500000178813934326e-02 7.273877563476562500e+02
4.532399153709411621e+01 3.160000000000000142e+00 4.500000178813934326e-02 6.294701538085937500e+02
4.541894865036010742e+01 3.109999999999999876e+00 4.500000178813934326e-02 7.133995361328125000e+02
4.552695202827453613e+01 3.069999999999999840e+00 4.500000178813934326e-02 8.952465209960937500e+02
4.562694859504699707e+01 3.089999999999999858e+00 4.500000178813934326e-02 9.092347412109375000e+02
4.573394918441772461e+01 3.080000000000000071e+00 4.500000178813934326e-02 8.113171386718750000e+02
4.582295155525207520e+01 3.120000000000000107e+00 4.500000178813934326e-02 7.133995361328125000e+02
4.593094944953918457e+01 3.120000000000000107e+00 4.500000178813934326e-02 5.315526123046875000e+02
4.602595019340515137e+01 3.040000000000000036e+00 4.500000178813934326e-02 4.476232604980468750e+02
4.613795018196105957e+01 2.990000000000000213e+00 4.500000178813934326e-02 5.315526123046875000e+02
4.622400188446044922e+01 2.950000000000000178e+00 4.500000178813934326e-02 6.294701538085937500e+02
4.631795191764831543e+01 2.979999999999999982e+00 4.500000178813934326e-02 8.113171386718750000e+02
4.643095898628234863e+01 3.060000000000000053e+00 4.500000178813934326e-02 8.952465209960937500e+02
4.652195191383361816e+01 3.149999999999999911e+00 4.500000178813934326e-02 7.133995361328125000e+02
4.663295483589172363e+01 3.200000000000000178e+00 4.500000178813934326e-02 5.455408935546875000e+02
4.672399330139160156e+01 3.089999999999999858e+00 4.500000178813934326e-02 4.616115112304687500e+02
4.683095741271972656e+01 3.100000000000000089e+00 4.500000178813934326e-02 8.113171386718750000e+02
4.692195796966552734e+01 3.069999999999999840e+00 4.500000178813934326e-02 1.091081787109375000e+03
4.701598978042602539e+01 3.109999999999999876e+00 4.500000178813934326e-02 9.791759033203125000e+02
4.712399005889892578e+01 3.129999999999999893e+00 4.500000178813934326e-02 8.952465209960937500e+02
4.723695063591003418e+01 3.149999999999999911e+00 4.500000178813934326e-02 9.931641235351562500e+02
4.733095407485961914e+01 3.109999999999999876e+00 4.500000178813934326e-02 9.931641235351562500e+02
4.741695427894592285e+01 3.009999999999999787e+00 4.500000178813934326e-02 1.161022827148437500e+03
4.752895927429199219e+01 3.100000000000000089e+00 4.500000178813934326e-02 1.538704956054687500e+03
4.762400603294372559e+01 3.149999999999999911e+00 4.500000178813934326e-02 1.440787353515625000e+03
4.773199510574340820e+01 3.120000000000000107e+00 4.500000178813934326e-02 1.342869750976562500e+03
4.782095265388488770e+01 3.220000000000000195e+00 4.500000178813934326e-02 1.161022827148437500e+03
4.793796396255493164e+01 3.220000000000000195e+00 4.500000178813934326e-02 8.113171386718750000e+02
4.802800893783569336e+01 3.149999999999999911e+00 4.500000178813934326e-02 7.133995361328125000e+02
4.813599705696105957e+01 3.120000000000000107e+00 4.500000178813934326e-02 5.455408935546875000e+02
4.823096179962158203e+01 3.140000000000000124e+00 4.500000178813934326e-02 4.476232604980468750e+02
4.832095384597778320e+01 3.180000000000000160e+00 4.500000178813934326e-02 0.000000000000000000e+00
4.842895817756652832e+01 3.089999999999999858e+00 4.500000178813934326e-02 0.000000000000000000e+00
4.852295947074890137e+01 2.970000000000000195e+00 4.500000178813934326e-02 9.791758728027343750e+01
4.863599586486816406e+01 2.919999999999999929e+00 4.500000178813934326e-02 0.000000000000000000e+00
4.872095274925231934e+01 2.899999999999999911e+00 4.500000178813934326e-02 0.000000000000000000e+00
4.881201291084289551e+01 2.890000000000000124e+00 4.500000178813934326e-02 0.000000000000000000e+00
4.892895698547363281e+01 2.890000000000000124e+00 4.500000178813934326e-02 0.000000000000000000e+00
4.903599691390991211e+01 2.910000000000000142e+00 4.500000178813934326e-02 0.000000000000000000e+00
4.912695336341857910e+01 3.109999999999999876e+00 4.500000178813934326e-02 0.000000000000000000e+00
4.922095799446105957e+01 2.939999999999999947e+00 4.500000178813934326e-02 0.000000000000000000e+00
4.932894968986511230e+01 3.250000000000000000e+00 4.500000178813934326e-02 0.000000000000000000e+00
4.941895246505737305e+01 4.549999999999999822e+00 4.500000178813934326e-02 0.000000000000000000e+00
4.953599357604980469e+01 5.719999999999999751e+00 4.500000178813934326e-02 -2.797645568847656250e+02
4.962195420265197754e+01 6.469999999999999751e+00 4.500000178813934326e-02 -5.455408935546875000e+02
4.973395109176635742e+01 6.509999999999999787e+00 4.500000178813934326e-02 -1.342869750976562500e+03
4.982894945144653320e+01 6.570000000000000284e+00 4.500000178813934326e-02 -2.350021972656250000e+03
4.993694996833801270e+01 6.309999999999999609e+00 4.500000178813934326e-02 -2.783656982421875000e+03
5.002595043182373047e+01 6.200000000000000178e+00 4.500000178813934326e-02 -2.601810058593750000e+03
5.012095308303833008e+01 6.089999999999999858e+00 4.500000178813934326e-02 -2.601810058593750000e+03
5.023295164108276367e+01 5.929999999999999716e+00 4.500000178813934326e-02 -2.433951416015625000e+03
5.031894946098327637e+01 6.089999999999999858e+00 4.500000178813934326e-02 -2.336033691406250000e+03
5.043598437309265137e+01 6.150000000000000355e+00 4.500000178813934326e-02 -2.601810058593750000e+03
5.052595162391662598e+01 6.169999999999999929e+00 4.500000178813934326e-02 -2.615798339843750000e+03
5.063395237922668457e+01 6.240000000000000213e+00 4.500000178813934326e-02 -2.783656982421875000e+03
5.072799158096313477e+01 6.129999999999999893e+00 4.500000178813934326e-02 -2.783656982421875000e+03
5.081894946098327637e+01 6.129999999999999893e+00 4.500000178813934326e-02 -2.783656982421875000e+03
5.092595267295837402e+01 6.179999999999999716e+00 4.500000178813934326e-02 -2.615798339843750000e+03
5.101695561408996582e+01 6.160000000000000142e+00 4.500000178813934326e-02 -2.797645263671875000e+03
5.113395023345947266e+01 6.209999999999999964e+00 4.500000178813934326e-02 -2.699727783203125000e+03
5.121894979476928711e+01 6.139999999999999680e+00 4.500000178813934326e-02 -2.881574707031250000e+03
5.133200144767761230e+01 6.139999999999999680e+00 4.500000178813934326e-02 -2.713715820312500000e+03
5.142594981193542480e+01 6.089999999999999858e+00 4.500000178813934326e-02 -2.517880615234375000e+03
5.153395295143127441e+01 6.150000000000000355e+00 4.500000178813934326e-02 -2.531868896484375000e+03
5.162399888038635254e+01 6.129999999999999893e+00 4.500000178813934326e-02 -2.531868896484375000e+03
5.171895074844360352e+01 5.940000000000000391e+00 4.500000178813934326e-02 -2.336033691406250000e+03
5.182695198059082031e+01 6.030000000000000249e+00 4.500000178813934326e-02 -1.888410644531250000e+03
5.192295527458190918e+01 6.129999999999999893e+00 4.500000178813934326e-02 -1.720551879882812500e+03
5.203395032882690430e+01 6.250000000000000000e+00 4.500000178813934326e-02 -1.175010986328125000e+03
5.212295436859130859e+01 6.240000000000000213e+00 4.500000178813934326e-02 -1.258940307617187500e+03
5.223095083236694336e+01 6.280000000000000249e+00 4.500000178813934326e-02 -1.258940307617187500e+03
5.232595801353454590e+01 6.320000000000000284e+00 4.500000178813934326e-02 -1.091081787109375000e+03
5.243795108795166016e+01 6.280000000000000249e+00 4.500000178813934326e-02 -1.091081787109375000e+03
5.252399587631225586e+01 6.209999999999999964e+00 4.500000178813934326e-02 -9.931641235351562500e+02
5.261795234680175781e+01 5.419999999999999929e+00 4.500000178813934326e-02 0.000000000000000000e+00
5.273094224929809570e+01 4.450000000000000178e+00 4.500000178813934326e-02 0.000000000000000000e+00
5.282195711135864258e+01 4.049999999999999822e+00 4.500000178813934326e-02 0.000000000000000000e+00
5.293295550346374512e+01 3.209999999999999964e+00 4.500000178813934326e-02 3.497056579589843750e+02
5.302398228645324707e+01 2.939999999999999947e+00 4.500000178813934326e-02 9.931641235351562500e+02
5.313095283508300781e+01 2.919999999999999929e+00 4.500000178813934326e-02 1.986328247070312500e+03
5.322194480895996094e+01 3.020000000000000018e+00 4.500000178813934326e-02 1.972340087890625000e+03
5.333794879913330078e+01 3.149999999999999911e+00 4.500000178813934326e-02 1.972340087890625000e+03
5.342398619651794434e+01 3.189999999999999947e+00 4.500000178813934326e-02 1.706563598632812500e+03
5.353695225715637207e+01 3.250000000000000000e+00 4.500000178813934326e-02 1.440787353515625000e+03
5.363095045089721680e+01 3.229999999999999982e+00 4.500000178813934326e-02 1.524716674804687500e+03
5.371694946289062500e+01 3.160000000000000142e+00 4.500000178813934326e-02 1.706563598632812500e+03
5.382895159721374512e+01 3.129999999999999893e+00 4.500000178813934326e-02 1.790493041992187500e+03
5.392398858070373535e+01 3.129999999999999893e+00 4.500000178813934326e-02 1.790493041992187500e+03
5.403199458122253418e+01 3.160000000000000142e+00 4.500000178813934326e-02 1.888410644531250000e+03
5.412094974517822266e+01 3.180000000000000160e+00 4.500000178813934326e-02 1.972340087890625000e+03
5.422295093536376953e+01 3.160000000000000142e+00 4.500000178813934326e-02 1.888410644531250000e+03
5.434695887565612793e+01 3.240000000000000213e+00 4.500000178813934326e-02 1.706563598632812500e+03
5.443600082397460938e+01 3.220000000000000195e+00 4.500000178813934326e-02 1.622634277343750000e+03
5.455395007133483887e+01 3.180000000000000160e+00 4.500000178813934326e-02 1.804481201171875000e+03
5.464295482635498047e+01 3.089999999999999858e+00 4.500000178813934326e-02 1.972340087890625000e+03
5.475095224380493164e+01 3.209999999999999964e+00 4.500000178813934326e-02 1.972340087890625000e+03
5.484594893455505371e+01 3.129999999999999893e+00 4.500000178813934326e-02 2.070257568359375000e+03
5.495695209503173828e+01 3.169999999999999929e+00 4.500000178813934326e-02 2.252104736328125000e+03
5.504399299621582031e+01 3.149999999999999911e+00 4.500000178813934326e-02 2.252104736328125000e+03
5.513795161247253418e+01 3.229999999999999982e+00 4.500000178813934326e-02 2.070257568359375000e+03
5.525095129013061523e+01 3.189999999999999947e+00 4.500000178813934326e-02 2.070257568359375000e+03
5.534695124626159668e+01 3.169999999999999929e+00 4.500000178813934326e-02 1.888410644531250000e+03
5.545295381546020508e+01 3.189999999999999947e+00 4.500000178813934326e-02 1.720551879882812500e+03
5.554398775100708008e+01 3.200000000000000178e+00 4.500000178813934326e-02 1.622634277343750000e+03
5.565095067024230957e+01 3.160000000000000142e+00 4.500000178813934326e-02 1.706563598632812500e+03
5.574196124076843262e+01 3.209999999999999964e+00 4.500000178813934326e-02 1.608645996093750000e+03
5.583599710464477539e+01 3.220000000000000195e+00 4.500000178813934326e-02 1.440787353515625000e+03
5.594398856163024902e+01 3.129999999999999893e+00 4.500000178813934326e-02 1.622634277343750000e+03
5.605695414543151855e+01 3.149999999999999911e+00 4.500000178813934326e-02 1.888410644531250000e+03
5.615095090866088867e+01 3.109999999999999876e+00 4.500000178813934326e-02 1.524716674804687500e+03
5.623695635795593262e+01 3.290000000000000036e+00 4.500000178813934326e-02 1.258940307617187500e+03
5.634895706176757812e+01 3.160000000000000142e+00 4.500000178813934326e-02 9.931641235351562500e+02
5.644399309158325195e+01 3.129999999999999893e+00 4.500000178813934326e-02 9.931641235351562500e+02
5.655199694633483887e+01 3.169999999999999929e+00 4.500000178813934326e-02 9.791759033203125000e+02
5.664094996452331543e+01 3.200000000000000178e+00 4.500000178813934326e-02 7.973289184570312500e+02
5.675795030593872070e+01 3.160000000000000142e+00 4.500000178813934326e-02 6.294701538085937500e+02
5.684799242019653320e+01 3.100000000000000089e+00 4.500000178813934326e-02 6.294701538085937500e+02
5.695599889755249023e+01 3.049999999999999822e+00 4.500000178813934326e-02 9.092347412109375000e+02
5.705095076560974121e+01 3.189999999999999947e+00 4.500000178813934326e-02 0.000000000000000000e+00
5.714095187187194824e+01 3.399999999999999911e+00 4.500000178813934326e-02 0.000000000000000000e+00
5.724895405769348145e+01 3.390000000000000124e+00 4.500000178813934326e-02 0.000000000000000000e+00
5.734295558929443359e+01 2.910000000000000142e+00 4.500000178813934326e-02 0.000000000000000000e+00
5.745599651336669922e+01 2.919999999999999929e+00 4.500000178813934326e-02 0.000000000000000000e+00
5.754095530509948730e+01 2.930000000000000160e+00 4.500000178813934326e-02 8.392935943603515625e+01
5.763199591636657715e+01 2.910000000000000142e+00 4.500000178813934326e-02 0.000000000000000000e+00
5.774895429611206055e+01 2.850000000000000089e+00 4.500000178813934326e-02 0.000000000000000000e+00
5.785599517822265625e+01 2.870000000000000107e+00 4.500000178813934326e-02 0.000000000000000000e+00
5.794694972038269043e+01 2.839999999999999858e+00 4.500000178813934326e-02 0.000000000000000000e+00
5.804095125198364258e+01 2.819999999999999840e+00 4.500000178813934326e-02 0.000000000000000000e+00
5.814895248413085938e+01 2.819999999999999840e+00 4.500000178813934326e-02 0.000000000000000000e+00
5.823895239830017090e+01 2.790000000000000036e+00 4.500000178813934326e-02 0.000000000000000000e+00
5.835600090026855469e+01 2.790000000000000036e+00 4.500000178813934326e-02 0.000000000000000000e+00
5.844196319580078125e+01 2.779999999999999805e+00 4.500000178813934326e-02 0.000000000000000000e+00
5.855395245552062988e+01 2.790000000000000036e+00 4.500000178813934326e-02 0.000000000000000000e+00
5.864895224571228027e+01 2.770000000000000018e+00 4.500000178813934326e-02 0.000000000000000000e+00
5.875695419311523438e+01 2.779999999999999805e+00 4.500000178813934326e-02 0.000000000000000000e+00
5.884596157073974609e+01 2.770000000000000018e+00 4.500000178813934326e-02 0.000000000000000000e+00
5.894095039367675781e+01 2.770000000000000018e+00 4.500000178813934326e-02 0.000000000000000000e+00
5.905295610427856445e+01 2.759999999999999787e+00 4.500000178813934326e-02 0.000000000000000000e+00
5.913894867897033691e+01 2.770000000000000018e+00 4.500000178813934326e-02 0.000000000000000000e+00
5.925599193572998047e+01 2.759999999999999787e+00 4.500000178813934326e-02 0.000000000000000000e+00
