5.304551124572753906e-02 2.689999999999999947e+00 4.300000146031379700e-02 0.000000000000000000e+00
1.530406475067138672e-01 2.689999999999999947e+00 4.300000146031379700e-02 0.000000000000000000e+00
2.469978332519531250e-01 2.689999999999999947e+00 4.300000146031379700e-02 0.000000000000000000e+00
3.420028686523437500e-01 2.689999999999999947e+00 4.300000146031379700e-02 0.000000000000000000e+00
4.319958686828613281e-01 2.689999999999999947e+00 4.300000146031379700e-02 0.000000000000000000e+00
5.439987182617187500e-01 2.689999999999999947e+00 4.300000146031379700e-02 0.000000000000000000e+00
6.510014533996582031e-01 2.689999999999999947e+00 4.300000146031379700e-02 0.000000000000000000e+00
7.410452365875244141e-01 2.680000000000000160e+00 4.300000146031379700e-02 0.000000000000000000e+00
8.359973430633544922e-01 2.680000000000000160e+00 4.300000146031379700e-02 0.000000000000000000e+00
9.470024108886718750e-01 2.680000000000000160e+00 4.300000146031379700e-02 0.000000000000000000e+00
1.054001331329345703e+00 2.680000000000000160e+00 4.300000146031379700e-02 0.000000000000000000e+00
1.146002769470214844e+00 2.680000000000000160e+00 4.300000146031379700e-02 0.000000000000000000e+00
1.239998102188110352e+00 2.680000000000000160e+00 4.300000146031379700e-02 0.000000000000000000e+00
1.351996421813964844e+00 2.669999999999999929e+00 4.300000146031379700e-02 0.000000000000000000e+00
1.437046766281127930e+00 2.669999999999999929e+00 4.300000146031379700e-02 0.000000000000000000e+00
1.549993038177490234e+00 2.669999999999999929e+00 4.300000146031379700e-02 0.000000000000000000e+00
1.644007205963134766e+00 2.669999999999999929e+00 4.300000146031379700e-02 0.000000000000000000e+00
1.751998662948608398e+00 2.669999999999999929e+00 4.300000146031379700e-02 0.000000000000000000e+00
1.842005729675292969e+00 2.680000000000000160e+00 4.300000146031379700e-02 0.000000000000000000e+00
1.937033653259277344e+00 2.759999999999999787e+00 4.300000146031379700e-02 0.000000000000000000e+00
2.045036792755126953e+00 2.870000000000000107e+00 4.300000146031379700e-02 0.000000000000000000e+00
2.133999347686767578e+00 3.060000000000000053e+00 4.300000146031379700e-02 0.000000000000000000e+00
2.252005577087402344e+00 3.839999999999999858e+00 4.300000146031379700e-02 0.000000000000000000e+00
2.341034650802612305e+00 4.679999999999999716e+00 4.300000146031379700e-02 0.000000000000000000e+00
2.449034452438354492e+00 5.320000000000000284e+00 4.300000146031379700e-02 -8.392935943603515625e+01
2.543998479843139648e+00 5.129999999999999893e+00 1.700000092387199402e-02 -9.931641235351562500e+02
2.634000539779663086e+00 3.129999999999999893e+00 1.700000092387199402e-02 -9.931641235351562500e+02
2.741036415100097656e+00 2.890000000000000124e+00 1.700000092387199402e-02 -6.294701538085937500e+02
2.835999011993408203e+00 2.990000000000000213e+00 1.700000092387199402e-02 -5.315526123046875000e+02
2.949038743972778320e+00 3.040000000000000036e+00 1.700000092387199402e-02 -5.455408935546875000e+02
3.033999443054199219e+00 3.069999999999999840e+00 1.700000092387199402e-02 -5.455408935546875000e+02
3.150999546051025391e+00 3.100000000000000089e+00 1.700000092387199402e-02 -6.294701538085937500e+02
3.242003917694091797e+00 3.080000000000000071e+00 1.700000092387199402e-02 -6.294701538085937500e+02
3.349032878875732422e+00 3.029999999999999805e+00 1.700000092387199402e-02 -6.294701538085937500e+02
3.439996242523193359e+00 3.040000000000000036e+00 1.700000092387199402e-02 -7.133995361328125000e+02
3.533997774124145508e+00 3.009999999999999787e+00 1.700000092387199402e-02 -7.973289184570312500e+02
3.642003297805786133e+00 2.939999999999999947e+00 1.700000092387199402e-02 -5.455408935546875000e+02
3.746995449066162109e+00 3.109999999999999876e+00 1.700000092387199402e-02 -5.315526123046875000e+02
3.849042892456054688e+00 3.100000000000000089e+00 1.700000092387199402e-02 -5.455408935546875000e+02
3.934997320175170898e+00 3.029999999999999805e+00 1.700000092387199402e-02 -3.636938781738281250e+02
4.046999216079711914e+00 3.040000000000000036e+00 1.700000092387199402e-02 -2.657763061523437500e+02
4.142006874084472656e+00 3.089999999999999858e+00 1.700000092387199402e-02 -3.636938781738281250e+02
4.250000238418579102e+00 3.060000000000000053e+00 1.700000092387199402e-02 -5.315526123046875000e+02
4.338999986648559570e+00 3.029999999999999805e+00 1.700000092387199402e-02 -3.636938781738281250e+02
4.434001445770263672e+00 3.040000000000000036e+00 1.700000092387199402e-02 -4.476232604980468750e+02
4.545995950698852539e+00 3.089999999999999858e+00 1.700000092387199402e-02 -5.455408935546875000e+02
4.653997898101806641e+00 3.069999999999999840e+00 1.700000092387199402e-02 -4.476232604980468750e+02
4.749044656753540039e+00 3.000000000000000000e+00 1.700000092387199402e-02 -5.315526123046875000e+02
4.838998317718505859e+00 3.020000000000000018e+00 1.700000092387199402e-02 -5.315526123046875000e+02
4.946009635925292969e+00 3.020000000000000018e+00 1.700000092387199402e-02 -3.497056579589843750e+02
5.041043281555175781e+00 3.160000000000000142e+00 1.700000092387199402e-02 -3.636938781738281250e+02
5.154000282287597656e+00 3.160000000000000142e+00 1.700000092387199402e-02 -5.455408935546875000e+02
5.238997697830200195e+00 3.089999999999999858e+00 1.700000092387199402e-02 -5.455408935546875000e+02
5.329998016357421875e+00 3.040000000000000036e+00 1.700000092387199402e-02 -4.476232604980468750e+02
5.446997404098510742e+00 3.109999999999999876e+00 1.700000092387199402e-02 -5.455408935546875000e+02
5.553998708724975586e+00 3.020000000000000018e+00 1.700000092387199402e-02 -4.476232604980468750e+02
5.645040273666381836e+00 3.040000000000000036e+00 1.700000092387199402e-02 -4.476232604980468750e+02
5.738996744155883789e+00 3.089999999999999858e+00 1.700000092387199402e-02 -3.636938781738281250e+02
5.846999883651733398e+00 3.109999999999999876e+00 1.700000092387199402e-02 -4.476232604980468750e+02
5.937042236328125000e+00 3.080000000000000071e+00 1.700000092387199402e-02 -4.476232604980468750e+02
6.053044080734252930e+00 3.049999999999999822e+00 1.700000092387199402e-02 -2.657763061523437500e+02
6.140010595321655273e+00 3.120000000000000107e+00 1.700000092387199402e-02 -2.657763061523437500e+02
6.252004384994506836e+00 3.100000000000000089e+00 1.700000092387199402e-02 -3.636938781738281250e+02
6.346997261047363281e+00 3.140000000000000124e+00 1.700000092387199402e-02 -4.476232604980468750e+02
6.435996055603027344e+00 3.109999999999999876e+00 1.700000092387199402e-02 -5.315526123046875000e+02
6.543998003005981445e+00 3.109999999999999876e+00 1.700000092387199402e-02 -5.315526123046875000e+02
6.639001846313476562e+00 3.040000000000000036e+00 1.700000092387199402e-02 -4.476232604980468750e+02
6.751012086868286133e+00 3.069999999999999840e+00 1.700000092387199402e-02 -3.636938781738281250e+02
6.835999488830566406e+00 3.040000000000000036e+00 1.700000092387199402e-02 -2.657763061523437500e+02
6.954003334045410156e+00 3.120000000000000107e+00 1.700000092387199402e-02 -3.636938781738281250e+02
7.043996572494506836e+00 3.080000000000000071e+00 1.700000092387199402e-02 -2.657763061523437500e+02
7.150995731353759766e+00 3.069999999999999840e+00 1.700000092387199402e-02 -3.636938781738281250e+02
7.246015071868896484e+00 3.069999999999999840e+00 1.700000092387199402e-02 -3.636938781738281250e+02
7.337048768997192383e+00 3.020000000000000018e+00 1.700000092387199402e-02 -3.636938781738281250e+02
7.443994998931884766e+00 3.069999999999999840e+00 1.700000092387199402e-02 -3.636938781738281250e+02
7.534997701644897461e+00 3.040000000000000036e+00 1.700000092387199402e-02 -2.657763061523437500e+02
7.652003049850463867e+00 3.109999999999999876e+00 1.700000092387199402e-02 -2.657763061523437500e+02
7.737040042877197266e+00 3.109999999999999876e+00 1.700000092387199402e-02 -3.636938781738281250e+02
7.849997997283935547e+00 3.069999999999999840e+00 1.700000092387199402e-02 -4.476232604980468750e+02
7.943996667861938477e+00 3.060000000000000053e+00 1.700000092387199402e-02 -4.476232604980468750e+02
8.052004337310791016e+00 3.080000000000000071e+00 1.700000092387199402e-02 -4.476232604980468750e+02
8.142004251480102539e+00 3.089999999999999858e+00 1.700000092387199402e-02 -4.476232604980468750e+02
8.237036705017089844e+00 3.049999999999999822e+00 1.700000092387199402e-02 -3.497056579589843750e+02
8.345037937164306641e+00 3.069999999999999840e+00 1.700000092387199402e-02 -3.636938781738281250e+02
8.433997869491577148e+00 3.089999999999999858e+00 1.700000092387199402e-02 -3.636938781738281250e+02
8.552006244659423828e+00 3.080000000000000071e+00 1.700000092387199402e-02 -3.636938781738281250e+02
8.641100883483886719e+00 3.100000000000000089e+00 1.700000092387199402e-02 -4.476232604980468750e+02
8.749034166336059570e+00 3.069999999999999840e+00 1.700000092387199402e-02 -5.315526123046875000e+02
8.843997955322265625e+00 3.060000000000000053e+00 1.700000092387199402e-02 -5.455408935546875000e+02
8.933998584747314453e+00 3.069999999999999840e+00 1.700000092387199402e-02 -6.294701538085937500e+02
9.041040182113647461e+00 3.020000000000000018e+00 1.700000092387199402e-02 -4.476232604980468750e+02
9.136004686355590820e+00 3.060000000000000053e+00 1.700000092387199402e-02 -5.455408935546875000e+02
9.249038934707641602e+00 3.089999999999999858e+00 1.700000092387199402e-02 -4.476232604980468750e+02
9.334000587463378906e+00 3.109999999999999876e+00 1.700000092387199402e-02 -4.476232604980468750e+02
9.451001167297363281e+00 3.089999999999999858e+00 1.700000092387199402e-02 -4.476232604980468750e+02
9.542008638381958008e+00 3.040000000000000036e+00 1.700000092387199402e-02 -3.497056579589843750e+02
9.649039983749389648e+00 3.040000000000000036e+00 1.700000092387199402e-02 -3.636938781738281250e+02
9.739997863769531250e+00 3.109999999999999876e+00 1.700000092387199402e-02 -2.657763061523437500e+02
9.833999156951904297e+00 3.109999999999999876e+00 1.700000092387199402e-02 -3.497056579589843750e+02
9.942003965377807617e+00 3.129999999999999893e+00 1.700000092387199402e-02 -3.636938781738281250e+02
1.004699873924255371e+01 3.089999999999999858e+00 1.700000092387199402e-02 -4.476232604980468750e+02
1.014904165267944336e+01 3.100000000000000089e+00 1.700000092387199402e-02 -5.315526123046875000e+02
1.023499774932861328e+01 3.029999999999999805e+00 1.700000092387199402e-02 -3.636938781738281250e+02
1.034699606895446777e+01 3.089999999999999858e+00 1.700000092387199402e-02 -2.797645568847656250e+02
1.044200587272644043e+01 3.189999999999999947e+00 1.700000092387199402e-02 -3.636938781738281250e+02
1.054999876022338867e+01 3.089999999999999858e+00 1.700000092387199402e-02 -3.636938781738281250e+02
1.063900160789489746e+01 3.100000000000000089e+00 1.700000092387199402e-02 -2.657763061523437500e+02
1.073399949073791504e+01 3.129999999999999893e+00 1.700000092387199402e-02 -4.476232604980468750e+02
1.084599637985229492e+01 3.100000000000000089e+00 1.700000092387199402e-02 -4.476232604980468750e+02
1.095399808883666992e+01 3.020000000000000018e+00 1.700000092387199402e-02 -4.476232604980468750e+02
1.104903626441955566e+01 3.049999999999999822e+00 1.700000092387199402e-02 -3.636938781738281250e+02
1.113899755477905273e+01 3.020000000000000018e+00 1.700000092387199402e-02 -2.797645568847656250e+02
1.124600124359130859e+01 3.109999999999999876e+00 1.700000092387199402e-02 -2.657763061523437500e+02
1.134104371070861816e+01 3.100000000000000089e+00 1.700000092387199402e-02 -4.476232604980468750e+02
1.145399999618530273e+01 3.140000000000000124e+00 1.700000092387199402e-02 -5.455408935546875000e+02
1.153899669647216797e+01 3.069999999999999840e+00 1.700000092387199402e-02 -6.294701538085937500e+02
1.162999844551086426e+01 3.060000000000000053e+00 1.700000092387199402e-02 -6.294701538085937500e+02
1.174699664115905762e+01 3.069999999999999840e+00 1.700000092387199402e-02 -5.455408935546875000e+02
1.185304403305053711e+01 3.060000000000000053e+00 1.700000092387199402e-02 -5.315526123046875000e+02
1.194503211975097656e+01 2.990000000000000213e+00 1.700000092387199402e-02 -2.657763061523437500e+02
1.203899693489074707e+01 3.049999999999999822e+00 1.700000092387199402e-02 -1.818469390869140625e+02
1.214699602127075195e+01 3.129999999999999893e+00 1.700000092387199402e-02 -3.636938781738281250e+02
1.223703050613403320e+01 3.109999999999999876e+00 1.700000092387199402e-02 -4.476232604980468750e+02
1.235305213928222656e+01 3.069999999999999840e+00 1.700000092387199402e-02 -4.476232604980468750e+02
1.244000053405761719e+01 3.069999999999999840e+00 1.700000092387199402e-02 -3.497056579589843750e+02
1.255200338363647461e+01 3.109999999999999876e+00 1.700000092387199402e-02 -3.497056579589843750e+02
1.264700126647949219e+01 3.069999999999999840e+00 1.700000092387199402e-02 -2.797645568847656250e+02
1.274999952316284180e+01 3.080000000000000071e+00 1.700000092387199402e-02 -3.636938781738281250e+02
1.284399700164794922e+01 3.140000000000000124e+00 1.700000092387199402e-02 -3.636938781738281250e+02
1.293899655342102051e+01 3.149999999999999911e+00 1.700000092387199402e-02 -3.636938781738281250e+02
1.305099725723266602e+01 3.120000000000000107e+00 1.700000092387199402e-02 -3.636938781738281250e+02
1.313599944114685059e+01 3.089999999999999858e+00 1.700000092387199402e-02 -4.476232604980468750e+02
1.325400376319885254e+01 3.040000000000000036e+00 1.700000092387199402e-02 -5.315526123046875000e+02
1.334399652481079102e+01 3.060000000000000053e+00 1.700000092387199402e-02 -4.476232604980468750e+02
1.345100235939025879e+01 3.109999999999999876e+00 1.700000092387199402e-02 -3.636938781738281250e+02
1.354601430892944336e+01 3.160000000000000142e+00 1.700000092387199402e-02 -5.315526123046875000e+02
1.363703727722167969e+01 3.100000000000000089e+00 1.700000092387199402e-02 -3.636938781738281250e+02
1.374399662017822266e+01 3.129999999999999893e+00 1.700000092387199402e-02 -4.476232604980468750e+02
1.383499932289123535e+01 3.080000000000000071e+00 1.700000092387199402e-02 -3.497056579589843750e+02
1.395200490951538086e+01 3.080000000000000071e+00 1.700000092387199402e-02 -4.476232604980468750e+02
1.403703927993774414e+01 3.069999999999999840e+00 1.700000092387199402e-02 -6.294701538085937500e+02
1.415000152587890625e+01 3.060000000000000053e+00 1.700000092387199402e-02 -6.294701538085937500e+02
1.424399709701538086e+01 3.029999999999999805e+00 1.700000092387199402e-02 -4.476232604980468750e+02
1.435200619697570801e+01 3.040000000000000036e+00 1.700000092387199402e-02 -3.636938781738281250e+02
1.444202113151550293e+01 2.919999999999999929e+00 1.700000092387199402e-02 -1.818469390869140625e+02
1.453703546524047852e+01 3.080000000000000071e+00 1.700000092387199402e-02 -1.818469390869140625e+02
1.464503645896911621e+01 3.160000000000000142e+00 1.700000092387199402e-02 -2.657763061523437500e+02
1.473399806022644043e+01 3.109999999999999876e+00 1.700000092387199402e-02 -4.476232604980468750e+02
1.485200452804565430e+01 3.109999999999999876e+00 1.700000092387199402e-02 -4.476232604980468750e+02
1.494102835655212402e+01 3.129999999999999893e+00 1.700000092387199402e-02 -4.616115112304687500e+02
1.504904818534851074e+01 3.080000000000000071e+00 1.700000092387199402e-02 -5.455408935546875000e+02
1.514399743080139160e+01 3.080000000000000071e+00 1.700000092387199402e-02 -5.315526123046875000e+02
1.523399877548217773e+01 3.120000000000000107e+00 1.700000092387199402e-02 -5.455408935546875000e+02
1.534103322029113770e+01 3.069999999999999840e+00 1.700000092387199402e-02 -5.455408935546875000e+02
1.543609070777893066e+01 3.040000000000000036e+00 1.700000092387199402e-02 -3.636938781738281250e+02
1.554903554916381836e+01 3.029999999999999805e+00 1.700000092387199402e-02 -4.476232604980468750e+02
1.564999675750732422e+01 3.069999999999999840e+00 1.700000092387199402e-02 -3.636938781738281250e+02
1.575101590156555176e+01 3.140000000000000124e+00 1.700000092387199402e-02 -5.455408935546875000e+02
1.584200477600097656e+01 3.109999999999999876e+00 1.700000092387199402e-02 -5.455408935546875000e+02
1.594903492927551270e+01 3.060000000000000053e+00 1.700000092387199402e-02 -2.657763061523437500e+02
1.603999733924865723e+01 3.100000000000000089e+00 1.700000092387199402e-02 -3.636938781738281250e+02
1.613400006294250488e+01 3.140000000000000124e+00 1.700000092387199402e-02 -6.294701538085937500e+02
1.624200510978698730e+01 3.020000000000000018e+00 1.700000092387199402e-02 -3.636938781738281250e+02
1.633200144767761230e+01 3.060000000000000053e+00 1.700000092387199402e-02 -2.657763061523437500e+02
1.644902682304382324e+01 3.149999999999999911e+00 1.700000092387199402e-02 -4.476232604980468750e+02
1.653499817848205566e+01 3.109999999999999876e+00 1.700000092387199402e-02 -4.476232604980468750e+02
1.664699888229370117e+01 3.060000000000000053e+00 1.700000092387199402e-02 -5.455408935546875000e+02
1.674200749397277832e+01 3.089999999999999858e+00 1.700000092387199402e-02 -5.455408935546875000e+02
1.685000228881835938e+01 3.109999999999999876e+00 1.700000092387199402e-02 -5.455408935546875000e+02
1.693899631500244141e+01 3.020000000000000018e+00 1.700000092387199402e-02 -3.636938781738281250e+02
1.703400015830993652e+01 2.990000000000000213e+00 1.700000092387199402e-02 -3.497056579589843750e+02
1.714599871635437012e+01 3.129999999999999893e+00 1.700000092387199402e-02 -4.476232604980468750e+02
1.725399780273437500e+01 3.049999999999999822e+00 1.700000092387199402e-02 -5.455408935546875000e+02
1.734903621673583984e+01 2.990000000000000213e+00 1.700000092387199402e-02 -5.455408935546875000e+02
1.743899822235107422e+01 2.970000000000000195e+00 1.700000092387199402e-02 -1.818469390869140625e+02
1.754599928855895996e+01 2.620000000000000107e+00 1.700000092387199402e-02 0.000000000000000000e+00
1.764103746414184570e+01 2.640000000000000124e+00 1.700000092387199402e-02 0.000000000000000000e+00
1.775303554534912109e+01 2.620000000000000107e+00 1.700000092387199402e-02 0.000000000000000000e+00
1.783899831771850586e+01 2.330000000000000071e+00 1.700000092387199402e-02 0.000000000000000000e+00
1.793000984191894531e+01 2.970000000000000195e+00 1.700000092387199402e-02 0.000000000000000000e+00
1.804699873924255371e+01 3.020000000000000018e+00 1.700000092387199402e-02 0.000000000000000000e+00
1.815304708480834961e+01 2.750000000000000000e+00 1.700000092387199402e-02 0.000000000000000000e+00
1.824504303932189941e+01 2.220000000000000195e+00 1.700000092387199402e-02 0.000000000000000000e+00
1.833899593353271484e+01 2.120000000000000107e+00 4.300000146031379700e-02 5.455408935546875000e+02
1.844699835777282715e+01 2.870000000000000107e+00 4.300000146031379700e-02 4.616115112304687500e+02
1.853704476356506348e+01 2.979999999999999982e+00 4.300000146031379700e-02 1.678587188720703125e+02
1.865304565429687500e+01 2.830000000000000071e+00 4.300000146031379700e-02 9.791758728027343750e+01
1.873999762535095215e+01 2.779999999999999805e+00 4.300000146031379700e-02 2.657763061523437500e+02
1.885200333595275879e+01 2.850000000000000089e+00 4.300000146031379700e-02 3.636938781738281250e+02
1.894699692726135254e+01 2.899999999999999911e+00 4.300000146031379700e-02 8.392935943603515625e+01
1.903600049018859863e+01 2.919999999999999929e+00 4.300000146031379700e-02 0.000000000000000000e+00
1.914399623870849609e+01 2.810000000000000053e+00 4.300000146031379700e-02 3.636938781738281250e+02
1.923899602890014648e+01 2.859999999999999876e+00 4.300000146031379700e-02 3.636938781738281250e+02
1.935099864006042480e+01 2.839999999999999858e+00 4.300000146031379700e-02 6.294701538085937500e+02
1.943599700927734375e+01 2.919999999999999929e+00 4.300000146031379700e-02 7.133995361328125000e+02
1.955400204658508301e+01 2.959999999999999964e+00 4.300000146031379700e-02 5.315526123046875000e+02
1.964399480819702148e+01 2.910000000000000142e+00 4.300000146031379700e-02 5.315526123046875000e+02
1.975099611282348633e+01 2.919999999999999929e+00 4.300000146031379700e-02 5.315526123046875000e+02
1.984599781036376953e+01 2.930000000000000160e+00 4.300000146031379700e-02 5.455408935546875000e+02
1.993703198432922363e+01 2.879999999999999893e+00 4.300000146031379700e-02 4.476232604980468750e+02
2.004399585723876953e+01 2.870000000000000107e+00 4.300000146031379700e-02 3.636938781738281250e+02
2.013499617576599121e+01 2.850000000000000089e+00 4.300000146031379700e-02 4.616115112304687500e+02
2.025200128555297852e+01 2.930000000000000160e+00 4.300000146031379700e-02 2.657763061523437500e+02
2.033704328536987305e+01 2.930000000000000160e+00 4.300000146031379700e-02 1.818469390869140625e+02
2.044999980926513672e+01 2.830000000000000071e+00 4.300000146031379700e-02 4.476232604980468750e+02
2.054399728775024414e+01 2.859999999999999876e+00 4.300000146031379700e-02 4.476232604980468750e+02
2.065200519561767578e+01 2.930000000000000160e+00 4.300000146031379700e-02 4.476232604980468750e+02
2.074200677871704102e+01 2.970000000000000195e+00 4.300000146031379700e-02 7.273877563476562500e+02
2.083704328536987305e+01 3.009999999999999787e+00 4.300000146031379700e-02 6.294701538085937500e+02
2.094503831863403320e+01 3.049999999999999822e+00 4.300000146031379700e-02 6.294701538085937500e+02
2.103399825096130371e+01 3.049999999999999822e+00 4.300000146031379700e-02 6.294701538085937500e+02
2.115200257301330566e+01 2.959999999999999964e+00 4.300000146031379700e-02 4.616115112304687500e+02
2.124104285240173340e+01 2.899999999999999911e+00 4.300000146031379700e-02 4.476232604980468750e+02
2.134904408454895020e+01 2.879999999999999893e+00 4.300000146031379700e-02 3.497056579589843750e+02
2.144399929046630859e+01 2.879999999999999893e+00 4.300000146031379700e-02 4.476232604980468750e+02
2.153400015830993652e+01 2.879999999999999893e+00 4.300000146031379700e-02 7.273877563476562500e+02
2.164103388786315918e+01 2.959999999999999964e+00 4.300000146031379700e-02 7.273877563476562500e+02
2.173599791526794434e+01 3.089999999999999858e+00 4.300000146031379700e-02 5.455408935546875000e+02
2.184903407096862793e+01 2.930000000000000160e+00 4.300000146031379700e-02 3.636938781738281250e+02
2.193399882316589355e+01 2.879999999999999893e+00 4.300000146031379700e-02 3.636938781738281250e+02
2.205099987983703613e+01 2.939999999999999947e+00 4.300000146031379700e-02 3.497056579589843750e+02
2.214200496673583984e+01 2.950000000000000178e+00 4.300000146031379700e-02 6.294701538085937500e+02
2.224903964996337891e+01 2.970000000000000195e+00 4.300000146031379700e-02 6.294701538085937500e+02
2.233999919891357422e+01 3.029999999999999805e+00 4.300000146031379700e-02 5.455408935546875000e+02
2.243400025367736816e+01 3.069999999999999840e+00 4.300000146031379700e-02 2.657763061523437500e+02
2.254200315475463867e+01 3.020000000000000018e+00 4.300000146031379700e-02 9.791758728027343750e+01
2.264299941062927246e+01 2.930000000000000160e+00 4.300000146031379700e-02 1.818469390869140625e+02
2.274903845787048340e+01 2.910000000000000142e+00 4.300000146031379700e-02 1.818469390869140625e+02
2.283499860763549805e+01 2.819999999999999840e+00 4.300000146031379700e-02 3.636938781738281250e+02
2.294699597358703613e+01 2.799999999999999822e+00 4.300000146031379700e-02 6.294701538085937500e+02
2.304200315475463867e+01 2.939999999999999947e+00 4.300000146031379700e-02 8.113171386718750000e+02
2.314999747276306152e+01 2.950000000000000178e+00 4.300000146031379700e-02 8.113171386718750000e+02
2.323899650573730469e+01 3.029999999999999805e+00 4.300000146031379700e-02 6.294701538085937500e+02
2.333399939537048340e+01 3.129999999999999893e+00 4.300000146031379700e-02 7.133995361328125000e+02
2.344600653648376465e+01 3.029999999999999805e+00 4.300000146031379700e-02 7.273877563476562500e+02
2.355303645133972168e+01 3.049999999999999822e+00 4.300000146031379700e-02 7.273877563476562500e+02
2.364903497695922852e+01 3.049999999999999822e+00 4.300000146031379700e-02 7.133995361328125000e+02
2.373899960517883301e+01 3.049999999999999822e+00 4.300000146031379700e-02 6.294701538085937500e+02
2.384599804878234863e+01 3.060000000000000053e+00 4.300000146031379700e-02 5.315526123046875000e+02
2.394104003906250000e+01 3.000000000000000000e+00 4.300000146031379700e-02 4.476232604980468750e+02
2.405304408073425293e+01 2.979999999999999982e+00 4.300000146031379700e-02 3.636938781738281250e+02
2.413899588584899902e+01 2.950000000000000178e+00 4.300000146031379700e-02 2.657763061523437500e+02
2.423000025749206543e+01 2.899999999999999911e+00 4.300000146031379700e-02 2.657763061523437500e+02
2.434699916839599609e+01 2.839999999999999858e+00 4.300000146031379700e-02 2.657763061523437500e+02
2.445303535461425781e+01 2.879999999999999893e+00 4.300000146031379700e-02 8.392935943603515625e+01
2.454503512382507324e+01 2.919999999999999929e+00 4.300000146031379700e-02 2.657763061523437500e+02
2.463900423049926758e+01 2.850000000000000089e+00 4.300000146031379700e-02 3.636938781738281250e+02
2.474700069427490234e+01 2.939999999999999947e+00 4.300000146031379700e-02 5.455408935546875000e+02
2.483703398704528809e+01 3.009999999999999787e+00 4.300000146031379700e-02 5.315526123046875000e+02
2.495400094985961914e+01 3.040000000000000036e+00 4.300000146031379700e-02 5.315526123046875000e+02
2.503999876976013184e+01 2.970000000000000195e+00 4.300000146031379700e-02 4.616115112304687500e+02
2.515200161933898926e+01 2.890000000000000124e+00 4.300000146031379700e-02 5.315526123046875000e+02
2.524699759483337402e+01 2.919999999999999929e+00 4.300000146031379700e-02 5.455408935546875000e+02
2.533599686622619629e+01 2.950000000000000178e+00 4.300000146031379700e-02 5.455408935546875000e+02
2.544399714469909668e+01 2.990000000000000213e+00 4.300000146031379700e-02 4.476232604980468750e+02
2.553899621963500977e+01 2.950000000000000178e+00 4.300000146031379700e-02 4.476232604980468750e+02
2.565100121498107910e+01 2.939999999999999947e+00 4.300000146031379700e-02 4.476232604980468750e+02
2.573599743843078613e+01 2.919999999999999929e+00 4.300000146031379700e-02 4.476232604980468750e+02
2.583099842071533203e+01 2.910000000000000142e+00 4.300000146031379700e-02 5.455408935546875000e+02
2.594400238990783691e+01 2.899999999999999911e+00 4.300000146031379700e-02 5.455408935546875000e+02
2.605099821090698242e+01 2.959999999999999964e+00 4.300000146031379700e-02 5.455408935546875000e+02
2.614599919319152832e+01 3.009999999999999787e+00 4.300000146031379700e-02 5.315526123046875000e+02
2.623704123497009277e+01 3.089999999999999858e+00 4.300000146031379700e-02 6.294701538085937500e+02
2.634399414062500000e+01 3.049999999999999822e+00 4.300000146031379700e-02 6.294701538085937500e+02
2.643500089645385742e+01 2.979999999999999982e+00 4.300000146031379700e-02 5.315526123046875000e+02
2.655200386047363281e+01 2.979999999999999982e+00 4.300000146031379700e-02 4.476232604980468750e+02
2.663703417778015137e+01 3.040000000000000036e+00 4.300000146031379700e-02 4.476232604980468750e+02
2.675000023841857910e+01 3.020000000000000018e+00 4.300000146031379700e-02 5.315526123046875000e+02
2.684399628639221191e+01 2.990000000000000213e+00 4.300000146031379700e-02 4.476232604980468750e+02
2.695201206207275391e+01 2.950000000000000178e+00 4.300000146031379700e-02 4.476232604980468750e+02
2.704201579093933105e+01 2.939999999999999947e+00 4.300000146031379700e-02 4.476232604980468750e+02
2.713703680038452148e+01 2.910000000000000142e+00 4.300000146031379700e-02 5.455408935546875000e+02
2.724503850936889648e+01 2.919999999999999929e+00 4.300000146031379700e-02 4.476232604980468750e+02
2.733399939537048340e+01 2.950000000000000178e+00 4.300000146031379700e-02 3.636938781738281250e+02
2.745200228691101074e+01 2.979999999999999982e+00 4.300000146031379700e-02 2.657763061523437500e+02
2.754102897644042969e+01 2.890000000000000124e+00 4.300000146031379700e-02 4.616115112304687500e+02
2.764903044700622559e+01 2.859999999999999876e+00 4.300000146031379700e-02 5.315526123046875000e+02
2.774399971961975098e+01 2.910000000000000142e+00 4.300000146031379700e-02 5.455408935546875000e+02
2.783399868011474609e+01 2.959999999999999964e+00 4.300000146031379700e-02 5.455408935546875000e+02
2.794104361534118652e+01 2.939999999999999947e+00 4.300000146031379700e-02 5.455408935546875000e+02
2.803600001335144043e+01 2.939999999999999947e+00 4.300000146031379700e-02 4.476232604980468750e+02
2.814914059638977051e+01 2.959999999999999964e+00 4.300000146031379700e-02 4.476232604980468750e+02
2.823400068283081055e+01 2.959999999999999964e+00 4.300000146031379700e-02 5.315526123046875000e+02
2.835109615325927734e+01 2.950000000000000178e+00 4.300000146031379700e-02 4.476232604980468750e+02
2.844200491905212402e+01 3.000000000000000000e+00 4.300000146031379700e-02 5.315526123046875000e+02
2.854903841018676758e+01 3.000000000000000000e+00 4.300000146031379700e-02 5.455408935546875000e+02
2.863999629020690918e+01 2.990000000000000213e+00 4.300000146031379700e-02 5.455408935546875000e+02
2.873399925231933594e+01 3.009999999999999787e+00 4.300000146031379700e-02 5.455408935546875000e+02
2.884200644493103027e+01 3.009999999999999787e+00 4.300000146031379700e-02 6.294701538085937500e+02
2.894699764251708984e+01 3.040000000000000036e+00 4.300000146031379700e-02 5.455408935546875000e+02
2.904902958869934082e+01 3.029999999999999805e+00 4.300000146031379700e-02 6.294701538085937500e+02
2.913499665260314941e+01 3.060000000000000053e+00 4.300000146031379700e-02 3.636938781738281250e+02
2.924700164794921875e+01 3.060000000000000053e+00 4.300000146031379700e-02 3.636938781738281250e+02
2.934200716018676758e+01 3.029999999999999805e+00 4.300000146031379700e-02 4.476232604980468750e+02
2.944999814033508301e+01 2.939999999999999947e+00 4.300000146031379700e-02 3.636938781738281250e+02
2.953899693489074707e+01 2.950000000000000178e+00 4.300000146031379700e-02 4.476232604980468750e+02
2.963399982452392578e+01 2.919999999999999929e+00 4.300000146031379700e-02 4.476232604980468750e+02
2.974599957466125488e+01 2.870000000000000107e+00 4.300000146031379700e-02 4.476232604980468750e+02
2.985304975509643555e+01 2.839999999999999858e+00 4.300000146031379700e-02 6.294701538085937500e+02
2.994903635978698730e+01 2.879999999999999893e+00 4.300000146031379700e-02 7.133995361328125000e+02
3.003899765014648438e+01 2.970000000000000195e+00 4.300000146031379700e-02 6.294701538085937500e+02
3.014600396156311035e+01 2.879999999999999893e+00 4.300000146031379700e-02 4.476232604980468750e+02
3.024105334281921387e+01 2.890000000000000124e+00 4.300000146031379700e-02 2.657763061523437500e+02
3.035303592681884766e+01 2.850000000000000089e+00 4.300000146031379700e-02 4.476232604980468750e+02
3.043899846076965332e+01 2.910000000000000142e+00 4.300000146031379700e-02 5.315526123046875000e+02
3.053000044822692871e+01 2.879999999999999893e+00 4.300000146031379700e-02 7.133995361328125000e+02
3.064700198173522949e+01 2.939999999999999947e+00 4.300000146031379700e-02 6.294701538085937500e+02
3.075400638580322266e+01 3.009999999999999787e+00 4.300000146031379700e-02 6.294701538085937500e+02
3.084503149986267090e+01 2.970000000000000195e+00 4.300000146031379700e-02 3.636938781738281250e+02
3.093899703025817871e+01 2.890000000000000124e+00 4.300000146031379700e-02 2.657763061523437500e+02
3.104699635505676270e+01 2.879999999999999893e+00 4.300000146031379700e-02 4.476232604980468750e+02
3.113703966140747070e+01 2.910000000000000142e+00 4.300000146031379700e-02 3.497056579589843750e+02
3.125399804115295410e+01 2.910000000000000142e+00 4.300000146031379700e-02 3.636938781738281250e+02
3.133999896049499512e+01 2.939999999999999947e+00 4.300000146031379700e-02 3.497056579589843750e+02
3.145200347900390625e+01 2.970000000000000195e+00 4.300000146031379700e-02 3.636938781738281250e+02
3.154699563980102539e+01 3.000000000000000000e+00 4.300000146031379700e-02 4.476232604980468750e+02
3.165399861335754395e+01 3.040000000000000036e+00 4.300000146031379700e-02 3.636938781738281250e+02
3.174399685859680176e+01 2.970000000000000195e+00 4.300000146031379700e-02 3.636938781738281250e+02
3.183899879455566406e+01 2.910000000000000142e+00 4.300000146031379700e-02 2.797645568847656250e+02
3.195099663734436035e+01 2.770000000000000018e+00 4.300000146031379700e-02 3.636938781738281250e+02
3.203599786758422852e+01 2.750000000000000000e+00 4.300000146031379700e-02 4.476232604980468750e+02
3.215399885177612305e+01 2.779999999999999805e+00 4.300000146031379700e-02 5.455408935546875000e+02
3.224399781227111816e+01 2.799999999999999822e+00 4.300000146031379700e-02 2.657763061523437500e+02
3.235100269317626953e+01 2.839999999999999858e+00 4.300000146031379700e-02 1.818469390869140625e+02
3.244600272178649902e+01 2.750000000000000000e+00 4.300000146031379700e-02 3.636938781738281250e+02
3.253704142570495605e+01 2.910000000000000142e+00 4.300000146031379700e-02 0.000000000000000000e+00
3.264402794837951660e+01 2.770000000000000018e+00 4.300000146031379700e-02 8.392935943603515625e+01
3.273498916625976562e+01 2.740000000000000213e+00 4.300000146031379700e-02 0.000000000000000000e+00
3.285199642181396484e+01 2.750000000000000000e+00 4.300000146031379700e-02 0.000000000000000000e+00
3.293703866004943848e+01 2.700000000000000178e+00 4.300000146031379700e-02 8.392935943603515625e+01
3.304999995231628418e+01 2.759999999999999787e+00 4.300000146031379700e-02 0.000000000000000000e+00
3.314399743080139160e+01 2.939999999999999947e+00 4.300000146031379700e-02 0.000000000000000000e+00
3.325199747085571289e+01 3.720000000000000195e+00 4.300000146031379700e-02 0.000000000000000000e+00
3.334199929237365723e+01 4.559999999999999609e+00 4.300000146031379700e-02 0.000000000000000000e+00
3.343703579902648926e+01 4.589999999999999858e+00 4.300000146031379700e-02 0.000000000000000000e+00
3.354504728317260742e+01 5.190000000000000391e+00 4.300000146031379700e-02 0.000000000000000000e+00
3.363400077819824219e+01 5.530000000000000249e+00 4.300000146031379700e-02 -9.791758728027343750e+01
3.375200510025024414e+01 4.290000000000000036e+00 1.700000092387199402e-02 -1.342869750976562500e+03
3.384104681015014648e+01 3.169999999999999929e+00 1.700000092387199402e-02 -1.356857910156250000e+03
3.394903683662414551e+01 2.950000000000000178e+00 1.700000092387199402e-02 -1.077093505859375000e+03
3.404399752616882324e+01 3.009999999999999787e+00 1.700000092387199402e-02 -1.161022827148437500e+03
3.413400197029113770e+01 3.049999999999999822e+00 1.700000092387199402e-02 -1.161022827148437500e+03
3.424104332923889160e+01 3.009999999999999787e+00 1.700000092387199402e-02 -1.091081787109375000e+03
3.433599948883056641e+01 3.020000000000000018e+00 1.700000092387199402e-02 -1.175010986328125000e+03
3.444903993606567383e+01 2.990000000000000213e+00 1.700000092387199402e-02 -9.092347412109375000e+02
3.453399848937988281e+01 2.979999999999999982e+00 1.700000092387199402e-02 -6.294701538085937500e+02
3.465100049972534180e+01 3.049999999999999822e+00 1.700000092387199402e-02 -6.294701538085937500e+02
3.474200606346130371e+01 3.069999999999999840e+00 1.700000092387199402e-02 -8.113171386718750000e+02
3.484905004501342773e+01 3.040000000000000036e+00 1.700000092387199402e-02 -8.113171386718750000e+02
3.494000935554504395e+01 3.049999999999999822e+00 1.700000092387199402e-02 -9.092347412109375000e+02
3.503399920463562012e+01 2.950000000000000178e+00 1.700000092387199402e-02 -9.931641235351562500e+02
3.514200282096862793e+01 3.009999999999999787e+00 1.700000092387199402e-02 -8.113171386718750000e+02
3.523900008201599121e+01 3.040000000000000036e+00 1.700000092387199402e-02 -6.294701538085937500e+02
3.534903931617736816e+01 3.069999999999999840e+00 1.700000092387199402e-02 -7.133995361328125000e+02
3.543499565124511719e+01 3.080000000000000071e+00 1.700000092387199402e-02 -6.294701538085937500e+02
3.554699778556823730e+01 3.060000000000000053e+00 1.700000092387199402e-02 -7.273877563476562500e+02
3.564200282096862793e+01 3.109999999999999876e+00 1.700000092387199402e-02 -7.133995361328125000e+02
3.574999833106994629e+01 3.100000000000000089e+00 1.700000092387199402e-02 -9.092347412109375000e+02
3.583899664878845215e+01 3.060000000000000053e+00 1.700000092387199402e-02 -7.133995361328125000e+02
3.593400025367736816e+01 3.049999999999999822e+00 1.700000092387199402e-02 -8.113171386718750000e+02
3.604599976539611816e+01 3.060000000000000053e+00 1.700000092387199402e-02 -9.791759033203125000e+02
3.615399694442749023e+01 3.040000000000000036e+00 1.700000092387199402e-02 -8.952465209960937500e+02
3.624904108047485352e+01 3.000000000000000000e+00 1.700000092387199402e-02 -8.113171386718750000e+02
3.633899569511413574e+01 3.000000000000000000e+00 1.700000092387199402e-02 -7.973289184570312500e+02
3.644600152969360352e+01 3.000000000000000000e+00 1.700000092387199402e-02 -8.113171386718750000e+02
3.654104375839233398e+01 3.009999999999999787e+00 1.700000092387199402e-02 -8.952465209960937500e+02
3.665303945541381836e+01 2.990000000000000213e+00 1.700000092387199402e-02 -8.952465209960937500e+02
3.673899507522583008e+01 3.029999999999999805e+00 1.700000092387199402e-02 -7.973289184570312500e+02
3.682999753952026367e+01 3.029999999999999805e+00 1.700000092387199402e-02 -8.952465209960937500e+02
3.694699716567993164e+01 3.020000000000000018e+00 1.700000092387199402e-02 -9.092347412109375000e+02
3.705304622650146484e+01 2.990000000000000213e+00 1.700000092387199402e-02 -8.952465209960937500e+02
3.714503526687622070e+01 3.029999999999999805e+00 1.700000092387199402e-02 -9.092347412109375000e+02
3.723899555206298828e+01 2.979999999999999982e+00 1.700000092387199402e-02 -6.294701538085937500e+02
3.734699606895446777e+01 3.080000000000000071e+00 1.700000092387199402e-02 -6.294701538085937500e+02
3.743703746795654297e+01 3.069999999999999840e+00 1.700000092387199402e-02 -8.113171386718750000e+02
3.755399608612060547e+01 3.009999999999999787e+00 1.700000092387199402e-02 -9.931641235351562500e+02
3.763999819755554199e+01 3.060000000000000053e+00 1.700000092387199402e-02 -9.931641235351562500e+02
3.775199913978576660e+01 3.029999999999999805e+00 1.700000092387199402e-02 -1.077093505859375000e+03
3.784699654579162598e+01 3.000000000000000000e+00 1.700000092387199402e-02 -8.952465209960937500e+02
3.793599820137023926e+01 2.990000000000000213e+00 1.700000092387199402e-02 -9.092347412109375000e+02
3.804399609565734863e+01 2.990000000000000213e+00 1.700000092387199402e-02 -8.952465209960937500e+02
3.813899493217468262e+01 2.990000000000000213e+00 1.700000092387199402e-02 -8.113171386718750000e+02
3.825101113319396973e+01 3.029999999999999805e+00 1.700000092387199402e-02 -7.133995361328125000e+02
3.833599638938903809e+01 3.009999999999999787e+00 1.700000092387199402e-02 -8.113171386718750000e+02
3.845399880409240723e+01 3.049999999999999822e+00 1.700000092387199402e-02 -7.273877563476562500e+02
3.854399585723876953e+01 3.009999999999999787e+00 1.700000092387199402e-02 -6.294701538085937500e+02
3.865099644660949707e+01 3.049999999999999822e+00 1.700000092387199402e-02 -6.294701538085937500e+02
3.874599933624267578e+01 3.089999999999999858e+00 1.700000092387199402e-02 -8.113171386718750000e+02
3.883703255653381348e+01 3.040000000000000036e+00 1.700000092387199402e-02 -8.113171386718750000e+02
3.894399619102478027e+01 3.069999999999999840e+00 1.700000092387199402e-02 -7.133995361328125000e+02
3.903499817848205566e+01 3.080000000000000071e+00 1.700000092387199402e-02 -7.133995361328125000e+02
3.915200495719909668e+01 3.080000000000000071e+00 1.700000092387199402e-02 -6.294701538085937500e+02
3.923704004287719727e+01 3.060000000000000053e+00 1.700000092387199402e-02 -7.133995361328125000e+02
3.935000133514404297e+01 3.060000000000000053e+00 1.700000092387199402e-02 -8.113171386718750000e+02
3.944399499893188477e+01 3.109999999999999876e+00 1.700000092387199402e-02 -9.931641235351562500e+02
3.955200648307800293e+01 3.089999999999999858e+00 1.700000092387199402e-02 -1.091081787109375000e+03
3.964200568199157715e+01 2.950000000000000178e+00 1.700000092387199402e-02 -1.077093505859375000e+03
3.973704004287719727e+01 2.939999999999999947e+00 1.700000092387199402e-02 -9.931641235351562500e+02
3.984504079818725586e+01 2.910000000000000142e+00 1.700000092387199402e-02 -8.113171386718750000e+02
3.993399977684020996e+01 2.959999999999999964e+00 1.700000092387199402e-02 -8.113171386718750000e+02
4.005200195312500000e+01 3.049999999999999822e+00 1.700000092387199402e-02 -8.113171386718750000e+02
4.014104175567626953e+01 3.069999999999999840e+00 1.700000092387199402e-02 -8.113171386718750000e+02
4.024903488159179688e+01 3.060000000000000053e+00 1.700000092387199402e-02 -8.113171386718750000e+02
4.034399604797363281e+01 3.040000000000000036e+00 1.700000092387199402e-02 -9.092347412109375000e+02
4.043399953842163086e+01 3.049999999999999822e+00 1.700000092387199402e-02 -9.092347412109375000e+02
4.054103732109069824e+01 3.009999999999999787e+00 1.700000092387199402e-02 -7.133995361328125000e+02
4.063600516319274902e+01 3.020000000000000018e+00 1.700000092387199402e-02 -7.273877563476562500e+02
4.074903869628906250e+01 3.060000000000000053e+00 1.700000092387199402e-02 -7.273877563476562500e+02
4.083400058746337891e+01 3.069999999999999840e+00 1.700000092387199402e-02 -9.092347412109375000e+02
4.095099925994873047e+01 3.000000000000000000e+00 1.700000092387199402e-02 -7.133995361328125000e+02
4.104200530052185059e+01 3.060000000000000053e+00 1.700000092387199402e-02 -7.273877563476562500e+02
4.114903545379638672e+01 3.029999999999999805e+00 1.700000092387199402e-02 -6.294701538085937500e+02
4.123999667167663574e+01 3.040000000000000036e+00 1.700000092387199402e-02 -7.133995361328125000e+02
4.133400177955627441e+01 3.080000000000000071e+00 1.700000092387199402e-02 -8.113171386718750000e+02
4.144200849533081055e+01 2.979999999999999982e+00 1.700000092387199402e-02 0.000000000000000000e+00
4.153899645805358887e+01 1.750000000000000000e+00 1.700000092387199402e-02 0.000000000000000000e+00
4.165303540229797363e+01 1.719999999999999973e+00 1.700000092387199402e-02 0.000000000000000000e+00
4.173199725151062012e+01 1.429999999999999938e+00 1.700000092387199402e-02 0.000000000000000000e+00
4.185200119018554688e+01 8.499999999999999778e-01 4.300000146031379700e-02 7.973289184570312500e+02
4.193799924850463867e+01 2.750000000000000000e+00 4.300000146031379700e-02 1.258940307617187500e+03
4.205100321769714355e+01 3.000000000000000000e+00 4.300000146031379700e-02 9.092347412109375000e+02
4.213999819755554199e+01 2.990000000000000213e+00 4.300000146031379700e-02 7.973289184570312500e+02
4.224699640274047852e+01 2.950000000000000178e+00 4.300000146031379700e-02 7.273877563476562500e+02
4.233599638938903809e+01 2.939999999999999947e+00 4.300000146031379700e-02 8.113171386718750000e+02
4.245305085182189941e+01 2.950000000000000178e+00 4.300000146031379700e-02 8.113171386718750000e+02
4.255304694175720215e+01 2.959999999999999964e+00 4.300000146031379700e-02 9.931641235351562500e+02
4.265403246879577637e+01 2.919999999999999929e+00 4.300000146031379700e-02 9.791759033203125000e+02
4.274104261398315430e+01 3.029999999999999805e+00 4.300000146031379700e-02 8.113171386718750000e+02
4.283201074600219727e+01 2.979999999999999982e+00 4.300000146031379700e-02 7.133995361328125000e+02
4.294399642944335938e+01 2.990000000000000213e+00 4.300000146031379700e-02 9.931641235351562500e+02
4.305304670333862305e+01 3.029999999999999805e+00 4.300000146031379700e-02 9.791759033203125000e+02
4.314800047874450684e+01 3.069999999999999840e+00 4.300000146031379700e-02 8.952465209960937500e+02
4.323704338073730469e+01 3.000000000000000000e+00 4.300000146031379700e-02 6.294701538085937500e+02
4.334504818916320801e+01 2.939999999999999947e+00 4.300000146031379700e-02 7.273877563476562500e+02
4.343999600410461426e+01 2.839999999999999858e+00 4.300000146031379700e-02 7.973289184570312500e+02
4.355200648307800293e+01 2.970000000000000195e+00 4.300000146031379700e-02 9.791759033203125000e+02
4.363703584671020508e+01 3.020000000000000018e+00 4.300000146031379700e-02 7.273877563476562500e+02
4.375399994850158691e+01 2.919999999999999929e+00 4.300000146031379700e-02 6.294701538085937500e+02
4.384504318237304688e+01 2.930000000000000160e+00 4.300000146031379700e-02 6.294701538085937500e+02
4.395201206207275391e+01 3.009999999999999787e+00 4.300000146031379700e-02 5.455408935546875000e+02
4.404699707031250000e+01 3.080000000000000071e+00 4.300000146031379700e-02 4.476232604980468750e+02
4.413704609870910645e+01 3.029999999999999805e+00 4.300000146031379700e-02 3.636938781738281250e+02
4.424504160881042480e+01 2.930000000000000160e+00 4.300000146031379700e-02 5.315526123046875000e+02
4.433900451660156250e+01 2.859999999999999876e+00 4.300000146031379700e-02 6.294701538085937500e+02
4.445200061798095703e+01 2.899999999999999911e+00 4.300000146031379700e-02 7.973289184570312500e+02
4.454104042053222656e+01 2.930000000000000160e+00 4.300000146031379700e-02 8.952465209960937500e+02
4.465399765968322754e+01 3.000000000000000000e+00 4.300000146031379700e-02 9.931641235351562500e+02
4.474504423141479492e+01 3.029999999999999805e+00 4.300000146031379700e-02 9.931641235351562500e+02
4.483400416374206543e+01 3.029999999999999805e+00 4.300000146031379700e-02 8.952465209960937500e+02
4.494299983978271484e+01 3.029999999999999805e+00 4.300000146031379700e-02 8.113171386718750000e+02
4.503806471824645996e+01 3.009999999999999787e+00 4.300000146031379700e-02 8.113171386718750000e+02
4.514903736114501953e+01 3.009999999999999787e+00 4.300000146031379700e-02 6.294701538085937500e+02
4.523499679565429688e+01 3.009999999999999787e+00 4.300000146031379700e-02 5.315526123046875000e+02
4.535303878784179688e+01 2.939999999999999947e+00 4.300000146031379700e-02 4.476232604980468750e+02
4.544200468063354492e+01 2.879999999999999893e+00 4.300000146031379700e-02 3.636938781738281250e+02
4.554999804496765137e+01 2.850000000000000089e+00 4.300000146031379700e-02 6.294701538085937500e+02
4.564504337310791016e+01 2.890000000000000124e+00 4.300000146031379700e-02 5.455408935546875000e+02
4.573499917984008789e+01 3.040000000000000036e+00 4.300000146031379700e-02 5.455408935546875000e+02
4.584200358390808105e+01 2.970000000000000195e+00 4.300000146031379700e-02 6.294701538085937500e+02
4.593703579902648926e+01 2.970000000000000195e+00 4.300000146031379700e-02 6.294701538085937500e+02
4.605000019073486328e+01 2.939999999999999947e+00 4.300000146031379700e-02 5.315526123046875000e+02
4.613499760627746582e+01 2.930000000000000160e+00 4.300000146031379700e-02 5.315526123046875000e+02
4.625204491615295410e+01 2.959999999999999964e+00 4.300000146031379700e-02 8.113171386718750000e+02
4.634200263023376465e+01 2.979999999999999982e+00 4.300000146031379700e-02 7.133995361328125000e+02
4.644999933242797852e+01 2.979999999999999982e+00 4.300000146031379700e-02 7.133995361328125000e+02
4.654399895668029785e+01 2.990000000000000213e+00 4.300000146031379700e-02 6.294701538085937500e+02
4.663499641418457031e+01 2.919999999999999929e+00 4.300000146031379700e-02 6.294701538085937500e+02
4.674599766731262207e+01 2.919999999999999929e+00 4.300000146031379700e-02 9.092347412109375000e+02
4.683303976058959961e+01 2.990000000000000213e+00 4.300000146031379700e-02 8.952465209960937500e+02
4.694999933242797852e+01 2.979999999999999982e+00 4.300000146031379700e-02 8.952465209960937500e+02
4.703899836540222168e+01 3.000000000000000000e+00 4.300000146031379700e-02 7.273877563476562500e+02
4.714799833297729492e+01 3.009999999999999787e+00 4.300000146031379700e-02 6.294701538085937500e+02
4.724299883842468262e+01 2.990000000000000213e+00 4.300000146031379700e-02 5.315526123046875000e+02
4.735399723052978516e+01 2.930000000000000160e+00 4.300000146031379700e-02 7.273877563476562500e+02
4.743999576568603516e+01 2.890000000000000124e+00 4.300000146031379700e-02 7.133995361328125000e+02
4.753499650955200195e+01 2.930000000000000160e+00 4.300000146031379700e-02 8.113171386718750000e+02
4.764699697494506836e+01 2.950000000000000178e+00 4.300000146031379700e-02 8.113171386718750000e+02
4.775303864479064941e+01 2.939999999999999947e+00 4.300000146031379700e-02 8.952465209960937500e+02
4.784999871253967285e+01 2.990000000000000213e+00 4.300000146031379700e-02 9.931641235351562500e+02
4.793999671936035156e+01 2.970000000000000195e+00 4.300000146031379700e-02 8.113171386718750000e+02
4.804699730873107910e+01 3.020000000000000018e+00 4.300000146031379700e-02 7.273877563476562500e+02
4.814200592041015625e+01 2.979999999999999982e+00 4.300000146031379700e-02 7.273877563476562500e+02
4.823200416564941406e+01 3.020000000000000018e+00 4.300000146031379700e-02 6.294701538085937500e+02
4.833999633789062500e+01 2.970000000000000195e+00 4.300000146031379700e-02 6.294701538085937500e+02
4.843400239944458008e+01 2.939999999999999947e+00 4.300000146031379700e-02 7.133995361328125000e+02
4.854699969291687012e+01 2.979999999999999982e+00 4.300000146031379700e-02 6.294701538085937500e+02
4.863599944114685059e+01 2.959999999999999964e+00 4.300000146031379700e-02 6.294701538085937500e+02
4.874904489517211914e+01 3.009999999999999787e+00 4.300000146031379700e-02 7.273877563476562500e+02
4.883999729156494141e+01 2.979999999999999982e+00 4.300000146031379700e-02 7.133995361328125000e+02
4.895099687576293945e+01 2.970000000000000195e+00 4.300000146031379700e-02 8.952465209960937500e+02
4.903800201416015625e+01 2.939999999999999947e+00 4.300000146031379700e-02 8.952465209960937500e+02
4.915500164031982422e+01 2.939999999999999947e+00 4.300000146031379700e-02 8.952465209960937500e+02
4.924399638175964355e+01 3.049999999999999822e+00 4.300000146031379700e-02 8.952465209960937500e+02
4.935303926467895508e+01 2.919999999999999929e+00 4.300000146031379700e-02 7.133995361328125000e+02
4.944799637794494629e+01 2.910000000000000142e+00 4.300000146031379700e-02 8.113171386718750000e+02
4.953704428672790527e+01 2.990000000000000213e+00 4.300000146031379700e-02 7.273877563476562500e+02
4.964504218101501465e+01 3.040000000000000036e+00 4.300000146031379700e-02 6.294701538085937500e+02
4.973999691009521484e+01 2.950000000000000178e+00 4.300000146031379700e-02 6.294701538085937500e+02
4.985200214385986328e+01 2.899999999999999911e+00 4.300000146031379700e-02 7.273877563476562500e+02
4.993704128265380859e+01 2.930000000000000160e+00 4.300000146031379700e-02 7.133995361328125000e+02
5.003200483322143555e+01 2.959999999999999964e+00 4.300000146031379700e-02 7.133995361328125000e+02
5.014503574371337891e+01 3.020000000000000018e+00 4.300000146031379700e-02 8.113171386718750000e+02
5.025200200080871582e+01 3.029999999999999805e+00 4.300000146031379700e-02 5.315526123046875000e+02
5.034700226783752441e+01 3.020000000000000018e+00 4.300000146031379700e-02 4.476232604980468750e+02
5.043704247474670410e+01 2.950000000000000178e+00 4.300000146031379700e-02 4.476232604980468750e+02
5.054503726959228516e+01 2.910000000000000142e+00 4.300000146031379700e-02 2.657763061523437500e+02
5.063900136947631836e+01 2.879999999999999893e+00 4.300000146031379700e-02 3.497056579589843750e+02
5.075200915336608887e+01 2.830000000000000071e+00 4.300000146031379700e-02 5.455408935546875000e+02
5.084103584289550781e+01 3.000000000000000000e+00 4.300000146031379700e-02 1.818469390869140625e+02
5.095400404930114746e+01 3.080000000000000071e+00 4.300000146031379700e-02 0.000000000000000000e+00
5.104503774642944336e+01 2.770000000000000018e+00 4.300000146031379700e-02 8.392935943603515625e+01
5.113400435447692871e+01 2.870000000000000107e+00 4.300000146031379700e-02 8.392935943603515625e+01
5.124299836158752441e+01 2.850000000000000089e+00 4.300000146031379700e-02 0.000000000000000000e+00
5.133800292015075684e+01 2.939999999999999947e+00 4.300000146031379700e-02 8.392935943603515625e+01
5.144904303550720215e+01 2.890000000000000124e+00 4.300000146031379700e-02 0.000000000000000000e+00
5.153500342369079590e+01 2.870000000000000107e+00 4.300000146031379700e-02 0.000000000000000000e+00
5.165304422378540039e+01 2.879999999999999893e+00 4.300000146031379700e-02 8.392935943603515625e+01
5.174200153350830078e+01 2.850000000000000089e+00 4.300000146031379700e-02 0.000000000000000000e+00
5.184999632835388184e+01 3.060000000000000053e+00 4.300000146031379700e-02 0.000000000000000000e+00
5.194504237174987793e+01 3.419999999999999929e+00 4.300000146031379700e-02 0.000000000000000000e+00
5.203499817848205566e+01 3.350000000000000089e+00 4.300000146031379700e-02 0.000000000000000000e+00
5.214200997352600098e+01 3.870000000000000107e+00 4.300000146031379700e-02 0.000000000000000000e+00
5.223704075813293457e+01 4.019999999999999574e+00 4.300000146031379700e-02 0.000000000000000000e+00
5.235000038146972656e+01 4.429999999999999716e+00 4.300000146031379700e-02 0.000000000000000000e+00
5.243499946594238281e+01 4.910000000000000142e+00 4.300000146031379700e-02 0.000000000000000000e+00
5.255200004577636719e+01 5.250000000000000000e+00 4.300000146031379700e-02 0.000000000000000000e+00
5.264200139045715332e+01 5.559999999999999609e+00 4.300000146031379700e-02 0.000000000000000000e+00
5.274999952316284180e+01 5.849999999999999645e+00 4.300000146031379700e-02 0.000000000000000000e+00
5.284401130676269531e+01 6.129999999999999893e+00 4.300000146031379700e-02 0.000000000000000000e+00
5.293499946594238281e+01 5.990000000000000213e+00 1.700000092387199402e-02 -9.092347412109375000e+02
5.304600167274475098e+01 3.270000000000000018e+00 1.700000092387199402e-02 -1.622634277343750000e+03
5.313304090499877930e+01 2.979999999999999982e+00 1.700000092387199402e-02 -1.440787353515625000e+03
5.325001358985900879e+01 2.930000000000000160e+00 1.700000092387199402e-02 -1.258940307617187500e+03
5.333899664878845215e+01 3.009999999999999787e+00 1.700000092387199402e-02 -1.258940307617187500e+03
5.344799637794494629e+01 2.979999999999999982e+00 1.700000092387199402e-02 -1.524716674804687500e+03
5.354300093650817871e+01 2.959999999999999964e+00 1.700000092387199402e-02 -1.342869750976562500e+03
5.365399885177612305e+01 2.910000000000000142e+00 1.700000092387199402e-02 -1.258940307617187500e+03
5.373999714851379395e+01 2.890000000000000124e+00 1.700000092387199402e-02 -1.175010986328125000e+03
5.383499717712402344e+01 2.979999999999999982e+00 1.700000092387199402e-02 -1.091081787109375000e+03
5.394699621200561523e+01 2.919999999999999929e+00 1.700000092387199402e-02 -1.258940307617187500e+03
5.405304026603698730e+01 2.950000000000000178e+00 1.700000092387199402e-02 -1.091081787109375000e+03
5.415000200271606445e+01 2.950000000000000178e+00 1.700000092387199402e-02 -1.161022827148437500e+03
5.423999762535095215e+01 3.009999999999999787e+00 1.700000092387199402e-02 -1.175010986328125000e+03
5.434699869155883789e+01 3.040000000000000036e+00 1.700000092387199402e-02 -1.175010986328125000e+03
5.444200634956359863e+01 2.979999999999999982e+00 1.700000092387199402e-02 -1.356857910156250000e+03
5.453200340270996094e+01 2.959999999999999964e+00 1.700000092387199402e-02 -1.440787353515625000e+03
5.464000153541564941e+01 2.970000000000000195e+00 1.700000092387199402e-02 -1.440787353515625000e+03
5.473400115966796875e+01 2.959999999999999964e+00 1.700000092387199402e-02 -1.622634277343750000e+03
5.484707665443420410e+01 2.870000000000000107e+00 1.700000092387199402e-02 -1.440787353515625000e+03
5.494105529785156250e+01 2.859999999999999876e+00 1.700000092387199402e-02 -1.440787353515625000e+03
5.504904866218566895e+01 2.859999999999999876e+00 1.700000092387199402e-02 -1.077093505859375000e+03
5.514000606536865234e+01 2.899999999999999911e+00 1.700000092387199402e-02 -9.092347412109375000e+02
5.525099802017211914e+01 2.979999999999999982e+00 1.700000092387199402e-02 -9.791759033203125000e+02
5.533800029754638672e+01 3.029999999999999805e+00 1.700000092387199402e-02 -1.258940307617187500e+03
5.543304514884948730e+01 3.009999999999999787e+00 1.700000092387199402e-02 -1.175010986328125000e+03
5.554399728775024414e+01 2.910000000000000142e+00 1.700000092387199402e-02 -1.258940307617187500e+03
5.565304112434387207e+01 2.970000000000000195e+00 1.700000092387199402e-02 -1.258940307617187500e+03
5.574799704551696777e+01 2.970000000000000195e+00 1.700000092387199402e-02 -1.258940307617187500e+03
5.583703708648681641e+01 2.939999999999999947e+00 1.700000092387199402e-02 -1.356857910156250000e+03
5.594505047798156738e+01 2.919999999999999929e+00 1.700000092387199402e-02 -1.356857910156250000e+03
5.603999710083007812e+01 2.919999999999999929e+00 1.700000092387199402e-02 -1.258940307617187500e+03
5.615201520919799805e+01 2.899999999999999911e+00 1.700000092387199402e-02 -9.931641235351562500e+02
5.623704338073730469e+01 2.939999999999999947e+00 1.700000092387199402e-02 -8.113171386718750000e+02
5.633899712562561035e+01 3.020000000000000018e+00 1.700000092387199402e-02 -8.113171386718750000e+02
5.644503521919250488e+01 3.049999999999999822e+00 1.700000092387199402e-02 -8.952465209960937500e+02
5.655210757255554199e+01 3.120000000000000107e+00 1.700000092387199402e-02 -1.175010986328125000e+03
5.664699840545654297e+01 3.040000000000000036e+00 1.700000092387199402e-02 -1.161022827148437500e+03
5.673704195022583008e+01 2.979999999999999982e+00 1.700000092387199402e-02 -1.342869750976562500e+03
5.684504127502441406e+01 3.000000000000000000e+00 1.700000092387199402e-02 -1.342869750976562500e+03
5.693899869918823242e+01 2.959999999999999964e+00 1.700000092387199402e-02 -1.258940307617187500e+03
5.705201363563537598e+01 2.879999999999999893e+00 1.700000092387199402e-02 -1.077093505859375000e+03
5.714103531837463379e+01 2.939999999999999947e+00 1.700000092387199402e-02 -1.091081787109375000e+03
5.725401139259338379e+01 2.959999999999999964e+00 1.700000092387199402e-02 -1.342869750976562500e+03
5.734504151344299316e+01 3.009999999999999787e+00 1.700000092387199402e-02 -1.258940307617187500e+03
5.743400096893310547e+01 2.910000000000000142e+00 1.700000092387199402e-02 -9.791759033203125000e+02
5.754300308227539062e+01 2.939999999999999947e+00 1.700000092387199402e-02 -7.133995361328125000e+02
5.763800191879272461e+01 3.120000000000000107e+00 1.700000092387199402e-02 -9.931641235351562500e+02
5.774903559684753418e+01 3.089999999999999858e+00 1.700000092387199402e-02 -1.175010986328125000e+03
5.783499932289123535e+01 3.009999999999999787e+00 1.700000092387199402e-02 -1.161022827148437500e+03
5.795303392410278320e+01 2.910000000000000142e+00 1.700000092387199402e-02 -1.258940307617187500e+03
5.804200649261474609e+01 3.000000000000000000e+00 1.700000092387199402e-02 -1.356857910156250000e+03
5.815000009536743164e+01 2.950000000000000178e+00 1.700000092387199402e-02 -1.077093505859375000e+03
5.824503135681152344e+01 2.899999999999999911e+00 1.700000092387199402e-02 -9.092347412109375000e+02
5.833500456809997559e+01 2.620000000000000107e+00 1.700000092387199402e-02 0.000000000000000000e+00
5.844200086593627930e+01 1.870000000000000107e+00 1.700000092387199402e-02 0.000000000000000000e+00
5.853705573081970215e+01 1.659999999999999920e+00 1.700000092387199402e-02 0.000000000000000000e+00
5.865000128746032715e+01 1.000000000000000000e+00 1.700000092387199402e-02 9.791758728027343750e+01
5.873499870300292969e+01 1.790000000000000036e+00 4.300000146031379700e-02 1.356857910156250000e+03
5.885200572013854980e+01 2.729999999999999982e+00 4.300000146031379700e-02 2.070257568359375000e+03
5.894200348854064941e+01 3.020000000000000018e+00 4.300000146031379700e-02 1.804481201171875000e+03
5.904999852180480957e+01 3.129999999999999893e+00 4.300000146031379700e-02 1.258940307617187500e+03
5.914399886131286621e+01 3.009999999999999787e+00 4.300000146031379700e-02 1.077093505859375000e+03
5.923499846458435059e+01 2.959999999999999964e+00 4.300000146031379700e-02 1.272928588867187500e+03
5.934600114822387695e+01 2.919999999999999929e+00 4.300000146031379700e-02 1.790493041992187500e+03
5.943303823471069336e+01 3.069999999999999840e+00 4.300000146031379700e-02 1.622634277343750000e+03
5.954999780654907227e+01 3.089999999999999858e+00 4.300000146031379700e-02 1.440787353515625000e+03
5.963899588584899902e+01 2.990000000000000213e+00 4.300000146031379700e-02 1.258940307617187500e+03
5.974799942970275879e+01 3.049999999999999822e+00 4.300000146031379700e-02 1.356857910156250000e+03
5.984299969673156738e+01 2.950000000000000178e+00 4.300000146031379700e-02 1.175010986328125000e+03
5.994799780845642090e+01 3.060000000000000053e+00 4.300000146031379700e-02 1.258940307617187500e+03
6.003999876976013184e+01 3.029999999999999805e+00 4.300000146031379700e-02 1.175010986328125000e+03
6.013499641418457031e+01 2.959999999999999964e+00 4.300000146031379700e-02 1.161022827148437500e+03
6.024699664115905762e+01 2.979999999999999982e+00 4.300000146031379700e-02 1.258940307617187500e+03
6.035304450988769531e+01 3.060000000000000053e+00 4.300000146031379700e-02 1.440787353515625000e+03
6.044999933242797852e+01 3.029999999999999805e+00 4.300000146031379700e-02 1.538704956054687500e+03
6.053999996185302734e+01 3.049999999999999822e+00 4.300000146031379700e-02 1.356857910156250000e+03
6.064700317382812500e+01 3.040000000000000036e+00 4.300000146031379700e-02 1.342869750976562500e+03
6.074202823638916016e+01 2.970000000000000195e+00 4.300000146031379700e-02 1.356857910156250000e+03
6.083899879455566406e+01 3.049999999999999822e+00 4.300000146031379700e-02 1.356857910156250000e+03
6.093999695777893066e+01 3.069999999999999840e+00 4.300000146031379700e-02 1.175010986328125000e+03
6.103400135040283203e+01 3.009999999999999787e+00 4.300000146031379700e-02 1.175010986328125000e+03
6.114699625968933105e+01 3.009999999999999787e+00 4.300000146031379700e-02 1.175010986328125000e+03
6.125499701499938965e+01 3.040000000000000036e+00 4.300000146031379700e-02 9.931641235351562500e+02
6.134903287887573242e+01 2.979999999999999982e+00 4.300000146031379700e-02 9.931641235351562500e+02
6.143999624252319336e+01 3.029999999999999805e+00 4.300000146031379700e-02 8.952465209960937500e+02
6.155099630355834961e+01 2.990000000000000213e+00 4.300000146031379700e-02 8.952465209960937500e+02
6.163800358772277832e+01 3.009999999999999787e+00 4.300000146031379700e-02 9.791759033203125000e+02
6.175400876998901367e+01 3.029999999999999805e+00 4.300000146031379700e-02 9.931641235351562500e+02
6.184399843215942383e+01 2.970000000000000195e+00 4.300000146031379700e-02 9.931641235351562500e+02
6.195304584503173828e+01 2.990000000000000213e+00 4.300000146031379700e-02 9.931641235351562500e+02
6.204799842834472656e+01 3.020000000000000018e+00 4.300000146031379700e-02 8.952465209960937500e+02
6.213704180717468262e+01 2.950000000000000178e+00 4.300000146031379700e-02 8.952465209960937500e+02
6.224504351615905762e+01 2.950000000000000178e+00 4.300000146031379700e-02 8.952465209960937500e+02
6.233999800682067871e+01 2.899999999999999911e+00 4.300000146031379700e-02 1.161022827148437500e+03
6.245200729370117188e+01 2.990000000000000213e+00 4.300000146031379700e-02 1.258940307617187500e+03
6.253703498840332031e+01 3.020000000000000018e+00 4.300000146031379700e-02 1.175010986328125000e+03
6.263899636268615723e+01 2.950000000000000178e+00 4.300000146031379700e-02 1.258940307617187500e+03
6.274503469467163086e+01 3.029999999999999805e+00 4.300000146031379700e-02 1.356857910156250000e+03
6.285200405120849609e+01 3.049999999999999822e+00 4.300000146031379700e-02 1.440787353515625000e+03
6.294699740409851074e+01 2.970000000000000195e+00 4.300000146031379700e-02 1.342869750976562500e+03
6.303704094886779785e+01 3.020000000000000018e+00 4.300000146031379700e-02 1.258940307617187500e+03
6.314503669738769531e+01 3.080000000000000071e+00 4.300000146031379700e-02 1.077093505859375000e+03
6.323899841308593750e+01 2.950000000000000178e+00 4.300000146031379700e-02 1.077093505859375000e+03
6.335200858116149902e+01 3.029999999999999805e+00 4.300000146031379700e-02 1.077093505859375000e+03
6.344104743003845215e+01 3.029999999999999805e+00 4.300000146031379700e-02 1.091081787109375000e+03
6.355400323867797852e+01 2.950000000000000178e+00 4.300000146031379700e-02 1.077093505859375000e+03
6.364503240585327148e+01 2.970000000000000195e+00 4.300000146031379700e-02 9.931641235351562500e+02
6.373399901390075684e+01 3.069999999999999840e+00 4.300000146031379700e-02 9.931641235351562500e+02
6.384300446510314941e+01 3.080000000000000071e+00 4.300000146031379700e-02 7.273877563476562500e+02
6.393799924850463867e+01 2.979999999999999982e+00 4.300000146031379700e-02 8.113171386718750000e+02
6.404903340339660645e+01 2.899999999999999911e+00 4.300000146031379700e-02 8.952465209960937500e+02
6.413499665260314941e+01 3.060000000000000053e+00 4.300000146031379700e-02 8.392935943603515625e+01
6.425304007530212402e+01 3.109999999999999876e+00 4.300000146031379700e-02 0.000000000000000000e+00
6.434200501441955566e+01 2.970000000000000195e+00 4.300000146031379700e-02 0.000000000000000000e+00
6.445000171661376953e+01 2.950000000000000178e+00 4.300000146031379700e-02 0.000000000000000000e+00
6.454504013061523438e+01 2.930000000000000160e+00 4.300000146031379700e-02 0.000000000000000000e+00
6.463499689102172852e+01 2.939999999999999947e+00 4.300000146031379700e-02 0.000000000000000000e+00
6.474200057983398438e+01 3.040000000000000036e+00 4.300000146031379700e-02 0.000000000000000000e+00
6.483704304695129395e+01 2.970000000000000195e+00 4.300000146031379700e-02 0.000000000000000000e+00
6.495000100135803223e+01 2.959999999999999964e+00 4.300000146031379700e-02 0.000000000000000000e+00
6.503500008583068848e+01 3.060000000000000053e+00 4.300000146031379700e-02 0.000000000000000000e+00
6.515199828147888184e+01 3.140000000000000124e+00 4.300000146031379700e-02 0.000000000000000000e+00
6.524200296401977539e+01 3.140000000000000124e+00 4.300000146031379700e-02 0.000000000000000000e+00
6.534999871253967285e+01 3.089999999999999858e+00 4.300000146031379700e-02 0.000000000000000000e+00
6.544399738311767578e+01 3.049999999999999822e+00 4.300000146031379700e-02 0.000000000000000000e+00
6.553500270843505859e+01 3.009999999999999787e+00 4.300000146031379700e-02 0.000000000000000000e+00
6.564600014686584473e+01 2.979999999999999982e+00 4.300000146031379700e-02 0.000000000000000000e+00
6.573303985595703125e+01 2.959999999999999964e+00 4.300000146031379700e-02 0.000000000000000000e+00
6.585000038146972656e+01 2.930000000000000160e+00 4.300000146031379700e-02 0.000000000000000000e+00
6.593899726867675781e+01 2.919999999999999929e+00 4.300000146031379700e-02 0.000000000000000000e+00
6.604799842834472656e+01 2.910000000000000142e+00 4.300000146031379700e-02 0.000000000000000000e+00
6.614299869537353516e+01 2.899999999999999911e+00 4.300000146031379700e-02 0.000000000000000000e+00
6.625303268432617188e+01 2.879999999999999893e+00 4.300000146031379700e-02 0.000000000000000000e+00
6.633999729156494141e+01 2.879999999999999893e+00 4.300000146031379700e-02 0.000000000000000000e+00
6.643499851226806641e+01 2.870000000000000107e+00 4.300000146031379700e-02 0.000000000000000000e+00
6.654700922966003418e+01 2.859999999999999876e+00 4.300000146031379700e-02 0.000000000000000000e+00
6.665400338172912598e+01 2.850000000000000089e+00 4.300000146031379700e-02 0.000000000000000000e+00
6.675000119209289551e+01 2.850000000000000089e+00 4.300000146031379700e-02 0.000000000000000000e+00
6.683999729156494141e+01 2.839999999999999858e+00 4.300000146031379700e-02 0.000000000000000000e+00
6.694699692726135254e+01 2.839999999999999858e+00 4.300000146031379700e-02 0.000000000000000000e+00
6.704200100898742676e+01 2.830000000000000071e+00 4.300000146031379700e-02 0.000000000000000000e+00
