8.590364456176757812e-02 2.330000000000000071e+00 9.999999776482582092e-03 -7.200111694335937500e+02
1.639468669891357422e-01 2.240000000000000213e+00 9.999999776482582092e-03 -8.099783935546875000e+02
2.778980731964111328e-01 2.229999999999999982e+00 9.999999776482582092e-03 -6.299892578125000000e+02
3.668961524963378906e-01 2.220000000000000195e+00 9.999999776482582092e-03 -5.399947509765625000e+02
4.738969802856445312e-01 2.279999999999999805e+00 9.999999776482582092e-03 -4.500001525878906250e+02
5.648980140686035156e-01 2.299999999999999822e+00 9.999999776482582092e-03 -5.400015869140625000e+02
6.819007396697998047e-01 2.319999999999999840e+00 9.999999776482582092e-03 -5.399981689453125000e+02
7.719497680664062500e-01 2.270000000000000018e+00 9.999999776482582092e-03 -4.499997558593750000e+02
8.788993358612060547e-01 2.279999999999999805e+00 9.999999776482582092e-03 -4.500001525878906250e+02
9.828977584838867188e-01 2.299999999999999822e+00 9.999999776482582092e-03 -6.300029296875000000e+02
1.066895484924316406e+00 2.200000000000000178e+00 9.999999776482582092e-03 -5.399947509765625000e+02
1.150928497314453125e+00 2.109999999999999876e+00 9.999999776482582092e-03 -2.699973754882812500e+02
1.278898477554321289e+00 2.149999999999999911e+00 9.999999776482582092e-03 -1.800027923583984375e+02
1.366896867752075195e+00 2.310000000000000053e+00 9.999999776482582092e-03 -2.699973754882812500e+02
1.477898597717285156e+00 2.270000000000000018e+00 9.999999776482582092e-03 -2.699837036132812500e+02
1.568901777267456055e+00 2.339999999999999858e+00 9.999999776482582092e-03 -2.699837036132812500e+02
1.681899070739746094e+00 2.319999999999999840e+00 9.999999776482582092e-03 -3.599782714843750000e+02
1.770899772644042969e+00 2.339999999999999858e+00 9.999999776482582092e-03 -3.600055847167968750e+02
1.884898900985717773e+00 2.310000000000000053e+00 9.999999776482582092e-03 -4.500001525878906250e+02
1.978899240493774414e+00 2.220000000000000195e+00 9.999999776482582092e-03 -3.600055847167968750e+02
2.068897485733032227e+00 2.189999999999999947e+00 9.999999776482582092e-03 -3.599782714843750000e+02
2.175942182540893555e+00 2.209999999999999964e+00 9.999999776482582092e-03 -2.699837036132812500e+02
2.265896081924438477e+00 2.250000000000000000e+00 9.999999776482582092e-03 -2.700383605957031250e+02
2.382896661758422852e+00 2.279999999999999805e+00 9.999999776482582092e-03 -4.499728393554687500e+02
2.472898721694946289e+00 2.270000000000000018e+00 9.999999776482582092e-03 -5.400220947265625000e+02
2.579950332641601562e+00 2.250000000000000000e+00 9.999999776482582092e-03 -4.499728393554687500e+02
2.670900344848632812e+00 2.279999999999999805e+00 9.999999776482582092e-03 -4.500274658203125000e+02
2.765896558761596680e+00 2.250000000000000000e+00 9.999999776482582092e-03 -3.599782714843750000e+02
2.872897386550903320e+00 2.229999999999999982e+00 9.999999776482582092e-03 -4.499728393554687500e+02
2.968900918960571289e+00 2.229999999999999982e+00 9.999999776482582092e-03 -3.600328979492187500e+02
3.080900907516479492e+00 2.209999999999999964e+00 9.999999776482582092e-03 -3.600328979492187500e+02
3.165895938873291016e+00 2.220000000000000195e+00 9.999999776482582092e-03 -2.699837036132812500e+02
3.277898073196411133e+00 2.250000000000000000e+00 9.999999776482582092e-03 -3.599782714843750000e+02
3.372897863388061523e+00 2.259999999999999787e+00 9.999999776482582092e-03 -5.400767211914062500e+02
3.480901241302490234e+00 2.209999999999999964e+00 9.999999776482582092e-03 -5.400767211914062500e+02
3.569904565811157227e+00 2.299999999999999822e+00 9.999999776482582092e-03 -3.599782714843750000e+02
3.664899349212646484e+00 2.319999999999999840e+00 9.999999776482582092e-03 -4.500274658203125000e+02
3.773896694183349609e+00 2.290000000000000036e+00 9.999999776482582092e-03 -2.699290771484375000e+02
3.869900465011596680e+00 2.270000000000000018e+00 9.999999776482582092e-03 -3.599782714843750000e+02
3.979947090148925781e+00 2.319999999999999840e+00 9.999999776482582092e-03 -4.500274658203125000e+02
4.066901445388793945e+00 2.299999999999999822e+00 9.999999776482582092e-03 -4.499181823730468750e+02
4.177899122238159180e+00 2.270000000000000018e+00 9.999999776482582092e-03 -3.599782714843750000e+02
4.268930435180664062e+00 2.250000000000000000e+00 9.999999776482582092e-03 -2.700383605957031250e+02
4.381897211074829102e+00 2.290000000000000036e+00 9.999999776482582092e-03 -3.599782714843750000e+02
4.469903945922851562e+00 2.339999999999999858e+00 9.999999776482582092e-03 -4.500274658203125000e+02
4.583950996398925781e+00 2.290000000000000036e+00 9.999999776482582092e-03 -3.599782714843750000e+02
4.677898406982421875e+00 2.240000000000000213e+00 9.999999776482582092e-03 -3.599782714843750000e+02
4.784901857376098633e+00 2.229999999999999982e+00 9.999999776482582092e-03 -4.500274658203125000e+02
4.875945091247558594e+00 2.279999999999999805e+00 9.999999776482582092e-03 -4.500274658203125000e+02
4.970902442932128906e+00 2.240000000000000213e+00 9.999999776482582092e-03 -2.700383605957031250e+02
5.077897787094116211e+00 2.229999999999999982e+00 9.999999776482582092e-03 -3.599782714843750000e+02
5.167948722839355469e+00 2.209999999999999964e+00 9.999999776482582092e-03 -3.599782714843750000e+02
5.285904407501220703e+00 2.200000000000000178e+00 9.999999776482582092e-03 -3.599782714843750000e+02
5.370900392532348633e+00 2.290000000000000036e+00 9.999999776482582092e-03 -3.599782714843750000e+02
5.482898473739624023e+00 2.250000000000000000e+00 9.999999776482582092e-03 -5.400767211914062500e+02
5.577897787094116211e+00 2.259999999999999787e+00 9.999999776482582092e-03 -4.499181823730468750e+02
5.684900522232055664e+00 2.209999999999999964e+00 9.999999776482582092e-03 -3.599782714843750000e+02
5.774903535842895508e+00 2.209999999999999964e+00 9.999999776482582092e-03 -5.400767211914062500e+02
5.869902372360229492e+00 2.169999999999999929e+00 9.999999776482582092e-03 -4.500274658203125000e+02
5.978899955749511719e+00 2.209999999999999964e+00 9.999999776482582092e-03 -5.398581542968750000e+02
6.067960023880004883e+00 2.180000000000000160e+00 9.999999776482582092e-03 -4.500274658203125000e+02
6.184898138046264648e+00 2.240000000000000213e+00 9.999999776482582092e-03 -3.601968383789062500e+02
6.271954059600830078e+00 2.229999999999999982e+00 9.999999776482582092e-03 -3.599782714843750000e+02
6.382906913757324219e+00 2.290000000000000036e+00 9.999999776482582092e-03 -4.500274658203125000e+02
6.473900079727172852e+00 2.229999999999999982e+00 9.999999776482582092e-03 -2.701476440429687500e+02
6.567944049835205078e+00 2.220000000000000195e+00 9.999999776482582092e-03 -3.601968383789062500e+02
6.674896955490112305e+00 2.240000000000000213e+00 9.999999776482582092e-03 -3.599782714843750000e+02
6.765898227691650391e+00 2.160000000000000142e+00 9.999999776482582092e-03 -2.699290771484375000e+02
6.882896184921264648e+00 2.240000000000000213e+00 9.999999776482582092e-03 -3.599782714843750000e+02
6.967949151992797852e+00 2.250000000000000000e+00 9.999999776482582092e-03 -4.500274658203125000e+02
7.080901384353637695e+00 2.290000000000000036e+00 9.999999776482582092e-03 -5.400767211914062500e+02
7.175962209701538086e+00 2.319999999999999840e+00 9.999999776482582092e-03 -4.500274658203125000e+02
7.282897710800170898e+00 2.290000000000000036e+00 9.999999776482582092e-03 -4.500274658203125000e+02
7.372898101806640625e+00 2.259999999999999787e+00 9.999999776482582092e-03 -4.500274658203125000e+02
7.467942476272583008e+00 2.250000000000000000e+00 9.999999776482582092e-03 -3.599782714843750000e+02
7.575947523117065430e+00 2.250000000000000000e+00 9.999999776482582092e-03 -3.599782714843750000e+02
7.664910554885864258e+00 2.270000000000000018e+00 9.999999776482582092e-03 -3.599782714843750000e+02
7.782899618148803711e+00 2.209999999999999964e+00 9.999999776482582092e-03 -4.498088989257812500e+02
7.868897199630737305e+00 2.209999999999999964e+00 9.999999776482582092e-03 -5.400767211914062500e+02
7.979947090148925781e+00 2.290000000000000036e+00 9.999999776482582092e-03 -5.398581542968750000e+02
8.074898958206176758e+00 2.220000000000000195e+00 9.999999776482582092e-03 -4.500274658203125000e+02
8.183945178985595703e+00 2.209999999999999964e+00 9.999999776482582092e-03 -4.498088989257812500e+02
8.272899627685546875e+00 2.180000000000000160e+00 9.999999776482582092e-03 -3.599782714843750000e+02
8.363950490951538086e+00 2.229999999999999982e+00 9.999999776482582092e-03 -3.601968383789062500e+02
8.476897239685058594e+00 2.209999999999999964e+00 9.999999776482582092e-03 -3.599782714843750000e+02
8.564898490905761719e+00 2.279999999999999805e+00 9.999999776482582092e-03 -4.500274658203125000e+02
8.678933858871459961e+00 2.279999999999999805e+00 9.999999776482582092e-03 -3.599782714843750000e+02
8.772902727127075195e+00 2.240000000000000213e+00 9.999999776482582092e-03 -4.498088989257812500e+02
8.879945278167724609e+00 2.259999999999999787e+00 9.999999776482582092e-03 -5.400767211914062500e+02
8.970898628234863281e+00 2.270000000000000018e+00 9.999999776482582092e-03 -4.500274658203125000e+02
9.065897226333618164e+00 2.220000000000000195e+00 9.999999776482582092e-03 -4.500274658203125000e+02
9.172899246215820312e+00 2.189999999999999947e+00 9.999999776482582092e-03 -4.500274658203125000e+02
9.268902301788330078e+00 2.229999999999999982e+00 9.999999776482582092e-03 -3.599782714843750000e+02
9.380900382995605469e+00 2.209999999999999964e+00 9.999999776482582092e-03 -3.599782714843750000e+02
9.465898513793945312e+00 2.240000000000000213e+00 9.999999776482582092e-03 -3.599782714843750000e+02
9.577899694442749023e+00 2.259999999999999787e+00 9.999999776482582092e-03 -4.500274658203125000e+02
9.672897577285766602e+00 2.250000000000000000e+00 9.999999776482582092e-03 -5.398581542968750000e+02
9.780900239944458008e+00 2.279999999999999805e+00 9.999999776482582092e-03 -8.100057373046875000e+02
9.869913339614868164e+00 2.240000000000000213e+00 9.999999776482582092e-03 -8.100057373046875000e+02
9.964897871017456055e+00 2.220000000000000195e+00 9.999999776482582092e-03 -7.199565429687500000e+02
1.007390022277832031e+01 2.209999999999999964e+00 9.999999776482582092e-03 -5.398581542968750000e+02
1.018394088745117188e+01 2.279999999999999805e+00 9.999999776482582092e-03 -6.299072875976562500e+02
1.027994823455810547e+01 2.290000000000000036e+00 9.999999776482582092e-03 -5.398581542968750000e+02
1.036689734458923340e+01 2.310000000000000053e+00 9.999999776482582092e-03 -5.398581542968750000e+02
1.047789669036865234e+01 2.299999999999999822e+00 9.999999776482582092e-03 -5.398581542968750000e+02
1.056890130043029785e+01 2.270000000000000018e+00 9.999999776482582092e-03 -6.299072875976562500e+02
1.068189787864685059e+01 2.220000000000000195e+00 9.999999776482582092e-03 -5.402952880859375000e+02
1.076990056037902832e+01 2.200000000000000178e+00 9.999999776482582092e-03 -5.398581542968750000e+02
1.088394999504089355e+01 2.140000000000000124e+00 9.999999776482582092e-03 -3.601968383789062500e+02
1.097789764404296875e+01 2.209999999999999964e+00 9.999999776482582092e-03 -1.800984191894531250e+02
1.108490324020385742e+01 2.250000000000000000e+00 9.999999776482582092e-03 -9.004920959472656250e+01
1.117594885826110840e+01 2.290000000000000036e+00 9.999999776482582092e-03 -9.004920959472656250e+01
1.127089929580688477e+01 2.339999999999999858e+00 9.999999776482582092e-03 -1.800984191894531250e+02
1.137789869308471680e+01 2.279999999999999805e+00 9.999999776482582092e-03 -2.697105102539062500e+02
1.146794509887695312e+01 2.270000000000000018e+00 9.999999776482582092e-03 -3.601968383789062500e+02
1.158489847183227539e+01 2.270000000000000018e+00 9.999999776482582092e-03 -3.601968383789062500e+02
1.167089986801147461e+01 2.220000000000000195e+00 9.999999776482582092e-03 -4.498088989257812500e+02
1.178289914131164551e+01 2.149999999999999911e+00 9.999999776482582092e-03 -2.701476440429687500e+02
1.187789726257324219e+01 2.240000000000000213e+00 9.999999776482582092e-03 -4.498088989257812500e+02
1.196394348144531250e+01 2.299999999999999822e+00 9.999999776482582092e-03 -6.299072875976562500e+02
1.207490754127502441e+01 2.200000000000000178e+00 9.999999776482582092e-03 -5.402952880859375000e+02
1.216990232467651367e+01 2.229999999999999982e+00 9.999999776482582092e-03 -3.597597045898437500e+02
1.227890396118164062e+01 2.209999999999999964e+00 9.999999776482582092e-03 -3.597597045898437500e+02
1.236794590950012207e+01 2.189999999999999947e+00 9.999999776482582092e-03 -3.597597045898437500e+02
1.248489904403686523e+01 2.240000000000000213e+00 9.999999776482582092e-03 -3.601968383789062500e+02
1.257194924354553223e+01 2.229999999999999982e+00 9.999999776482582092e-03 -3.601968383789062500e+02
1.268289875984191895e+01 2.250000000000000000e+00 9.999999776482582092e-03 -1.796612854003906250e+02
1.277390098571777344e+01 2.209999999999999964e+00 9.999999776482582092e-03 -2.701476440429687500e+02
1.286794948577880859e+01 2.229999999999999982e+00 9.999999776482582092e-03 -2.701476440429687500e+02
1.297489786148071289e+01 2.259999999999999787e+00 9.999999776482582092e-03 -4.502460327148437500e+02
1.306589865684509277e+01 2.220000000000000195e+00 9.999999776482582092e-03 -4.502460327148437500e+02
1.318290090560913086e+01 2.310000000000000053e+00 9.999999776482582092e-03 -4.502460327148437500e+02
1.326795768737792969e+01 2.290000000000000036e+00 9.999999776482582092e-03 -4.502460327148437500e+02
1.338090157508850098e+01 2.229999999999999982e+00 9.999999776482582092e-03 -4.498088989257812500e+02
1.347595405578613281e+01 2.290000000000000036e+00 9.999999776482582092e-03 -3.601968383789062500e+02
1.358289790153503418e+01 2.319999999999999840e+00 9.999999776482582092e-03 -2.697105102539062500e+02
1.367290019989013672e+01 2.339999999999999858e+00 9.999999776482582092e-03 -4.498088989257812500e+02
1.376795244216918945e+01 2.339999999999999858e+00 9.999999776482582092e-03 -3.597597045898437500e+02
1.387594795227050781e+01 2.319999999999999840e+00 9.999999776482582092e-03 -3.597597045898437500e+02
1.396490383148193359e+01 2.370000000000000107e+00 9.999999776482582092e-03 -4.498088989257812500e+02
1.408290100097656250e+01 2.350000000000000089e+00 9.999999776482582092e-03 -4.502460327148437500e+02
1.416890478134155273e+01 2.299999999999999822e+00 9.999999776482582092e-03 -4.502460327148437500e+02
1.427995753288269043e+01 2.250000000000000000e+00 9.999999776482582092e-03 -4.502460327148437500e+02
1.437490177154541016e+01 2.209999999999999964e+00 9.999999776482582092e-03 -3.601968383789062500e+02
1.448395299911499023e+01 2.209999999999999964e+00 9.999999776482582092e-03 -2.701476440429687500e+02
1.457290172576904297e+01 2.270000000000000018e+00 9.999999776482582092e-03 -2.697105102539062500e+02
1.466395640373229980e+01 2.240000000000000213e+00 9.999999776482582092e-03 -2.701476440429687500e+02
1.477689743041992188e+01 2.250000000000000000e+00 9.999999776482582092e-03 -3.601968383789062500e+02
1.486489892005920410e+01 2.209999999999999964e+00 9.999999776482582092e-03 -3.597597045898437500e+02
1.497890305519104004e+01 2.250000000000000000e+00 9.999999776482582092e-03 -3.597597045898437500e+02
1.507290768623352051e+01 2.299999999999999822e+00 9.999999776482582092e-03 -4.502460327148437500e+02
1.517994713783264160e+01 2.240000000000000213e+00 9.999999776482582092e-03 -5.402952880859375000e+02
1.527089929580688477e+01 2.250000000000000000e+00 9.999999776482582092e-03 -5.398581542968750000e+02
1.536589694023132324e+01 2.180000000000000160e+00 9.999999776482582092e-03 -4.502460327148437500e+02
1.547289991378784180e+01 1.729999999999999982e+00 9.999999776482582092e-03 0.000000000000000000e+00
1.556290888786315918e+01 1.760000000000000009e+00 9.999999776482582092e-03 0.000000000000000000e+00
1.568089723587036133e+01 1.679999999999999938e+00 9.999999776482582092e-03 0.000000000000000000e+00
1.576589727401733398e+01 1.040000000000000036e+00 9.999999776482582092e-03 0.000000000000000000e+00
1.587789607048034668e+01 2.899999999999999800e-01 3.400000184774398804e-02 6.303444213867187500e+02
1.597289872169494629e+01 1.310000000000000053e+00 3.400000184774398804e-02 9.000549316406250000e+02
1.608090543746948242e+01 2.060000000000000053e+00 3.400000184774398804e-02 7.203936767578125000e+02
1.616990041732788086e+01 2.390000000000000124e+00 3.400000184774398804e-02 0.000000000000000000e+00
1.626489996910095215e+01 2.310000000000000053e+00 3.400000184774398804e-02 0.000000000000000000e+00
1.637389731407165527e+01 2.209999999999999964e+00 3.400000184774398804e-02 0.000000000000000000e+00
1.648394703865051270e+01 2.109999999999999876e+00 3.400000184774398804e-02 8.961207580566406250e+01
1.657994461059570312e+01 2.089999999999999858e+00 3.400000184774398804e-02 9.004920959472656250e+01
1.666689682006835938e+01 2.069999999999999840e+00 3.400000184774398804e-02 1.800984191894531250e+02
1.677789688110351562e+01 2.100000000000000089e+00 3.400000184774398804e-02 2.701476440429687500e+02
1.686894965171813965e+01 2.149999999999999911e+00 3.400000184774398804e-02 1.800984191894531250e+02
1.698189902305603027e+01 2.180000000000000160e+00 3.400000184774398804e-02 1.800984191894531250e+02
1.706990146636962891e+01 2.060000000000000053e+00 3.400000184774398804e-02 3.601968383789062500e+02
1.718394756317138672e+01 2.100000000000000089e+00 3.400000184774398804e-02 4.502460327148437500e+02
1.727789735794067383e+01 2.209999999999999964e+00 3.400000184774398804e-02 2.697105102539062500e+02
1.738394331932067871e+01 2.180000000000000160e+00 3.400000184774398804e-02 9.004920959472656250e+01
1.747594404220581055e+01 2.140000000000000124e+00 3.400000184774398804e-02 1.800984191894531250e+02
1.757090020179748535e+01 2.120000000000000107e+00 3.400000184774398804e-02 1.800984191894531250e+02
1.767789864540100098e+01 2.069999999999999840e+00 3.400000184774398804e-02 1.800984191894531250e+02
1.776795339584350586e+01 2.109999999999999876e+00 3.400000184774398804e-02 3.597597045898437500e+02
1.786289739608764648e+01 2.109999999999999876e+00 3.400000184774398804e-02 4.502460327148437500e+02
1.797090077400207520e+01 2.189999999999999947e+00 3.400000184774398804e-02 2.701476440429687500e+02
1.808289718627929688e+01 2.209999999999999964e+00 3.400000184774398804e-02 3.601968383789062500e+02
1.817789816856384277e+01 2.180000000000000160e+00 3.400000184774398804e-02 4.502460327148437500e+02
1.827089953422546387e+01 2.189999999999999947e+00 3.400000184774398804e-02 5.398581542968750000e+02
1.837489771842956543e+01 2.209999999999999964e+00 3.400000184774398804e-02 5.402952880859375000e+02
1.846990251541137695e+01 2.209999999999999964e+00 3.400000184774398804e-02 3.601968383789062500e+02
1.857891511917114258e+01 2.180000000000000160e+00 3.400000184774398804e-02 4.502460327148437500e+02
1.866795015335083008e+01 2.149999999999999911e+00 3.400000184774398804e-02 4.502460327148437500e+02
1.877594637870788574e+01 2.189999999999999947e+00 3.400000184774398804e-02 3.601968383789062500e+02
1.887194776535034180e+01 2.169999999999999929e+00 3.400000184774398804e-02 3.601968383789062500e+02
1.898289728164672852e+01 2.160000000000000142e+00 3.400000184774398804e-02 5.398581542968750000e+02
1.907389760017395020e+01 2.160000000000000142e+00 3.400000184774398804e-02 4.498088989257812500e+02
1.916794443130493164e+01 2.180000000000000160e+00 3.400000184774398804e-02 4.498088989257812500e+02
1.927489805221557617e+01 2.160000000000000142e+00 3.400000184774398804e-02 3.597597045898437500e+02
1.936589765548706055e+01 2.180000000000000160e+00 3.400000184774398804e-02 2.697105102539062500e+02
1.948289799690246582e+01 2.120000000000000107e+00 3.400000184774398804e-02 3.597597045898437500e+02
1.956795287132263184e+01 2.140000000000000124e+00 3.400000184774398804e-02 3.601968383789062500e+02
1.968089985847473145e+01 2.189999999999999947e+00 3.400000184774398804e-02 2.701476440429687500e+02
1.977594566345214844e+01 2.169999999999999929e+00 3.400000184774398804e-02 2.701476440429687500e+02
1.988289785385131836e+01 2.160000000000000142e+00 3.400000184774398804e-02 2.697105102539062500e+02
1.997290015220642090e+01 2.140000000000000124e+00 3.400000184774398804e-02 3.601968383789062500e+02
2.006794953346252441e+01 2.149999999999999911e+00 3.400000184774398804e-02 4.498088989257812500e+02
2.017594790458679199e+01 2.189999999999999947e+00 3.400000184774398804e-02 4.498088989257812500e+02
2.026489830017089844e+01 2.120000000000000107e+00 3.400000184774398804e-02 5.398581542968750000e+02
2.038289713859558105e+01 2.140000000000000124e+00 3.400000184774398804e-02 3.601968383789062500e+02
2.046891117095947266e+01 2.120000000000000107e+00 3.400000184774398804e-02 4.502460327148437500e+02
2.057995200157165527e+01 2.129999999999999893e+00 3.400000184774398804e-02 4.498088989257812500e+02
2.067489933967590332e+01 2.169999999999999929e+00 3.400000184774398804e-02 3.601968383789062500e+02
2.078394532203674316e+01 2.129999999999999893e+00 3.400000184774398804e-02 2.701476440429687500e+02
2.087289953231811523e+01 2.140000000000000124e+00 3.400000184774398804e-02 2.701476440429687500e+02
2.096395254135131836e+01 2.140000000000000124e+00 3.400000184774398804e-02 2.701476440429687500e+02
2.107691621780395508e+01 2.129999999999999893e+00 3.400000184774398804e-02 3.597597045898437500e+02
2.116489887237548828e+01 2.209999999999999964e+00 3.400000184774398804e-02 2.701476440429687500e+02
2.127891516685485840e+01 2.200000000000000178e+00 3.400000184774398804e-02 2.697105102539062500e+02
2.137289905548095703e+01 2.189999999999999947e+00 3.400000184774398804e-02 3.601968383789062500e+02
2.147994542121887207e+01 2.209999999999999964e+00 3.400000184774398804e-02 2.701476440429687500e+02
2.157090163230895996e+01 2.160000000000000142e+00 3.400000184774398804e-02 2.701476440429687500e+02
2.166589665412902832e+01 2.189999999999999947e+00 3.400000184774398804e-02 3.601968383789062500e+02
2.177290081977844238e+01 2.189999999999999947e+00 3.400000184774398804e-02 5.402952880859375000e+02
2.186289715766906738e+01 2.189999999999999947e+00 3.400000184774398804e-02 3.601968383789062500e+02
2.198090386390686035e+01 2.180000000000000160e+00 3.400000184774398804e-02 3.597597045898437500e+02
2.206590008735656738e+01 2.189999999999999947e+00 3.400000184774398804e-02 2.701476440429687500e+02
2.217789626121520996e+01 2.169999999999999929e+00 3.400000184774398804e-02 3.601968383789062500e+02
2.227290368080139160e+01 2.189999999999999947e+00 3.400000184774398804e-02 5.402952880859375000e+02
2.238090491294860840e+01 2.180000000000000160e+00 3.400000184774398804e-02 5.400767211914062500e+02
2.246990489959716797e+01 2.209999999999999964e+00 3.400000184774398804e-02 5.398581542968750000e+02
2.256490135192871094e+01 2.220000000000000195e+00 3.400000184774398804e-02 4.500274658203125000e+02
2.267389869689941406e+01 2.180000000000000160e+00 3.400000184774398804e-02 3.599782714843750000e+02
2.278395342826843262e+01 2.169999999999999929e+00 3.400000184774398804e-02 4.500274658203125000e+02
2.287995553016662598e+01 2.169999999999999929e+00 3.400000184774398804e-02 4.500274658203125000e+02
2.296689772605895996e+01 2.180000000000000160e+00 3.400000184774398804e-02 3.599782714843750000e+02
2.307790160179138184e+01 2.169999999999999929e+00 3.400000184774398804e-02 3.599782714843750000e+02
2.316890287399291992e+01 2.169999999999999929e+00 3.400000184774398804e-02 3.599782714843750000e+02
2.328189873695373535e+01 2.180000000000000160e+00 3.400000184774398804e-02 2.699290771484375000e+02
2.336990523338317871e+01 2.180000000000000160e+00 3.400000184774398804e-02 2.701476440429687500e+02
2.348394989967346191e+01 2.209999999999999964e+00 3.400000184774398804e-02 3.599782714843750000e+02
2.357789778709411621e+01 2.140000000000000124e+00 3.400000184774398804e-02 3.599782714843750000e+02
2.368490290641784668e+01 2.169999999999999929e+00 3.400000184774398804e-02 3.599782714843750000e+02
2.377595138549804688e+01 2.189999999999999947e+00 3.400000184774398804e-02 3.599782714843750000e+02
2.387090158462524414e+01 2.180000000000000160e+00 3.400000184774398804e-02 3.599782714843750000e+02
2.397789716720581055e+01 2.160000000000000142e+00 3.400000184774398804e-02 4.500274658203125000e+02
2.406795167922973633e+01 2.209999999999999964e+00 3.400000184774398804e-02 3.599782714843750000e+02
2.416989946365356445e+01 2.129999999999999893e+00 3.400000184774398804e-02 3.601968383789062500e+02
2.427090096473693848e+01 2.140000000000000124e+00 3.400000184774398804e-02 4.500274658203125000e+02
2.438289737701416016e+01 2.109999999999999876e+00 3.400000184774398804e-02 3.599782714843750000e+02
2.447789645195007324e+01 2.149999999999999911e+00 3.400000184774398804e-02 3.599782714843750000e+02
2.456394338607788086e+01 2.149999999999999911e+00 3.400000184774398804e-02 2.699290771484375000e+02
2.467489814758300781e+01 2.149999999999999911e+00 3.400000184774398804e-02 2.701476440429687500e+02
2.476990437507629395e+01 2.140000000000000124e+00 3.400000184774398804e-02 2.701476440429687500e+02
2.487892198562622070e+01 2.129999999999999893e+00 3.400000184774398804e-02 2.699290771484375000e+02
2.496796584129333496e+01 2.120000000000000107e+00 3.400000184774398804e-02 2.699290771484375000e+02
2.508489942550659180e+01 2.089999999999999858e+00 3.400000184774398804e-02 3.601968383789062500e+02
2.517194628715515137e+01 2.129999999999999893e+00 3.400000184774398804e-02 3.601968383789062500e+02
2.528289699554443359e+01 2.140000000000000124e+00 3.400000184774398804e-02 4.500274658203125000e+02
2.537390422821044922e+01 2.160000000000000142e+00 3.400000184774398804e-02 4.500274658203125000e+02
2.546794033050537109e+01 2.140000000000000124e+00 3.400000184774398804e-02 4.500274658203125000e+02
2.557489824295043945e+01 2.180000000000000160e+00 3.400000184774398804e-02 5.400767211914062500e+02
2.566589736938476562e+01 2.220000000000000195e+00 3.400000184774398804e-02 4.500274658203125000e+02
2.578289699554443359e+01 2.189999999999999947e+00 3.400000184774398804e-02 3.599782714843750000e+02
2.586794781684875488e+01 2.209999999999999964e+00 3.400000184774398804e-02 2.699290771484375000e+02
2.598090100288391113e+01 2.180000000000000160e+00 3.400000184774398804e-02 2.699290771484375000e+02
2.607595157623291016e+01 2.169999999999999929e+00 3.400000184774398804e-02 1.798798522949218750e+02
2.618305492401123047e+01 2.140000000000000124e+00 3.400000184774398804e-02 2.701476440429687500e+02
2.627289795875549316e+01 2.109999999999999876e+00 3.400000184774398804e-02 3.601968383789062500e+02
2.636794161796569824e+01 2.160000000000000142e+00 3.400000184774398804e-02 3.599782714843750000e+02
2.647594904899597168e+01 2.149999999999999911e+00 3.400000184774398804e-02 4.500274658203125000e+02
2.656490087509155273e+01 2.160000000000000142e+00 3.400000184774398804e-02 4.500274658203125000e+02
2.668289804458618164e+01 2.200000000000000178e+00 3.400000184774398804e-02 2.699290771484375000e+02
2.676890110969543457e+01 2.169999999999999929e+00 3.400000184774398804e-02 3.599782714843750000e+02
2.687994742393493652e+01 2.200000000000000178e+00 3.400000184774398804e-02 2.701476440429687500e+02
2.697489976882934570e+01 2.169999999999999929e+00 3.400000184774398804e-02 1.800984191894531250e+02
2.708394122123718262e+01 2.109999999999999876e+00 3.400000184774398804e-02 1.800984191894531250e+02
2.717289996147155762e+01 2.149999999999999911e+00 3.400000184774398804e-02 1.798798522949218750e+02
2.726394629478454590e+01 2.149999999999999911e+00 3.400000184774398804e-02 2.699290771484375000e+02
2.737689828872680664e+01 2.109999999999999876e+00 3.400000184774398804e-02 3.599782714843750000e+02
2.746489548683166504e+01 2.120000000000000107e+00 3.400000184774398804e-02 4.500274658203125000e+02
2.757890033721923828e+01 2.140000000000000124e+00 3.400000184774398804e-02 3.599782714843750000e+02
2.767289781570434570e+01 2.149999999999999911e+00 3.400000184774398804e-02 2.700383605957031250e+02
2.777994799613952637e+01 2.169999999999999929e+00 3.400000184774398804e-02 3.599782714843750000e+02
2.787090063095092773e+01 2.160000000000000142e+00 3.400000184774398804e-02 4.500274658203125000e+02
2.796589827537536621e+01 2.180000000000000160e+00 3.400000184774398804e-02 3.599782714843750000e+02
2.807290816307067871e+01 2.180000000000000160e+00 3.400000184774398804e-02 1.799891357421875000e+02
2.816289997100830078e+01 2.120000000000000107e+00 3.400000184774398804e-02 2.700383605957031250e+02
2.828090238571166992e+01 2.140000000000000124e+00 3.400000184774398804e-02 2.699290771484375000e+02
2.836590480804443359e+01 2.109999999999999876e+00 3.400000184774398804e-02 4.500274658203125000e+02
2.847790122032165527e+01 2.189999999999999947e+00 3.400000184774398804e-02 3.599782714843750000e+02
2.857290887832641602e+01 2.169999999999999929e+00 3.400000184774398804e-02 3.599782714843750000e+02
2.868090128898620605e+01 2.180000000000000160e+00 3.400000184774398804e-02 1.799891357421875000e+02
2.876990580558776855e+01 2.120000000000000107e+00 3.400000184774398804e-02 9.004920959472656250e+01
2.886490106582641602e+01 2.089999999999999858e+00 3.400000184774398804e-02 2.700383605957031250e+02
2.897390174865722656e+01 2.089999999999999858e+00 3.400000184774398804e-02 4.499181823730468750e+02
2.908394622802734375e+01 2.129999999999999893e+00 3.400000184774398804e-02 4.500274658203125000e+02
2.917995047569274902e+01 2.149999999999999911e+00 3.400000184774398804e-02 3.599782714843750000e+02
2.926690006256103516e+01 2.180000000000000160e+00 3.400000184774398804e-02 1.799891357421875000e+02
2.937789940834045410e+01 2.200000000000000178e+00 3.400000184774398804e-02 8.993992614746093750e+01
2.946901226043701172e+01 2.160000000000000142e+00 3.400000184774398804e-02 3.599782714843750000e+02
2.958189868927001953e+01 2.200000000000000178e+00 3.400000184774398804e-02 3.599782714843750000e+02
2.966990041732788086e+01 2.209999999999999964e+00 3.400000184774398804e-02 3.599782714843750000e+02
2.978395199775695801e+01 2.220000000000000195e+00 3.400000184774398804e-02 2.700383605957031250e+02
2.987789869308471680e+01 2.180000000000000160e+00 3.400000184774398804e-02 1.799891357421875000e+02
2.997889828681945801e+01 2.140000000000000124e+00 3.400000184774398804e-02 2.700383605957031250e+02
3.007595086097717285e+01 2.200000000000000178e+00 3.400000184774398804e-02 8.993992614746093750e+01
3.017090034484863281e+01 2.149999999999999911e+00 3.400000184774398804e-02 1.799891357421875000e+02
3.027789783477783203e+01 2.120000000000000107e+00 3.400000184774398804e-02 1.799891357421875000e+02
3.036794018745422363e+01 2.089999999999999858e+00 3.400000184774398804e-02 2.700383605957031250e+02
3.048489761352539062e+01 2.129999999999999893e+00 3.400000184774398804e-02 3.600875549316406250e+02
3.057089996337890625e+01 2.160000000000000142e+00 3.400000184774398804e-02 2.700383605957031250e+02
3.068289780616760254e+01 2.129999999999999893e+00 3.400000184774398804e-02 3.599782714843750000e+02
3.077789855003356934e+01 2.180000000000000160e+00 3.400000184774398804e-02 3.600328979492187500e+02
3.087994861602783203e+01 2.169999999999999929e+00 3.400000184774398804e-02 4.499728393554687500e+02
3.097490048408508301e+01 2.180000000000000160e+00 3.400000184774398804e-02 5.400220947265625000e+02
3.106990194320678711e+01 2.200000000000000178e+00 3.400000184774398804e-02 4.500274658203125000e+02
3.117890596389770508e+01 2.189999999999999947e+00 3.400000184774398804e-02 3.599782714843750000e+02
3.126794719696044922e+01 2.180000000000000160e+00 3.400000184774398804e-02 2.699837036132812500e+02
3.136794590950012207e+01 2.169999999999999929e+00 3.400000184774398804e-02 3.599782714843750000e+02
3.147194480895996094e+01 2.169999999999999929e+00 3.400000184774398804e-02 2.699837036132812500e+02
3.158289766311645508e+01 2.169999999999999929e+00 3.400000184774398804e-02 2.699837036132812500e+02
3.167389655113220215e+01 2.180000000000000160e+00 3.400000184774398804e-02 2.700383605957031250e+02
3.176794004440307617e+01 2.169999999999999929e+00 3.400000184774398804e-02 2.699837036132812500e+02
3.187489771842956543e+01 2.189999999999999947e+00 3.400000184774398804e-02 3.599782714843750000e+02
3.196589708328247070e+01 2.180000000000000160e+00 3.400000184774398804e-02 4.500001525878906250e+02
3.208289742469787598e+01 2.189999999999999947e+00 3.400000184774398804e-02 4.500001525878906250e+02
3.216794776916503906e+01 2.120000000000000107e+00 3.400000184774398804e-02 3.600055847167968750e+02
3.228090143203735352e+01 2.120000000000000107e+00 3.400000184774398804e-02 3.600055847167968750e+02
3.237595343589782715e+01 2.160000000000000142e+00 3.400000184774398804e-02 2.699837036132812500e+02
3.248289752006530762e+01 2.160000000000000142e+00 3.400000184774398804e-02 1.799891357421875000e+02
3.257289695739746094e+01 2.200000000000000178e+00 3.400000184774398804e-02 1.799891357421875000e+02
3.266794633865356445e+01 2.129999999999999893e+00 3.400000184774398804e-02 8.999456787109375000e+01
3.277594685554504395e+01 2.080000000000000071e+00 3.400000184774398804e-02 1.800027923583984375e+02
3.286489796638488770e+01 2.120000000000000107e+00 3.400000184774398804e-02 2.699973754882812500e+02
3.298290467262268066e+01 2.149999999999999911e+00 3.400000184774398804e-02 0.000000000000000000e+00
3.306891703605651855e+01 2.060000000000000053e+00 3.400000184774398804e-02 0.000000000000000000e+00
3.317997121810913086e+01 2.000000000000000000e+00 3.400000184774398804e-02 1.800027923583984375e+02
3.327490329742431641e+01 2.100000000000000089e+00 3.400000184774398804e-02 2.699973754882812500e+02
3.338394761085510254e+01 2.120000000000000107e+00 3.400000184774398804e-02 2.699973754882812500e+02
3.347289967536926270e+01 2.100000000000000089e+00 3.400000184774398804e-02 3.599987487792968750e+02
3.356394624710083008e+01 2.160000000000000142e+00 3.400000184774398804e-02 4.500001525878906250e+02
3.367689895629882812e+01 2.149999999999999911e+00 3.400000184774398804e-02 4.500001525878906250e+02
3.376489806175231934e+01 2.189999999999999947e+00 3.400000184774398804e-02 3.600000305175781250e+02
3.387891721725463867e+01 2.169999999999999929e+00 3.400000184774398804e-02 4.499967346191406250e+02
3.397290349006652832e+01 2.160000000000000142e+00 3.400000184774398804e-02 5.400015869140625000e+02
3.407995247840881348e+01 2.149999999999999911e+00 3.400000184774398804e-02 4.500001525878906250e+02
3.417090034484863281e+01 2.180000000000000160e+00 3.400000184774398804e-02 2.699973754882812500e+02
3.426589846611022949e+01 2.189999999999999947e+00 3.400000184774398804e-02 8.999456787109375000e+01
3.437289786338806152e+01 2.140000000000000124e+00 3.400000184774398804e-02 1.799891357421875000e+02
3.448489999771118164e+01 2.060000000000000053e+00 3.400000184774398804e-02 4.500001525878906250e+02
3.458090090751647949e+01 2.160000000000000142e+00 3.400000184774398804e-02 3.600055847167968750e+02
3.466589736938476562e+01 2.180000000000000160e+00 3.400000184774398804e-02 3.600055847167968750e+02
3.477789568901062012e+01 2.160000000000000142e+00 3.400000184774398804e-02 2.700110473632812500e+02
3.487290096282958984e+01 2.140000000000000124e+00 3.400000184774398804e-02 2.699837036132812500e+02
3.498090267181396484e+01 2.129999999999999893e+00 3.400000184774398804e-02 1.800164489746093750e+02
3.506990122795104980e+01 2.149999999999999911e+00 3.400000184774398804e-02 3.600055847167968750e+02
3.516490387916564941e+01 2.149999999999999911e+00 3.400000184774398804e-02 3.600055847167968750e+02
3.527389812469482422e+01 2.149999999999999911e+00 3.400000184774398804e-02 3.600328979492187500e+02
3.536989951133728027e+01 2.120000000000000107e+00 3.400000184774398804e-02 4.500274658203125000e+02
3.547994446754455566e+01 2.200000000000000178e+00 3.400000184774398804e-02 0.000000000000000000e+00
3.556688785552978516e+01 2.189999999999999947e+00 3.400000184774398804e-02 0.000000000000000000e+00
3.567790794372558594e+01 2.100000000000000089e+00 3.400000184774398804e-02 0.000000000000000000e+00
3.576889991760253906e+01 2.290000000000000036e+00 3.400000184774398804e-02 0.000000000000000000e+00
3.588189744949340820e+01 3.339999999999999858e+00 3.400000184774398804e-02 0.000000000000000000e+00
3.596990084648132324e+01 2.560000000000000053e+00 3.400000184774398804e-02 8.999456787109375000e+01
3.608394217491149902e+01 2.209999999999999964e+00 3.400000184774398804e-02 0.000000000000000000e+00
3.617789769172668457e+01 3.209999999999999964e+00 3.400000184774398804e-02 0.000000000000000000e+00
3.628393912315368652e+01 4.139999999999999680e+00 9.999999776482582092e-03 -2.699837036132812500e+02
3.637594938278198242e+01 3.620000000000000107e+00 9.999999776482582092e-03 -1.260033203125000000e+03
3.647089982032775879e+01 2.279999999999999805e+00 9.999999776482582092e-03 -1.350000488281250000e+03
3.657789731025695801e+01 2.169999999999999929e+00 9.999999776482582092e-03 -9.899949340820312500e+02
3.666794133186340332e+01 2.200000000000000178e+00 9.999999776482582092e-03 -9.000003051757812500e+02
3.676289868354797363e+01 2.319999999999999840e+00 9.999999776482582092e-03 -9.900017089843750000e+02
3.687089943885803223e+01 2.310000000000000053e+00 9.999999776482582092e-03 -9.900017089843750000e+02
3.698289728164672852e+01 2.250000000000000000e+00 9.999999776482582092e-03 -9.899949340820312500e+02
3.707789826393127441e+01 2.140000000000000124e+00 9.999999776482582092e-03 -8.100057373046875000e+02
3.717594671249389648e+01 2.189999999999999947e+00 9.999999776482582092e-03 -7.200111694335937500e+02
3.727489686012268066e+01 2.259999999999999787e+00 9.999999776482582092e-03 -5.400220947265625000e+02
3.736990380287170410e+01 2.229999999999999982e+00 9.999999776482582092e-03 -5.399947509765625000e+02
3.747889924049377441e+01 2.229999999999999982e+00 9.999999776482582092e-03 -6.299619750976562500e+02
3.756795668601989746e+01 2.229999999999999982e+00 9.999999776482582092e-03 -4.499728393554687500e+02
3.768490028381347656e+01 2.220000000000000195e+00 9.999999776482582092e-03 -4.500274658203125000e+02
3.777194690704345703e+01 2.339999999999999858e+00 9.999999776482582092e-03 -4.499728393554687500e+02
3.788290023803710938e+01 2.299999999999999822e+00 9.999999776482582092e-03 -5.399674072265625000e+02
3.797389650344848633e+01 2.240000000000000213e+00 9.999999776482582092e-03 -5.400220947265625000e+02
3.806794714927673340e+01 2.270000000000000018e+00 9.999999776482582092e-03 -5.400220947265625000e+02
3.817489695549011230e+01 2.279999999999999805e+00 9.999999776482582092e-03 -7.199565429687500000e+02
3.826589655876159668e+01 2.250000000000000000e+00 9.999999776482582092e-03 -7.200657958984375000e+02
3.838289976119995117e+01 2.270000000000000018e+00 9.999999776482582092e-03 -8.100057373046875000e+02
3.846794390678405762e+01 2.290000000000000036e+00 9.999999776482582092e-03 -9.000549316406250000e+02
3.858090066909790039e+01 2.279999999999999805e+00 9.999999776482582092e-03 -9.899949340820312500e+02
3.867594718933105469e+01 2.259999999999999787e+00 9.999999776482582092e-03 -8.100057373046875000e+02
3.878289842605590820e+01 2.250000000000000000e+00 9.999999776482582092e-03 -7.199565429687500000e+02
3.887290120124816895e+01 2.220000000000000195e+00 9.999999776482582092e-03 -8.100057373046875000e+02
3.896794652938842773e+01 2.209999999999999964e+00 9.999999776482582092e-03 -7.200657958984375000e+02
3.907594347000122070e+01 2.209999999999999964e+00 9.999999776482582092e-03 -4.500274658203125000e+02
3.916489768028259277e+01 2.200000000000000178e+00 9.999999776482582092e-03 -5.399674072265625000e+02
3.928289747238159180e+01 2.229999999999999982e+00 9.999999776482582092e-03 -5.399674072265625000e+02
3.936891865730285645e+01 2.279999999999999805e+00 9.999999776482582092e-03 -6.300166015625000000e+02
3.947994923591613770e+01 2.290000000000000036e+00 9.999999776482582092e-03 -7.199565429687500000e+02
3.957489943504333496e+01 2.229999999999999982e+00 9.999999776482582092e-03 -8.100057373046875000e+02
3.968394637107849121e+01 2.189999999999999947e+00 9.999999776482582092e-03 -9.898856811523437500e+02
3.977289843559265137e+01 2.259999999999999787e+00 9.999999776482582092e-03 -1.169984008789062500e+03
3.986394786834716797e+01 2.250000000000000000e+00 9.999999776482582092e-03 -1.350082397460937500e+03
3.997690582275390625e+01 2.149999999999999911e+00 9.999999776482582092e-03 -1.259814575195312500e+03
4.006489896774291992e+01 2.180000000000000160e+00 9.999999776482582092e-03 -1.169984008789062500e+03
4.017890238761901855e+01 2.209999999999999964e+00 9.999999776482582092e-03 -1.080153442382812500e+03
4.027290010452270508e+01 2.209999999999999964e+00 9.999999776482582092e-03 -1.169984008789062500e+03
4.037995219230651855e+01 2.109999999999999876e+00 9.999999776482582092e-03 -9.898856811523437500e+02
4.047090125083923340e+01 2.189999999999999947e+00 9.999999776482582092e-03 -9.000549316406250000e+02
4.056589627265930176e+01 2.169999999999999929e+00 9.999999776482582092e-03 -7.199565429687500000e+02
4.067289853096008301e+01 2.180000000000000160e+00 9.999999776482582092e-03 -6.299072875976562500e+02
4.076289772987365723e+01 2.220000000000000195e+00 9.999999776482582092e-03 -4.498088989257812500e+02
4.088090682029724121e+01 2.229999999999999982e+00 9.999999776482582092e-03 -3.601968383789062500e+02
4.096589827537536621e+01 2.259999999999999787e+00 9.999999776482582092e-03 -3.599782714843750000e+02
4.107789731025695801e+01 2.319999999999999840e+00 9.999999776482582092e-03 -5.400767211914062500e+02
4.117289757728576660e+01 2.299999999999999822e+00 9.999999776482582092e-03 -6.299072875976562500e+02
4.128090095520019531e+01 2.229999999999999982e+00 9.999999776482582092e-03 -7.201751098632812500e+02
4.136990189552307129e+01 2.220000000000000195e+00 9.999999776482582092e-03 -6.299072875976562500e+02
4.146489834785461426e+01 2.250000000000000000e+00 9.999999776482582092e-03 -5.400767211914062500e+02
4.157389903068542480e+01 2.250000000000000000e+00 9.999999776482582092e-03 -6.299072875976562500e+02
4.168289756774902344e+01 2.250000000000000000e+00 9.999999776482582092e-03 -7.199565429687500000e+02
4.177996039390563965e+01 2.220000000000000195e+00 9.999999776482582092e-03 -7.201751098632812500e+02
4.186690068244934082e+01 2.279999999999999805e+00 9.999999776482582092e-03 -7.199565429687500000e+02
4.197790026664733887e+01 2.229999999999999982e+00 9.999999776482582092e-03 -6.299072875976562500e+02
4.206890416145324707e+01 2.299999999999999822e+00 9.999999776482582092e-03 -8.100057373046875000e+02
4.218189787864685059e+01 2.339999999999999858e+00 9.999999776482582092e-03 -9.000549316406250000e+02
4.226990056037902832e+01 2.359999999999999876e+00 9.999999776482582092e-03 -9.000549316406250000e+02
4.238394427299499512e+01 2.250000000000000000e+00 9.999999776482582092e-03 -9.000549316406250000e+02
4.247789883613586426e+01 2.149999999999999911e+00 9.999999776482582092e-03 -9.000549316406250000e+02
4.258489871025085449e+01 2.169999999999999929e+00 9.999999776482582092e-03 -8.100057373046875000e+02
4.267594933509826660e+01 2.169999999999999929e+00 9.999999776482582092e-03 -5.402952880859375000e+02
4.277090024948120117e+01 2.209999999999999964e+00 9.999999776482582092e-03 -6.299072875976562500e+02
4.287789821624755859e+01 2.209999999999999964e+00 9.999999776482582092e-03 -8.095686035156250000e+02
4.296795201301574707e+01 2.259999999999999787e+00 9.999999776482582092e-03 -9.000549316406250000e+02
4.308489847183227539e+01 2.250000000000000000e+00 9.999999776482582092e-03 -9.901042480468750000e+02
4.317090058326721191e+01 2.129999999999999893e+00 9.999999776482582092e-03 -8.095686035156250000e+02
4.328289961814880371e+01 2.160000000000000142e+00 9.999999776482582092e-03 -8.100057373046875000e+02
4.337789916992187500e+01 2.200000000000000178e+00 9.999999776482582092e-03 -8.100057373046875000e+02
4.346395635604858398e+01 2.209999999999999964e+00 9.999999776482582092e-03 -9.000549316406250000e+02
4.357489848136901855e+01 2.270000000000000018e+00 9.999999776482582092e-03 -9.000549316406250000e+02
4.366990399360656738e+01 2.220000000000000195e+00 9.999999776482582092e-03 -5.402952880859375000e+02
4.377890634536743164e+01 2.250000000000000000e+00 9.999999776482582092e-03 -5.398581542968750000e+02
4.386793875694274902e+01 2.350000000000000089e+00 9.999999776482582092e-03 -7.199565429687500000e+02
4.398490309715270996e+01 2.390000000000000124e+00 9.999999776482582092e-03 -9.901042480468750000e+02
4.407194900512695312e+01 2.259999999999999787e+00 9.999999776482582092e-03 -1.079716308593750000e+03
4.418289923667907715e+01 2.200000000000000178e+00 9.999999776482582092e-03 -9.896671142578125000e+02
4.427389860153198242e+01 2.080000000000000071e+00 9.999999776482582092e-03 -6.299072875976562500e+02
4.436794829368591309e+01 2.149999999999999911e+00 9.999999776482582092e-03 -4.502460327148437500e+02
4.447489762306213379e+01 2.200000000000000178e+00 9.999999776482582092e-03 -2.701476440429687500e+02
4.456589698791503906e+01 2.250000000000000000e+00 9.999999776482582092e-03 -2.701476440429687500e+02
4.468289732933044434e+01 2.319999999999999840e+00 9.999999776482582092e-03 -5.398581542968750000e+02
4.476794576644897461e+01 2.220000000000000195e+00 9.999999776482582092e-03 -2.701476440429687500e+02
4.488090133666992188e+01 1.610000000000000098e+00 9.999999776482582092e-03 0.000000000000000000e+00
4.497594690322875977e+01 1.570000000000000062e+00 9.999999776482582092e-03 0.000000000000000000e+00
4.508289790153503418e+01 1.409999999999999920e+00 9.999999776482582092e-03 0.000000000000000000e+00
4.517290043830871582e+01 4.400000000000000022e-01 3.400000184774398804e-02 1.710060668945312500e+03
4.526794695854187012e+01 1.770000000000000018e+00 3.400000184774398804e-02 1.620011474609375000e+03
4.537593674659729004e+01 2.060000000000000053e+00 3.400000184774398804e-02 1.889722045898437500e+03
4.546489834785461426e+01 2.169999999999999929e+00 3.400000184774398804e-02 1.889722045898437500e+03
4.558290171623229980e+01 2.220000000000000195e+00 3.400000184774398804e-02 1.620011474609375000e+03
4.566890740394592285e+01 2.310000000000000053e+00 3.400000184774398804e-02 1.439913085937500000e+03
4.577994227409362793e+01 2.220000000000000195e+00 3.400000184774398804e-02 1.080153442382812500e+03
4.587490057945251465e+01 2.209999999999999964e+00 3.400000184774398804e-02 9.901042480468750000e+02
4.598395156860351562e+01 2.200000000000000178e+00 3.400000184774398804e-02 8.100057373046875000e+02
4.607289862632751465e+01 2.200000000000000178e+00 3.400000184774398804e-02 7.199565429687500000e+02
4.616394782066345215e+01 2.160000000000000142e+00 3.400000184774398804e-02 6.299072875976562500e+02
4.627689766883850098e+01 2.189999999999999947e+00 3.400000184774398804e-02 6.299072875976562500e+02
4.636489987373352051e+01 2.169999999999999929e+00 3.400000184774398804e-02 5.402952880859375000e+02
4.647890114784240723e+01 2.220000000000000195e+00 3.400000184774398804e-02 5.402952880859375000e+02
4.657289958000183105e+01 2.080000000000000071e+00 3.400000184774398804e-02 4.498088989257812500e+02
4.667995166778564453e+01 2.120000000000000107e+00 3.400000184774398804e-02 6.303444213867187500e+02
4.677090406417846680e+01 2.149999999999999911e+00 3.400000184774398804e-02 7.203936767578125000e+02
4.686589908599853516e+01 2.140000000000000124e+00 3.400000184774398804e-02 8.100057373046875000e+02
4.697289681434631348e+01 2.169999999999999929e+00 3.400000184774398804e-02 9.000549316406250000e+02
4.706289863586425781e+01 2.229999999999999982e+00 3.400000184774398804e-02 7.199565429687500000e+02
4.718090271949768066e+01 2.209999999999999964e+00 3.400000184774398804e-02 7.199565429687500000e+02
4.726589751243591309e+01 2.209999999999999964e+00 3.400000184774398804e-02 7.199565429687500000e+02
4.737790584564208984e+01 2.189999999999999947e+00 3.400000184774398804e-02 9.000549316406250000e+02
4.747290229797363281e+01 2.209999999999999964e+00 3.400000184774398804e-02 9.000549316406250000e+02
4.758090543746948242e+01 2.209999999999999964e+00 3.400000184774398804e-02 8.100057373046875000e+02
4.766990828514099121e+01 2.240000000000000213e+00 3.400000184774398804e-02 8.100057373046875000e+02
4.776499223709106445e+01 2.209999999999999964e+00 3.400000184774398804e-02 7.201751098632812500e+02
4.787389802932739258e+01 2.160000000000000142e+00 3.400000184774398804e-02 7.199565429687500000e+02
4.796990060806274414e+01 2.200000000000000178e+00 3.400000184774398804e-02 8.100057373046875000e+02
4.807994818687438965e+01 2.200000000000000178e+00 3.400000184774398804e-02 7.199565429687500000e+02
4.816689705848693848e+01 2.240000000000000213e+00 3.400000184774398804e-02 7.199565429687500000e+02
4.827789831161499023e+01 2.209999999999999964e+00 3.400000184774398804e-02 5.400767211914062500e+02
4.836890125274658203e+01 2.149999999999999911e+00 3.400000184774398804e-02 7.199565429687500000e+02
4.848189973831176758e+01 2.209999999999999964e+00 3.400000184774398804e-02 7.199565429687500000e+02
4.856990242004394531e+01 2.140000000000000124e+00 3.400000184774398804e-02 7.199565429687500000e+02
4.868394422531127930e+01 2.149999999999999911e+00 3.400000184774398804e-02 5.400767211914062500e+02
4.877789950370788574e+01 2.169999999999999929e+00 3.400000184774398804e-02 4.500274658203125000e+02
4.888395476341247559e+01 2.169999999999999929e+00 3.400000184774398804e-02 5.398581542968750000e+02
4.897594499588012695e+01 2.120000000000000107e+00 3.400000184774398804e-02 7.201751098632812500e+02
4.907089972496032715e+01 2.140000000000000124e+00 3.400000184774398804e-02 9.000549316406250000e+02
4.917789769172668457e+01 2.189999999999999947e+00 3.400000184774398804e-02 9.000549316406250000e+02
4.926795554161071777e+01 2.200000000000000178e+00 3.400000184774398804e-02 8.100057373046875000e+02
4.936289787292480469e+01 2.250000000000000000e+00 3.400000184774398804e-02 6.301258544921875000e+02
4.947090005874633789e+01 2.200000000000000178e+00 3.400000184774398804e-02 6.299072875976562500e+02
4.958289837837219238e+01 2.140000000000000124e+00 3.400000184774398804e-02 7.199565429687500000e+02
4.967789912223815918e+01 2.169999999999999929e+00 3.400000184774398804e-02 6.299072875976562500e+02
4.977090048789978027e+01 2.189999999999999947e+00 3.400000184774398804e-02 6.301258544921875000e+02
4.987489819526672363e+01 2.180000000000000160e+00 3.400000184774398804e-02 5.400767211914062500e+02
4.996990633010864258e+01 2.180000000000000160e+00 3.400000184774398804e-02 6.299072875976562500e+02
5.007892608642578125e+01 2.169999999999999929e+00 3.400000184774398804e-02 5.399674072265625000e+02
5.016799640655517578e+01 2.149999999999999911e+00 3.400000184774398804e-02 5.399674072265625000e+02
5.026794648170471191e+01 2.180000000000000160e+00 3.400000184774398804e-02 6.300166015625000000e+02
5.037194943428039551e+01 2.189999999999999947e+00 3.400000184774398804e-02 6.300166015625000000e+02
5.048289632797241211e+01 2.160000000000000142e+00 3.400000184774398804e-02 5.399674072265625000e+02
5.057389760017395020e+01 2.149999999999999911e+00 3.400000184774398804e-02 6.300166015625000000e+02
5.066794729232788086e+01 2.200000000000000178e+00 3.400000184774398804e-02 7.200657958984375000e+02
5.077489876747131348e+01 2.160000000000000142e+00 3.400000184774398804e-02 6.300166015625000000e+02
5.086589765548706055e+01 2.169999999999999929e+00 3.400000184774398804e-02 6.300166015625000000e+02
5.098290896415710449e+01 2.180000000000000160e+00 3.400000184774398804e-02 6.299072875976562500e+02
5.106795096397399902e+01 2.209999999999999964e+00 3.400000184774398804e-02 5.399674072265625000e+02
5.118090105056762695e+01 2.220000000000000195e+00 3.400000184774398804e-02 7.199565429687500000e+02
5.127595281600952148e+01 2.209999999999999964e+00 3.400000184774398804e-02 6.300166015625000000e+02
5.138289546966552734e+01 2.200000000000000178e+00 3.400000184774398804e-02 6.299072875976562500e+02
5.147293257713317871e+01 2.160000000000000142e+00 3.400000184774398804e-02 8.100057373046875000e+02
5.156794166564941406e+01 2.160000000000000142e+00 3.400000184774398804e-02 8.100057373046875000e+02
5.167594408988952637e+01 2.200000000000000178e+00 3.400000184774398804e-02 8.100057373046875000e+02
5.176489877700805664e+01 2.209999999999999964e+00 3.400000184774398804e-02 8.100057373046875000e+02
5.188289594650268555e+01 2.160000000000000142e+00 3.400000184774398804e-02 7.200111694335937500e+02
5.196899557113647461e+01 2.180000000000000160e+00 3.400000184774398804e-02 8.099511108398437500e+02
5.207994461059570312e+01 2.209999999999999964e+00 3.400000184774398804e-02 8.100057373046875000e+02
5.217489886283874512e+01 2.220000000000000195e+00 3.400000184774398804e-02 7.199838256835937500e+02
5.228394174575805664e+01 2.120000000000000107e+00 3.400000184774398804e-02 8.100057373046875000e+02
5.237290000915527344e+01 2.149999999999999911e+00 3.400000184774398804e-02 9.900222778320312500e+02
5.246395230293273926e+01 2.209999999999999964e+00 3.400000184774398804e-02 7.199974975585937500e+02
5.257689619064331055e+01 2.240000000000000213e+00 3.400000184774398804e-02 4.500001525878906250e+02
5.266489887237548828e+01 2.180000000000000160e+00 3.400000184774398804e-02 6.299995727539062500e+02
5.277891206741333008e+01 2.129999999999999893e+00 3.400000184774398804e-02 8.999969482421875000e+02
5.287289857864379883e+01 2.200000000000000178e+00 3.400000184774398804e-02 9.000003051757812500e+02
5.297994637489318848e+01 2.189999999999999947e+00 3.400000184774398804e-02 7.199974975585937500e+02
5.307089781761169434e+01 2.189999999999999947e+00 3.400000184774398804e-02 6.299892578125000000e+02
5.316589617729187012e+01 2.200000000000000178e+00 3.400000184774398804e-02 6.300166015625000000e+02
5.327289748191833496e+01 2.180000000000000160e+00 3.400000184774398804e-02 5.399947509765625000e+02
5.336289572715759277e+01 2.189999999999999947e+00 3.400000184774398804e-02 5.399947509765625000e+02
5.348090219497680664e+01 2.129999999999999893e+00 3.400000184774398804e-02 7.200111694335937500e+02
5.356589698791503906e+01 2.169999999999999929e+00 3.400000184774398804e-02 1.799891357421875000e+02
5.367789697647094727e+01 2.209999999999999964e+00 3.400000184774398804e-02 0.000000000000000000e+00
5.377289938926696777e+01 2.029999999999999805e+00 3.400000184774398804e-02 0.000000000000000000e+00
5.388090062141418457e+01 2.919999999999999929e+00 3.400000184774398804e-02 0.000000000000000000e+00
5.396989679336547852e+01 4.950000000000000178e+00 3.400000184774398804e-02 -8.999456787109375000e+01
5.406489944458007812e+01 3.720000000000000195e+00 9.999999776482582092e-03 -9.899949340820312500e+02
5.417389583587646484e+01 2.250000000000000000e+00 9.999999776482582092e-03 -9.000003051757812500e+02
5.426989746093750000e+01 2.290000000000000036e+00 9.999999776482582092e-03 -9.899949340820312500e+02
5.437994241714477539e+01 2.319999999999999840e+00 9.999999776482582092e-03 -1.169997680664062500e+03
5.446689844131469727e+01 2.319999999999999840e+00 9.999999776482582092e-03 -1.350000488281250000e+03
5.457789731025695801e+01 2.270000000000000018e+00 9.999999776482582092e-03 -1.259999145507812500e+03
5.466889953613281250e+01 2.109999999999999876e+00 9.999999776482582092e-03 -1.259992187500000000e+03
5.478189682960510254e+01 2.180000000000000160e+00 9.999999776482582092e-03 -1.170011352539062500e+03
5.486990332603454590e+01 2.209999999999999964e+00 9.999999776482582092e-03 -1.259978515625000000e+03
5.498394393920898438e+01 2.189999999999999947e+00 9.999999776482582092e-03 -1.259978515625000000e+03
5.507790207862854004e+01 2.229999999999999982e+00 9.999999776482582092e-03 -1.349973144531250000e+03
5.518394541740417480e+01 2.200000000000000178e+00 9.999999776482582092e-03 -1.440022338867187500e+03
5.527594423294067383e+01 2.160000000000000142e+00 9.999999776482582092e-03 -1.349973144531250000e+03
5.537089967727661133e+01 2.189999999999999947e+00 9.999999776482582092e-03 -1.349973144531250000e+03
5.547789835929870605e+01 2.220000000000000195e+00 9.999999776482582092e-03 -1.350082397460937500e+03
5.556795787811279297e+01 2.209999999999999964e+00 9.999999776482582092e-03 -1.350082397460937500e+03
5.566289782524108887e+01 2.169999999999999929e+00 9.999999776482582092e-03 -1.440022338867187500e+03
5.577090048789978027e+01 2.169999999999999929e+00 9.999999776482582092e-03 -1.440022338867187500e+03
5.588289785385131836e+01 2.120000000000000107e+00 9.999999776482582092e-03 -1.350082397460937500e+03
5.597789907455444336e+01 2.140000000000000124e+00 9.999999776482582092e-03 -1.439913085937500000e+03
5.607994771003723145e+01 2.129999999999999893e+00 9.999999776482582092e-03 -1.529962280273437500e+03
5.617490100860595703e+01 2.149999999999999911e+00 9.999999776482582092e-03 -1.440131591796875000e+03
5.626990270614624023e+01 2.140000000000000124e+00 9.999999776482582092e-03 -1.439913085937500000e+03
5.637889885902404785e+01 2.209999999999999964e+00 9.999999776482582092e-03 -1.439913085937500000e+03
5.646794915199279785e+01 2.169999999999999929e+00 9.999999776482582092e-03 -1.440131591796875000e+03
5.658490061759948730e+01 2.149999999999999911e+00 9.999999776482582092e-03 -1.529962280273437500e+03
5.667195248603820801e+01 2.069999999999999840e+00 9.999999776482582092e-03 -1.260033203125000000e+03
5.678289818763732910e+01 2.120000000000000107e+00 9.999999776482582092e-03 -1.260033203125000000e+03
5.687390184402465820e+01 2.200000000000000178e+00 9.999999776482582092e-03 -1.260033203125000000e+03
5.696794581413269043e+01 2.189999999999999947e+00 9.999999776482582092e-03 -1.529962280273437500e+03
5.707489848136901855e+01 2.169999999999999929e+00 9.999999776482582092e-03 -1.529962280273437500e+03
5.716589856147766113e+01 2.129999999999999893e+00 9.999999776482582092e-03 -1.350301025390625000e+03
5.728289866447448730e+01 2.160000000000000142e+00 9.999999776482582092e-03 -1.440350219726562500e+03
5.736794233322143555e+01 2.240000000000000213e+00 9.999999776482582092e-03 -1.349863891601562500e+03
5.748090052604675293e+01 2.209999999999999964e+00 9.999999776482582092e-03 -1.349863891601562500e+03
5.757594370841979980e+01 2.089999999999999858e+00 9.999999776482582092e-03 -1.349863891601562500e+03
5.768289756774902344e+01 2.189999999999999947e+00 9.999999776482582092e-03 -1.170202514648437500e+03
5.777289891242980957e+01 2.109999999999999876e+00 9.999999776482582092e-03 -1.169765380859375000e+03
5.786794734001159668e+01 2.160000000000000142e+00 9.999999776482582092e-03 -1.170202514648437500e+03
5.797595119476318359e+01 2.200000000000000178e+00 9.999999776482582092e-03 -1.259814575195312500e+03
5.806490397453308105e+01 2.129999999999999893e+00 9.999999776482582092e-03 -1.259814575195312500e+03
5.818289875984191895e+01 2.109999999999999876e+00 9.999999776482582092e-03 -9.000549316406250000e+02
5.826890659332275391e+01 2.109999999999999876e+00 9.999999776482582092e-03 -6.299072875976562500e+02
5.837995195388793945e+01 2.240000000000000213e+00 9.999999776482582092e-03 -5.402952880859375000e+02
5.847490000724792480e+01 2.310000000000000053e+00 9.999999776482582092e-03 -6.299072875976562500e+02
5.858395218849182129e+01 2.299999999999999822e+00 9.999999776482582092e-03 -6.299072875976562500e+02
5.867290067672729492e+01 2.319999999999999840e+00 9.999999776482582092e-03 -6.303444213867187500e+02
5.876394224166870117e+01 2.319999999999999840e+00 9.999999776482582092e-03 -7.199565429687500000e+02
5.887689971923828125e+01 2.339999999999999858e+00 9.999999776482582092e-03 -9.901042480468750000e+02
5.896491003036499023e+01 2.240000000000000213e+00 9.999999776482582092e-03 -9.901042480468750000e+02
5.907890009880065918e+01 2.140000000000000124e+00 9.999999776482582092e-03 -6.299072875976562500e+02
5.917289924621582031e+01 2.180000000000000160e+00 9.999999776482582092e-03 -5.402952880859375000e+02
5.927995324134826660e+01 2.220000000000000195e+00 9.999999776482582092e-03 -7.199565429687500000e+02
5.937089896202087402e+01 2.259999999999999787e+00 9.999999776482582092e-03 -6.299072875976562500e+02
5.946589732170104980e+01 2.180000000000000160e+00 9.999999776482582092e-03 -4.498088989257812500e+02
5.957290101051330566e+01 2.180000000000000160e+00 9.999999776482582092e-03 -1.800984191894531250e+02
5.966289734840393066e+01 2.200000000000000178e+00 9.999999776482582092e-03 -1.800984191894531250e+02
5.978089976310729980e+01 2.189999999999999947e+00 9.999999776482582092e-03 0.000000000000000000e+00
5.986589980125427246e+01 2.140000000000000124e+00 9.999999776482582092e-03 0.000000000000000000e+00
5.997789883613586426e+01 1.260000000000000009e+00 9.999999776482582092e-03 0.000000000000000000e+00
6.007290005683898926e+01 2.800000000000000266e-01 3.400000184774398804e-02 1.529962280273437500e+03
6.018090367317199707e+01 1.639999999999999902e+00 3.400000184774398804e-02 1.710060668945312500e+03
6.026989984512329102e+01 2.069999999999999840e+00 3.400000184774398804e-02 1.439913085937500000e+03
6.036490273475646973e+01 2.149999999999999911e+00 3.400000184774398804e-02 1.620011474609375000e+03
6.047389769554138184e+01 2.220000000000000195e+00 3.400000184774398804e-02 1.349863891601562500e+03
6.056990098953247070e+01 2.240000000000000213e+00 3.400000184774398804e-02 1.259814575195312500e+03
6.067995619773864746e+01 2.270000000000000018e+00 3.400000184774398804e-02 1.260251708984375000e+03
6.076689791679382324e+01 2.180000000000000160e+00 3.400000184774398804e-02 1.259814575195312500e+03
6.087789940834045410e+01 2.189999999999999947e+00 3.400000184774398804e-02 1.350301025390625000e+03
6.096890521049499512e+01 2.200000000000000178e+00 3.400000184774398804e-02 1.349863891601562500e+03
6.108189749717712402e+01 2.169999999999999929e+00 3.400000184774398804e-02 1.170202514648437500e+03
6.116990256309509277e+01 2.220000000000000195e+00 3.400000184774398804e-02 1.080153442382812500e+03
6.128394699096679688e+01 2.180000000000000160e+00 3.400000184774398804e-02 1.260251708984375000e+03
6.137789726257324219e+01 2.209999999999999964e+00 3.400000184774398804e-02 1.170202514648437500e+03
6.146990418434143066e+01 2.200000000000000178e+00 3.400000184774398804e-02 1.170202514648437500e+03
6.157594752311706543e+01 2.250000000000000000e+00 3.400000184774398804e-02 1.170202514648437500e+03
6.167090201377868652e+01 2.220000000000000195e+00 3.400000184774398804e-02 1.170202514648437500e+03
6.177789640426635742e+01 2.220000000000000195e+00 3.400000184774398804e-02 1.169984008789062500e+03
6.186795210838317871e+01 2.240000000000000213e+00 3.400000184774398804e-02 1.169984008789062500e+03
6.197789645195007324e+01 2.209999999999999964e+00 3.400000184774398804e-02 1.079934814453125000e+03
6.207090401649475098e+01 2.200000000000000178e+00 3.400000184774398804e-02 1.260033203125000000e+03
6.220489954948425293e+01 2.189999999999999947e+00 3.400000184774398804e-02 1.350082397460937500e+03
6.230090570449829102e+01 2.209999999999999964e+00 3.400000184774398804e-02 1.350082397460937500e+03
6.238589787483215332e+01 2.200000000000000178e+00 3.400000184774398804e-02 1.259814575195312500e+03
6.249789810180664062e+01 2.169999999999999929e+00 3.400000184774398804e-02 1.260033203125000000e+03
6.259289836883544922e+01 2.209999999999999964e+00 3.400000184774398804e-02 1.350082397460937500e+03
6.270090341567993164e+01 2.169999999999999929e+00 3.400000184774398804e-02 1.349863891601562500e+03
6.278989911079406738e+01 2.180000000000000160e+00 3.400000184774398804e-02 1.260033203125000000e+03
6.288490104675292969e+01 2.209999999999999964e+00 3.400000184774398804e-02 1.439913085937500000e+03
6.299389815330505371e+01 2.180000000000000160e+00 3.400000184774398804e-02 1.350082397460937500e+03
6.310394954681396484e+01 2.189999999999999947e+00 3.400000184774398804e-02 1.260033203125000000e+03
6.319996023178100586e+01 2.240000000000000213e+00 3.400000184774398804e-02 1.169984008789062500e+03
6.328690195083618164e+01 2.180000000000000160e+00 3.400000184774398804e-02 1.079934814453125000e+03
6.339789891242980957e+01 2.209999999999999964e+00 3.400000184774398804e-02 1.079934814453125000e+03
6.348895430564880371e+01 2.169999999999999929e+00 3.400000184774398804e-02 1.260033203125000000e+03
6.360189795494079590e+01 2.229999999999999982e+00 3.400000184774398804e-02 8.999456787109375000e+02
6.368989992141723633e+01 2.209999999999999964e+00 3.400000184774398804e-02 8.999456787109375000e+02
6.380394482612609863e+01 2.220000000000000195e+00 3.400000184774398804e-02 1.079934814453125000e+03
6.389791488647460938e+01 2.209999999999999964e+00 3.400000184774398804e-02 9.899949340820312500e+02
6.400394940376281738e+01 2.169999999999999929e+00 3.400000184774398804e-02 1.079934814453125000e+03
6.409593987464904785e+01 2.209999999999999964e+00 3.400000184774398804e-02 1.169984008789062500e+03
6.419089913368225098e+01 2.209999999999999964e+00 3.400000184774398804e-02 1.170038574218750000e+03
6.429789686203002930e+01 2.180000000000000160e+00 3.400000184774398804e-02 1.079989501953125000e+03
6.438794779777526855e+01 2.189999999999999947e+00 3.400000184774398804e-02 1.169984008789062500e+03
6.448290753364562988e+01 2.209999999999999964e+00 3.400000184774398804e-02 1.169984008789062500e+03
6.459089946746826172e+01 2.149999999999999911e+00 3.400000184774398804e-02 1.260005859375000000e+03
6.470289635658264160e+01 2.200000000000000178e+00 3.400000184774398804e-02 1.169997680664062500e+03
6.479789733886718750e+01 2.240000000000000213e+00 3.400000184774398804e-02 9.900017089843750000e+02
6.488394403457641602e+01 2.240000000000000213e+00 3.400000184774398804e-02 9.000003051757812500e+02
6.499489736557006836e+01 2.169999999999999929e+00 3.400000184774398804e-02 1.169997680664062500e+03
6.508989930152893066e+01 2.140000000000000124e+00 3.400000184774398804e-02 1.170011352539062500e+03
6.519889783859252930e+01 2.240000000000000213e+00 3.400000184774398804e-02 9.000003051757812500e+02
6.528794574737548828e+01 2.209999999999999964e+00 3.400000184774398804e-02 9.899949340820312500e+02
6.538795232772827148e+01 2.189999999999999947e+00 3.400000184774398804e-02 2.700383605957031250e+02
6.549195265769958496e+01 2.240000000000000213e+00 3.400000184774398804e-02 0.000000000000000000e+00
6.560289645195007324e+01 2.180000000000000160e+00 3.400000184774398804e-02 0.000000000000000000e+00
6.569390010833740234e+01 2.250000000000000000e+00 3.400000184774398804e-02 0.000000000000000000e+00
6.578794384002685547e+01 2.120000000000000107e+00 3.400000184774398804e-02 0.000000000000000000e+00
6.589489650726318359e+01 2.089999999999999858e+00 3.400000184774398804e-02 0.000000000000000000e+00
6.598598170280456543e+01 2.049999999999999822e+00 3.400000184774398804e-02 0.000000000000000000e+00
6.610290145874023438e+01 2.029999999999999805e+00 3.400000184774398804e-02 0.000000000000000000e+00
6.618794369697570801e+01 2.029999999999999805e+00 3.400000184774398804e-02 0.000000000000000000e+00
6.630089831352233887e+01 2.020000000000000018e+00 3.400000184774398804e-02 0.000000000000000000e+00
6.639603471755981445e+01 2.009999999999999787e+00 3.400000184774398804e-02 0.000000000000000000e+00
