1.999926567077636719e-02 4.509999999999999787e+00 6.800000369548797607e-02 0.000000000000000000e+00
1.199986934661865234e-01 4.500000000000000000e+00 6.800000369548797607e-02 0.000000000000000000e+00
2.051067352294921875e-01 4.500000000000000000e+00 6.800000369548797607e-02 0.000000000000000000e+00
3.149983882904052734e-01 4.490000000000000213e+00 6.800000369548797607e-02 0.000000000000000000e+00
4.040114879608154297e-01 4.490000000000000213e+00 6.800000369548797607e-02 0.000000000000000000e+00
5.179967880249023438e-01 4.500000000000000000e+00 6.800000369548797607e-02 0.000000000000000000e+00
6.080021858215332031e-01 4.490000000000000213e+00 6.800000369548797607e-02 0.000000000000000000e+00
7.200000286102294922e-01 4.480000000000000426e+00 6.800000369548797607e-02 0.000000000000000000e+00
8.150053024291992188e-01 4.480000000000000426e+00 6.800000369548797607e-02 0.000000000000000000e+00
9.059960842132568359e-01 4.500000000000000000e+00 6.800000369548797607e-02 0.000000000000000000e+00
1.012996912002563477e+00 4.469999999999999751e+00 6.800000369548797607e-02 0.000000000000000000e+00
1.090996026992797852e+00 4.570000000000000284e+00 6.800000369548797607e-02 0.000000000000000000e+00
1.210997104644775391e+00 4.820000000000000284e+00 6.800000369548797607e-02 0.000000000000000000e+00
1.299999952316284180e+00 5.450000000000000178e+00 6.800000369548797607e-02 0.000000000000000000e+00
1.411999225616455078e+00 6.080000000000000071e+00 6.800000369548797607e-02 0.000000000000000000e+00
1.506999731063842773e+00 6.419999999999999929e+00 6.800000369548797607e-02 0.000000000000000000e+00
1.620000362396240234e+00 6.129999999999999893e+00 6.800000369548797607e-02 0.000000000000000000e+00
1.704998016357421875e+00 6.969999999999999751e+00 6.800000369548797607e-02 0.000000000000000000e+00
1.816005468368530273e+00 7.549999999999999822e+00 6.800000369548797607e-02 0.000000000000000000e+00
1.905999898910522461e+00 8.220000000000000639e+00 3.200000151991844177e-02 -8.100057373046875000e+02
2.001000404357910156e+00 8.859999999999999432e+00 3.200000151991844177e-02 -1.260033203125000000e+03
2.120996952056884766e+00 5.309999999999999609e+00 3.200000151991844177e-02 -9.000549316406250000e+02
2.220996379852294922e+00 4.839999999999999858e+00 3.200000151991844177e-02 -1.169984008789062500e+03
2.311090946197509766e+00 4.919999999999999929e+00 3.200000151991844177e-02 -1.169984008789062500e+03
2.418113470077514648e+00 4.919999999999999929e+00 3.200000151991844177e-02 -9.000549316406250000e+02
2.513090610504150391e+00 4.849999999999999645e+00 3.200000151991844177e-02 -8.100057373046875000e+02
2.604000329971313477e+00 4.839999999999999858e+00 3.200000151991844177e-02 -7.199565429687500000e+02
2.710998296737670898e+00 4.799999999999999822e+00 3.200000151991844177e-02 -6.299072875976562500e+02
2.802006721496582031e+00 4.790000000000000036e+00 3.200000151991844177e-02 -6.299072875976562500e+02
2.918998003005981445e+00 4.790000000000000036e+00 3.200000151991844177e-02 -4.500274658203125000e+02
3.004001617431640625e+00 4.910000000000000142e+00 3.200000151991844177e-02 -3.599782714843750000e+02
3.117000579833984375e+00 4.910000000000000142e+00 3.200000151991844177e-02 -4.499181823730468750e+02
3.211006164550781250e+00 4.900000000000000355e+00 3.200000151991844177e-02 -3.599782714843750000e+02
3.318998336791992188e+00 4.750000000000000000e+00 3.200000151991844177e-02 -6.299072875976562500e+02
3.408997774124145508e+00 4.870000000000000107e+00 3.200000151991844177e-02 -5.399674072265625000e+02
3.504001140594482422e+00 4.830000000000000071e+00 3.200000151991844177e-02 -5.400767211914062500e+02
3.611999273300170898e+00 4.799999999999999822e+00 3.200000151991844177e-02 -5.399674072265625000e+02
3.700999975204467773e+00 4.900000000000000355e+00 3.200000151991844177e-02 -6.300166015625000000e+02
3.819000244140625000e+00 4.889999999999999680e+00 3.200000151991844177e-02 -5.399674072265625000e+02
3.908002614974975586e+00 4.809999999999999609e+00 3.200000151991844177e-02 -3.599782714843750000e+02
4.016003608703613281e+00 4.839999999999999858e+00 3.200000151991844177e-02 -4.500274658203125000e+02
4.110996961593627930e+00 4.959999999999999964e+00 3.200000151991844177e-02 -5.400767211914062500e+02
4.200996875762939453e+00 4.969999999999999751e+00 3.200000151991844177e-02 -6.300166015625000000e+02
4.307998895645141602e+00 4.870000000000000107e+00 3.200000151991844177e-02 -4.500274658203125000e+02
4.403001785278320312e+00 4.860000000000000320e+00 3.200000151991844177e-02 -4.500274658203125000e+02
4.516000270843505859e+00 4.940000000000000391e+00 3.200000151991844177e-02 -4.500274658203125000e+02
4.600996255874633789e+00 4.940000000000000391e+00 3.200000151991844177e-02 -4.499728393554687500e+02
4.718000888824462891e+00 4.940000000000000391e+00 3.200000151991844177e-02 -3.599782714843750000e+02
4.808999300003051758e+00 4.969999999999999751e+00 3.200000151991844177e-02 -2.700383605957031250e+02
4.916002273559570312e+00 5.089999999999999858e+00 3.200000151991844177e-02 -3.599782714843750000e+02
5.006997346878051758e+00 5.080000000000000071e+00 3.200000151991844177e-02 -4.499728393554687500e+02
5.100996017456054688e+00 5.000000000000000000e+00 3.200000151991844177e-02 -3.600328979492187500e+02
5.208996057510375977e+00 4.919999999999999929e+00 3.200000151991844177e-02 -4.499728393554687500e+02
5.299000024795532227e+00 4.969999999999999751e+00 3.200000151991844177e-02 -4.499728393554687500e+02
5.416002750396728516e+00 4.969999999999999751e+00 3.200000151991844177e-02 -4.500274658203125000e+02
5.502005338668823242e+00 4.929999999999999716e+00 3.200000151991844177e-02 -4.500274658203125000e+02
5.613997220993041992e+00 4.849999999999999645e+00 3.200000151991844177e-02 -4.499728393554687500e+02
5.708996295928955078e+00 4.929999999999999716e+00 3.200000151991844177e-02 -4.500001525878906250e+02
5.817001342773437500e+00 4.959999999999999964e+00 3.200000151991844177e-02 -3.599782714843750000e+02
5.906090497970581055e+00 4.900000000000000355e+00 3.200000151991844177e-02 -4.500001525878906250e+02
6.001090526580810547e+00 4.889999999999999680e+00 3.200000151991844177e-02 -3.599782714843750000e+02
6.113106250762939453e+00 4.820000000000000284e+00 3.200000151991844177e-02 -2.700110473632812500e+02
6.219998598098754883e+00 4.929999999999999716e+00 3.200000151991844177e-02 -2.699837036132812500e+02
6.315996408462524414e+00 5.000000000000000000e+00 3.200000151991844177e-02 -5.399947509765625000e+02
6.406104564666748047e+00 5.009999999999999787e+00 3.200000151991844177e-02 -4.500001525878906250e+02
6.512997627258300781e+00 4.879999999999999893e+00 3.200000151991844177e-02 -6.300029296875000000e+02
6.608002424240112305e+00 4.849999999999999645e+00 3.200000151991844177e-02 -7.200009765625000000e+02
6.714995861053466797e+00 4.820000000000000284e+00 3.200000151991844177e-02 -7.200009765625000000e+02
6.806007385253906250e+00 4.730000000000000426e+00 3.200000151991844177e-02 -5.400015869140625000e+02
6.897000789642333984e+00 4.849999999999999645e+00 3.200000151991844177e-02 -5.399947509765625000e+02
7.013994932174682617e+00 4.929999999999999716e+00 3.200000151991844177e-02 -6.300029296875000000e+02
7.120019912719726562e+00 4.889999999999999680e+00 3.200000151991844177e-02 -6.299892578125000000e+02
7.211999893188476562e+00 4.820000000000000284e+00 3.200000151991844177e-02 -6.299892578125000000e+02
7.306042432785034180e+00 4.860000000000000320e+00 3.200000151991844177e-02 -4.500001525878906250e+02
7.413998365402221680e+00 4.889999999999999680e+00 3.200000151991844177e-02 -4.500001525878906250e+02
7.504000663757324219e+00 5.059999999999999609e+00 3.200000151991844177e-02 -4.499728393554687500e+02
7.614997625350952148e+00 5.070000000000000284e+00 3.200000151991844177e-02 -4.500274658203125000e+02
7.707004070281982422e+00 5.030000000000000249e+00 3.200000151991844177e-02 -5.400220947265625000e+02
7.818997383117675781e+00 5.000000000000000000e+00 3.200000151991844177e-02 -5.399674072265625000e+02
7.913997411727905273e+00 5.009999999999999787e+00 3.200000151991844177e-02 -8.100057373046875000e+02
8.002996921539306641e+00 4.860000000000000320e+00 3.200000151991844177e-02 -7.200111694335937500e+02
8.110996961593627930e+00 4.879999999999999893e+00 3.200000151991844177e-02 -7.200111694335937500e+02
8.205997705459594727e+00 4.830000000000000071e+00 3.200000151991844177e-02 -7.199565429687500000e+02
8.318000078201293945e+00 4.780000000000000249e+00 3.200000151991844177e-02 -6.300166015625000000e+02
8.402998208999633789e+00 4.750000000000000000e+00 3.200000151991844177e-02 -5.399674072265625000e+02
8.519998311996459961e+00 4.830000000000000071e+00 3.200000151991844177e-02 -4.500274658203125000e+02
8.610998392105102539e+00 4.780000000000000249e+00 3.200000151991844177e-02 -5.399674072265625000e+02
8.717998743057250977e+00 4.799999999999999822e+00 3.200000151991844177e-02 -5.399674072265625000e+02
8.812999725341796875e+00 4.879999999999999893e+00 3.200000151991844177e-02 -7.199565429687500000e+02
8.904000520706176758e+00 4.870000000000000107e+00 3.200000151991844177e-02 -6.300166015625000000e+02
9.010998487472534180e+00 4.799999999999999822e+00 3.200000151991844177e-02 -5.399674072265625000e+02
9.102001905441284180e+00 4.839999999999999858e+00 3.200000151991844177e-02 -5.400767211914062500e+02
9.219000816345214844e+00 4.780000000000000249e+00 3.200000151991844177e-02 -4.500274658203125000e+02
9.304004669189453125e+00 4.849999999999999645e+00 3.200000151991844177e-02 -3.599782714843750000e+02
9.417006969451904297e+00 4.929999999999999716e+00 3.200000151991844177e-02 -4.500274658203125000e+02
9.511000633239746094e+00 4.900000000000000355e+00 3.200000151991844177e-02 -3.599782714843750000e+02
9.618999958038330078e+00 4.870000000000000107e+00 3.200000151991844177e-02 -2.700383605957031250e+02
9.709000110626220703e+00 4.910000000000000142e+00 3.200000151991844177e-02 -9.004920959472656250e+01
9.804003238677978516e+00 4.900000000000000355e+00 3.200000151991844177e-02 0.000000000000000000e+00
9.912001371383666992e+00 5.030000000000000249e+00 3.200000151991844177e-02 -9.004920959472656250e+01
1.000099778175354004e+01 5.209999999999999964e+00 3.200000151991844177e-02 -8.993992614746093750e+01
1.011899971961975098e+01 5.040000000000000036e+00 3.200000151991844177e-02 0.000000000000000000e+00
1.020800423622131348e+01 5.150000000000000355e+00 3.200000151991844177e-02 -3.599782714843750000e+02
1.031601691246032715e+01 5.259999999999999787e+00 3.200000151991844177e-02 -5.399674072265625000e+02
1.041100144386291504e+01 4.990000000000000213e+00 3.200000151991844177e-02 -6.300166015625000000e+02
1.050100350379943848e+01 4.990000000000000213e+00 3.200000151991844177e-02 -5.400767211914062500e+02
1.060800004005432129e+01 5.019999999999999574e+00 3.200000151991844177e-02 -4.500274658203125000e+02
1.070300030708312988e+01 5.129999999999999893e+00 3.200000151991844177e-02 -6.299072875976562500e+02
1.081611466407775879e+01 5.040000000000000036e+00 3.200000151991844177e-02 -7.199565429687500000e+02
1.090099716186523438e+01 4.919999999999999929e+00 3.200000151991844177e-02 -7.199565429687500000e+02
1.101800131797790527e+01 4.849999999999999645e+00 3.200000151991844177e-02 -7.199565429687500000e+02
1.110899901390075684e+01 4.759999999999999787e+00 3.200000151991844177e-02 -9.000549316406250000e+02
1.121600604057312012e+01 4.860000000000000320e+00 3.200000151991844177e-02 -7.199565429687500000e+02
1.130699944496154785e+01 4.780000000000000249e+00 3.200000151991844177e-02 -6.299072875976562500e+02
1.140099668502807617e+01 4.660000000000000142e+00 3.200000151991844177e-02 -6.299072875976562500e+02
1.150902342796325684e+01 4.860000000000000320e+00 3.200000151991844177e-02 -8.100057373046875000e+02
1.159900498390197754e+01 4.849999999999999645e+00 3.200000151991844177e-02 -9.000549316406250000e+02
1.171611666679382324e+01 4.820000000000000284e+00 3.200000151991844177e-02 -8.100057373046875000e+02
1.180209302902221680e+01 4.740000000000000213e+00 3.200000151991844177e-02 -5.400767211914062500e+02
1.191408801078796387e+01 4.809999999999999609e+00 3.200000151991844177e-02 -4.500274658203125000e+02
1.200908780097961426e+01 4.860000000000000320e+00 3.200000151991844177e-02 -6.299072875976562500e+02
1.211709499359130859e+01 4.889999999999999680e+00 3.200000151991844177e-02 -5.400767211914062500e+02
1.220610880851745605e+01 4.950000000000000178e+00 3.200000151991844177e-02 -5.400767211914062500e+02
1.230109143257141113e+01 4.879999999999999893e+00 3.200000151991844177e-02 -4.500274658203125000e+02
1.241299986839294434e+01 4.870000000000000107e+00 3.200000151991844177e-02 -2.699290771484375000e+02
1.252000164985656738e+01 4.990000000000000213e+00 3.200000151991844177e-02 -4.500274658203125000e+02
1.261600589752197266e+01 5.139999999999999680e+00 3.200000151991844177e-02 -6.301258544921875000e+02
1.270605254173278809e+01 5.120000000000000107e+00 3.200000151991844177e-02 -6.301258544921875000e+02
1.281299757957458496e+01 4.980000000000000426e+00 3.200000151991844177e-02 -4.500274658203125000e+02
1.290801167488098145e+01 4.919999999999999929e+00 3.200000151991844177e-02 -4.500274658203125000e+02
1.300600385665893555e+01 4.929999999999999716e+00 3.200000151991844177e-02 -6.301258544921875000e+02
1.310600352287292480e+01 4.879999999999999893e+00 3.200000151991844177e-02 -6.299072875976562500e+02
1.319700741767883301e+01 4.759999999999999787e+00 3.200000151991844177e-02 -3.599782714843750000e+02
1.331400084495544434e+01 4.759999999999999787e+00 3.200000151991844177e-02 -4.500274658203125000e+02
1.340599942207336426e+01 4.839999999999999858e+00 3.200000151991844177e-02 -5.400767211914062500e+02
1.351200270652770996e+01 4.830000000000000071e+00 3.200000151991844177e-02 -4.502460327148437500e+02
1.360610032081604004e+01 4.809999999999999609e+00 3.200000151991844177e-02 -5.402952880859375000e+02
1.371399950981140137e+01 4.980000000000000426e+00 3.200000151991844177e-02 -5.398581542968750000e+02
1.380400204658508301e+01 4.799999999999999822e+00 3.200000151991844177e-02 -4.498088989257812500e+02
1.392000031471252441e+01 4.780000000000000249e+00 3.200000151991844177e-02 0.000000000000000000e+00
1.400699949264526367e+01 4.589999999999999858e+00 3.200000151991844177e-02 0.000000000000000000e+00
1.411900162696838379e+01 4.580000000000000071e+00 3.200000151991844177e-02 0.000000000000000000e+00
1.421400070190429688e+01 4.679999999999999716e+00 3.200000151991844177e-02 0.000000000000000000e+00
1.431701946258544922e+01 3.979999999999999982e+00 3.200000151991844177e-02 8.961207580566406250e+01
1.441099929809570312e+01 2.669999999999999929e+00 6.800000369548797607e-02 1.349863891601562500e+03
1.450600004196166992e+01 3.490000000000000213e+00 6.800000369548797607e-02 9.898856811523437500e+02
1.461801004409790039e+01 5.209999999999999964e+00 6.800000369548797607e-02 1.798798522949218750e+02
1.470299863815307617e+01 5.169999999999999929e+00 6.800000369548797607e-02 0.000000000000000000e+00
1.482000088691711426e+01 5.120000000000000107e+00 6.800000369548797607e-02 0.000000000000000000e+00
1.491099762916564941e+01 5.000000000000000000e+00 6.800000369548797607e-02 2.699290771484375000e+02
1.501800131797790527e+01 4.679999999999999716e+00 6.800000369548797607e-02 5.398581542968750000e+02
1.511299753189086914e+01 4.929999999999999716e+00 6.800000369548797607e-02 6.299072875976562500e+02
1.520399904251098633e+01 5.000000000000000000e+00 6.800000369548797607e-02 5.398581542968750000e+02
1.531100487709045410e+01 5.059999999999999609e+00 6.800000369548797607e-02 4.500274658203125000e+02
1.540199804306030273e+01 5.019999999999999574e+00 6.800000369548797607e-02 7.199565429687500000e+02
1.551899838447570801e+01 4.950000000000000178e+00 6.800000369548797607e-02 7.199565429687500000e+02
1.560399985313415527e+01 5.059999999999999609e+00 6.800000369548797607e-02 7.199565429687500000e+02
1.571700358390808105e+01 5.099999999999999645e+00 6.800000369548797607e-02 7.201751098632812500e+02
1.581100082397460938e+01 5.139999999999999680e+00 6.800000369548797607e-02 6.299072875976562500e+02
1.591905498504638672e+01 5.190000000000000391e+00 6.800000369548797607e-02 7.199565429687500000e+02
1.600899720191955566e+01 5.139999999999999680e+00 6.800000369548797607e-02 6.299072875976562500e+02
1.610399866104125977e+01 5.200000000000000178e+00 6.800000369548797607e-02 3.599782714843750000e+02
1.621200084686279297e+01 5.200000000000000178e+00 6.800000369548797607e-02 4.498088989257812500e+02
1.630099701881408691e+01 5.049999999999999822e+00 6.800000369548797607e-02 6.299072875976562500e+02
1.641900753974914551e+01 5.049999999999999822e+00 6.800000369548797607e-02 6.299072875976562500e+02
1.650799965858459473e+01 5.099999999999999645e+00 6.800000369548797607e-02 5.400767211914062500e+02
1.661600041389465332e+01 5.070000000000000284e+00 6.800000369548797607e-02 5.400767211914062500e+02
1.671099734306335449e+01 5.059999999999999609e+00 6.800000369548797607e-02 5.400767211914062500e+02
1.680099701881408691e+01 5.129999999999999893e+00 6.800000369548797607e-02 6.301258544921875000e+02
1.690801000595092773e+01 5.009999999999999787e+00 6.800000369548797607e-02 6.301258544921875000e+02
1.700299859046936035e+01 5.070000000000000284e+00 6.800000369548797607e-02 3.599782714843750000e+02
1.711599802970886230e+01 5.040000000000000036e+00 6.800000369548797607e-02 4.498088989257812500e+02
1.720099759101867676e+01 4.959999999999999964e+00 6.800000369548797607e-02 5.398581542968750000e+02
1.731800365447998047e+01 5.009999999999999787e+00 6.800000369548797607e-02 7.199565429687500000e+02
1.740900039672851562e+01 5.040000000000000036e+00 6.800000369548797607e-02 7.199565429687500000e+02
1.751601576805114746e+01 5.040000000000000036e+00 6.800000369548797607e-02 6.299072875976562500e+02
1.760700201988220215e+01 5.110000000000000320e+00 6.800000369548797607e-02 7.199565429687500000e+02
1.770099973678588867e+01 5.169999999999999929e+00 6.800000369548797607e-02 6.299072875976562500e+02
1.780899047851562500e+01 5.209999999999999964e+00 6.800000369548797607e-02 3.599782714843750000e+02
1.789899706840515137e+01 5.190000000000000391e+00 6.800000369548797607e-02 3.599782714843750000e+02
1.801600503921508789e+01 5.070000000000000284e+00 6.800000369548797607e-02 3.599782714843750000e+02
1.810199689865112305e+01 5.030000000000000249e+00 6.800000369548797607e-02 6.299072875976562500e+02
1.821399807929992676e+01 4.940000000000000391e+00 6.800000369548797607e-02 8.100057373046875000e+02
1.830899810791015625e+01 5.049999999999999822e+00 6.800000369548797607e-02 8.100057373046875000e+02
1.841700530052185059e+01 5.120000000000000107e+00 6.800000369548797607e-02 9.000549316406250000e+02
1.850600528717041016e+01 5.129999999999999893e+00 6.800000369548797607e-02 7.200657958984375000e+02
1.860099768638610840e+01 5.110000000000000320e+00 6.800000369548797607e-02 6.299072875976562500e+02
1.871300935745239258e+01 5.080000000000000071e+00 6.800000369548797607e-02 7.199565429687500000e+02
1.882000207901000977e+01 5.089999999999999858e+00 6.800000369548797607e-02 5.399674072265625000e+02
1.891600322723388672e+01 5.129999999999999893e+00 6.800000369548797607e-02 7.200657958984375000e+02
1.900599932670593262e+01 5.120000000000000107e+00 6.800000369548797607e-02 7.199565429687500000e+02
1.911299562454223633e+01 5.000000000000000000e+00 6.800000369548797607e-02 6.300166015625000000e+02
1.920800256729125977e+01 5.040000000000000036e+00 6.800000369548797607e-02 9.000549316406250000e+02
1.931999778747558594e+01 5.040000000000000036e+00 6.800000369548797607e-02 7.200111694335937500e+02
1.940599870681762695e+01 5.089999999999999858e+00 6.800000369548797607e-02 6.300166015625000000e+02
1.949699950218200684e+01 5.089999999999999858e+00 6.800000369548797607e-02 6.299619750976562500e+02
1.961399912834167480e+01 5.040000000000000036e+00 6.800000369548797607e-02 5.400220947265625000e+02
1.971499872207641602e+01 5.110000000000000320e+00 6.800000369548797607e-02 7.200111694335937500e+02
1.981199884414672852e+01 5.129999999999999893e+00 6.800000369548797607e-02 8.099511108398437500e+02
1.990605449676513672e+01 5.120000000000000107e+00 6.800000369548797607e-02 8.099511108398437500e+02
2.001399564743041992e+01 5.190000000000000391e+00 6.800000369548797607e-02 9.899949340820312500e+02
2.010400080680847168e+01 5.179999999999999716e+00 6.800000369548797607e-02 7.200111694335937500e+02
2.022099828720092773e+01 5.259999999999999787e+00 6.800000369548797607e-02 4.500001525878906250e+02
2.030700278282165527e+01 5.200000000000000178e+00 6.800000369548797607e-02 5.399947509765625000e+02
2.041899991035461426e+01 5.049999999999999822e+00 6.800000369548797607e-02 5.399947509765625000e+02
2.051399707794189453e+01 5.059999999999999609e+00 6.800000369548797607e-02 6.299960937500000000e+02
2.060299587249755859e+01 5.070000000000000284e+00 6.800000369548797607e-02 6.300029296875000000e+02
2.071099638938903809e+01 5.059999999999999609e+00 6.800000369548797607e-02 6.300004272460937500e+02
2.080600261688232422e+01 5.070000000000000284e+00 6.800000369548797607e-02 6.299960937500000000e+02
2.091801500320434570e+01 5.110000000000000320e+00 6.800000369548797607e-02 6.300029296875000000e+02
2.100299668312072754e+01 5.120000000000000107e+00 6.800000369548797607e-02 6.300029296875000000e+02
2.109800338745117188e+01 5.099999999999999645e+00 6.800000369548797607e-02 9.000003051757812500e+02
2.121100401878356934e+01 5.139999999999999680e+00 6.800000369548797607e-02 8.100057373046875000e+02
2.131799840927124023e+01 5.150000000000000355e+00 6.800000369548797607e-02 5.400220947265625000e+02
2.141300177574157715e+01 5.099999999999999645e+00 6.800000369548797607e-02 5.399674072265625000e+02
2.150399780273437500e+01 5.139999999999999680e+00 6.800000369548797607e-02 6.300166015625000000e+02
2.161099553108215332e+01 5.099999999999999645e+00 6.800000369548797607e-02 7.200111694335937500e+02
2.170199775695800781e+01 5.040000000000000036e+00 6.800000369548797607e-02 5.400220947265625000e+02
2.181899642944335938e+01 5.040000000000000036e+00 6.800000369548797607e-02 7.200111694335937500e+02
2.190399527549743652e+01 5.049999999999999822e+00 6.800000369548797607e-02 6.300166015625000000e+02
2.201699972152709961e+01 5.179999999999999716e+00 6.800000369548797607e-02 6.300166015625000000e+02
2.211099720001220703e+01 5.150000000000000355e+00 6.800000369548797607e-02 7.200657958984375000e+02
2.221899962425231934e+01 5.129999999999999893e+00 6.800000369548797607e-02 6.300166015625000000e+02
2.230899858474731445e+01 5.099999999999999645e+00 6.800000369548797607e-02 8.100057373046875000e+02
2.240400075912475586e+01 5.099999999999999645e+00 6.800000369548797607e-02 7.200657958984375000e+02
2.251200318336486816e+01 5.160000000000000142e+00 6.800000369548797607e-02 4.499181823730468750e+02
2.260099792480468750e+01 5.190000000000000391e+00 6.800000369548797607e-02 5.399674072265625000e+02
2.271900749206542969e+01 5.129999999999999893e+00 6.800000369548797607e-02 6.299072875976562500e+02
2.280800294876098633e+01 5.080000000000000071e+00 6.800000369548797607e-02 5.399674072265625000e+02
2.291599655151367188e+01 5.030000000000000249e+00 6.800000369548797607e-02 5.400767211914062500e+02
2.301099872589111328e+01 5.049999999999999822e+00 6.800000369548797607e-02 5.400767211914062500e+02
2.310099697113037109e+01 5.099999999999999645e+00 6.800000369548797607e-02 6.299072875976562500e+02
2.320799946784973145e+01 5.059999999999999609e+00 6.800000369548797607e-02 8.999456787109375000e+02
2.330299758911132812e+01 4.980000000000000426e+00 6.800000369548797607e-02 8.100057373046875000e+02
2.341601157188415527e+01 5.030000000000000249e+00 6.800000369548797607e-02 6.300166015625000000e+02
2.350099849700927734e+01 5.120000000000000107e+00 6.800000369548797607e-02 7.199565429687500000e+02
2.361800003051757812e+01 5.059999999999999609e+00 6.800000369548797607e-02 5.398581542968750000e+02
2.370899963378906250e+01 5.049999999999999822e+00 6.800000369548797607e-02 0.000000000000000000e+00
2.381600260734558105e+01 5.129999999999999893e+00 6.800000369548797607e-02 9.004920959472656250e+01
2.390700101852416992e+01 4.969999999999999751e+00 6.800000369548797607e-02 2.699290771484375000e+02
2.400099611282348633e+01 4.929999999999999716e+00 6.800000369548797607e-02 6.299072875976562500e+02
2.410899710655212402e+01 4.889999999999999680e+00 6.800000369548797607e-02 7.199565429687500000e+02
2.419899725914001465e+01 5.040000000000000036e+00 6.800000369548797607e-02 6.301258544921875000e+02
2.431599855422973633e+01 5.040000000000000036e+00 6.800000369548797607e-02 7.199565429687500000e+02
2.440200638771057129e+01 4.959999999999999964e+00 6.800000369548797607e-02 8.100057373046875000e+02
2.451407003402709961e+01 4.959999999999999964e+00 6.800000369548797607e-02 5.398581542968750000e+02
2.460909318923950195e+01 4.990000000000000213e+00 6.800000369548797607e-02 8.998363647460937500e+02
2.471709632873535156e+01 4.969999999999999751e+00 6.800000369548797607e-02 7.201751098632812500e+02
2.480609297752380371e+01 5.070000000000000284e+00 6.800000369548797607e-02 0.000000000000000000e+00
2.490109252929687500e+01 5.200000000000000178e+00 6.800000369548797607e-02 8.983064270019531250e+01
2.501309227943420410e+01 5.099999999999999645e+00 6.800000369548797607e-02 4.500274658203125000e+02
2.512001442909240723e+01 4.879999999999999893e+00 6.800000369548797607e-02 0.000000000000000000e+00
2.521600294113159180e+01 5.009999999999999787e+00 6.800000369548797607e-02 0.000000000000000000e+00
2.530599713325500488e+01 4.950000000000000178e+00 6.800000369548797607e-02 0.000000000000000000e+00
2.541299724578857422e+01 5.080000000000000071e+00 6.800000369548797607e-02 0.000000000000000000e+00
2.550800347328186035e+01 6.339999999999999858e+00 6.800000369548797607e-02 0.000000000000000000e+00
2.562001061439514160e+01 7.839999999999999858e+00 6.800000369548797607e-02 0.000000000000000000e+00
2.570600175857543945e+01 8.740000000000000213e+00 6.800000369548797607e-02 0.000000000000000000e+00
2.579699778556823730e+01 8.740000000000000213e+00 6.800000369548797607e-02 0.000000000000000000e+00
2.591399693489074707e+01 8.960000000000000853e+00 6.800000369548797607e-02 0.000000000000000000e+00
2.602000880241394043e+01 9.199999999999999289e+00 6.800000369548797607e-02 0.000000000000000000e+00
2.611201000213623047e+01 9.460000000000000853e+00 3.200000151991844177e-02 -1.260033203125000000e+03
2.620599746704101562e+01 9.250000000000000000e+00 3.200000151991844177e-02 -1.440131591796875000e+03
2.631399703025817871e+01 5.030000000000000249e+00 3.200000151991844177e-02 -1.079934814453125000e+03
2.640409421920776367e+01 4.809999999999999609e+00 3.200000151991844177e-02 -9.000549316406250000e+02
2.651999950408935547e+01 4.849999999999999645e+00 3.200000151991844177e-02 -7.201751098632812500e+02
2.660699963569641113e+01 4.969999999999999751e+00 3.200000151991844177e-02 -7.199565429687500000e+02
2.671899890899658203e+01 5.019999999999999574e+00 3.200000151991844177e-02 -9.000549316406250000e+02
2.681399726867675781e+01 4.929999999999999716e+00 3.200000151991844177e-02 -9.000549316406250000e+02
2.690299820899963379e+01 4.839999999999999858e+00 3.200000151991844177e-02 -8.100057373046875000e+02
2.701109290122985840e+01 4.730000000000000426e+00 3.200000151991844177e-02 -6.300166015625000000e+02
2.710608839988708496e+01 4.839999999999999858e+00 3.200000151991844177e-02 -5.399674072265625000e+02
2.721809554100036621e+01 4.919999999999999929e+00 3.200000151991844177e-02 -5.400767211914062500e+02
2.730311250686645508e+01 4.879999999999999893e+00 3.200000151991844177e-02 -6.299072875976562500e+02
2.739808607101440430e+01 4.790000000000000036e+00 3.200000151991844177e-02 -6.300166015625000000e+02
2.751099944114685059e+01 4.870000000000000107e+00 3.200000151991844177e-02 -6.300166015625000000e+02
2.761799883842468262e+01 4.839999999999999858e+00 3.200000151991844177e-02 -8.100057373046875000e+02
2.771303224563598633e+01 4.900000000000000355e+00 3.200000151991844177e-02 -9.000549316406250000e+02
2.780409216880798340e+01 4.879999999999999893e+00 3.200000151991844177e-02 -9.000549316406250000e+02
2.791109180450439453e+01 4.900000000000000355e+00 3.200000151991844177e-02 -8.999456787109375000e+02
2.800209999084472656e+01 4.839999999999999858e+00 3.200000151991844177e-02 -8.999456787109375000e+02
2.811909222602844238e+01 4.860000000000000320e+00 3.200000151991844177e-02 -9.000003051757812500e+02
2.820408797264099121e+01 4.889999999999999680e+00 3.200000151991844177e-02 -8.100057373046875000e+02
2.831709408760070801e+01 4.929999999999999716e+00 3.200000151991844177e-02 -8.100057373046875000e+02
2.843408870697021484e+01 4.940000000000000391e+00 3.200000151991844177e-02 -9.000003051757812500e+02
2.854108953475952148e+01 4.940000000000000391e+00 3.200000151991844177e-02 -9.899949340820312500e+02
2.863208198547363281e+01 4.870000000000000107e+00 3.200000151991844177e-02 -9.000003051757812500e+02
2.872609281539916992e+01 4.870000000000000107e+00 3.200000151991844177e-02 -9.899949340820312500e+02
2.883401203155517578e+01 4.849999999999999645e+00 3.200000151991844177e-02 -9.899949340820312500e+02
2.892399954795837402e+01 4.799999999999999822e+00 3.200000151991844177e-02 -9.899949340820312500e+02
2.902600193023681641e+01 4.790000000000000036e+00 3.200000151991844177e-02 -9.900017089843750000e+02
2.912699890136718750e+01 4.750000000000000000e+00 3.200000151991844177e-02 -8.099989013671875000e+02
2.923899841308593750e+01 4.759999999999999787e+00 3.200000151991844177e-02 -9.000003051757812500e+02
2.933399844169616699e+01 4.929999999999999716e+00 3.200000151991844177e-02 -9.000003051757812500e+02
2.942299675941467285e+01 4.860000000000000320e+00 3.200000151991844177e-02 -9.000003051757812500e+02
2.953099679946899414e+01 4.830000000000000071e+00 3.200000151991844177e-02 -1.079989501953125000e+03
2.962604737281799316e+01 4.889999999999999680e+00 3.200000151991844177e-02 -9.899949340820312500e+02
2.973800015449523926e+01 4.980000000000000426e+00 3.200000151991844177e-02 -8.100057373046875000e+02
2.982299876213073730e+01 4.900000000000000355e+00 3.200000151991844177e-02 -8.100057373046875000e+02
2.993999767303466797e+01 4.919999999999999929e+00 3.200000151991844177e-02 -9.000003051757812500e+02
3.003099703788757324e+01 4.849999999999999645e+00 3.200000151991844177e-02 -9.899949340820312500e+02
3.013799786567687988e+01 4.879999999999999893e+00 3.200000151991844177e-02 -1.079934814453125000e+03
3.023299765586853027e+01 4.780000000000000249e+00 3.200000151991844177e-02 -1.080044189453125000e+03
3.032399630546569824e+01 4.799999999999999822e+00 3.200000151991844177e-02 -1.079934814453125000e+03
3.043099665641784668e+01 4.780000000000000249e+00 3.200000151991844177e-02 -1.079934814453125000e+03
3.052199697494506836e+01 4.769999999999999574e+00 3.200000151991844177e-02 -1.169984008789062500e+03
3.063899850845336914e+01 4.830000000000000071e+00 3.200000151991844177e-02 -1.169984008789062500e+03
3.072400856018066406e+01 4.820000000000000284e+00 3.200000151991844177e-02 -1.260033203125000000e+03
3.083700203895568848e+01 4.860000000000000320e+00 3.200000151991844177e-02 -1.350082397460937500e+03
3.093099761009216309e+01 4.809999999999999609e+00 3.200000151991844177e-02 -1.169984008789062500e+03
3.103899574279785156e+01 4.879999999999999893e+00 3.200000151991844177e-02 -9.901042480468750000e+02
3.112899780273437500e+01 4.900000000000000355e+00 3.200000151991844177e-02 -1.080153442382812500e+03
3.122399663925170898e+01 4.889999999999999680e+00 3.200000151991844177e-02 -1.260033203125000000e+03
3.133199620246887207e+01 4.790000000000000036e+00 3.200000151991844177e-02 -1.260033203125000000e+03
3.142099738121032715e+01 4.799999999999999822e+00 3.200000151991844177e-02 -1.079934814453125000e+03
3.153899574279785156e+01 4.669999999999999929e+00 3.200000151991844177e-02 -9.000549316406250000e+02
3.162800502777099609e+01 4.719999999999999751e+00 3.200000151991844177e-02 -9.901042480468750000e+02
3.173602104187011719e+01 4.820000000000000284e+00 3.200000151991844177e-02 -9.901042480468750000e+02
3.183100104331970215e+01 4.750000000000000000e+00 3.200000151991844177e-02 -1.169984008789062500e+03
3.192099785804748535e+01 4.879999999999999893e+00 3.200000151991844177e-02 -1.169984008789062500e+03
3.202800250053405762e+01 4.820000000000000284e+00 3.200000151991844177e-02 -9.898856811523437500e+02
3.212299942970275879e+01 4.790000000000000036e+00 3.200000151991844177e-02 -9.901042480468750000e+02
3.223600459098815918e+01 4.910000000000000142e+00 3.200000151991844177e-02 -9.000549316406250000e+02
3.232100224494934082e+01 4.910000000000000142e+00 3.200000151991844177e-02 -8.100057373046875000e+02
3.243800330162048340e+01 4.910000000000000142e+00 3.200000151991844177e-02 -9.901042480468750000e+02
3.252899765968322754e+01 4.769999999999999574e+00 3.200000151991844177e-02 -8.100057373046875000e+02
3.263603782653808594e+01 4.780000000000000249e+00 3.200000151991844177e-02 -7.199565429687500000e+02
3.272699952125549316e+01 4.750000000000000000e+00 3.200000151991844177e-02 -9.000549316406250000e+02
3.282098984718322754e+01 4.839999999999999858e+00 3.200000151991844177e-02 -8.100057373046875000e+02
3.292899799346923828e+01 4.769999999999999574e+00 3.200000151991844177e-02 0.000000000000000000e+00
3.301899695396423340e+01 4.509999999999999787e+00 3.200000151991844177e-02 0.000000000000000000e+00
3.313601422309875488e+01 3.910000000000000142e+00 3.200000151991844177e-02 0.000000000000000000e+00
3.322199559211730957e+01 3.930000000000000160e+00 3.200000151991844177e-02 0.000000000000000000e+00
3.333399844169616699e+01 3.609999999999999876e+00 3.200000151991844177e-02 8.100057373046875000e+02
3.342900109291076660e+01 2.580000000000000071e+00 6.800000369548797607e-02 1.799672729492187500e+03
3.353700184822082520e+01 3.759999999999999787e+00 6.800000369548797607e-02 2.070039062500000000e+03
3.362600255012512207e+01 5.040000000000000036e+00 6.800000369548797607e-02 1.889940673828125000e+03
3.372100043296813965e+01 5.169999999999999929e+00 6.800000369548797607e-02 1.710060668945312500e+03
3.383299636840820312e+01 5.190000000000000391e+00 6.800000369548797607e-02 1.260033203125000000e+03
3.394000244140625000e+01 5.330000000000000071e+00 6.800000369548797607e-02 1.079934814453125000e+03
3.403611016273498535e+01 5.259999999999999787e+00 6.800000369548797607e-02 1.349863891601562500e+03
3.412609624862670898e+01 5.129999999999999893e+00 6.800000369548797607e-02 1.169984008789062500e+03
3.423299908638000488e+01 5.139999999999999680e+00 6.800000369548797607e-02 1.169984008789062500e+03
3.432801103591918945e+01 5.150000000000000355e+00 6.800000369548797607e-02 1.079934814453125000e+03
3.441899847984313965e+01 5.139999999999999680e+00 6.800000369548797607e-02 1.169984008789062500e+03
3.452601671218872070e+01 5.070000000000000284e+00 6.800000369548797607e-02 1.259814575195312500e+03
3.461700320243835449e+01 5.099999999999999645e+00 6.800000369548797607e-02 1.349863891601562500e+03
3.473399925231933594e+01 5.110000000000000320e+00 6.800000369548797607e-02 1.260033203125000000e+03
3.483999800682067871e+01 5.209999999999999964e+00 6.800000369548797607e-02 1.169984008789062500e+03
3.493200159072875977e+01 5.209999999999999964e+00 6.800000369548797607e-02 1.080044189453125000e+03
3.502600955963134766e+01 5.150000000000000355e+00 6.800000369548797607e-02 1.170093261718750000e+03
3.513399910926818848e+01 5.139999999999999680e+00 6.800000369548797607e-02 1.169984008789062500e+03
3.522400045394897461e+01 5.150000000000000355e+00 6.800000369548797607e-02 1.080044189453125000e+03
3.532009243965148926e+01 5.139999999999999680e+00 6.800000369548797607e-02 8.100057373046875000e+02
3.542809319496154785e+01 5.150000000000000355e+00 6.800000369548797607e-02 8.999456787109375000e+02
3.554008889198303223e+01 5.160000000000000142e+00 6.800000369548797607e-02 1.080044189453125000e+03
3.563508987426757812e+01 5.030000000000000249e+00 6.800000369548797607e-02 1.349973144531250000e+03
3.572400045394897461e+01 5.019999999999999574e+00 6.800000369548797607e-02 1.349973144531250000e+03
3.583199906349182129e+01 5.110000000000000320e+00 6.800000369548797607e-02 1.350027709960937500e+03
3.592700004577636719e+01 5.120000000000000107e+00 6.800000369548797607e-02 1.260033203125000000e+03
3.603899598121643066e+01 5.190000000000000391e+00 6.800000369548797607e-02 1.260005859375000000e+03
3.612399840354919434e+01 5.219999999999999751e+00 6.800000369548797607e-02 1.439994995117187500e+03
3.621900105476379395e+01 5.179999999999999716e+00 6.800000369548797607e-02 1.350000488281250000e+03
3.633199715614318848e+01 5.160000000000000142e+00 6.800000369548797607e-02 1.350000488281250000e+03
3.643900752067565918e+01 5.129999999999999893e+00 6.800000369548797607e-02 1.350000488281250000e+03
3.653399848937988281e+01 5.190000000000000391e+00 6.800000369548797607e-02 1.350000488281250000e+03
3.662499642372131348e+01 5.160000000000000142e+00 6.800000369548797607e-02 1.349973144531250000e+03
3.673199748992919922e+01 5.219999999999999751e+00 6.800000369548797607e-02 9.000003051757812500e+02
3.682299804687500000e+01 5.179999999999999716e+00 6.800000369548797607e-02 9.000003051757812500e+02
3.693999814987182617e+01 5.209999999999999964e+00 6.800000369548797607e-02 8.100057373046875000e+02
3.702500104904174805e+01 5.089999999999999858e+00 6.800000369548797607e-02 9.899949340820312500e+02
3.713800430297851562e+01 5.089999999999999858e+00 6.800000369548797607e-02 1.169984008789062500e+03
3.723200011253356934e+01 5.120000000000000107e+00 6.800000369548797607e-02 1.079934814453125000e+03
3.733999896049499512e+01 5.169999999999999929e+00 6.800000369548797607e-02 1.169984008789062500e+03
3.742999601364135742e+01 5.160000000000000142e+00 6.800000369548797607e-02 1.080044189453125000e+03
3.752499651908874512e+01 5.200000000000000178e+00 6.800000369548797607e-02 9.000549316406250000e+02
3.763300943374633789e+01 5.190000000000000391e+00 6.800000369548797607e-02 8.999456787109375000e+02
3.772199773788452148e+01 5.089999999999999858e+00 6.800000369548797607e-02 8.100057373046875000e+02
3.784000253677368164e+01 5.129999999999999893e+00 6.800000369548797607e-02 8.999456787109375000e+02
3.792899775505065918e+01 5.110000000000000320e+00 6.800000369548797607e-02 9.899949340820312500e+02
3.803700518608093262e+01 5.030000000000000249e+00 6.800000369548797607e-02 1.080044189453125000e+03
3.813199734687805176e+01 5.040000000000000036e+00 6.800000369548797607e-02 9.901042480468750000e+02
3.822199654579162598e+01 5.110000000000000320e+00 6.800000369548797607e-02 9.898856811523437500e+02
3.832899904251098633e+01 5.080000000000000071e+00 6.800000369548797607e-02 6.301258544921875000e+02
3.842399883270263672e+01 5.110000000000000320e+00 6.800000369548797607e-02 5.400767211914062500e+02
3.853700184822082520e+01 5.059999999999999609e+00 6.800000369548797607e-02 7.201751098632812500e+02
3.862199735641479492e+01 5.009999999999999787e+00 6.800000369548797607e-02 9.000549316406250000e+02
3.873799824714660645e+01 4.980000000000000426e+00 6.800000369548797607e-02 7.199565429687500000e+02
3.882999753952026367e+01 5.150000000000000355e+00 6.800000369548797607e-02 5.398581542968750000e+02
3.893699979782104492e+01 5.150000000000000355e+00 6.800000369548797607e-02 5.400767211914062500e+02
3.902800226211547852e+01 5.139999999999999680e+00 6.800000369548797607e-02 3.599782714843750000e+02
3.912199831008911133e+01 5.139999999999999680e+00 6.800000369548797607e-02 1.798798522949218750e+02
3.922999548912048340e+01 5.080000000000000071e+00 6.800000369548797607e-02 5.400767211914062500e+02
3.931999897956848145e+01 4.950000000000000178e+00 6.800000369548797607e-02 4.500274658203125000e+02
3.943700051307678223e+01 5.030000000000000249e+00 6.800000369548797607e-02 0.000000000000000000e+00
3.952299976348876953e+01 5.370000000000000107e+00 6.800000369548797607e-02 0.000000000000000000e+00
3.963500070571899414e+01 5.299999999999999822e+00 6.800000369548797607e-02 0.000000000000000000e+00
3.972999691963195801e+01 4.959999999999999964e+00 6.800000369548797607e-02 0.000000000000000000e+00
3.983799791336059570e+01 5.639999999999999680e+00 6.800000369548797607e-02 0.000000000000000000e+00
3.992699885368347168e+01 7.019999999999999574e+00 6.800000369548797607e-02 0.000000000000000000e+00
4.002199649810791016e+01 8.349999999999999645e+00 6.800000369548797607e-02 0.000000000000000000e+00
4.013399720191955566e+01 9.189999999999999503e+00 6.800000369548797607e-02 0.000000000000000000e+00
4.022600317001342773e+01 9.759999999999999787e+00 6.800000369548797607e-02 0.000000000000000000e+00
4.033700275421142578e+01 1.003999999999999915e+01 6.800000369548797607e-02 -9.004920959472656250e+01
4.042699909210205078e+01 1.033999999999999986e+01 3.200000151991844177e-02 -2.250137451171875000e+03
4.053399777412414551e+01 6.620000000000000107e+00 3.200000151991844177e-02 -2.609896972656250000e+03
4.062899947166442871e+01 5.070000000000000284e+00 3.200000151991844177e-02 -2.789995361328125000e+03
4.072000527381896973e+01 5.059999999999999609e+00 3.200000151991844177e-02 -3.060033691406250000e+03
4.082700061798095703e+01 4.950000000000000178e+00 3.200000151991844177e-02 -3.060033691406250000e+03
4.091800332069396973e+01 4.879999999999999893e+00 3.200000151991844177e-02 -2.879935302734375000e+03
4.103500127792358398e+01 4.959999999999999964e+00 3.200000151991844177e-02 -2.879989990234375000e+03
4.111999964714050293e+01 4.940000000000000391e+00 3.200000151991844177e-02 -2.879989990234375000e+03
4.123299765586853027e+01 4.919999999999999929e+00 3.200000151991844177e-02 -2.789995361328125000e+03
4.132700037956237793e+01 4.860000000000000320e+00 3.200000151991844177e-02 -2.879997070312500000e+03
4.143499708175659180e+01 4.879999999999999893e+00 3.200000151991844177e-02 -3.059979248046875000e+03
4.152499556541442871e+01 4.980000000000000426e+00 3.200000151991844177e-02 -3.150028320312500000e+03
4.161999917030334473e+01 5.059999999999999609e+00 3.200000151991844177e-02 -3.239913574218750000e+03
4.172799944877624512e+01 4.870000000000000107e+00 3.200000151991844177e-02 -3.060033691406250000e+03
4.183999991416931152e+01 4.820000000000000284e+00 3.200000151991844177e-02 -2.879935302734375000e+03
4.193501710891723633e+01 4.919999999999999929e+00 3.200000151991844177e-02 -2.699946289062500000e+03
4.202402329444885254e+01 4.889999999999999680e+00 3.200000151991844177e-02 -2.520066406250000000e+03
4.213199901580810547e+01 4.919999999999999929e+00 3.200000151991844177e-02 -2.249918945312500000e+03
4.222699904441833496e+01 4.769999999999999574e+00 3.200000151991844177e-02 -2.159869628906250000e+03
4.233899688720703125e+01 4.849999999999999645e+00 3.200000151991844177e-02 -1.979989868164062500e+03
4.242399883270263672e+01 4.839999999999999858e+00 3.200000151991844177e-02 -1.620011474609375000e+03
4.251900267601013184e+01 4.870000000000000107e+00 3.200000151991844177e-02 -1.530180786132812500e+03
4.263199853897094727e+01 4.929999999999999716e+00 3.200000151991844177e-02 -1.439913085937500000e+03
4.273899650573730469e+01 5.019999999999999574e+00 3.200000151991844177e-02 -1.350082397460937500e+03
4.283399963378906250e+01 4.910000000000000142e+00 3.200000151991844177e-02 -1.080153442382812500e+03
4.292500638961791992e+01 4.820000000000000284e+00 3.200000151991844177e-02 -1.080153442382812500e+03
4.303200078010559082e+01 4.830000000000000071e+00 3.200000151991844177e-02 -1.079716308593750000e+03
4.312299799919128418e+01 4.910000000000000142e+00 3.200000151991844177e-02 0.000000000000000000e+00
4.323999786376953125e+01 3.979999999999999982e+00 3.200000151991844177e-02 0.000000000000000000e+00
4.332499766349792480e+01 3.029999999999999805e+00 3.200000151991844177e-02 0.000000000000000000e+00
4.343799853324890137e+01 2.839999999999999858e+00 6.800000369548797607e-02 1.349863891601562500e+03
4.353199911117553711e+01 3.049999999999999822e+00 6.800000369548797607e-02 2.070039062500000000e+03
4.363399744033813477e+01 4.919999999999999929e+00 6.800000369548797607e-02 1.800109863281250000e+03
4.373000216484069824e+01 5.190000000000000391e+00 6.800000369548797607e-02 1.890159179687500000e+03
4.382499623298645020e+01 5.139999999999999680e+00 6.800000369548797607e-02 1.979989868164062500e+03
4.393299674987792969e+01 5.200000000000000178e+00 6.800000369548797607e-02 1.979989868164062500e+03
4.402199935913085938e+01 5.219999999999999751e+00 6.800000369548797607e-02 2.159869628906250000e+03
4.414000082015991211e+01 5.129999999999999893e+00 6.800000369548797607e-02 2.160088378906250000e+03
4.422899627685546875e+01 5.150000000000000355e+00 6.800000369548797607e-02 2.160088378906250000e+03
4.433700895309448242e+01 5.150000000000000355e+00 6.800000369548797607e-02 2.250137451171875000e+03
4.443204784393310547e+01 5.179999999999999716e+00 6.800000369548797607e-02 1.979989868164062500e+03
4.452200269699096680e+01 5.230000000000000426e+00 6.800000369548797607e-02 1.979989868164062500e+03
4.462899780273437500e+01 5.169999999999999929e+00 6.800000369548797607e-02 1.889940673828125000e+03
4.472400116920471191e+01 5.150000000000000355e+00 6.800000369548797607e-02 1.800000610351562500e+03
4.483699893951416016e+01 5.150000000000000355e+00 6.800000369548797607e-02 2.159979003906250000e+03
4.492199707031250000e+01 5.059999999999999609e+00 6.800000369548797607e-02 2.429962402343750000e+03
4.503899812698364258e+01 5.089999999999999858e+00 6.800000369548797607e-02 2.519984375000000000e+03
4.512999534606933594e+01 5.200000000000000178e+00 6.800000369548797607e-02 2.250000976562500000e+03
4.523699927330017090e+01 5.290000000000000036e+00 6.800000369548797607e-02 1.979999877929687500e+03
4.532800006866455078e+01 5.179999999999999716e+00 6.800000369548797607e-02 2.069998046875000000e+03
4.542199397087097168e+01 5.200000000000000178e+00 6.800000369548797607e-02 2.250000976562500000e+03
4.552999544143676758e+01 5.200000000000000178e+00 6.800000369548797607e-02 1.980044555664062500e+03
4.562000536918640137e+01 5.209999999999999964e+00 6.800000369548797607e-02 1.889995361328125000e+03
4.573699903488159180e+01 5.150000000000000355e+00 6.800000369548797607e-02 1.979989868164062500e+03
4.582299757003784180e+01 5.200000000000000178e+00 6.800000369548797607e-02 2.070039062500000000e+03
4.593499946594238281e+01 5.179999999999999716e+00 6.800000369548797607e-02 2.159979003906250000e+03
4.602999758720397949e+01 5.099999999999999645e+00 6.800000369548797607e-02 1.979989868164062500e+03
4.613799929618835449e+01 5.169999999999999929e+00 6.800000369548797607e-02 2.160088378906250000e+03
4.622708082199096680e+01 5.099999999999999645e+00 6.800000369548797607e-02 1.890159179687500000e+03
4.632199978828430176e+01 5.179999999999999716e+00 6.800000369548797607e-02 1.529962280273437500e+03
4.643399596214294434e+01 5.309999999999999609e+00 6.800000369548797607e-02 1.169984008789062500e+03
4.654001474380493164e+01 5.230000000000000426e+00 6.800000369548797607e-02 8.100057373046875000e+02
4.663700103759765625e+01 5.219999999999999751e+00 6.800000369548797607e-02 9.898856811523437500e+02
4.672699880599975586e+01 5.150000000000000355e+00 6.800000369548797607e-02 2.701476440429687500e+02
4.683399868011474609e+01 5.209999999999999964e+00 6.800000369548797607e-02 0.000000000000000000e+00
4.692899870872497559e+01 5.230000000000000426e+00 6.800000369548797607e-02 9.004920959472656250e+01
4.702000069618225098e+01 5.040000000000000036e+00 3.200000151991844177e-02 0.000000000000000000e+00
4.712699794769287109e+01 3.589999999999999858e+00 3.200000151991844177e-02 0.000000000000000000e+00
4.721799731254577637e+01 2.339999999999999858e+00 3.200000151991844177e-02 0.000000000000000000e+00
4.733499693870544434e+01 2.220000000000000195e+00 3.200000151991844177e-02 0.000000000000000000e+00
4.742000079154968262e+01 1.989999999999999991e+00 3.200000151991844177e-02 0.000000000000000000e+00
4.753299760818481445e+01 1.919999999999999929e+00 3.200000151991844177e-02 0.000000000000000000e+00
4.762699818611145020e+01 1.879999999999999893e+00 3.200000151991844177e-02 0.000000000000000000e+00
4.773499941825866699e+01 1.870000000000000107e+00 3.200000151991844177e-02 0.000000000000000000e+00
4.782499790191650391e+01 1.850000000000000089e+00 3.200000151991844177e-02 0.000000000000000000e+00
4.791999650001525879e+01 1.830000000000000071e+00 3.200000151991844177e-02 0.000000000000000000e+00
4.802800083160400391e+01 1.810000000000000053e+00 3.200000151991844177e-02 0.000000000000000000e+00
4.814001798629760742e+01 1.810000000000000053e+00 3.200000151991844177e-02 0.000000000000000000e+00
4.823501896858215332e+01 1.790000000000000036e+00 3.200000151991844177e-02 0.000000000000000000e+00
4.832399916648864746e+01 1.790000000000000036e+00 3.200000151991844177e-02 0.000000000000000000e+00
4.843200945854187012e+01 1.770000000000000018e+00 3.200000151991844177e-02 0.000000000000000000e+00
4.852699875831604004e+01 1.760000000000000009e+00 3.200000151991844177e-02 0.000000000000000000e+00
4.863899850845336914e+01 1.750000000000000000e+00 3.200000151991844177e-02 0.000000000000000000e+00
4.872400116920471191e+01 1.739999999999999991e+00 3.200000151991844177e-02 0.000000000000000000e+00
4.881899619102478027e+01 1.739999999999999991e+00 3.200000151991844177e-02 0.000000000000000000e+00
4.893199992179870605e+01 1.729999999999999982e+00 3.200000151991844177e-02 0.000000000000000000e+00
4.903899812698364258e+01 1.719999999999999973e+00 3.200000151991844177e-02 0.000000000000000000e+00
4.913399958610534668e+01 1.719999999999999973e+00 3.200000151991844177e-02 0.000000000000000000e+00
4.922499704360961914e+01 1.719999999999999973e+00 3.200000151991844177e-02 0.000000000000000000e+00
4.933200049400329590e+01 1.719999999999999973e+00 3.200000151991844177e-02 0.000000000000000000e+00
4.942299985885620117e+01 1.719999999999999973e+00 3.200000151991844177e-02 0.000000000000000000e+00
4.954000234603881836e+01 1.719999999999999973e+00 3.200000151991844177e-02 0.000000000000000000e+00
4.962500643730163574e+01 1.719999999999999973e+00 3.200000151991844177e-02 0.000000000000000000e+00
4.973799538612365723e+01 1.719999999999999973e+00 3.200000151991844177e-02 0.000000000000000000e+00
4.983200049400329590e+01 1.709999999999999964e+00 3.200000151991844177e-02 0.000000000000000000e+00
4.993899703025817871e+01 1.709999999999999964e+00 3.200000151991844177e-02 0.000000000000000000e+00
5.002999877929687500e+01 1.709999999999999964e+00 3.200000151991844177e-02 0.000000000000000000e+00
5.012499833106994629e+01 1.699999999999999956e+00 3.200000151991844177e-02 0.000000000000000000e+00
5.023298954963684082e+01 1.699999999999999956e+00 3.200000151991844177e-02 0.000000000000000000e+00
5.032199788093566895e+01 1.699999999999999956e+00 3.200000151991844177e-02 0.000000000000000000e+00
5.043999934196472168e+01 1.699999999999999956e+00 3.200000151991844177e-02 0.000000000000000000e+00
5.052899765968322754e+01 1.689999999999999947e+00 3.200000151991844177e-02 0.000000000000000000e+00
