1.091217994689941406e-02 2.540000000000000036e+00 4.500000178813934326e-02 0.000000000000000000e+00
1.109111309051513672e-01 2.549999999999999822e+00 4.500000178813934326e-02 0.000000000000000000e+00
2.069127559661865234e-01 2.589999999999999858e+00 4.500000178813934326e-02 0.000000000000000000e+00
3.009133338928222656e-01 2.720000000000000195e+00 4.500000178813934326e-02 0.000000000000000000e+00
3.919687271118164062e-01 2.970000000000000195e+00 4.500000178813934326e-02 0.000000000000000000e+00
4.989140033721923828e-01 3.379999999999999893e+00 4.500000178813934326e-02 0.000000000000000000e+00
5.899114608764648438e-01 3.890000000000000124e+00 4.500000178813934326e-02 0.000000000000000000e+00
7.069120407104492188e-01 4.129999999999999893e+00 4.500000178813934326e-02 0.000000000000000000e+00
7.919778823852539062e-01 4.290000000000000036e+00 4.500000178813934326e-02 0.000000000000000000e+00
9.049155712127685547e-01 4.209999999999999964e+00 4.500000178813934326e-02 0.000000000000000000e+00
9.989099502563476562e-01 4.400000000000000355e+00 4.500000178813934326e-02 0.000000000000000000e+00
1.106912851333618164e+00 4.759999999999999787e+00 4.500000178813934326e-02 0.000000000000000000e+00
1.196920871734619141e+00 5.129999999999999893e+00 4.500000178813934326e-02 0.000000000000000000e+00
1.291952371597290039e+00 5.480000000000000426e+00 4.500000178813934326e-02 0.000000000000000000e+00
1.399959564208984375e+00 5.879999999999999893e+00 4.500000178813934326e-02 0.000000000000000000e+00
1.510909557342529297e+00 6.129999999999999893e+00 4.500000178813934326e-02 -1.799891357421875000e+02
1.606911897659301758e+00 6.240000000000000213e+00 4.500000178813934326e-02 -2.700383605957031250e+02
1.695964097976684570e+00 6.080000000000000071e+00 4.500000178813934326e-02 -8.999456787109375000e+01
1.803968429565429688e+00 6.179999999999999716e+00 4.500000178813934326e-02 -1.799891357421875000e+02
1.898910999298095703e+00 6.219999999999999751e+00 4.500000178813934326e-02 -8.999456787109375000e+01
2.010912418365478516e+00 6.349999999999999645e+00 4.500000178813934326e-02 -8.999456787109375000e+01
2.096911430358886719e+00 6.509999999999999787e+00 4.500000178813934326e-02 -5.400220947265625000e+02
2.190913677215576172e+00 5.839999999999999858e+00 4.500000178813934326e-02 -1.799891357421875000e+02
2.303958654403686523e+00 6.059999999999999609e+00 4.500000178813934326e-02 -3.600055847167968750e+02
2.394912958145141602e+00 6.099999999999999645e+00 4.500000178813934326e-02 -5.400220947265625000e+02
2.505913019180297852e+00 6.070000000000000284e+00 4.500000178813934326e-02 -6.299892578125000000e+02
2.596913099288940430e+00 6.009999999999999787e+00 4.500000178813934326e-02 -5.400220947265625000e+02
2.703972101211547852e+00 6.169999999999999929e+00 4.500000178813934326e-02 -5.399947509765625000e+02
2.794915676116943359e+00 6.269999999999999574e+00 4.500000178813934326e-02 -4.500001525878906250e+02
2.903961420059204102e+00 6.500000000000000000e+00 4.500000178813934326e-02 -5.399947509765625000e+02
2.996912956237792969e+00 6.570000000000000284e+00 4.500000178813934326e-02 -5.400015869140625000e+02
3.109909057617187500e+00 6.540000000000000036e+00 4.500000178813934326e-02 -6.300001220703125000e+02
3.203973531723022461e+00 6.500000000000000000e+00 4.500000178813934326e-02 -7.200043334960937500e+02
3.310928106307983398e+00 6.379999999999999893e+00 4.500000178813934326e-02 -5.399947509765625000e+02
3.401903152465820312e+00 6.400000000000000355e+00 4.500000178813934326e-02 -6.299892578125000000e+02
3.496911287307739258e+00 6.330000000000000071e+00 4.500000178813934326e-02 -8.100057373046875000e+02
3.604907274246215820e+00 6.299999999999999822e+00 4.500000178813934326e-02 -5.399947509765625000e+02
3.693915843963623047e+00 6.320000000000000284e+00 4.500000178813934326e-02 -3.600055847167968750e+02
3.810902357101440430e+00 6.370000000000000107e+00 4.500000178813934326e-02 -2.700110473632812500e+02
3.900918006896972656e+00 6.320000000000000284e+00 4.500000178813934326e-02 -3.600055847167968750e+02
4.008913993835449219e+00 6.209999999999999964e+00 4.500000178813934326e-02 -2.699837036132812500e+02
4.103963375091552734e+00 6.219999999999999751e+00 4.500000178813934326e-02 -1.800437774658203125e+02
4.193915128707885742e+00 6.410000000000000142e+00 4.500000178813934326e-02 -2.699837036132812500e+02
4.301912307739257812e+00 6.389999999999999680e+00 4.500000178813934326e-02 -2.699837036132812500e+02
4.395957946777343750e+00 6.459999999999999964e+00 4.500000178813934326e-02 -4.499728393554687500e+02
4.508912563323974609e+00 6.339999999999999858e+00 4.500000178813934326e-02 -4.499728393554687500e+02
4.593914031982421875e+00 6.370000000000000107e+00 4.500000178813934326e-02 -5.399674072265625000e+02
4.710913658142089844e+00 6.400000000000000355e+00 4.500000178813934326e-02 -5.399674072265625000e+02
4.801902294158935547e+00 6.320000000000000284e+00 4.500000178813934326e-02 -4.499728393554687500e+02
4.908910989761352539e+00 6.370000000000000107e+00 4.500000178813934326e-02 -8.999456787109375000e+01
4.999969959259033203e+00 6.580000000000000071e+00 4.500000178813934326e-02 -1.799891357421875000e+02
5.093917846679687500e+00 6.549999999999999822e+00 4.500000178813934326e-02 -2.699837036132812500e+02
5.201911926269531250e+00 6.580000000000000071e+00 4.500000178813934326e-02 -2.699837036132812500e+02
5.291968345642089844e+00 6.610000000000000320e+00 4.500000178813934326e-02 -1.799891357421875000e+02
5.408914566040039062e+00 6.639999999999999680e+00 4.500000178813934326e-02 -3.600328979492187500e+02
5.494914293289184570e+00 6.469999999999999751e+00 4.500000178813934326e-02 -1.799891357421875000e+02
5.606911897659301758e+00 6.509999999999999787e+00 4.500000178813934326e-02 -2.699290771484375000e+02
5.701995134353637695e+00 6.469999999999999751e+00 4.500000178813934326e-02 -3.599782714843750000e+02
5.810023069381713867e+00 6.589999999999999858e+00 4.500000178813934326e-02 -2.700383605957031250e+02
5.898917436599731445e+00 6.620000000000000107e+00 4.500000178813934326e-02 -2.700383605957031250e+02
5.993913173675537109e+00 6.589999999999999858e+00 4.500000178813934326e-02 -3.599782714843750000e+02
6.105912685394287109e+00 6.610000000000000320e+00 4.500000178813934326e-02 -4.500274658203125000e+02
6.191967725753784180e+00 6.530000000000000249e+00 4.500000178813934326e-02 -3.599782714843750000e+02
6.308913946151733398e+00 6.700000000000000178e+00 4.500000178813934326e-02 -3.599782714843750000e+02
6.398910760879516602e+00 6.809999999999999609e+00 4.500000178813934326e-02 -1.799891357421875000e+02
6.506914377212524414e+00 6.780000000000000249e+00 0.000000000000000000e+00 -9.004920959472656250e+01
6.600921154022216797e+00 6.349999999999999645e+00 4.500000178813934326e-02 0.000000000000000000e+00
6.691975116729736328e+00 7.219999999999999751e+00 4.500000178813934326e-02 0.000000000000000000e+00
6.798913002014160156e+00 7.320000000000000284e+00 4.500000178813934326e-02 0.000000000000000000e+00
6.889911413192749023e+00 7.570000000000000284e+00 4.500000178813934326e-02 -2.700383605957031250e+02
7.006909608840942383e+00 6.919999999999999929e+00 4.500000178813934326e-02 -8.100057373046875000e+02
7.091959238052368164e+00 6.429999999999999716e+00 4.500000178813934326e-02 -4.500274658203125000e+02
7.204913377761840820e+00 6.530000000000000249e+00 4.500000178813934326e-02 -1.799891357421875000e+02
7.298911094665527344e+00 6.639999999999999680e+00 4.500000178813934326e-02 -5.399674072265625000e+02
7.406920433044433594e+00 6.509999999999999787e+00 4.500000178813934326e-02 -5.400767211914062500e+02
7.496912240982055664e+00 6.490000000000000213e+00 4.500000178813934326e-02 -5.399674072265625000e+02
7.591964960098266602e+00 6.490000000000000213e+00 4.500000178813934326e-02 -4.500274658203125000e+02
7.699962615966796875e+00 6.410000000000000142e+00 4.500000178813934326e-02 -5.400767211914062500e+02
7.810904026031494141e+00 6.379999999999999893e+00 4.500000178813934326e-02 -3.599782714843750000e+02
7.906911611557006836e+00 6.549999999999999822e+00 4.500000178813934326e-02 -3.600875549316406250e+02
7.995971679687500000e+00 6.540000000000000036e+00 4.500000178813934326e-02 -4.500274658203125000e+02
8.103970050811767578e+00 6.490000000000000213e+00 4.500000178813934326e-02 -5.400767211914062500e+02
8.198913335800170898e+00 6.360000000000000320e+00 4.500000178813934326e-02 -5.398581542968750000e+02
8.310915470123291016e+00 6.290000000000000036e+00 4.500000178813934326e-02 -3.599782714843750000e+02
8.396912813186645508e+00 6.419999999999999929e+00 4.500000178813934326e-02 -3.599782714843750000e+02
8.490913391113281250e+00 6.440000000000000391e+00 4.500000178813934326e-02 -2.701476440429687500e+02
8.603961229324340820e+00 6.500000000000000000e+00 4.500000178813934326e-02 -4.500274658203125000e+02
8.710910797119140625e+00 6.519999999999999574e+00 4.500000178813934326e-02 -3.599782714843750000e+02
8.805913925170898438e+00 6.480000000000000426e+00 4.500000178813934326e-02 -1.798798522949218750e+02
8.896915197372436523e+00 6.620000000000000107e+00 4.500000178813934326e-02 -2.699290771484375000e+02
9.003964185714721680e+00 6.589999999999999858e+00 4.500000178813934326e-02 -5.398581542968750000e+02
9.094915866851806641e+00 6.480000000000000426e+00 4.500000178813934326e-02 -2.699290771484375000e+02
9.195955991744995117e+00 6.400000000000000355e+00 4.500000178813934326e-02 -1.798798522949218750e+02
9.296912670135498047e+00 6.639999999999999680e+00 4.500000178813934326e-02 0.000000000000000000e+00
9.409911870956420898e+00 6.750000000000000000e+00 4.500000178813934326e-02 0.000000000000000000e+00
9.503964900970458984e+00 7.070000000000000284e+00 4.500000178813934326e-02 0.000000000000000000e+00
9.596912622451782227e+00 7.370000000000000107e+00 4.500000178813934326e-02 0.000000000000000000e+00
9.701913356781005859e+00 7.200000000000000178e+00 4.500000178813934326e-02 -3.599782714843750000e+02
9.796912908554077148e+00 6.450000000000000178e+00 4.500000178813934326e-02 -3.599782714843750000e+02
9.904916048049926758e+00 6.469999999999999751e+00 4.500000178813934326e-02 -5.398581542968750000e+02
9.993912696838378906e+00 6.480000000000000426e+00 4.500000178813934326e-02 -4.500274658203125000e+02
1.008891320228576660e+01 6.490000000000000213e+00 4.500000178813934326e-02 -4.500274658203125000e+02
1.019891047477722168e+01 6.620000000000000107e+00 4.500000178813934326e-02 -3.599782714843750000e+02
1.027891063690185547e+01 6.650000000000000355e+00 4.500000178813934326e-02 -3.599782714843750000e+02
1.039891338348388672e+01 6.620000000000000107e+00 4.500000178813934326e-02 -3.601968383789062500e+02
1.050491499900817871e+01 6.620000000000000107e+00 4.500000178813934326e-02 -3.599782714843750000e+02
1.059891057014465332e+01 6.589999999999999858e+00 4.500000178813934326e-02 -3.599782714843750000e+02
1.068991827964782715e+01 6.669999999999999929e+00 4.500000178813934326e-02 -5.400767211914062500e+02
1.080191087722778320e+01 6.450000000000000178e+00 4.500000178813934326e-02 -6.299072875976562500e+02
1.090891075134277344e+01 6.339999999999999858e+00 4.500000178813934326e-02 -6.299072875976562500e+02
1.100291419029235840e+01 6.429999999999999716e+00 4.500000178813934326e-02 -7.199565429687500000e+02
1.109391355514526367e+01 6.410000000000000142e+00 4.500000178813934326e-02 -6.301258544921875000e+02
1.120691084861755371e+01 6.299999999999999822e+00 4.500000178813934326e-02 -6.301258544921875000e+02
1.129597282409667969e+01 6.389999999999999680e+00 4.500000178813934326e-02 -4.500274658203125000e+02
1.140691113471984863e+01 6.419999999999999929e+00 4.500000178813934326e-02 -5.400767211914062500e+02
1.149791240692138672e+01 6.339999999999999858e+00 4.500000178813934326e-02 -4.500274658203125000e+02
1.161196732521057129e+01 6.410000000000000142e+00 4.500000178813934326e-02 -6.301258544921875000e+02
1.170190382003784180e+01 6.410000000000000142e+00 4.500000178813934326e-02 -5.400767211914062500e+02
1.178990983963012695e+01 6.370000000000000107e+00 4.500000178813934326e-02 -4.500274658203125000e+02
1.190291237831115723e+01 6.370000000000000107e+00 4.500000178813934326e-02 -4.500274658203125000e+02
1.199491357803344727e+01 6.429999999999999716e+00 4.500000178813934326e-02 -5.400767211914062500e+02
1.210591125488281250e+01 6.459999999999999964e+00 4.500000178813934326e-02 -5.400767211914062500e+02
1.219596266746520996e+01 6.429999999999999716e+00 4.500000178813934326e-02 -6.299072875976562500e+02
1.230796170234680176e+01 6.620000000000000107e+00 4.500000178813934326e-02 -4.500274658203125000e+02
1.239791154861450195e+01 6.580000000000000071e+00 4.500000178813934326e-02 -2.699290771484375000e+02
1.250990343093872070e+01 6.669999999999999929e+00 4.500000178813934326e-02 0.000000000000000000e+00
1.259996700286865234e+01 7.110000000000000320e+00 4.500000178813934326e-02 0.000000000000000000e+00
1.268990349769592285e+01 7.269999999999999574e+00 4.500000178813934326e-02 0.000000000000000000e+00
1.280491542816162109e+01 7.400000000000000355e+00 4.500000178813934326e-02 -7.201751098632812500e+02
1.289294934272766113e+01 6.690000000000000391e+00 4.500000178813934326e-02 -8.100057373046875000e+02
1.300591015815734863e+01 6.629999999999999893e+00 4.500000178813934326e-02 -5.398581542968750000e+02
1.309492897987365723e+01 6.679999999999999716e+00 4.500000178813934326e-02 -5.398581542968750000e+02
1.320691156387329102e+01 6.780000000000000249e+00 4.500000178813934326e-02 -8.100057373046875000e+02
1.329790401458740234e+01 6.730000000000000426e+00 4.500000178813934326e-02 -6.299072875976562500e+02
1.340891718864440918e+01 6.690000000000000391e+00 4.500000178813934326e-02 -8.996177978515625000e+02
1.349995541572570801e+01 6.639999999999999680e+00 4.500000178813934326e-02 -7.199565429687500000e+02
1.359196543693542480e+01 6.469999999999999751e+00 4.500000178813934326e-02 -6.303444213867187500e+02
1.370491480827331543e+01 6.500000000000000000e+00 4.500000178813934326e-02 -3.601968383789062500e+02
1.379391431808471680e+01 6.540000000000000036e+00 4.500000178813934326e-02 -9.004920959472656250e+01
1.390796542167663574e+01 6.830000000000000071e+00 4.500000178813934326e-02 -2.701476440429687500e+02
1.399791169166564941e+01 6.700000000000000178e+00 4.500000178813934326e-02 -7.199565429687500000e+02
1.410891485214233398e+01 6.620000000000000107e+00 4.500000178813934326e-02 -8.100057373046875000e+02
1.419791173934936523e+01 6.509999999999999787e+00 4.500000178813934326e-02 -5.398581542968750000e+02
1.431091046333312988e+01 6.639999999999999680e+00 4.500000178813934326e-02 -6.303444213867187500e+02
1.440591192245483398e+01 6.629999999999999893e+00 4.500000178813934326e-02 -4.498088989257812500e+02
1.449596047401428223e+01 6.719999999999999751e+00 4.500000178813934326e-02 0.000000000000000000e+00
1.460396885871887207e+01 7.150000000000000355e+00 4.500000178813934326e-02 -4.502460327148437500e+02
1.469291162490844727e+01 6.870000000000000107e+00 4.500000178813934326e-02 -3.597597045898437500e+02
1.480691075325012207e+01 6.669999999999999929e+00 4.500000178813934326e-02 -9.004920959472656250e+01
1.490091133117675781e+01 7.150000000000000355e+00 4.500000178813934326e-02 -9.004920959472656250e+01
1.499091291427612305e+01 7.019999999999999574e+00 4.500000178813934326e-02 -5.402952880859375000e+02
1.509996581077575684e+01 6.790000000000000036e+00 4.500000178813934326e-02 -2.701476440429687500e+02
1.519491553306579590e+01 6.919999999999999929e+00 4.500000178813934326e-02 -1.259814575195312500e+03
1.530591392517089844e+01 6.360000000000000320e+00 4.500000178813934326e-02 0.000000000000000000e+00
1.539195942878723145e+01 7.240000000000000213e+00 4.500000178813934326e-02 -1.796612854003906250e+02
1.550991153717041016e+01 7.459999999999999964e+00 4.500000178813934326e-02 -1.169765380859375000e+03
1.559891319274902344e+01 6.820000000000000284e+00 4.500000178813934326e-02 -1.259814575195312500e+03
1.570691084861755371e+01 6.759999999999999787e+00 4.500000178813934326e-02 -8.100057373046875000e+02
1.580191111564636230e+01 6.889999999999999680e+00 4.500000178813934326e-02 -5.398581542968750000e+02
1.589195919036865234e+01 6.980000000000000426e+00 4.500000178813934326e-02 -4.502460327148437500e+02
1.599891161918640137e+01 7.040000000000000036e+00 4.500000178813934326e-02 -6.299072875976562500e+02
1.609391403198242188e+01 6.950000000000000178e+00 4.500000178813934326e-02 -2.697105102539062500e+02
1.620691037178039551e+01 6.980000000000000426e+00 4.500000178813934326e-02 -3.601968383789062500e+02
1.629197072982788086e+01 7.089999999999999858e+00 4.500000178813934326e-02 -3.597597045898437500e+02
1.640892291069030762e+01 6.879999999999999893e+00 4.500000178813934326e-02 -3.601968383789062500e+02
1.649891185760498047e+01 7.000000000000000000e+00 4.500000178813934326e-02 -6.299072875976562500e+02
1.660691118240356445e+01 7.059999999999999609e+00 4.500000178813934326e-02 -7.199565429687500000e+02
1.670092129707336426e+01 6.849999999999999645e+00 4.500000178813934326e-02 -7.199565429687500000e+02
1.679197025299072266e+01 6.349999999999999645e+00 4.500000178813934326e-02 -6.299072875976562500e+02
1.690291786193847656e+01 6.820000000000000284e+00 4.500000178813934326e-02 -3.601968383789062500e+02
1.698991060256958008e+01 6.790000000000000036e+00 4.500000178813934326e-02 -2.701476440429687500e+02
1.710691046714782715e+01 6.820000000000000284e+00 4.500000178813934326e-02 -4.502460327148437500e+02
1.719596886634826660e+01 6.459999999999999964e+00 4.500000178813934326e-02 0.000000000000000000e+00
1.730491447448730469e+01 6.179999999999999716e+00 4.500000178813934326e-02 0.000000000000000000e+00
1.739996576309204102e+01 6.480000000000000426e+00 4.500000178813934326e-02 0.000000000000000000e+00
1.751092410087585449e+01 6.769999999999999574e+00 4.500000178813934326e-02 0.000000000000000000e+00
1.759691238403320312e+01 6.339999999999999858e+00 4.500000178813934326e-02 0.000000000000000000e+00
1.769195842742919922e+01 4.780000000000000249e+00 4.500000178813934326e-02 0.000000000000000000e+00
1.780396771430969238e+01 3.660000000000000142e+00 4.500000178813934326e-02 2.697105102539062500e+02
1.791091370582580566e+01 3.490000000000000213e+00 4.500000178813934326e-02 5.398581542968750000e+02
1.800691127777099609e+01 3.569999999999999840e+00 4.500000178813934326e-02 -1.796612854003906250e+02
1.809690475463867188e+01 3.450000000000000178e+00 4.500000178813934326e-02 1.800984191894531250e+02
1.820396780967712402e+01 3.540000000000000036e+00 4.500000178813934326e-02 3.601968383789062500e+02
1.829891014099121094e+01 3.540000000000000036e+00 4.500000178813934326e-02 3.597597045898437500e+02
1.839595723152160645e+01 3.589999999999999858e+00 4.500000178813934326e-02 3.597597045898437500e+02
1.849691200256347656e+01 3.589999999999999858e+00 4.500000178813934326e-02 1.800984191894531250e+02
1.859091734886169434e+01 3.609999999999999876e+00 4.500000178813934326e-02 2.701476440429687500e+02
1.870396018028259277e+01 3.569999999999999840e+00 4.500000178813934326e-02 4.498088989257812500e+02
1.881091046333312988e+01 3.580000000000000071e+00 4.500000178813934326e-02 3.601968383789062500e+02
1.890591192245483398e+01 3.669999999999999929e+00 4.500000178813934326e-02 2.697105102539062500e+02
1.899691176414489746e+01 3.600000000000000089e+00 4.500000178813934326e-02 4.502460327148437500e+02
1.910795497894287109e+01 3.629999999999999893e+00 4.500000178813934326e-02 9.004920959472656250e+01
1.919491219520568848e+01 3.580000000000000071e+00 4.500000178813934326e-02 0.000000000000000000e+00
1.931090307235717773e+01 3.379999999999999893e+00 4.500000178813934326e-02 0.000000000000000000e+00
1.940091204643249512e+01 3.370000000000000107e+00 4.500000178813934326e-02 1.800984191894531250e+02
1.950991749763488770e+01 3.490000000000000213e+00 4.500000178813934326e-02 4.502460327148437500e+02
1.960492157936096191e+01 3.569999999999999840e+00 4.500000178813934326e-02 3.597597045898437500e+02
1.969391393661499023e+01 3.589999999999999858e+00 4.500000178813934326e-02 2.701476440429687500e+02
1.980191230773925781e+01 3.580000000000000071e+00 4.500000178813934326e-02 1.800984191894531250e+02
1.989691209793090820e+01 3.620000000000000107e+00 4.500000178813934326e-02 2.697105102539062500e+02
2.000891447067260742e+01 3.660000000000000142e+00 4.500000178813934326e-02 3.601968383789062500e+02
2.009393000602722168e+01 3.700000000000000178e+00 4.500000178813934326e-02 2.701476440429687500e+02
2.021091175079345703e+01 3.709999999999999964e+00 4.500000178813934326e-02 3.601968383789062500e+02
2.030191373825073242e+01 3.700000000000000178e+00 4.500000178813934326e-02 2.697105102539062500e+02
2.040891242027282715e+01 3.799999999999999822e+00 4.500000178813934326e-02 3.597597045898437500e+02
2.050396466255187988e+01 3.779999999999999805e+00 4.500000178813934326e-02 4.498088989257812500e+02
2.059391427040100098e+01 3.709999999999999964e+00 4.500000178813934326e-02 6.299072875976562500e+02
2.070191168785095215e+01 3.660000000000000142e+00 4.500000178813934326e-02 9.000549316406250000e+02
2.079596233367919922e+01 3.700000000000000178e+00 4.500000178813934326e-02 5.402952880859375000e+02
2.090891361236572266e+01 3.700000000000000178e+00 4.500000178813934326e-02 3.601968383789062500e+02
2.099791169166564941e+01 3.720000000000000195e+00 4.500000178813934326e-02 0.000000000000000000e+00
2.111091327667236328e+01 3.649999999999999911e+00 4.500000178813934326e-02 1.800984191894531250e+02
2.120191192626953125e+01 3.660000000000000142e+00 4.500000178813934326e-02 5.398581542968750000e+02
2.129091382026672363e+01 3.709999999999999964e+00 4.500000178813934326e-02 2.697105102539062500e+02
2.139996075630187988e+01 3.700000000000000178e+00 0.000000000000000000e+00 -2.697105102539062500e+02
2.149491524696350098e+01 3.189999999999999947e+00 4.500000178813934326e-02 0.000000000000000000e+00
2.160591197013854980e+01 4.059999999999999609e+00 4.500000178813934326e-02 0.000000000000000000e+00
2.169196248054504395e+01 3.870000000000000107e+00 4.500000178813934326e-02 0.000000000000000000e+00
2.180991220474243164e+01 3.839999999999999858e+00 4.500000178813934326e-02 9.004920959472656250e+01
2.189891123771667480e+01 3.770000000000000018e+00 4.500000178813934326e-02 9.004920959472656250e+01
2.200691223144531250e+01 3.529999999999999805e+00 4.500000178813934326e-02 3.597597045898437500e+02
2.210191154479980469e+01 3.609999999999999876e+00 4.500000178813934326e-02 5.398581542968750000e+02
2.219196963310241699e+01 3.680000000000000160e+00 4.500000178813934326e-02 4.502460327148437500e+02
2.229891157150268555e+01 3.629999999999999893e+00 4.500000178813934326e-02 4.498088989257812500e+02
2.239391374588012695e+01 3.700000000000000178e+00 4.500000178813934326e-02 1.800984191894531250e+02
2.250691080093383789e+01 3.609999999999999876e+00 4.500000178813934326e-02 5.402952880859375000e+02
2.259195661544799805e+01 3.649999999999999911e+00 4.500000178813934326e-02 4.502460327148437500e+02
2.270891499519348145e+01 3.640000000000000124e+00 4.500000178813934326e-02 4.498088989257812500e+02
2.279892826080322266e+01 3.609999999999999876e+00 4.500000178813934326e-02 3.601968383789062500e+02
2.290691161155700684e+01 3.620000000000000107e+00 4.500000178813934326e-02 3.601968383789062500e+02
2.300091314315795898e+01 3.640000000000000124e+00 4.500000178813934326e-02 3.601968383789062500e+02
2.309196448326110840e+01 3.680000000000000160e+00 4.500000178813934326e-02 3.601968383789062500e+02
2.320291948318481445e+01 3.689999999999999947e+00 4.500000178813934326e-02 4.498088989257812500e+02
2.328991556167602539e+01 3.680000000000000160e+00 4.500000178813934326e-02 4.498088989257812500e+02
2.340690374374389648e+01 3.669999999999999929e+00 4.500000178813934326e-02 4.498088989257812500e+02
2.349595928192138672e+01 3.680000000000000160e+00 4.500000178813934326e-02 5.398581542968750000e+02
2.360491585731506348e+01 3.689999999999999947e+00 4.500000178813934326e-02 3.597597045898437500e+02
2.369995737075805664e+01 3.740000000000000213e+00 4.500000178813934326e-02 2.701476440429687500e+02
2.380990242958068848e+01 3.779999999999999805e+00 4.500000178813934326e-02 2.701476440429687500e+02
2.389691543579101562e+01 3.729999999999999982e+00 4.500000178813934326e-02 5.402952880859375000e+02
2.399197316169738770e+01 3.779999999999999805e+00 4.500000178813934326e-02 6.299072875976562500e+02
2.410396862030029297e+01 3.759999999999999787e+00 4.500000178813934326e-02 5.398581542968750000e+02
2.421092510223388672e+01 3.770000000000000018e+00 4.500000178813934326e-02 2.701476440429687500e+02
2.430694031715393066e+01 3.770000000000000018e+00 4.500000178813934326e-02 3.601968383789062500e+02
2.439691972732543945e+01 3.689999999999999947e+00 4.500000178813934326e-02 1.796612854003906250e+02
2.450395917892456055e+01 3.729999999999999982e+00 4.500000178813934326e-02 3.601968383789062500e+02
2.459891438484191895e+01 3.709999999999999964e+00 4.500000178813934326e-02 4.502460327148437500e+02
2.470890688896179199e+01 3.720000000000000195e+00 4.500000178813934326e-02 3.599782714843750000e+02
2.479690885543823242e+01 3.740000000000000213e+00 4.500000178813934326e-02 2.701476440429687500e+02
2.489091849327087402e+01 3.740000000000000213e+00 4.500000178813934326e-02 1.798798522949218750e+02
2.500398111343383789e+01 3.680000000000000160e+00 4.500000178813934326e-02 1.800984191894531250e+02
2.509291434288024902e+01 3.680000000000000160e+00 4.500000178813934326e-02 3.599782714843750000e+02
2.520591330528259277e+01 3.770000000000000018e+00 4.500000178813934326e-02 2.699290771484375000e+02
2.529691267013549805e+01 3.709999999999999964e+00 4.500000178813934326e-02 4.500274658203125000e+02
2.540796709060668945e+01 3.750000000000000000e+00 4.500000178813934326e-02 3.599782714843750000e+02
2.549491429328918457e+01 3.700000000000000178e+00 4.500000178813934326e-02 4.500274658203125000e+02
2.561091089248657227e+01 3.729999999999999982e+00 4.500000178813934326e-02 5.400767211914062500e+02
2.570091152191162109e+01 3.729999999999999982e+00 4.500000178813934326e-02 3.601968383789062500e+02
2.580991125106811523e+01 3.799999999999999822e+00 4.500000178813934326e-02 2.699290771484375000e+02
2.590491414070129395e+01 3.779999999999999805e+00 4.500000178813934326e-02 2.699290771484375000e+02
2.599391484260559082e+01 3.830000000000000071e+00 4.500000178813934326e-02 2.699290771484375000e+02
2.610191130638122559e+01 3.750000000000000000e+00 4.500000178813934326e-02 2.699290771484375000e+02
2.619691371917724609e+01 3.750000000000000000e+00 4.500000178813934326e-02 5.398581542968750000e+02
2.630891942977905273e+01 3.830000000000000071e+00 4.500000178813934326e-02 6.299072875976562500e+02
2.639391350746154785e+01 3.810000000000000053e+00 4.500000178813934326e-02 6.299072875976562500e+02
2.651091122627258301e+01 3.830000000000000071e+00 4.500000178813934326e-02 5.398581542968750000e+02
2.660191798210144043e+01 3.859999999999999876e+00 4.500000178813934326e-02 2.699290771484375000e+02
2.670891118049621582e+01 3.870000000000000107e+00 4.500000178813934326e-02 1.798798522949218750e+02
2.680396056175231934e+01 3.839999999999999858e+00 4.500000178813934326e-02 0.000000000000000000e+00
2.689391374588012695e+01 3.759999999999999787e+00 4.500000178813934326e-02 0.000000000000000000e+00
2.700191092491149902e+01 3.700000000000000178e+00 4.500000178813934326e-02 0.000000000000000000e+00
2.709595775604248047e+01 3.790000000000000036e+00 4.500000178813934326e-02 3.599782714843750000e+02
2.720891404151916504e+01 3.810000000000000053e+00 4.500000178813934326e-02 4.500274658203125000e+02
2.729791092872619629e+01 3.759999999999999787e+00 4.500000178813934326e-02 6.299072875976562500e+02
2.741091179847717285e+01 3.799999999999999822e+00 4.500000178813934326e-02 3.599782714843750000e+02
2.750191140174865723e+01 3.779999999999999805e+00 4.500000178813934326e-02 3.599782714843750000e+02
2.759091067314147949e+01 3.750000000000000000e+00 4.500000178813934326e-02 4.500274658203125000e+02
2.769997835159301758e+01 3.729999999999999982e+00 4.500000178813934326e-02 6.301258544921875000e+02
2.779491591453552246e+01 3.750000000000000000e+00 4.500000178813934326e-02 5.400767211914062500e+02
2.790591168403625488e+01 3.779999999999999805e+00 4.500000178813934326e-02 4.500274658203125000e+02
2.799196648597717285e+01 3.810000000000000053e+00 4.500000178813934326e-02 4.498088989257812500e+02
2.810991048812866211e+01 3.779999999999999805e+00 4.500000178813934326e-02 4.500274658203125000e+02
2.819891309738159180e+01 3.799999999999999822e+00 4.500000178813934326e-02 4.500274658203125000e+02
2.830691123008728027e+01 3.779999999999999805e+00 4.500000178813934326e-02 4.500274658203125000e+02
2.840190386772155762e+01 3.779999999999999805e+00 4.500000178813934326e-02 5.400767211914062500e+02
2.849197030067443848e+01 3.810000000000000053e+00 4.500000178813934326e-02 4.500274658203125000e+02
2.859891152381896973e+01 3.799999999999999822e+00 4.500000178813934326e-02 2.701476440429687500e+02
2.869391655921936035e+01 3.790000000000000036e+00 4.500000178813934326e-02 3.599782714843750000e+02
2.880691552162170410e+01 3.729999999999999982e+00 4.500000178813934326e-02 1.800984191894531250e+02
2.889196538925170898e+01 3.759999999999999787e+00 4.500000178813934326e-02 9.004920959472656250e+01
2.900891804695129395e+01 3.720000000000000195e+00 4.500000178813934326e-02 2.699290771484375000e+02
2.909891343116760254e+01 3.790000000000000036e+00 4.500000178813934326e-02 2.701476440429687500e+02
2.920690512657165527e+01 3.759999999999999787e+00 4.500000178813934326e-02 5.400767211914062500e+02
2.930091333389282227e+01 3.740000000000000213e+00 4.500000178813934326e-02 6.299072875976562500e+02
2.939197254180908203e+01 3.759999999999999787e+00 4.500000178813934326e-02 4.500274658203125000e+02
2.950291299819946289e+01 3.689999999999999947e+00 4.500000178813934326e-02 3.599782714843750000e+02
2.958991289138793945e+01 3.750000000000000000e+00 4.500000178813934326e-02 2.699290771484375000e+02
2.970690488815307617e+01 3.729999999999999982e+00 4.500000178813934326e-02 2.699290771484375000e+02
2.979598236083984375e+01 3.779999999999999805e+00 4.500000178813934326e-02 2.700383605957031250e+02
2.990492987632751465e+01 3.779999999999999805e+00 4.500000178813934326e-02 3.599782714843750000e+02
2.999996447563171387e+01 3.740000000000000213e+00 4.500000178813934326e-02 5.399674072265625000e+02
3.011091637611389160e+01 3.759999999999999787e+00 4.500000178813934326e-02 7.199565429687500000e+02
3.019690585136413574e+01 3.709999999999999964e+00 4.500000178813934326e-02 8.100057373046875000e+02
3.029195785522460938e+01 3.750000000000000000e+00 4.500000178813934326e-02 6.300166015625000000e+02
3.040396451950073242e+01 3.689999999999999947e+00 4.500000178813934326e-02 5.399674072265625000e+02
3.050991249084472656e+01 3.649999999999999911e+00 4.500000178813934326e-02 3.599782714843750000e+02
3.060691118240356445e+01 3.609999999999999876e+00 4.500000178813934326e-02 3.599782714843750000e+02
3.069691514968872070e+01 3.629999999999999893e+00 4.500000178813934326e-02 4.499181823730468750e+02
3.080398249626159668e+01 3.660000000000000142e+00 4.500000178813934326e-02 4.500274658203125000e+02
3.089891052246093750e+01 3.620000000000000107e+00 4.500000178813934326e-02 4.499181823730468750e+02
3.098890352249145508e+01 3.649999999999999911e+00 4.500000178813934326e-02 3.599782714843750000e+02
3.109691405296325684e+01 3.669999999999999929e+00 4.500000178813934326e-02 3.599782714843750000e+02
3.119093990325927734e+01 3.669999999999999929e+00 4.500000178813934326e-02 2.700383605957031250e+02
3.130396246910095215e+01 3.680000000000000160e+00 4.500000178813934326e-02 1.799891357421875000e+02
3.141195321083068848e+01 3.589999999999999858e+00 4.500000178813934326e-02 2.700383605957031250e+02
3.150591540336608887e+01 3.589999999999999858e+00 4.500000178813934326e-02 3.600875549316406250e+02
3.159691333770751953e+01 3.569999999999999840e+00 4.500000178813934326e-02 6.300166015625000000e+02
3.170796060562133789e+01 3.589999999999999858e+00 4.500000178813934326e-02 7.199565429687500000e+02
3.179491758346557617e+01 3.609999999999999876e+00 4.500000178813934326e-02 4.500274658203125000e+02
3.188991403579711914e+01 3.569999999999999840e+00 4.500000178813934326e-02 8.999456787109375000e+01
3.200091385841369629e+01 3.560000000000000053e+00 4.500000178813934326e-02 1.799891357421875000e+02
3.210991311073303223e+01 3.540000000000000036e+00 4.500000178813934326e-02 2.699837036132812500e+02
3.220491361618041992e+01 3.609999999999999876e+00 4.500000178813934326e-02 3.599782714843750000e+02
3.229394173622131348e+01 3.669999999999999929e+00 4.500000178813934326e-02 2.699837036132812500e+02
3.240191006660461426e+01 3.689999999999999947e+00 4.500000178813934326e-02 4.499728393554687500e+02
3.249691557884216309e+01 3.580000000000000071e+00 4.500000178813934326e-02 4.500274658203125000e+02
3.260891151428222656e+01 3.609999999999999876e+00 4.500000178813934326e-02 3.599782714843750000e+02
3.269391512870788574e+01 3.620000000000000107e+00 4.500000178813934326e-02 2.699837036132812500e+02
3.281091046333312988e+01 3.620000000000000107e+00 4.500000178813934326e-02 2.700383605957031250e+02
3.290191078186035156e+01 3.649999999999999911e+00 4.500000178813934326e-02 5.400220947265625000e+02
3.300891232490539551e+01 3.680000000000000160e+00 4.500000178813934326e-02 5.400220947265625000e+02
3.310396981239318848e+01 3.669999999999999929e+00 4.500000178813934326e-02 2.700110473632812500e+02
3.319391393661499023e+01 3.649999999999999911e+00 4.500000178813934326e-02 2.700110473632812500e+02
3.330191135406494141e+01 3.609999999999999876e+00 4.500000178813934326e-02 3.599782714843750000e+02
3.339596581459045410e+01 3.549999999999999822e+00 4.500000178813934326e-02 3.600055847167968750e+02
3.350891184806823730e+01 3.660000000000000142e+00 4.500000178813934326e-02 1.799891357421875000e+02
3.359790468215942383e+01 3.649999999999999911e+00 4.500000178813934326e-02 1.799891357421875000e+02
3.371091079711914062e+01 3.649999999999999911e+00 4.500000178813934326e-02 4.500001525878906250e+02
3.380191040039062500e+01 3.709999999999999964e+00 4.500000178813934326e-02 3.599782714843750000e+02
3.389091157913208008e+01 3.720000000000000195e+00 4.500000178813934326e-02 3.600055847167968750e+02
3.399996161460876465e+01 3.720000000000000195e+00 4.500000178813934326e-02 4.500001525878906250e+02
3.409491348266601562e+01 3.680000000000000160e+00 4.500000178813934326e-02 5.400084228515625000e+02
3.420591068267822266e+01 3.689999999999999947e+00 4.500000178813934326e-02 4.500001525878906250e+02
3.429196166992187500e+01 3.720000000000000195e+00 4.500000178813934326e-02 4.500001525878906250e+02
3.440991282463073730e+01 3.700000000000000178e+00 4.500000178813934326e-02 6.299995727539062500e+02
3.449890804290771484e+01 3.640000000000000124e+00 4.500000178813934326e-02 7.199974975585937500e+02
3.460691142082214355e+01 3.600000000000000089e+00 4.500000178813934326e-02 3.600055847167968750e+02
3.470191144943237305e+01 3.509999999999999787e+00 4.500000178813934326e-02 3.599919128417968750e+02
3.479196119308471680e+01 3.580000000000000071e+00 4.500000178813934326e-02 1.799891357421875000e+02
3.489890813827514648e+01 3.459999999999999964e+00 4.500000178813934326e-02 2.700110473632812500e+02
3.499391365051269531e+01 3.529999999999999805e+00 4.500000178813934326e-02 9.002188873291015625e+01
3.510691070556640625e+01 3.540000000000000036e+00 4.500000178813934326e-02 2.700110473632812500e+02
3.519195246696472168e+01 3.549999999999999822e+00 4.500000178813934326e-02 4.500001525878906250e+02
3.530891299247741699e+01 3.490000000000000213e+00 4.500000178813934326e-02 4.500001525878906250e+02
3.539890933036804199e+01 3.529999999999999805e+00 4.500000178813934326e-02 3.599782714843750000e+02
3.550690960884094238e+01 3.509999999999999787e+00 4.500000178813934326e-02 2.700110473632812500e+02
3.560091257095336914e+01 3.529999999999999805e+00 4.500000178813934326e-02 0.000000000000000000e+00
3.569196105003356934e+01 3.359999999999999876e+00 4.500000178813934326e-02 8.999456787109375000e+01
3.580291724205017090e+01 3.509999999999999787e+00 4.500000178813934326e-02 4.500274658203125000e+02
3.588991117477416992e+01 3.490000000000000213e+00 4.500000178813934326e-02 6.300166015625000000e+02
3.600691080093383789e+01 3.520000000000000018e+00 4.500000178813934326e-02 2.699837036132812500e+02
3.609596776962280273e+01 3.569999999999999840e+00 4.500000178813934326e-02 0.000000000000000000e+00
3.620491456985473633e+01 3.490000000000000213e+00 4.500000178813934326e-02 0.000000000000000000e+00
3.629995918273925781e+01 3.580000000000000071e+00 4.500000178813934326e-02 0.000000000000000000e+00
3.641091251373291016e+01 3.589999999999999858e+00 4.500000178813934326e-02 0.000000000000000000e+00
3.649691319465637207e+01 4.059999999999999609e+00 4.500000178813934326e-02 0.000000000000000000e+00
3.659196043014526367e+01 5.349999999999999645e+00 4.500000178813934326e-02 0.000000000000000000e+00
3.670396995544433594e+01 6.360000000000000320e+00 4.500000178813934326e-02 0.000000000000000000e+00
3.680990266799926758e+01 6.719999999999999751e+00 4.500000178813934326e-02 -3.599782714843750000e+02
3.690690922737121582e+01 6.419999999999999929e+00 4.500000178813934326e-02 -8.999456787109375000e+01
3.699691247940063477e+01 6.459999999999999964e+00 4.500000178813934326e-02 -8.999456787109375000e+01
3.710396432876586914e+01 6.620000000000000107e+00 4.500000178813934326e-02 -3.599782714843750000e+02
3.719891047477722168e+01 6.469999999999999751e+00 4.500000178813934326e-02 0.000000000000000000e+00
3.728891062736511230e+01 6.639999999999999680e+00 4.500000178813934326e-02 0.000000000000000000e+00
3.739691495895385742e+01 6.919999999999999929e+00 4.500000178813934326e-02 -4.500274658203125000e+02
3.749092030525207520e+01 6.599999999999999645e+00 4.500000178813934326e-02 -7.200111694335937500e+02
3.760395765304565430e+01 6.540000000000000036e+00 4.500000178813934326e-02 -4.500001525878906250e+02
3.771090984344482422e+01 6.519999999999999574e+00 4.500000178813934326e-02 -2.700110473632812500e+02
3.780591011047363281e+01 6.679999999999999716e+00 4.500000178813934326e-02 -5.400220947265625000e+02
3.789691114425659180e+01 6.589999999999999858e+00 4.500000178813934326e-02 -5.400220947265625000e+02
3.800795722007751465e+01 6.570000000000000284e+00 4.500000178813934326e-02 -5.399947509765625000e+02
3.809490799903869629e+01 6.620000000000000107e+00 4.500000178813934326e-02 -4.500001525878906250e+02
3.821091008186340332e+01 6.559999999999999609e+00 4.500000178813934326e-02 -6.300029296875000000e+02
3.830090999603271484e+01 6.580000000000000071e+00 4.500000178813934326e-02 -7.199974975585937500e+02
3.840991187095642090e+01 6.440000000000000391e+00 4.500000178813934326e-02 -5.399998168945312500e+02
3.850493192672729492e+01 6.379999999999999893e+00 4.500000178813934326e-02 -4.500001525878906250e+02
3.859391283988952637e+01 6.389999999999999680e+00 4.500000178813934326e-02 -4.500001525878906250e+02
3.870191168785095215e+01 6.440000000000000391e+00 4.500000178813934326e-02 -6.300029296875000000e+02
3.879691314697265625e+01 6.339999999999999858e+00 4.500000178813934326e-02 -5.400220947265625000e+02
3.890890431404113770e+01 6.299999999999999822e+00 4.500000178813934326e-02 -3.600055847167968750e+02
3.899390530586242676e+01 6.480000000000000426e+00 4.500000178813934326e-02 -3.600055847167968750e+02
3.908890509605407715e+01 6.490000000000000213e+00 4.500000178813934326e-02 -3.600055847167968750e+02
3.920191216468811035e+01 6.459999999999999964e+00 4.500000178813934326e-02 -6.300166015625000000e+02
3.930891060829162598e+01 6.320000000000000284e+00 4.500000178813934326e-02 -8.099511108398437500e+02
3.940396070480346680e+01 6.219999999999999751e+00 4.500000178813934326e-02 -6.300166015625000000e+02
3.949391293525695801e+01 6.339999999999999858e+00 4.500000178813934326e-02 -6.300166015625000000e+02
3.960190248489379883e+01 6.330000000000000071e+00 4.500000178813934326e-02 -6.299619750976562500e+02
3.969595861434936523e+01 6.240000000000000213e+00 4.500000178813934326e-02 -6.299619750976562500e+02
3.982396101951599121e+01 6.259999999999999787e+00 4.500000178813934326e-02 -6.300166015625000000e+02
3.991691136360168457e+01 6.320000000000000284e+00 4.500000178813934326e-02 -5.400220947265625000e+02
4.001091241836547852e+01 6.349999999999999645e+00 4.500000178813934326e-02 -7.199565429687500000e+02
4.012395691871643066e+01 6.230000000000000426e+00 4.500000178813934326e-02 -7.200657958984375000e+02
4.023090982437133789e+01 6.309999999999999609e+00 4.500000178813934326e-02 -5.400767211914062500e+02
4.032591128349304199e+01 6.339999999999999858e+00 4.500000178813934326e-02 -6.300166015625000000e+02
4.041691613197326660e+01 6.339999999999999858e+00 4.500000178813934326e-02 -6.300166015625000000e+02
4.052796173095703125e+01 6.419999999999999929e+00 4.500000178813934326e-02 -4.500274658203125000e+02
4.061491322517395020e+01 6.540000000000000036e+00 4.500000178813934326e-02 -5.400767211914062500e+02
4.072591209411621094e+01 6.459999999999999964e+00 4.500000178813934326e-02 -5.399674072265625000e+02
4.082091188430786133e+01 6.330000000000000071e+00 4.500000178813934326e-02 -4.500274658203125000e+02
4.092991518974304199e+01 6.419999999999999929e+00 4.500000178813934326e-02 -4.500274658203125000e+02
4.102491617202758789e+01 6.450000000000000178e+00 4.500000178813934326e-02 -8.100057373046875000e+02
4.111391234397888184e+01 6.349999999999999645e+00 4.500000178813934326e-02 -7.200657958984375000e+02
4.122191429138183594e+01 6.389999999999999680e+00 4.500000178813934326e-02 -9.000549316406250000e+02
4.131691455841064453e+01 6.209999999999999964e+00 4.500000178813934326e-02 -8.100057373046875000e+02
4.142891430854797363e+01 6.250000000000000000e+00 4.500000178813934326e-02 -5.399674072265625000e+02
4.151391506195068359e+01 6.290000000000000036e+00 4.500000178813934326e-02 -4.499181823730468750e+02
4.162396359443664551e+01 6.269999999999999574e+00 4.500000178813934326e-02 -5.400767211914062500e+02
4.172191214561462402e+01 6.209999999999999964e+00 4.500000178813934326e-02 -4.500274658203125000e+02
4.182891535758972168e+01 6.269999999999999574e+00 4.500000178813934326e-02 -2.699290771484375000e+02
4.192396378517150879e+01 6.339999999999999858e+00 4.500000178813934326e-02 -3.599782714843750000e+02
4.201391363143920898e+01 6.379999999999999893e+00 4.500000178813934326e-02 -4.500274658203125000e+02
4.212191009521484375e+01 6.360000000000000320e+00 4.500000178813934326e-02 -3.599782714843750000e+02
4.221596622467041016e+01 6.450000000000000178e+00 4.500000178813934326e-02 -3.599782714843750000e+02
4.232891559600830078e+01 6.519999999999999574e+00 4.500000178813934326e-02 -4.500274658203125000e+02
4.241791105270385742e+01 6.440000000000000391e+00 4.500000178813934326e-02 -4.498088989257812500e+02
4.252991151809692383e+01 6.330000000000000071e+00 4.500000178813934326e-02 -3.599782714843750000e+02
4.262191176414489746e+01 6.389999999999999680e+00 4.500000178813934326e-02 -3.601968383789062500e+02
4.271091079711914062e+01 6.400000000000000355e+00 4.500000178813934326e-02 -3.601968383789062500e+02
4.281996107101440430e+01 6.469999999999999751e+00 4.500000178813934326e-02 -4.500274658203125000e+02
4.291493034362792969e+01 6.440000000000000391e+00 4.500000178813934326e-02 -4.500274658203125000e+02
4.302590322494506836e+01 6.389999999999999680e+00 4.500000178813934326e-02 -9.004920959472656250e+01
4.311196374893188477e+01 6.730000000000000426e+00 4.500000178813934326e-02 0.000000000000000000e+00
4.322991228103637695e+01 7.009999999999999787e+00 4.500000178813934326e-02 -3.599782714843750000e+02
4.331891083717346191e+01 6.700000000000000178e+00 4.500000178813934326e-02 -8.100057373046875000e+02
4.342691850662231445e+01 6.559999999999999609e+00 4.500000178813934326e-02 -8.100057373046875000e+02
4.352191138267517090e+01 6.429999999999999716e+00 4.500000178813934326e-02 -5.400767211914062500e+02
4.361195564270019531e+01 6.440000000000000391e+00 4.500000178813934326e-02 -5.400767211914062500e+02
4.371891331672668457e+01 6.400000000000000355e+00 4.500000178813934326e-02 -6.301258544921875000e+02
4.381391859054565430e+01 6.370000000000000107e+00 4.500000178813934326e-02 -5.400767211914062500e+02
4.392692446708679199e+01 6.049999999999999822e+00 4.500000178813934326e-02 -8.100057373046875000e+02
4.401196551322937012e+01 6.259999999999999787e+00 4.500000178813934326e-02 -8.097871704101562500e+02
4.412891244888305664e+01 5.799999999999999822e+00 4.500000178813934326e-02 -5.398581542968750000e+02
4.421891331672668457e+01 6.370000000000000107e+00 4.500000178813934326e-02 -2.699290771484375000e+02
4.432691359519958496e+01 6.419999999999999929e+00 4.500000178813934326e-02 -4.498088989257812500e+02
4.442091608047485352e+01 6.349999999999999645e+00 4.500000178813934326e-02 -6.301258544921875000e+02
4.451195883750915527e+01 6.349999999999999645e+00 4.500000178813934326e-02 -6.301258544921875000e+02
4.462293410301208496e+01 6.370000000000000107e+00 4.500000178813934326e-02 -5.400767211914062500e+02
4.470991277694702148e+01 6.330000000000000071e+00 4.500000178813934326e-02 -4.500274658203125000e+02
4.482691240310668945e+01 6.410000000000000142e+00 4.500000178813934326e-02 -5.400767211914062500e+02
4.491595697402954102e+01 6.360000000000000320e+00 4.500000178813934326e-02 -4.500274658203125000e+02
4.502491426467895508e+01 6.410000000000000142e+00 4.500000178813934326e-02 -6.299072875976562500e+02
4.511995911598205566e+01 6.419999999999999929e+00 4.500000178813934326e-02 -7.199565429687500000e+02
4.523091840744018555e+01 6.459999999999999964e+00 4.500000178813934326e-02 -8.100057373046875000e+02
4.531691265106201172e+01 6.440000000000000391e+00 4.500000178813934326e-02 -8.100057373046875000e+02
4.541197299957275391e+01 6.419999999999999929e+00 4.500000178813934326e-02 -6.299072875976562500e+02
4.552396559715270996e+01 6.469999999999999751e+00 4.500000178813934326e-02 -4.502460327148437500e+02
4.563091325759887695e+01 6.559999999999999609e+00 4.500000178813934326e-02 -4.498088989257812500e+02
4.572691011428833008e+01 6.620000000000000107e+00 4.500000178813934326e-02 -4.502460327148437500e+02
4.581691336631774902e+01 6.620000000000000107e+00 4.500000178813934326e-02 -3.597597045898437500e+02
4.592395353317260742e+01 6.570000000000000284e+00 4.500000178813934326e-02 -1.800984191894531250e+02
4.601891231536865234e+01 6.580000000000000071e+00 4.500000178813934326e-02 -2.701476440429687500e+02
4.613091135025024414e+01 6.660000000000000142e+00 4.500000178813934326e-02 -6.299072875976562500e+02
4.621691179275512695e+01 6.490000000000000213e+00 4.500000178813934326e-02 -6.299072875976562500e+02
4.631092238426208496e+01 6.450000000000000178e+00 4.500000178813934326e-02 -5.398581542968750000e+02
4.642396378517150879e+01 6.440000000000000391e+00 0.000000000000000000e+00 -1.980208496093750000e+03
4.652691102027893066e+01 5.940000000000000391e+00 4.500000178813934326e-02 -8.100057373046875000e+02
4.662590599060058594e+01 6.280000000000000249e+00 4.500000178813934326e-02 -2.697105102539062500e+02
4.671691298484802246e+01 6.360000000000000320e+00 4.500000178813934326e-02 -2.697105102539062500e+02
4.682797050476074219e+01 6.419999999999999929e+00 4.500000178813934326e-02 -5.398581542968750000e+02
4.691491818428039551e+01 6.379999999999999893e+00 4.500000178813934326e-02 -5.398581542968750000e+02
4.701691198348999023e+01 6.410000000000000142e+00 4.500000178813934326e-02 -4.498088989257812500e+02
4.712091183662414551e+01 6.410000000000000142e+00 4.500000178813934326e-02 -3.597597045898437500e+02
4.722991180419921875e+01 6.480000000000000426e+00 4.500000178813934326e-02 -2.697105102539062500e+02
4.732492184638977051e+01 6.490000000000000213e+00 4.500000178813934326e-02 -3.601968383789062500e+02
4.741391324996948242e+01 6.580000000000000071e+00 4.500000178813934326e-02 -3.597597045898437500e+02
4.752191114425659180e+01 6.440000000000000391e+00 4.500000178813934326e-02 -2.701476440429687500e+02
4.761691522598266602e+01 6.410000000000000142e+00 4.500000178813934326e-02 -9.004920959472656250e+01
4.772891211509704590e+01 6.769999999999999574e+00 4.500000178813934326e-02 -1.800984191894531250e+02
4.781391525268554688e+01 6.769999999999999574e+00 4.500000178813934326e-02 -7.199565429687500000e+02
4.791596651077270508e+01 6.519999999999999574e+00 4.500000178813934326e-02 -8.100057373046875000e+02
4.802191448211669922e+01 6.330000000000000071e+00 4.500000178813934326e-02 -5.398581542968750000e+02
4.812891888618469238e+01 6.410000000000000142e+00 4.500000178813934326e-02 -7.199565429687500000e+02
4.822396945953369141e+01 6.549999999999999822e+00 4.500000178813934326e-02 -6.299072875976562500e+02
4.831391572952270508e+01 6.549999999999999822e+00 4.500000178813934326e-02 -6.299072875976562500e+02
4.842191171646118164e+01 6.610000000000000320e+00 4.500000178813934326e-02 -3.597597045898437500e+02
4.851597523689270020e+01 6.750000000000000000e+00 4.500000178813934326e-02 -4.498088989257812500e+02
4.862891435623168945e+01 6.849999999999999645e+00 4.500000178813934326e-02 -6.303444213867187500e+02
4.871791100502014160e+01 6.730000000000000426e+00 4.500000178813934326e-02 -6.303444213867187500e+02
4.883091092109680176e+01 6.620000000000000107e+00 4.500000178813934326e-02 -5.402952880859375000e+02
4.892191076278686523e+01 6.519999999999999574e+00 4.500000178813934326e-02 -7.199565429687500000e+02
4.901091098785400391e+01 6.429999999999999716e+00 4.500000178813934326e-02 -8.100057373046875000e+02
4.911996698379516602e+01 6.459999999999999964e+00 4.500000178813934326e-02 -7.199565429687500000e+02
4.921491312980651855e+01 6.410000000000000142e+00 4.500000178813934326e-02 -6.299072875976562500e+02
4.932591414451599121e+01 6.349999999999999645e+00 4.500000178813934326e-02 -4.502460327148437500e+02
4.941195774078369141e+01 6.440000000000000391e+00 4.500000178813934326e-02 -6.303444213867187500e+02
4.952991056442260742e+01 6.379999999999999893e+00 4.500000178813934326e-02 -5.398581542968750000e+02
4.961892485618591309e+01 6.299999999999999822e+00 4.500000178813934326e-02 -9.004920959472656250e+01
4.972691583633422852e+01 6.059999999999999609e+00 4.500000178813934326e-02 0.000000000000000000e+00
4.982190608978271484e+01 6.110000000000000320e+00 4.500000178813934326e-02 0.000000000000000000e+00
4.991196036338806152e+01 6.360000000000000320e+00 4.500000178813934326e-02 0.000000000000000000e+00
5.001890897750854492e+01 6.429999999999999716e+00 4.500000178813934326e-02 0.000000000000000000e+00
5.011391329765319824e+01 6.360000000000000320e+00 4.500000178813934326e-02 0.000000000000000000e+00
5.022691369056701660e+01 6.469999999999999751e+00 4.500000178813934326e-02 0.000000000000000000e+00
5.031196403503417969e+01 4.929999999999999716e+00 4.500000178813934326e-02 9.004920959472656250e+01
5.042891192436218262e+01 3.029999999999999805e+00 4.500000178813934326e-02 5.402952880859375000e+02
5.051891040802001953e+01 2.770000000000000018e+00 4.500000178813934326e-02 1.080153442382812500e+03
5.062691092491149902e+01 3.020000000000000018e+00 4.500000178813934326e-02 6.299072875976562500e+02
5.072092962265014648e+01 3.160000000000000142e+00 4.500000178813934326e-02 7.203936767578125000e+02
5.081196260452270508e+01 3.109999999999999876e+00 4.500000178813934326e-02 9.896671142578125000e+02
5.092292475700378418e+01 3.140000000000000124e+00 4.500000178813934326e-02 9.000549316406250000e+02
5.100991177558898926e+01 3.149999999999999911e+00 4.500000178813934326e-02 4.498088989257812500e+02
5.112691092491149902e+01 3.129999999999999893e+00 4.500000178813934326e-02 3.601968383789062500e+02
5.121595120429992676e+01 3.049999999999999822e+00 4.500000178813934326e-02 3.597597045898437500e+02
5.132491230964660645e+01 3.120000000000000107e+00 4.500000178813934326e-02 5.398581542968750000e+02
5.141996049880981445e+01 3.189999999999999947e+00 4.500000178813934326e-02 5.398581542968750000e+02
5.153091382980346680e+01 3.160000000000000142e+00 4.500000178813934326e-02 5.398581542968750000e+02
5.161691308021545410e+01 3.160000000000000142e+00 4.500000178813934326e-02 5.402952880859375000e+02
5.171196341514587402e+01 3.100000000000000089e+00 4.500000178813934326e-02 6.299072875976562500e+02
5.182397246360778809e+01 3.160000000000000142e+00 4.500000178813934326e-02 7.199565429687500000e+02
5.193091130256652832e+01 3.189999999999999947e+00 4.500000178813934326e-02 4.498088989257812500e+02
5.202691173553466797e+01 3.160000000000000142e+00 4.500000178813934326e-02 3.597597045898437500e+02
5.211691355705261230e+01 3.100000000000000089e+00 4.500000178813934326e-02 4.502460327148437500e+02
5.222396159172058105e+01 3.100000000000000089e+00 4.500000178813934326e-02 5.398581542968750000e+02
5.231891298294067383e+01 3.089999999999999858e+00 4.500000178813934326e-02 4.498088989257812500e+02
5.242396283149719238e+01 3.089999999999999858e+00 4.500000178813934326e-02 4.498088989257812500e+02
5.251691102981567383e+01 3.060000000000000053e+00 4.500000178813934326e-02 2.701476440429687500e+02
5.261091518402099609e+01 3.060000000000000053e+00 4.500000178813934326e-02 4.498088989257812500e+02
5.272396659851074219e+01 2.970000000000000195e+00 4.500000178813934326e-02 1.170202514648437500e+03
5.283196473121643066e+01 3.089999999999999858e+00 4.500000178813934326e-02 1.349863891601562500e+03
5.292591834068298340e+01 3.180000000000000160e+00 4.500000178813934326e-02 9.901042480468750000e+02
5.301691365242004395e+01 3.200000000000000178e+00 4.500000178813934326e-02 9.000549316406250000e+02
5.312795639038085938e+01 3.149999999999999911e+00 4.500000178813934326e-02 6.299072875976562500e+02
5.321491789817810059e+01 3.189999999999999947e+00 4.500000178813934326e-02 5.398581542968750000e+02
5.333195996284484863e+01 3.189999999999999947e+00 4.500000178813934326e-02 3.601968383789062500e+02
5.342091512680053711e+01 3.160000000000000142e+00 4.500000178813934326e-02 3.597597045898437500e+02
5.352991127967834473e+01 3.100000000000000089e+00 4.500000178813934326e-02 4.498088989257812500e+02
5.362491631507873535e+01 3.100000000000000089e+00 4.500000178813934326e-02 4.498088989257812500e+02
5.371391534805297852e+01 3.089999999999999858e+00 4.500000178813934326e-02 3.597597045898437500e+02
5.382191109657287598e+01 3.089999999999999858e+00 4.500000178813934326e-02 3.601968383789062500e+02
5.391691422462463379e+01 3.080000000000000071e+00 4.500000178813934326e-02 4.502460327148437500e+02
5.402891039848327637e+01 3.140000000000000124e+00 4.500000178813934326e-02 5.398581542968750000e+02
5.411391401290893555e+01 3.160000000000000142e+00 4.500000178813934326e-02 6.299072875976562500e+02
5.423195505142211914e+01 3.209999999999999964e+00 4.500000178813934326e-02 6.301258544921875000e+02
5.432191061973571777e+01 3.200000000000000178e+00 4.500000178813934326e-02 5.398581542968750000e+02
5.442891240119934082e+01 3.220000000000000195e+00 4.500000178813934326e-02 6.301258544921875000e+02
5.452396416664123535e+01 3.189999999999999947e+00 4.500000178813934326e-02 5.398581542968750000e+02
5.461391305923461914e+01 3.149999999999999911e+00 4.500000178813934326e-02 5.400767211914062500e+02
5.472191238403320312e+01 3.140000000000000124e+00 4.500000178813934326e-02 6.299072875976562500e+02
5.481596016883850098e+01 3.180000000000000160e+00 4.500000178813934326e-02 8.100057373046875000e+02
5.492891311645507812e+01 3.229999999999999982e+00 4.500000178813934326e-02 9.000549316406250000e+02
5.501791286468505859e+01 3.200000000000000178e+00 4.500000178813934326e-02 9.000549316406250000e+02
5.513092136383056641e+01 3.209999999999999964e+00 4.500000178813934326e-02 8.100057373046875000e+02
5.522191047668457031e+01 3.200000000000000178e+00 4.500000178813934326e-02 7.199565429687500000e+02
5.531091189384460449e+01 3.160000000000000142e+00 4.500000178813934326e-02 9.000549316406250000e+02
5.542005133628845215e+01 3.250000000000000000e+00 4.500000178813934326e-02 8.100057373046875000e+02
5.551500773429870605e+01 3.229999999999999982e+00 4.500000178813934326e-02 6.301258544921875000e+02
5.562600612640380859e+01 3.220000000000000195e+00 4.500000178813934326e-02 4.500274658203125000e+02
5.571196508407592773e+01 3.209999999999999964e+00 4.500000178813934326e-02 4.500274658203125000e+02
5.582999324798583984e+01 3.189999999999999947e+00 4.500000178813934326e-02 6.301258544921875000e+02
5.591900444030761719e+01 3.200000000000000178e+00 4.500000178813934326e-02 7.199565429687500000e+02
5.602691245079040527e+01 3.229999999999999982e+00 4.500000178813934326e-02 8.097871704101562500e+02
5.612191200256347656e+01 3.180000000000000160e+00 4.500000178813934326e-02 8.100057373046875000e+02
5.621195316314697266e+01 3.140000000000000124e+00 4.500000178813934326e-02 1.080153442382812500e+03
5.631891274452209473e+01 3.140000000000000124e+00 4.500000178813934326e-02 1.169984008789062500e+03
5.641391515731811523e+01 3.200000000000000178e+00 4.500000178813934326e-02 9.000549316406250000e+02
5.652691340446472168e+01 3.200000000000000178e+00 4.500000178813934326e-02 7.200657958984375000e+02
5.661197900772094727e+01 3.189999999999999947e+00 4.500000178813934326e-02 5.399674072265625000e+02
5.672891354560852051e+01 3.209999999999999964e+00 4.500000178813934326e-02 4.500274658203125000e+02
5.681891107559204102e+01 3.160000000000000142e+00 4.500000178813934326e-02 5.399674072265625000e+02
5.692690467834472656e+01 3.100000000000000089e+00 4.500000178813934326e-02 6.300166015625000000e+02
5.702091407775878906e+01 3.120000000000000107e+00 4.500000178813934326e-02 8.999456787109375000e+02
5.711196422576904297e+01 3.189999999999999947e+00 4.500000178813934326e-02 8.100057373046875000e+02
5.722291159629821777e+01 3.149999999999999911e+00 4.500000178813934326e-02 6.300166015625000000e+02
5.730991220474243164e+01 3.109999999999999876e+00 4.500000178813934326e-02 7.200657958984375000e+02
5.742691349983215332e+01 3.180000000000000160e+00 4.500000178813934326e-02 8.100057373046875000e+02
5.751597428321838379e+01 3.220000000000000195e+00 4.500000178813934326e-02 9.000549316406250000e+02
5.762491440773010254e+01 3.290000000000000036e+00 4.500000178813934326e-02 6.300166015625000000e+02
5.771996021270751953e+01 3.189999999999999947e+00 4.500000178813934326e-02 5.400767211914062500e+02
5.783090376853942871e+01 3.140000000000000124e+00 4.500000178813934326e-02 6.300166015625000000e+02
5.791690659523010254e+01 3.100000000000000089e+00 4.500000178813934326e-02 8.100057373046875000e+02
5.801196837425231934e+01 3.180000000000000160e+00 4.500000178813934326e-02 8.100057373046875000e+02
5.812397146224975586e+01 3.200000000000000178e+00 4.500000178813934326e-02 5.400220947265625000e+02
5.823090958595275879e+01 3.140000000000000124e+00 4.500000178813934326e-02 5.399674072265625000e+02
5.832691383361816406e+01 3.109999999999999876e+00 4.500000178813934326e-02 6.300166015625000000e+02
5.841691517829895020e+01 3.200000000000000178e+00 4.500000178813934326e-02 6.300166015625000000e+02
5.852397108078002930e+01 3.290000000000000036e+00 4.500000178813934326e-02 2.699837036132812500e+02
5.861891412734985352e+01 3.250000000000000000e+00 4.500000178813934326e-02 0.000000000000000000e+00
5.872397398948669434e+01 3.089999999999999858e+00 4.500000178813934326e-02 0.000000000000000000e+00
5.881690478324890137e+01 3.120000000000000107e+00 4.500000178813934326e-02 0.000000000000000000e+00
5.891090679168701172e+01 2.819999999999999840e+00 4.500000178813934326e-02 0.000000000000000000e+00
5.902396607398986816e+01 2.709999999999999964e+00 4.500000178813934326e-02 0.000000000000000000e+00
5.911791086196899414e+01 2.689999999999999947e+00 4.500000178813934326e-02 4.500274658203125000e+02
5.922591090202331543e+01 3.040000000000000036e+00 4.500000178813934326e-02 9.899949340820312500e+02
5.931691527366638184e+01 3.209999999999999964e+00 4.500000178813934326e-02 8.100057373046875000e+02
5.942795681953430176e+01 3.290000000000000036e+00 4.500000178813934326e-02 7.200111694335937500e+02
5.951491284370422363e+01 3.229999999999999982e+00 4.500000178813934326e-02 5.400084228515625000e+02
5.961691164970397949e+01 3.189999999999999947e+00 4.500000178813934326e-02 5.399947509765625000e+02
5.972092294692993164e+01 3.189999999999999947e+00 4.500000178813934326e-02 7.199974975585937500e+02
5.982991170883178711e+01 3.209999999999999964e+00 4.500000178813934326e-02 6.299995727539062500e+02
5.992491579055786133e+01 3.290000000000000036e+00 4.500000178813934326e-02 6.299960937500000000e+02
6.001391553878784180e+01 3.229999999999999982e+00 4.500000178813934326e-02 3.600055847167968750e+02
6.012191033363342285e+01 3.169999999999999929e+00 4.500000178813934326e-02 3.599919128417968750e+02
6.021691203117370605e+01 3.089999999999999858e+00 4.500000178813934326e-02 6.300029296875000000e+02
6.032890868186950684e+01 3.160000000000000142e+00 4.500000178813934326e-02 7.200111694335937500e+02
6.041391348838806152e+01 3.229999999999999982e+00 4.500000178813934326e-02 7.199838256835937500e+02
6.050891041755676270e+01 3.279999999999999805e+00 4.500000178813934326e-02 4.500001525878906250e+02
6.062191033363342285e+01 3.220000000000000195e+00 4.500000178813934326e-02 2.700110473632812500e+02
6.072891736030578613e+01 3.129999999999999893e+00 4.500000178813934326e-02 4.500274658203125000e+02
6.082396864891052246e+01 3.160000000000000142e+00 4.500000178813934326e-02 5.399674072265625000e+02
6.091391086578369141e+01 3.189999999999999947e+00 4.500000178813934326e-02 3.600328979492187500e+02
6.102190184593200684e+01 3.169999999999999929e+00 4.500000178813934326e-02 0.000000000000000000e+00
6.111597132682800293e+01 3.140000000000000124e+00 4.500000178813934326e-02 0.000000000000000000e+00
6.122892117500305176e+01 3.029999999999999805e+00 4.500000178813934326e-02 1.799891357421875000e+02
6.131791663169860840e+01 3.040000000000000036e+00 4.500000178813934326e-02 3.599782714843750000e+02
6.142991018295288086e+01 3.120000000000000107e+00 4.500000178813934326e-02 0.000000000000000000e+00
6.152190995216369629e+01 2.819999999999999840e+00 4.500000178813934326e-02 0.000000000000000000e+00
6.161091065406799316e+01 2.830000000000000071e+00 4.500000178813934326e-02 0.000000000000000000e+00
6.171997666358947754e+01 2.729999999999999982e+00 4.500000178813934326e-02 0.000000000000000000e+00
6.181491875648498535e+01 2.870000000000000107e+00 4.500000178813934326e-02 0.000000000000000000e+00
6.192591047286987305e+01 4.059999999999999609e+00 4.500000178813934326e-02 0.000000000000000000e+00
6.201196432113647461e+01 5.580000000000000071e+00 4.500000178813934326e-02 0.000000000000000000e+00
6.212991142272949219e+01 6.530000000000000249e+00 4.500000178813934326e-02 -3.599782714843750000e+02
6.221891021728515625e+01 6.440000000000000391e+00 4.500000178813934326e-02 -9.004920959472656250e+01
6.232691025733947754e+01 6.440000000000000391e+00 4.500000178813934326e-02 -3.599782714843750000e+02
6.242191648483276367e+01 6.559999999999999609e+00 4.500000178813934326e-02 -5.399674072265625000e+02
6.251195502281188965e+01 6.370000000000000107e+00 4.500000178813934326e-02 -2.699837036132812500e+02
6.261891007423400879e+01 6.549999999999999822e+00 4.500000178813934326e-02 -7.200111694335937500e+02
6.271391439437866211e+01 6.589999999999999858e+00 4.500000178813934326e-02 -9.000003051757812500e+02
6.282690954208374023e+01 6.429999999999999716e+00 4.500000178813934326e-02 -8.100057373046875000e+02
6.291197085380554199e+01 6.519999999999999574e+00 4.500000178813934326e-02 -1.169997680664062500e+03
6.302892208099365234e+01 6.549999999999999822e+00 4.500000178813934326e-02 -1.259999145507812500e+03
6.311891388893127441e+01 6.290000000000000036e+00 4.500000178813934326e-02 -7.200009765625000000e+02
6.322691035270690918e+01 6.290000000000000036e+00 4.500000178813934326e-02 -3.599987487792968750e+02
6.332091474533081055e+01 6.450000000000000178e+00 4.500000178813934326e-02 -6.300029296875000000e+02
6.341195893287658691e+01 6.429999999999999716e+00 4.500000178813934326e-02 -8.100057373046875000e+02
6.352291512489318848e+01 6.389999999999999680e+00 4.500000178813934326e-02 -8.100057373046875000e+02
6.360991024971008301e+01 6.410000000000000142e+00 4.500000178813934326e-02 -7.199838256835937500e+02
6.372691679000854492e+01 6.309999999999999609e+00 4.500000178813934326e-02 -8.100057373046875000e+02
6.381595969200134277e+01 6.339999999999999858e+00 4.500000178813934326e-02 -9.000003051757812500e+02
6.392500519752502441e+01 6.349999999999999645e+00 4.500000178813934326e-02 -9.000003051757812500e+02
6.401995801925659180e+01 6.370000000000000107e+00 4.500000178813934326e-02 -8.100057373046875000e+02
6.413091921806335449e+01 6.370000000000000107e+00 4.500000178813934326e-02 -9.000003051757812500e+02
6.421691179275512695e+01 6.440000000000000391e+00 4.500000178813934326e-02 -9.899949340820312500e+02
6.431195688247680664e+01 6.400000000000000355e+00 4.500000178813934326e-02 -9.899949340820312500e+02
6.442395830154418945e+01 6.429999999999999716e+00 4.500000178813934326e-02 -1.260033203125000000e+03
6.453090953826904297e+01 6.429999999999999716e+00 4.500000178813934326e-02 -1.259923950195312500e+03
6.462691378593444824e+01 6.490000000000000213e+00 4.500000178813934326e-02 -1.440022338867187500e+03
6.471691513061523438e+01 6.370000000000000107e+00 4.500000178813934326e-02 -1.439913085937500000e+03
6.482398223876953125e+01 6.290000000000000036e+00 4.500000178813934326e-02 -1.260033203125000000e+03
6.491890382766723633e+01 6.209999999999999964e+00 4.500000178813934326e-02 -1.079934814453125000e+03
6.502398085594177246e+01 6.389999999999999680e+00 4.500000178813934326e-02 -1.529962280273437500e+03
6.511691164970397949e+01 6.320000000000000284e+00 4.500000178813934326e-02 -1.710060668945312500e+03
6.521091246604919434e+01 6.280000000000000249e+00 4.500000178813934326e-02 -1.439913085937500000e+03
6.532396173477172852e+01 6.179999999999999716e+00 4.500000178813934326e-02 -9.901042480468750000e+02
6.543090224266052246e+01 6.250000000000000000e+00 4.500000178813934326e-02 -9.000549316406250000e+02
6.552591729164123535e+01 6.519999999999999574e+00 4.500000178813934326e-02 -1.169984008789062500e+03
6.561692023277282715e+01 6.559999999999999609e+00 4.500000178813934326e-02 -1.350082397460937500e+03
6.572796702384948730e+01 6.349999999999999645e+00 4.500000178813934326e-02 -1.350082397460937500e+03
6.581491231918334961e+01 6.250000000000000000e+00 4.500000178813934326e-02 -1.169984008789062500e+03
6.591691207885742188e+01 6.280000000000000249e+00 4.500000178813934326e-02 -1.079934814453125000e+03
6.602091145515441895e+01 6.349999999999999645e+00 4.500000178813934326e-02 -1.349863891601562500e+03
6.612991333007812500e+01 6.349999999999999645e+00 4.500000178813934326e-02 -1.350082397460937500e+03
6.622491741180419922e+01 6.219999999999999751e+00 4.500000178813934326e-02 -1.169984008789062500e+03
6.631391644477844238e+01 6.240000000000000213e+00 4.500000178813934326e-02 -9.000549316406250000e+02
6.642191243171691895e+01 6.360000000000000320e+00 4.500000178813934326e-02 -9.898856811523437500e+02
6.651691198348999023e+01 6.450000000000000178e+00 4.500000178813934326e-02 -1.079716308593750000e+03
6.662891244888305664e+01 6.389999999999999680e+00 4.500000178813934326e-02 -1.169765380859375000e+03
6.671391248703002930e+01 6.450000000000000178e+00 4.500000178813934326e-02 -9.901042480468750000e+02
6.680891346931457520e+01 6.490000000000000213e+00 4.500000178813934326e-02 -9.000549316406250000e+02
6.692191028594970703e+01 6.429999999999999716e+00 4.500000178813934326e-02 -9.896671142578125000e+02
6.702891850471496582e+01 6.469999999999999751e+00 4.500000178813934326e-02 -1.260251708984375000e+03
6.712395477294921875e+01 6.360000000000000320e+00 4.500000178813934326e-02 -1.170202514648437500e+03
6.721391391754150391e+01 6.269999999999999574e+00 4.500000178813934326e-02 -9.000549316406250000e+02
6.732191181182861328e+01 6.240000000000000213e+00 4.500000178813934326e-02 -9.000549316406250000e+02
6.741595983505249023e+01 6.339999999999999858e+00 4.500000178813934326e-02 -9.896671142578125000e+02
6.752891302108764648e+01 6.339999999999999858e+00 4.500000178813934326e-02 -1.079716308593750000e+03
6.761791324615478516e+01 6.269999999999999574e+00 4.500000178813934326e-02 -7.199565429687500000e+02
6.772991156578063965e+01 6.309999999999999609e+00 4.500000178813934326e-02 -3.597597045898437500e+02
6.782191133499145508e+01 6.530000000000000249e+00 4.500000178813934326e-02 -7.199565429687500000e+02
6.791091394424438477e+01 6.290000000000000036e+00 4.500000178813934326e-02 -3.597597045898437500e+02
6.801996016502380371e+01 6.589999999999999858e+00 4.500000178813934326e-02 -9.901042480468750000e+02
6.811491489410400391e+01 6.519999999999999574e+00 4.500000178813934326e-02 -9.901042480468750000e+02
6.822591114044189453e+01 6.450000000000000178e+00 4.500000178813934326e-02 -7.203936767578125000e+02
6.831196093559265137e+01 6.500000000000000000e+00 4.500000178813934326e-02 -6.299072875976562500e+02
6.842991113662719727e+01 6.589999999999999858e+00 4.500000178813934326e-02 -8.100057373046875000e+02
6.851891231536865234e+01 6.429999999999999716e+00 4.500000178813934326e-02 -9.000549316406250000e+02
6.862691283226013184e+01 6.349999999999999645e+00 4.500000178813934326e-02 -7.199565429687500000e+02
6.872191262245178223e+01 6.360000000000000320e+00 4.500000178813934326e-02 -6.303444213867187500e+02
6.881195974349975586e+01 6.320000000000000284e+00 4.500000178813934326e-02 -5.402952880859375000e+02
6.891891312599182129e+01 6.419999999999999929e+00 4.500000178813934326e-02 -2.697105102539062500e+02
6.901391959190368652e+01 6.509999999999999787e+00 4.500000178813934326e-02 -3.601968383789062500e+02
6.912691116333007812e+01 6.209999999999999964e+00 4.500000178813934326e-02 -3.601968383789062500e+02
6.921197175979614258e+01 5.929999999999999716e+00 4.500000178813934326e-02 0.000000000000000000e+00
6.932891178131103516e+01 5.820000000000000284e+00 4.500000178813934326e-02 0.000000000000000000e+00
6.941891026496887207e+01 6.139999999999999680e+00 4.500000178813934326e-02 0.000000000000000000e+00
6.952691364288330078e+01 6.620000000000000107e+00 4.500000178813934326e-02 0.000000000000000000e+00
6.962091255187988281e+01 6.719999999999999751e+00 4.500000178813934326e-02 -1.796612854003906250e+02
6.971195626258850098e+01 6.639999999999999680e+00 4.500000178813934326e-02 0.000000000000000000e+00
6.982291340827941895e+01 6.990000000000000213e+00 4.500000178813934326e-02 0.000000000000000000e+00
6.990990900993347168e+01 6.240000000000000213e+00 4.500000178813934326e-02 0.000000000000000000e+00
7.002691364288330078e+01 3.680000000000000160e+00 4.500000178813934326e-02 7.199565429687500000e+02
7.011596703529357910e+01 3.069999999999999840e+00 4.500000178813934326e-02 3.601968383789062500e+02
7.022491526603698730e+01 3.109999999999999876e+00 0.000000000000000000e+00 9.004920959472656250e+01
7.031995820999145508e+01 2.899999999999999911e+00 4.500000178813934326e-02 5.398581542968750000e+02
7.043091082572937012e+01 2.930000000000000160e+00 4.500000178813934326e-02 9.000549316406250000e+02
7.051691269874572754e+01 3.049999999999999822e+00 4.500000178813934326e-02 1.079716308593750000e+03
7.061196041107177734e+01 3.109999999999999876e+00 4.500000178813934326e-02 9.896671142578125000e+02
7.072396850585937500e+01 3.160000000000000142e+00 4.500000178813934326e-02 6.299072875976562500e+02
7.083091139793395996e+01 3.109999999999999876e+00 4.500000178813934326e-02 8.100057373046875000e+02
7.092691206932067871e+01 3.069999999999999840e+00 4.500000178813934326e-02 9.000549316406250000e+02
7.101691246032714844e+01 3.169999999999999929e+00 4.500000178813934326e-02 8.100057373046875000e+02
7.112395596504211426e+01 3.189999999999999947e+00 4.500000178813934326e-02 7.203936767578125000e+02
7.121891379356384277e+01 3.129999999999999893e+00 4.500000178813934326e-02 7.203936767578125000e+02
7.131596517562866211e+01 3.029999999999999805e+00 4.500000178813934326e-02 1.080153442382812500e+03
7.141691470146179199e+01 3.089999999999999858e+00 4.500000178813934326e-02 9.000549316406250000e+02
7.151091408729553223e+01 3.189999999999999947e+00 4.500000178813934326e-02 3.597597045898437500e+02
7.162395691871643066e+01 3.049999999999999822e+00 4.500000178813934326e-02 3.597597045898437500e+02
7.172291493415832520e+01 3.020000000000000018e+00 4.500000178813934326e-02 4.502460327148437500e+02
7.182591414451599121e+01 2.950000000000000178e+00 4.500000178813934326e-02 5.398581542968750000e+02
7.191691207885742188e+01 2.990000000000000213e+00 4.500000178813934326e-02 7.199565429687500000e+02
7.202795600891113281e+01 3.069999999999999840e+00 4.500000178813934326e-02 1.079716308593750000e+03
7.211491203308105469e+01 3.069999999999999840e+00 4.500000178813934326e-02 1.169765380859375000e+03
7.220991373062133789e+01 3.060000000000000053e+00 4.500000178813934326e-02 1.170202514648437500e+03
7.232091522216796875e+01 3.169999999999999929e+00 4.500000178813934326e-02 9.896671142578125000e+02
7.242991471290588379e+01 3.029999999999999805e+00 4.500000178813934326e-02 1.079716308593750000e+03
7.252491140365600586e+01 3.089999999999999858e+00 4.500000178813934326e-02 1.080153442382812500e+03
7.261391305923461914e+01 3.200000000000000178e+00 0.000000000000000000e+00 -9.004920959472656250e+01
7.272191119194030762e+01 2.850000000000000089e+00 4.500000178813934326e-02 4.498088989257812500e+02
7.281691145896911621e+01 3.149999999999999911e+00 4.500000178813934326e-02 5.402952880859375000e+02
7.292891263961791992e+01 3.129999999999999893e+00 4.500000178813934326e-02 7.199565429687500000e+02
7.301391315460205078e+01 3.149999999999999911e+00 4.500000178813934326e-02 8.100057373046875000e+02
7.310891294479370117e+01 3.160000000000000142e+00 4.500000178813934326e-02 9.898856811523437500e+02
7.322191715240478516e+01 3.149999999999999911e+00 4.500000178813934326e-02 8.100057373046875000e+02
7.332891798019409180e+01 3.160000000000000142e+00 4.500000178813934326e-02 9.901042480468750000e+02
7.342395782470703125e+01 3.149999999999999911e+00 4.500000178813934326e-02 8.100057373046875000e+02
7.351391386985778809e+01 3.189999999999999947e+00 4.500000178813934326e-02 9.901042480468750000e+02
7.362191176414489746e+01 3.069999999999999840e+00 4.500000178813934326e-02 1.169984008789062500e+03
7.371597552299499512e+01 3.080000000000000071e+00 4.500000178813934326e-02 1.349863891601562500e+03
7.382891511917114258e+01 3.140000000000000124e+00 4.500000178813934326e-02 1.169984008789062500e+03
7.391791105270385742e+01 3.220000000000000195e+00 4.500000178813934326e-02 7.199565429687500000e+02
7.402991104125976562e+01 3.109999999999999876e+00 4.500000178813934326e-02 6.299072875976562500e+02
7.412191009521484375e+01 3.029999999999999805e+00 4.500000178813934326e-02 7.199565429687500000e+02
7.421091103553771973e+01 3.109999999999999876e+00 4.500000178813934326e-02 8.100057373046875000e+02
7.431996154785156250e+01 3.140000000000000124e+00 4.500000178813934326e-02 8.100057373046875000e+02
7.441490554809570312e+01 3.140000000000000124e+00 4.500000178813934326e-02 1.079934814453125000e+03
7.452591204643249512e+01 3.089999999999999858e+00 4.500000178813934326e-02 1.169984008789062500e+03
7.461196565628051758e+01 3.129999999999999893e+00 4.500000178813934326e-02 1.169984008789062500e+03
7.472991180419921875e+01 3.140000000000000124e+00 4.500000178813934326e-02 9.898856811523437500e+02
7.481892204284667969e+01 2.859999999999999876e+00 4.500000178813934326e-02 6.301258544921875000e+02
7.492691206932067871e+01 3.100000000000000089e+00 4.500000178813934326e-02 6.300166015625000000e+02
7.502191138267517090e+01 3.069999999999999840e+00 4.500000178813934326e-02 7.199565429687500000e+02
7.511195898056030273e+01 3.109999999999999876e+00 4.500000178813934326e-02 8.100057373046875000e+02
7.521891069412231445e+01 3.089999999999999858e+00 4.500000178813934326e-02 9.899949340820312500e+02
7.531391620635986328e+01 3.100000000000000089e+00 4.500000178813934326e-02 1.169984008789062500e+03
7.542691111564636230e+01 3.169999999999999929e+00 4.500000178813934326e-02 1.079934814453125000e+03
7.551196646690368652e+01 3.149999999999999911e+00 4.500000178813934326e-02 9.901042480468750000e+02
7.562891149520874023e+01 3.240000000000000213e+00 4.500000178813934326e-02 7.199565429687500000e+02
7.571890974044799805e+01 3.169999999999999929e+00 4.500000178813934326e-02 7.199565429687500000e+02
7.582690978050231934e+01 2.879999999999999893e+00 4.500000178813934326e-02 6.300166015625000000e+02
7.592091965675354004e+01 3.120000000000000107e+00 4.500000178813934326e-02 8.100057373046875000e+02
7.601196670532226562e+01 2.810000000000000053e+00 4.500000178813934326e-02 7.199565429687500000e+02
7.612291336059570312e+01 3.129999999999999893e+00 4.500000178813934326e-02 9.000003051757812500e+02
7.620991015434265137e+01 3.160000000000000142e+00 4.500000178813934326e-02 9.899949340820312500e+02
7.632690978050231934e+01 3.149999999999999911e+00 4.500000178813934326e-02 9.900495605468750000e+02
7.641595864295959473e+01 3.140000000000000124e+00 4.500000178813934326e-02 9.899949340820312500e+02
7.652491378784179688e+01 3.169999999999999929e+00 4.500000178813934326e-02 8.100057373046875000e+02
7.661995363235473633e+01 3.120000000000000107e+00 4.500000178813934326e-02 9.000003051757812500e+02
7.673091101646423340e+01 3.100000000000000089e+00 4.500000178813934326e-02 9.899949340820312500e+02
7.681691408157348633e+01 3.160000000000000142e+00 4.500000178813934326e-02 9.000003051757812500e+02
7.691196179389953613e+01 3.169999999999999929e+00 4.500000178813934326e-02 8.100057373046875000e+02
7.702398824691772461e+01 3.140000000000000124e+00 4.500000178813934326e-02 9.899999389648437500e+02
7.713197374343872070e+01 3.189999999999999947e+00 4.500000178813934326e-02 1.079996337890625000e+03
7.722691106796264648e+01 3.189999999999999947e+00 4.500000178813934326e-02 1.079989501953125000e+03
7.731691026687622070e+01 3.109999999999999876e+00 4.500000178813934326e-02 1.440022338867187500e+03
7.742396044731140137e+01 3.200000000000000178e+00 4.500000178813934326e-02 9.899949340820312500e+02
7.751890993118286133e+01 3.270000000000000018e+00 4.500000178813934326e-02 8.100057373046875000e+02
7.762891197204589844e+01 3.149999999999999911e+00 4.500000178813934326e-02 8.100057373046875000e+02
7.771691155433654785e+01 3.169999999999999929e+00 4.500000178813934326e-02 0.000000000000000000e+00
7.781091070175170898e+01 3.069999999999999840e+00 4.500000178813934326e-02 0.000000000000000000e+00
7.792396068572998047e+01 2.930000000000000160e+00 4.500000178813934326e-02 9.004920959472656250e+01
7.802691435813903809e+01 2.910000000000000142e+00 4.500000178813934326e-02 0.000000000000000000e+00
7.812591886520385742e+01 2.750000000000000000e+00 4.500000178813934326e-02 0.000000000000000000e+00
7.821691894531250000e+01 2.799999999999999822e+00 4.500000178813934326e-02 0.000000000000000000e+00
7.832796096801757812e+01 2.709999999999999964e+00 4.500000178813934326e-02 0.000000000000000000e+00
7.841491174697875977e+01 2.700000000000000178e+00 4.500000178813934326e-02 0.000000000000000000e+00
7.851690125465393066e+01 2.669999999999999929e+00 4.500000178813934326e-02 0.000000000000000000e+00
7.862091398239135742e+01 2.669999999999999929e+00 4.500000178813934326e-02 0.000000000000000000e+00
7.872992062568664551e+01 2.660000000000000142e+00 4.500000178813934326e-02 0.000000000000000000e+00
7.882491350173950195e+01 2.649999999999999911e+00 4.500000178813934326e-02 0.000000000000000000e+00
7.891391396522521973e+01 2.640000000000000124e+00 4.500000178813934326e-02 0.000000000000000000e+00
