8.993768692016601562e-02 1.239999999999999991e+00 2.099999971687793732e-02 0.000000000000000000e+00
1.849479675292968750e-01 1.219999999999999973e+00 2.099999971687793732e-02 0.000000000000000000e+00
2.739448547363281250e-01 1.229999999999999982e+00 2.099999971687793732e-02 0.000000000000000000e+00
3.869457244873046875e-01 1.229999999999999982e+00 2.099999971687793732e-02 0.000000000000000000e+00
4.789991378784179688e-01 1.229999999999999982e+00 2.099999971687793732e-02 0.000000000000000000e+00
5.909442901611328125e-01 1.199999999999999956e+00 2.099999971687793732e-02 0.000000000000000000e+00
6.809465885162353516e-01 1.179999999999999938e+00 2.099999971687793732e-02 0.000000000000000000e+00
7.719976902008056641e-01 1.149999999999999911e+00 2.099999971687793732e-02 0.000000000000000000e+00
8.849506378173828125e-01 1.219999999999999973e+00 2.099999971687793732e-02 0.000000000000000000e+00
9.749524593353271484e-01 1.479999999999999982e+00 2.099999971687793732e-02 0.000000000000000000e+00
1.085943698883056641e+00 1.659999999999999920e+00 2.099999971687793732e-02 0.000000000000000000e+00
1.175996541976928711e+00 2.069999999999999840e+00 2.099999971687793732e-02 0.000000000000000000e+00
1.289943933486938477e+00 2.759999999999999787e+00 2.099999971687793732e-02 0.000000000000000000e+00
1.382944822311401367e+00 3.359999999999999876e+00 2.099999971687793732e-02 -8.999456787109375000e+01
1.490944623947143555e+00 3.669999999999999929e+00 2.099999971687793732e-02 -1.799891357421875000e+02
1.579984188079833984e+00 3.450000000000000178e+00 2.099999971687793732e-02 -8.999456787109375000e+01
1.670944213867187500e+00 3.640000000000000124e+00 2.099999971687793732e-02 -8.999456787109375000e+01
1.788950920104980469e+00 3.660000000000000142e+00 2.099999971687793732e-02 -8.999456787109375000e+01
1.878950595855712891e+00 3.600000000000000089e+00 2.099999971687793732e-02 -8.999456787109375000e+01
1.986942768096923828e+00 3.629999999999999893e+00 2.099999971687793732e-02 -2.699837036132812500e+02
2.081943988800048828e+00 3.520000000000000018e+00 2.099999971687793732e-02 -8.999456787109375000e+01
2.171994209289550781e+00 3.580000000000000071e+00 2.099999971687793732e-02 -2.699837036132812500e+02
2.278943300247192383e+00 3.640000000000000124e+00 2.099999971687793732e-02 -4.500001525878906250e+02
2.373956441879272461e+00 3.669999999999999929e+00 2.099999971687793732e-02 -4.500001525878906250e+02
2.486954927444458008e+00 3.649999999999999911e+00 2.099999971687793732e-02 -5.399947509765625000e+02
2.571986198425292969e+00 3.609999999999999876e+00 2.099999971687793732e-02 -5.399947509765625000e+02
2.688947916030883789e+00 3.600000000000000089e+00 2.099999971687793732e-02 -4.500001525878906250e+02
2.778943777084350586e+00 3.680000000000000160e+00 2.099999971687793732e-02 -5.399947509765625000e+02
2.886942386627197266e+00 3.669999999999999929e+00 2.099999971687793732e-02 -6.300029296875000000e+02
2.980946063995361328e+00 3.689999999999999947e+00 2.099999971687793732e-02 -6.299995727539062500e+02
3.071994543075561523e+00 3.680000000000000160e+00 2.099999971687793732e-02 -6.300012207031250000e+02
3.182946920394897461e+00 3.600000000000000089e+00 2.099999971687793732e-02 -6.300029296875000000e+02
3.269945383071899414e+00 3.540000000000000036e+00 2.099999971687793732e-02 -4.500001525878906250e+02
3.386944770812988281e+00 3.500000000000000000e+00 2.099999971687793732e-02 -4.500001525878906250e+02
3.475997447967529297e+00 3.529999999999999805e+00 2.099999971687793732e-02 -4.500001525878906250e+02
3.584955453872680664e+00 3.600000000000000089e+00 2.099999971687793732e-02 -4.499728393554687500e+02
3.679994106292724609e+00 3.680000000000000160e+00 2.099999971687793732e-02 -5.400220947265625000e+02
3.790945053100585938e+00 3.620000000000000107e+00 2.099999971687793732e-02 -7.199838256835937500e+02
3.876974582672119141e+00 3.560000000000000053e+00 2.099999971687793732e-02 -8.100057373046875000e+02
3.972002267837524414e+00 3.450000000000000178e+00 2.099999971687793732e-02 -6.300166015625000000e+02
4.083991050720214844e+00 3.540000000000000036e+00 2.099999971687793732e-02 -6.300166015625000000e+02
4.190945386886596680e+00 3.560000000000000053e+00 2.099999971687793732e-02 -4.500274658203125000e+02
4.286947965621948242e+00 3.660000000000000142e+00 2.099999971687793732e-02 -6.300166015625000000e+02
4.376947164535522461e+00 3.580000000000000071e+00 2.099999971687793732e-02 -7.200111694335937500e+02
4.483987092971801758e+00 3.549999999999999822e+00 2.099999971687793732e-02 -5.400220947265625000e+02
4.578944206237792969e+00 3.500000000000000000e+00 2.099999971687793732e-02 -3.600328979492187500e+02
4.675987958908081055e+00 3.529999999999999805e+00 2.099999971687793732e-02 -3.599782714843750000e+02
4.776951551437377930e+00 3.609999999999999876e+00 2.099999971687793732e-02 -3.599782714843750000e+02
4.871040105819702148e+00 3.490000000000000213e+00 2.099999971687793732e-02 -8.993992614746093750e+01
4.983988761901855469e+00 3.709999999999999964e+00 2.099999971687793732e-02 0.000000000000000000e+00
5.072946548461914062e+00 3.750000000000000000e+00 2.099999971687793732e-02 -1.799891357421875000e+02
5.185948133468627930e+00 3.700000000000000178e+00 2.099999971687793732e-02 -3.599782714843750000e+02
5.276943445205688477e+00 3.740000000000000213e+00 2.099999971687793732e-02 -4.500274658203125000e+02
5.387990474700927734e+00 3.620000000000000107e+00 2.099999971687793732e-02 -4.499181823730468750e+02
5.474948406219482422e+00 3.700000000000000178e+00 2.099999971687793732e-02 -6.300166015625000000e+02
5.569944381713867188e+00 3.640000000000000124e+00 2.099999971687793732e-02 -6.300166015625000000e+02
5.680947542190551758e+00 3.660000000000000142e+00 2.099999971687793732e-02 -5.399674072265625000e+02
5.789944887161254883e+00 3.629999999999999893e+00 2.099999971687793732e-02 -4.500274658203125000e+02
5.884962081909179688e+00 3.649999999999999911e+00 2.099999971687793732e-02 -6.300166015625000000e+02
5.973963737487792969e+00 3.689999999999999947e+00 2.099999971687793732e-02 -6.300166015625000000e+02
6.081945180892944336e+00 3.529999999999999805e+00 2.099999971687793732e-02 -5.399674072265625000e+02
6.176944971084594727e+00 3.520000000000000018e+00 2.099999971687793732e-02 -5.399674072265625000e+02
6.288950443267822266e+00 3.600000000000000089e+00 2.099999971687793732e-02 -4.500274658203125000e+02
6.373953580856323242e+00 3.540000000000000036e+00 2.099999971687793732e-02 -4.500274658203125000e+02
6.490944862365722656e+00 3.470000000000000195e+00 2.099999971687793732e-02 -2.700383605957031250e+02
6.581947326660156250e+00 3.569999999999999840e+00 2.099999971687793732e-02 -2.700383605957031250e+02
6.688946008682250977e+00 3.629999999999999893e+00 2.099999971687793732e-02 -5.399674072265625000e+02
6.783989429473876953e+00 3.629999999999999893e+00 2.099999971687793732e-02 -7.200657958984375000e+02
6.873950242996215820e+00 3.560000000000000053e+00 2.099999971687793732e-02 -7.201751098632812500e+02
6.981945037841796875e+00 3.490000000000000213e+00 2.099999971687793732e-02 -7.201751098632812500e+02
7.076005220413208008e+00 3.500000000000000000e+00 2.099999971687793732e-02 -7.201751098632812500e+02
7.188946247100830078e+00 3.520000000000000018e+00 2.099999971687793732e-02 -7.199565429687500000e+02
7.277946710586547852e+00 3.569999999999999840e+00 2.099999971687793732e-02 -5.400767211914062500e+02
7.390948534011840820e+00 3.520000000000000018e+00 2.099999971687793732e-02 -5.400767211914062500e+02
7.481944084167480469e+00 3.549999999999999822e+00 2.099999971687793732e-02 -6.299072875976562500e+02
7.570945739746093750e+00 3.439999999999999947e+00 2.099999971687793732e-02 -5.400767211914062500e+02
7.679998874664306641e+00 3.560000000000000053e+00 2.099999971687793732e-02 -3.599782714843750000e+02
7.774951934814453125e+00 3.680000000000000160e+00 2.099999971687793732e-02 -4.500274658203125000e+02
7.885946750640869141e+00 3.700000000000000178e+00 2.099999971687793732e-02 -4.500274658203125000e+02
7.971996784210205078e+00 3.700000000000000178e+00 2.099999971687793732e-02 -6.301258544921875000e+02
8.089946985244750977e+00 3.669999999999999929e+00 2.099999971687793732e-02 -6.301258544921875000e+02
8.179037809371948242e+00 3.640000000000000124e+00 2.099999971687793732e-02 -8.100057373046875000e+02
8.286944627761840820e+00 3.529999999999999805e+00 2.099999971687793732e-02 -8.100057373046875000e+02
8.381942987442016602e+00 3.529999999999999805e+00 2.099999971687793732e-02 -6.301258544921875000e+02
8.471995115280151367e+00 3.529999999999999805e+00 2.099999971687793732e-02 -5.400767211914062500e+02
8.578946352005004883e+00 3.479999999999999982e+00 2.099999971687793732e-02 -4.500274658203125000e+02
8.673959255218505859e+00 3.520000000000000018e+00 2.099999971687793732e-02 -4.500274658203125000e+02
8.786946296691894531e+00 3.609999999999999876e+00 2.099999971687793732e-02 -5.398581542968750000e+02
8.871991634368896484e+00 3.609999999999999876e+00 2.099999971687793732e-02 -7.199565429687500000e+02
8.988947629928588867e+00 3.600000000000000089e+00 2.099999971687793732e-02 -8.100057373046875000e+02
9.078946828842163086e+00 3.560000000000000053e+00 2.099999971687793732e-02 -9.000549316406250000e+02
9.186945915222167969e+00 3.509999999999999787e+00 2.099999971687793732e-02 -8.100057373046875000e+02
9.280947685241699219e+00 3.569999999999999840e+00 2.099999971687793732e-02 -1.079934814453125000e+03
9.371999979019165039e+00 3.490000000000000213e+00 2.099999971687793732e-02 -6.299072875976562500e+02
9.482945203781127930e+00 3.540000000000000036e+00 2.099999971687793732e-02 -6.301258544921875000e+02
9.569946050643920898e+00 3.529999999999999805e+00 2.099999971687793732e-02 -5.400767211914062500e+02
9.686945199966430664e+00 3.620000000000000107e+00 2.099999971687793732e-02 -6.299072875976562500e+02
9.775994062423706055e+00 3.640000000000000124e+00 2.099999971687793732e-02 -7.199565429687500000e+02
9.884952306747436523e+00 3.620000000000000107e+00 2.099999971687793732e-02 -6.299072875976562500e+02
9.979990482330322266e+00 3.629999999999999893e+00 2.099999971687793732e-02 -5.402952880859375000e+02
1.009094595909118652e+01 3.689999999999999947e+00 2.099999971687793732e-02 -4.498088989257812500e+02
1.017694735527038574e+01 3.729999999999999982e+00 2.099999971687793732e-02 -4.498088989257812500e+02
1.027199625968933105e+01 3.629999999999999893e+00 2.099999971687793732e-02 -4.498088989257812500e+02
1.038399600982666016e+01 3.649999999999999911e+00 2.099999971687793732e-02 -4.498088989257812500e+02
1.048994445800781250e+01 3.689999999999999947e+00 2.099999971687793732e-02 -5.398581542968750000e+02
1.058694553375244141e+01 3.620000000000000107e+00 2.099999971687793732e-02 -7.199565429687500000e+02
1.067694640159606934e+01 3.529999999999999805e+00 2.099999971687793732e-02 -9.000549316406250000e+02
1.078398990631103516e+01 3.580000000000000071e+00 2.099999971687793732e-02 -6.299072875976562500e+02
1.087894701957702637e+01 3.479999999999999982e+00 2.099999971687793732e-02 -4.502460327148437500e+02
1.099095678329467773e+01 3.459999999999999964e+00 2.099999971687793732e-02 -3.601968383789062500e+02
1.107695293426513672e+01 3.490000000000000213e+00 2.099999971687793732e-02 -3.601968383789062500e+02
1.117094635963439941e+01 3.509999999999999787e+00 2.099999971687793732e-02 -3.601968383789062500e+02
1.128399729728698730e+01 3.600000000000000089e+00 2.099999971687793732e-02 -5.402952880859375000e+02
1.137294673919677734e+01 3.560000000000000053e+00 2.099999971687793732e-02 -8.100057373046875000e+02
1.148594951629638672e+01 3.560000000000000053e+00 2.099999971687793732e-02 -5.402952880859375000e+02
1.157694792747497559e+01 3.410000000000000142e+00 2.099999971687793732e-02 -4.502460327148437500e+02
1.168799400329589844e+01 3.479999999999999982e+00 2.099999971687793732e-02 -3.601968383789062500e+02
1.177495336532592773e+01 3.520000000000000018e+00 2.099999971687793732e-02 -3.597597045898437500e+02
1.186994791030883789e+01 3.569999999999999840e+00 2.099999971687793732e-02 -3.597597045898437500e+02
1.198094725608825684e+01 3.580000000000000071e+00 2.099999971687793732e-02 -4.502460327148437500e+02
1.208994674682617188e+01 3.569999999999999840e+00 2.099999971687793732e-02 -3.597597045898437500e+02
1.218495392799377441e+01 3.500000000000000000e+00 2.099999971687793732e-02 -4.498088989257812500e+02
1.227394604682922363e+01 3.540000000000000036e+00 2.099999971687793732e-02 -2.701476440429687500e+02
1.238195109367370605e+01 3.660000000000000142e+00 2.099999971687793732e-02 -3.597597045898437500e+02
1.247694706916809082e+01 3.660000000000000142e+00 2.099999971687793732e-02 -4.502460327148437500e+02
1.258896231651306152e+01 3.609999999999999876e+00 2.099999971687793732e-02 -6.303444213867187500e+02
1.267394423484802246e+01 3.640000000000000124e+00 2.099999971687793732e-02 -4.498088989257812500e+02
1.277602171897888184e+01 3.669999999999999929e+00 2.099999971687793732e-02 -3.601968383789062500e+02
1.288194584846496582e+01 3.689999999999999947e+00 2.099999971687793732e-02 -3.601968383789062500e+02
1.298894786834716797e+01 3.720000000000000195e+00 2.099999971687793732e-02 -4.498088989257812500e+02
1.308399343490600586e+01 3.680000000000000160e+00 2.099999971687793732e-02 -3.597597045898437500e+02
1.317395067214965820e+01 3.709999999999999964e+00 2.099999971687793732e-02 -3.601968383789062500e+02
1.328194522857666016e+01 3.709999999999999964e+00 2.099999971687793732e-02 -4.498088989257812500e+02
1.337599611282348633e+01 3.660000000000000142e+00 2.099999971687793732e-02 -6.299072875976562500e+02
1.348894596099853516e+01 3.549999999999999822e+00 2.099999971687793732e-02 -5.402952880859375000e+02
1.357794499397277832e+01 3.540000000000000036e+00 2.099999971687793732e-02 -3.601968383789062500e+02
1.369094467163085938e+01 3.540000000000000036e+00 2.099999971687793732e-02 -1.800984191894531250e+02
1.378194451332092285e+01 3.609999999999999876e+00 2.099999971687793732e-02 -2.701476440429687500e+02
1.387094426155090332e+01 3.600000000000000089e+00 2.099999971687793732e-02 -4.498088989257812500e+02
1.397999644279479980e+01 3.520000000000000018e+00 2.099999971687793732e-02 -5.398581542968750000e+02
1.407495355606079102e+01 3.589999999999999858e+00 2.099999971687793732e-02 -4.502460327148437500e+02
1.418594646453857422e+01 3.549999999999999822e+00 2.099999971687793732e-02 -2.701476440429687500e+02
1.427199649810791016e+01 3.540000000000000036e+00 2.099999971687793732e-02 -3.597597045898437500e+02
1.438994622230529785e+01 3.549999999999999822e+00 2.099999971687793732e-02 -3.601968383789062500e+02
1.447895312309265137e+01 3.549999999999999822e+00 2.099999971687793732e-02 -5.398581542968750000e+02
1.458694481849670410e+01 3.189999999999999947e+00 2.099999971687793732e-02 0.000000000000000000e+00
1.468194389343261719e+01 3.149999999999999911e+00 2.099999971687793732e-02 0.000000000000000000e+00
1.477207159996032715e+01 3.220000000000000195e+00 2.099999971687793732e-02 0.000000000000000000e+00
1.487894916534423828e+01 3.100000000000000089e+00 2.099999971687793732e-02 0.000000000000000000e+00
1.497394752502441406e+01 2.700000000000000178e+00 2.099999971687793732e-02 0.000000000000000000e+00
1.508695673942565918e+01 1.860000000000000098e+00 2.099999971687793732e-02 0.000000000000000000e+00
1.517199897766113281e+01 1.189999999999999947e+00 2.099999971687793732e-02 0.000000000000000000e+00
1.528895020484924316e+01 2.209999999999999964e+00 4.899999871850013733e-02 9.000549316406250000e+02
1.537896203994750977e+01 3.509999999999999787e+00 4.899999871850013733e-02 1.800984191894531250e+02
1.548694658279418945e+01 3.600000000000000089e+00 4.899999871850013733e-02 0.000000000000000000e+00
1.558094501495361328e+01 3.479999999999999982e+00 4.899999871850013733e-02 9.004920959472656250e+01
1.567199754714965820e+01 3.279999999999999805e+00 4.899999871850013733e-02 1.796612854003906250e+02
1.578294444084167480e+01 3.379999999999999893e+00 4.899999871850013733e-02 9.004920959472656250e+01
1.586994433403015137e+01 3.200000000000000178e+00 4.899999871850013733e-02 1.800984191894531250e+02
1.598694443702697754e+01 3.319999999999999840e+00 4.899999871850013733e-02 6.303444213867187500e+02
1.607599568367004395e+01 3.279999999999999805e+00 4.899999871850013733e-02 8.996177978515625000e+02
1.618495202064514160e+01 3.450000000000000178e+00 4.899999871850013733e-02 9.000549316406250000e+02
1.627998447418212891e+01 3.529999999999999805e+00 4.899999871850013733e-02 5.398581542968750000e+02
1.638994479179382324e+01 3.450000000000000178e+00 4.899999871850013733e-02 1.796612854003906250e+02
1.647694659233093262e+01 3.370000000000000107e+00 4.899999871850013733e-02 3.597597045898437500e+02
1.657198762893676758e+01 3.319999999999999840e+00 4.899999871850013733e-02 4.498088989257812500e+02
1.668400430679321289e+01 3.390000000000000124e+00 4.899999871850013733e-02 5.398581542968750000e+02
1.678994631767272949e+01 3.509999999999999787e+00 4.899999871850013733e-02 5.398581542968750000e+02
1.688694620132446289e+01 3.509999999999999787e+00 4.899999871850013733e-02 4.502460327148437500e+02
1.697694873809814453e+01 3.500000000000000000e+00 4.899999871850013733e-02 3.597597045898437500e+02
1.708400607109069824e+01 3.479999999999999982e+00 4.899999871850013733e-02 1.800984191894531250e+02
1.717894721031188965e+01 3.490000000000000213e+00 4.899999871850013733e-02 2.697105102539062500e+02
1.727599668502807617e+01 3.390000000000000124e+00 4.899999871850013733e-02 1.800984191894531250e+02
1.737694597244262695e+01 3.399999999999999911e+00 4.899999871850013733e-02 1.796612854003906250e+02
1.747094726562500000e+01 3.390000000000000124e+00 4.899999871850013733e-02 4.498088989257812500e+02
1.758400392532348633e+01 3.419999999999999929e+00 4.899999871850013733e-02 4.502460327148437500e+02
1.767295026779174805e+01 3.439999999999999947e+00 4.899999871850013733e-02 5.398581542968750000e+02
1.778595113754272461e+01 3.439999999999999947e+00 4.899999871850013733e-02 5.398581542968750000e+02
1.787695121765136719e+01 3.479999999999999982e+00 4.899999871850013733e-02 3.601968383789062500e+02
1.798799586296081543e+01 3.459999999999999964e+00 4.899999871850013733e-02 3.601968383789062500e+02
1.807495617866516113e+01 3.390000000000000124e+00 4.899999871850013733e-02 2.701476440429687500e+02
1.817694735527038574e+01 3.450000000000000178e+00 4.899999871850013733e-02 2.697105102539062500e+02
1.828094696998596191e+01 3.410000000000000142e+00 4.899999871850013733e-02 2.701476440429687500e+02
1.838994693756103516e+01 3.359999999999999876e+00 4.899999871850013733e-02 2.697105102539062500e+02
1.848497033119201660e+01 3.379999999999999893e+00 4.899999871850013733e-02 3.597597045898437500e+02
1.857394409179687500e+01 3.399999999999999911e+00 4.899999871850013733e-02 3.597597045898437500e+02
1.868194460868835449e+01 3.439999999999999947e+00 4.899999871850013733e-02 3.597597045898437500e+02
1.877694535255432129e+01 3.430000000000000160e+00 4.899999871850013733e-02 3.597597045898437500e+02
1.888894510269165039e+01 3.439999999999999947e+00 4.899999871850013733e-02 3.597597045898437500e+02
1.897394394874572754e+01 3.410000000000000142e+00 4.899999871850013733e-02 1.796612854003906250e+02
1.909094476699829102e+01 3.410000000000000142e+00 4.899999871850013733e-02 3.597597045898437500e+02
1.918194508552551270e+01 3.339999999999999858e+00 4.899999871850013733e-02 3.597597045898437500e+02
1.928894591331481934e+01 3.319999999999999840e+00 4.899999871850013733e-02 5.398581542968750000e+02
1.938399696350097656e+01 3.379999999999999893e+00 4.899999871850013733e-02 6.299072875976562500e+02
1.947394418716430664e+01 3.439999999999999947e+00 4.899999871850013733e-02 4.498088989257812500e+02
1.958194565773010254e+01 3.430000000000000160e+00 4.899999871850013733e-02 4.502460327148437500e+02
1.967599225044250488e+01 3.410000000000000142e+00 4.899999871850013733e-02 1.796612854003906250e+02
1.978894591331481934e+01 3.319999999999999840e+00 4.899999871850013733e-02 0.000000000000000000e+00
1.987795305252075195e+01 3.200000000000000178e+00 4.899999871850013733e-02 0.000000000000000000e+00
1.998994469642639160e+01 3.180000000000000160e+00 4.899999871850013733e-02 0.000000000000000000e+00
2.008194518089294434e+01 3.160000000000000142e+00 4.899999871850013733e-02 0.000000000000000000e+00
2.019200062751770020e+01 3.120000000000000107e+00 4.899999871850013733e-02 0.000000000000000000e+00
2.027999687194824219e+01 3.149999999999999911e+00 4.899999871850013733e-02 9.004920959472656250e+01
2.037495207786560059e+01 3.319999999999999840e+00 4.899999871850013733e-02 3.601968383789062500e+02
2.048595213890075684e+01 3.350000000000000089e+00 4.899999871850013733e-02 5.398581542968750000e+02
2.057199096679687500e+01 3.459999999999999964e+00 4.899999871850013733e-02 6.299072875976562500e+02
2.068994498252868652e+01 3.490000000000000213e+00 4.899999871850013733e-02 5.402952880859375000e+02
2.077894735336303711e+01 3.540000000000000036e+00 4.899999871850013733e-02 4.498088989257812500e+02
2.088694381713867188e+01 3.500000000000000000e+00 4.899999871850013733e-02 2.701476440429687500e+02
2.098194432258605957e+01 3.419999999999999929e+00 4.899999871850013733e-02 3.597597045898437500e+02
2.107199764251708984e+01 3.430000000000000160e+00 4.899999871850013733e-02 5.398581542968750000e+02
2.117894959449768066e+01 3.439999999999999947e+00 4.899999871850013733e-02 6.299072875976562500e+02
2.127394700050354004e+01 3.520000000000000018e+00 4.899999871850013733e-02 5.398581542968750000e+02
2.138694596290588379e+01 3.509999999999999787e+00 4.899999871850013733e-02 3.599782714843750000e+02
2.147198367118835449e+01 3.549999999999999822e+00 4.899999871850013733e-02 2.699290771484375000e+02
2.158894753456115723e+01 3.470000000000000195e+00 4.899999871850013733e-02 2.699290771484375000e+02
2.167894482612609863e+01 3.479999999999999982e+00 4.899999871850013733e-02 1.800984191894531250e+02
2.178694558143615723e+01 3.479999999999999982e+00 4.899999871850013733e-02 8.983064270019531250e+01
2.188094830513000488e+01 3.390000000000000124e+00 4.899999871850013733e-02 8.983064270019531250e+01
2.197199177742004395e+01 3.299999999999999822e+00 4.899999871850013733e-02 1.798798522949218750e+02
2.208294391632080078e+01 3.339999999999999858e+00 4.899999871850013733e-02 5.400767211914062500e+02
2.216994786262512207e+01 3.450000000000000178e+00 4.899999871850013733e-02 4.500274658203125000e+02
2.228694534301757812e+01 3.509999999999999787e+00 4.899999871850013733e-02 1.798798522949218750e+02
2.237599635124206543e+01 3.479999999999999982e+00 4.899999871850013733e-02 9.004920959472656250e+01
2.248495054244995117e+01 3.430000000000000160e+00 4.899999871850013733e-02 0.000000000000000000e+00
2.257999253273010254e+01 3.379999999999999893e+00 4.899999871850013733e-02 0.000000000000000000e+00
2.268994593620300293e+01 3.330000000000000071e+00 4.899999871850013733e-02 9.004920959472656250e+01
2.277694368362426758e+01 3.319999999999999840e+00 4.899999871850013733e-02 3.599782714843750000e+02
2.287199473381042480e+01 3.330000000000000071e+00 4.899999871850013733e-02 6.299072875976562500e+02
2.298400974273681641e+01 3.470000000000000195e+00 4.899999871850013733e-02 7.199565429687500000e+02
2.308994460105895996e+01 3.560000000000000053e+00 4.899999871850013733e-02 4.500274658203125000e+02
2.318694472312927246e+01 3.430000000000000160e+00 4.899999871850013733e-02 4.500274658203125000e+02
2.327695012092590332e+01 3.470000000000000195e+00 4.899999871850013733e-02 3.599782714843750000e+02
2.338399481773376465e+01 3.439999999999999947e+00 4.899999871850013733e-02 4.500274658203125000e+02
2.347895145416259766e+01 3.390000000000000124e+00 4.899999871850013733e-02 7.199565429687500000e+02
2.356896042823791504e+01 3.430000000000000160e+00 4.899999871850013733e-02 8.100057373046875000e+02
2.367695474624633789e+01 3.419999999999999929e+00 4.899999871850013733e-02 5.398581542968750000e+02
2.377095460891723633e+01 3.459999999999999964e+00 4.899999871850013733e-02 3.599782714843750000e+02
2.388400530815124512e+01 3.430000000000000160e+00 4.899999871850013733e-02 2.699290771484375000e+02
2.397294759750366211e+01 3.410000000000000142e+00 4.899999871850013733e-02 2.699290771484375000e+02
2.408594870567321777e+01 3.419999999999999929e+00 4.899999871850013733e-02 9.004920959472656250e+01
2.417695736885070801e+01 3.410000000000000142e+00 4.899999871850013733e-02 0.000000000000000000e+00
2.428799676895141602e+01 3.359999999999999876e+00 4.899999871850013733e-02 0.000000000000000000e+00
2.437494897842407227e+01 3.270000000000000018e+00 4.899999871850013733e-02 0.000000000000000000e+00
2.449094510078430176e+01 3.259999999999999787e+00 4.899999871850013733e-02 0.000000000000000000e+00
2.458094668388366699e+01 3.310000000000000053e+00 4.899999871850013733e-02 0.000000000000000000e+00
2.468994784355163574e+01 3.310000000000000053e+00 4.899999871850013733e-02 0.000000000000000000e+00
2.478494668006896973e+01 3.299999999999999822e+00 4.899999871850013733e-02 0.000000000000000000e+00
2.487394571304321289e+01 3.279999999999999805e+00 4.899999871850013733e-02 0.000000000000000000e+00
2.498196506500244141e+01 3.310000000000000053e+00 4.899999871850013733e-02 2.699290771484375000e+02
2.507694721221923828e+01 3.240000000000000213e+00 4.899999871850013733e-02 7.199565429687500000e+02
2.518896102905273438e+01 3.379999999999999893e+00 4.899999871850013733e-02 5.400767211914062500e+02
2.527394628524780273e+01 3.439999999999999947e+00 4.899999871850013733e-02 5.398581542968750000e+02
2.536895370483398438e+01 3.430000000000000160e+00 4.899999871850013733e-02 8.100057373046875000e+02
2.548194694519042969e+01 3.470000000000000195e+00 4.899999871850013733e-02 6.299072875976562500e+02
2.558894777297973633e+01 3.520000000000000018e+00 4.899999871850013733e-02 5.398581542968750000e+02
2.568399357795715332e+01 3.509999999999999787e+00 4.899999871850013733e-02 3.599782714843750000e+02
2.577394485473632812e+01 3.500000000000000000e+00 4.899999871850013733e-02 9.004920959472656250e+01
2.588194537162780762e+01 3.350000000000000089e+00 4.899999871850013733e-02 0.000000000000000000e+00
2.597599411010742188e+01 3.270000000000000018e+00 4.899999871850013733e-02 0.000000000000000000e+00
2.608904337882995605e+01 3.319999999999999840e+00 4.899999871850013733e-02 0.000000000000000000e+00
2.617794466018676758e+01 3.259999999999999787e+00 4.899999871850013733e-02 1.798798522949218750e+02
2.626495409011840820e+01 3.319999999999999840e+00 4.899999871850013733e-02 5.400767211914062500e+02
2.638194513320922852e+01 3.379999999999999893e+00 4.899999871850013733e-02 6.299072875976562500e+02
2.647094535827636719e+01 3.479999999999999982e+00 4.899999871850013733e-02 4.500274658203125000e+02
2.658000302314758301e+01 3.470000000000000195e+00 4.899999871850013733e-02 1.798798522949218750e+02
2.667495417594909668e+01 3.390000000000000124e+00 4.899999871850013733e-02 0.000000000000000000e+00
2.678594613075256348e+01 3.279999999999999805e+00 4.899999871850013733e-02 9.004920959472656250e+01
2.687199258804321289e+01 3.259999999999999787e+00 4.899999871850013733e-02 8.983064270019531250e+01
2.698994779586791992e+01 3.319999999999999840e+00 4.899999871850013733e-02 6.301258544921875000e+02
2.707894659042358398e+01 3.390000000000000124e+00 4.899999871850013733e-02 7.199565429687500000e+02
2.718694543838500977e+01 3.520000000000000018e+00 4.899999871850013733e-02 3.599782714843750000e+02
2.728194761276245117e+01 3.419999999999999929e+00 4.899999871850013733e-02 2.699290771484375000e+02
2.737199401855468750e+01 3.419999999999999929e+00 4.899999871850013733e-02 2.699290771484375000e+02
2.747894835472106934e+01 3.370000000000000107e+00 4.899999871850013733e-02 2.699290771484375000e+02
2.757394361495971680e+01 3.379999999999999893e+00 4.899999871850013733e-02 2.699290771484375000e+02
2.768694686889648438e+01 3.419999999999999929e+00 4.899999871850013733e-02 3.599782714843750000e+02
2.777199268341064453e+01 3.390000000000000124e+00 4.899999871850013733e-02 2.699290771484375000e+02
2.788894844055175781e+01 3.470000000000000195e+00 4.899999871850013733e-02 1.799891357421875000e+02
2.797894668579101562e+01 3.479999999999999982e+00 4.899999871850013733e-02 0.000000000000000000e+00
2.808694648742675781e+01 3.290000000000000036e+00 4.899999871850013733e-02 8.993992614746093750e+01
2.818094706535339355e+01 3.270000000000000018e+00 4.899999871850013733e-02 4.500274658203125000e+02
2.827199435234069824e+01 3.359999999999999876e+00 4.899999871850013733e-02 5.399674072265625000e+02
2.838294839859008789e+01 3.419999999999999929e+00 4.899999871850013733e-02 5.399674072265625000e+02
2.846996068954467773e+01 3.459999999999999964e+00 4.899999871850013733e-02 5.400767211914062500e+02
2.858695602416992188e+01 3.500000000000000000e+00 4.899999871850013733e-02 4.499181823730468750e+02
2.867600512504577637e+01 3.459999999999999964e+00 4.899999871850013733e-02 4.500274658203125000e+02
2.878504157066345215e+01 3.430000000000000160e+00 4.899999871850013733e-02 3.599782714843750000e+02
2.887999439239501953e+01 3.359999999999999876e+00 4.899999871850013733e-02 2.700383605957031250e+02
2.898494863510131836e+01 3.359999999999999876e+00 4.899999871850013733e-02 3.599782714843750000e+02
2.907695579528808594e+01 3.419999999999999929e+00 4.899999871850013733e-02 2.699290771484375000e+02
2.917199993133544922e+01 3.490000000000000213e+00 4.899999871850013733e-02 1.799891357421875000e+02
2.928399848937988281e+01 3.379999999999999893e+00 4.899999871850013733e-02 0.000000000000000000e+00
2.938994455337524414e+01 3.319999999999999840e+00 4.899999871850013733e-02 0.000000000000000000e+00
2.948694491386413574e+01 3.220000000000000195e+00 4.899999871850013733e-02 0.000000000000000000e+00
2.957694697380065918e+01 3.209999999999999964e+00 4.899999871850013733e-02 6.300166015625000000e+02
2.968398809432983398e+01 3.419999999999999929e+00 4.899999871850013733e-02 9.899949340820312500e+02
2.977895402908325195e+01 3.509999999999999787e+00 4.899999871850013733e-02 5.399674072265625000e+02
2.986894583702087402e+01 3.640000000000000124e+00 4.899999871850013733e-02 0.000000000000000000e+00
2.997694444656372070e+01 3.479999999999999982e+00 4.899999871850013733e-02 0.000000000000000000e+00
3.007094621658325195e+01 3.339999999999999858e+00 4.899999871850013733e-02 2.700383605957031250e+02
3.018401074409484863e+01 3.350000000000000089e+00 4.899999871850013733e-02 4.500274658203125000e+02
3.027294492721557617e+01 3.439999999999999947e+00 4.899999871850013733e-02 6.300166015625000000e+02
3.038595175743103027e+01 3.339999999999999858e+00 4.899999871850013733e-02 1.170038574218750000e+03
3.047694540023803711e+01 3.439999999999999947e+00 4.899999871850013733e-02 1.260033203125000000e+03
3.058799099922180176e+01 3.589999999999999858e+00 4.899999871850013733e-02 3.600328979492187500e+02
3.067494654655456543e+01 3.560000000000000053e+00 4.899999871850013733e-02 0.000000000000000000e+00
3.076994729042053223e+01 3.350000000000000089e+00 4.899999871850013733e-02 0.000000000000000000e+00
3.088094472885131836e+01 3.279999999999999805e+00 4.899999871850013733e-02 8.999456787109375000e+01
3.098994469642639160e+01 3.330000000000000071e+00 4.899999871850013733e-02 5.400220947265625000e+02
3.108495163917541504e+01 3.430000000000000160e+00 4.899999871850013733e-02 5.400220947265625000e+02
3.117394614219665527e+01 3.509999999999999787e+00 4.899999871850013733e-02 2.699837036132812500e+02
3.128194737434387207e+01 3.430000000000000160e+00 4.899999871850013733e-02 0.000000000000000000e+00
3.137694597244262695e+01 3.220000000000000195e+00 4.899999871850013733e-02 8.999456787109375000e+01
3.148894667625427246e+01 3.379999999999999893e+00 4.899999871850013733e-02 3.599782714843750000e+02
3.157394409179687500e+01 3.399999999999999911e+00 4.899999871850013733e-02 2.699837036132812500e+02
3.166894650459289551e+01 3.359999999999999876e+00 4.899999871850013733e-02 2.700110473632812500e+02
3.178194499015808105e+01 3.339999999999999858e+00 4.899999871850013733e-02 4.500001525878906250e+02
3.188894653320312500e+01 3.379999999999999893e+00 4.899999871850013733e-02 3.600055847167968750e+02
3.198400330543518066e+01 3.430000000000000160e+00 4.899999871850013733e-02 5.399947509765625000e+02
3.207394480705261230e+01 3.439999999999999947e+00 4.899999871850013733e-02 3.600055847167968750e+02
3.218194437026977539e+01 3.450000000000000178e+00 4.899999871850013733e-02 2.699973754882812500e+02
3.227599692344665527e+01 3.399999999999999911e+00 4.899999871850013733e-02 3.600055847167968750e+02
3.238894534111022949e+01 3.419999999999999929e+00 4.899999871850013733e-02 2.699973754882812500e+02
3.247794771194458008e+01 3.390000000000000124e+00 4.899999871850013733e-02 2.699973754882812500e+02
3.259094500541687012e+01 3.390000000000000124e+00 4.899999871850013733e-02 3.599987487792968750e+02
3.268194365501403809e+01 3.419999999999999929e+00 4.899999871850013733e-02 4.500001525878906250e+02
3.277094411849975586e+01 3.500000000000000000e+00 4.899999871850013733e-02 3.600000305175781250e+02
3.287999200820922852e+01 3.520000000000000018e+00 4.899999871850013733e-02 9.000139617919921875e+01
3.297495126724243164e+01 3.390000000000000124e+00 4.899999871850013733e-02 9.000139617919921875e+01
3.308595800399780273e+01 3.350000000000000089e+00 4.899999871850013733e-02 2.700007934570312500e+02
3.317199826240539551e+01 3.459999999999999964e+00 4.899999871850013733e-02 3.599987487792968750e+02
3.328994345664978027e+01 3.430000000000000160e+00 4.899999871850013733e-02 4.500001525878906250e+02
3.337894415855407715e+01 3.419999999999999929e+00 4.899999871850013733e-02 4.500001525878906250e+02
3.348694276809692383e+01 3.410000000000000142e+00 4.899999871850013733e-02 1.799891357421875000e+02
3.358194398880004883e+01 3.419999999999999929e+00 4.899999871850013733e-02 2.699837036132812500e+02
3.367199134826660156e+01 3.390000000000000124e+00 4.899999871850013733e-02 3.600055847167968750e+02
3.377894282341003418e+01 3.439999999999999947e+00 4.899999871850013733e-02 3.600055847167968750e+02
3.387394237518310547e+01 3.450000000000000178e+00 4.899999871850013733e-02 2.700110473632812500e+02
3.398694610595703125e+01 3.390000000000000124e+00 4.899999871850013733e-02 3.600055847167968750e+02
3.407199978828430176e+01 3.439999999999999947e+00 4.899999871850013733e-02 2.700110473632812500e+02
3.418894600868225098e+01 3.479999999999999982e+00 4.899999871850013733e-02 2.700110473632812500e+02
3.427895522117614746e+01 3.419999999999999929e+00 4.899999871850013733e-02 3.600328979492187500e+02
3.438694477081298828e+01 3.439999999999999947e+00 4.899999871850013733e-02 3.599782714843750000e+02
3.448094463348388672e+01 3.439999999999999947e+00 4.899999871850013733e-02 2.700383605957031250e+02
3.457199573516845703e+01 3.399999999999999911e+00 4.899999871850013733e-02 2.699837036132812500e+02
3.468294477462768555e+01 3.350000000000000089e+00 4.899999871850013733e-02 1.799891357421875000e+02
3.476994681358337402e+01 3.359999999999999876e+00 4.899999871850013733e-02 0.000000000000000000e+00
3.488694596290588379e+01 3.240000000000000213e+00 4.899999871850013733e-02 0.000000000000000000e+00
3.497599792480468750e+01 3.229999999999999982e+00 4.899999871850013733e-02 0.000000000000000000e+00
3.508495140075683594e+01 3.220000000000000195e+00 4.899999871850013733e-02 0.000000000000000000e+00
3.518001508712768555e+01 3.379999999999999893e+00 4.899999871850013733e-02 0.000000000000000000e+00
3.529094767570495605e+01 3.299999999999999822e+00 4.899999871850013733e-02 0.000000000000000000e+00
3.537694692611694336e+01 3.259999999999999787e+00 4.899999871850013733e-02 0.000000000000000000e+00
3.547199440002441406e+01 3.839999999999999858e+00 4.899999871850013733e-02 0.000000000000000000e+00
3.558399701118469238e+01 5.610000000000000320e+00 4.899999871850013733e-02 0.000000000000000000e+00
3.568994832038879395e+01 6.400000000000000355e+00 4.899999871850013733e-02 0.000000000000000000e+00
3.578694891929626465e+01 6.620000000000000107e+00 4.899999871850013733e-02 0.000000000000000000e+00
3.587695384025573730e+01 6.839999999999999858e+00 4.899999871850013733e-02 0.000000000000000000e+00
3.598400115966796875e+01 7.040000000000000036e+00 4.899999871850013733e-02 -8.999456787109375000e+01
3.607894682884216309e+01 6.320000000000000284e+00 2.099999971687793732e-02 -8.100057373046875000e+02
3.619097733497619629e+01 3.529999999999999805e+00 2.099999971687793732e-02 -4.500001525878906250e+02
3.627694368362426758e+01 3.439999999999999947e+00 2.099999971687793732e-02 -1.799891357421875000e+02
3.637094616889953613e+01 3.750000000000000000e+00 2.099999971687793732e-02 -2.700110473632812500e+02
3.648407149314880371e+01 3.830000000000000071e+00 2.099999971687793732e-02 -7.200111694335937500e+02
3.657294464111328125e+01 3.689999999999999947e+00 2.099999971687793732e-02 -8.100057373046875000e+02
3.668595051765441895e+01 3.580000000000000071e+00 2.099999971687793732e-02 -4.500001525878906250e+02
3.677694463729858398e+01 3.680000000000000160e+00 2.099999971687793732e-02 -3.600055847167968750e+02
3.688799357414245605e+01 3.680000000000000160e+00 2.099999971687793732e-02 -2.699973754882812500e+02
3.697495269775390625e+01 3.669999999999999929e+00 2.099999971687793732e-02 -3.599987487792968750e+02
3.706994628906250000e+01 3.870000000000000107e+00 2.099999971687793732e-02 -6.299995727539062500e+02
3.718094563484191895e+01 3.709999999999999964e+00 2.099999971687793732e-02 -8.999969482421875000e+02
3.728994607925415039e+01 3.629999999999999893e+00 2.099999971687793732e-02 -8.099920654296875000e+02
3.738495159149169922e+01 3.560000000000000053e+00 2.099999971687793732e-02 -9.000003051757812500e+02
3.747394418716430664e+01 3.479999999999999982e+00 2.099999971687793732e-02 -7.200111694335937500e+02
3.758194422721862793e+01 3.649999999999999911e+00 2.099999971687793732e-02 -7.200111694335937500e+02
3.767694568634033203e+01 3.629999999999999893e+00 2.099999971687793732e-02 -8.099783935546875000e+02
3.778894519805908203e+01 3.490000000000000213e+00 2.099999971687793732e-02 -8.100057373046875000e+02
3.787394499778747559e+01 3.569999999999999840e+00 2.099999971687793732e-02 -8.100057373046875000e+02
3.797999286651611328e+01 3.580000000000000071e+00 2.099999971687793732e-02 -6.300166015625000000e+02
3.808194565773010254e+01 3.620000000000000107e+00 2.099999971687793732e-02 -7.200111694335937500e+02
3.818894481658935547e+01 3.549999999999999822e+00 2.099999971687793732e-02 -8.100057373046875000e+02
3.828399467468261719e+01 3.580000000000000071e+00 2.099999971687793732e-02 -7.200111694335937500e+02
3.837394380569458008e+01 3.569999999999999840e+00 2.099999971687793732e-02 -6.300166015625000000e+02
3.848194861412048340e+01 3.450000000000000178e+00 2.099999971687793732e-02 -3.599782714843750000e+02
3.857599997520446777e+01 3.620000000000000107e+00 2.099999971687793732e-02 -2.700383605957031250e+02
3.868894577026367188e+01 3.750000000000000000e+00 2.099999971687793732e-02 -4.500274658203125000e+02
3.877794313430786133e+01 3.750000000000000000e+00 2.099999971687793732e-02 -5.399674072265625000e+02
3.889094495773315430e+01 3.640000000000000124e+00 2.099999971687793732e-02 -5.400767211914062500e+02
3.898194265365600586e+01 3.649999999999999911e+00 2.099999971687793732e-02 -4.500274658203125000e+02
3.907094573974609375e+01 3.709999999999999964e+00 2.099999971687793732e-02 -5.399674072265625000e+02
3.917999339103698730e+01 3.709999999999999964e+00 2.099999971687793732e-02 -8.100057373046875000e+02
3.927495193481445312e+01 3.689999999999999947e+00 2.099999971687793732e-02 -9.899949340820312500e+02
3.938594961166381836e+01 3.629999999999999893e+00 2.099999971687793732e-02 -9.899949340820312500e+02
3.947199702262878418e+01 3.540000000000000036e+00 2.099999971687793732e-02 -9.000549316406250000e+02
3.958994746208190918e+01 3.470000000000000195e+00 2.099999971687793732e-02 -6.300166015625000000e+02
3.967894554138183594e+01 3.520000000000000018e+00 2.099999971687793732e-02 -6.300166015625000000e+02
3.978695487976074219e+01 3.580000000000000071e+00 2.099999971687793732e-02 -6.300166015625000000e+02
3.988194656372070312e+01 3.560000000000000053e+00 2.099999971687793732e-02 -7.199565429687500000e+02
3.997199320793151855e+01 3.520000000000000018e+00 2.099999971687793732e-02 -8.097871704101562500e+02
4.007894921302795410e+01 3.500000000000000000e+00 2.099999971687793732e-02 -7.201751098632812500e+02
4.017394542694091797e+01 3.580000000000000071e+00 2.099999971687793732e-02 -7.199565429687500000e+02
4.028694510459899902e+01 3.609999999999999876e+00 2.099999971687793732e-02 -9.901042480468750000e+02
4.037199950218200684e+01 3.589999999999999858e+00 2.099999971687793732e-02 -1.079934814453125000e+03
4.048894691467285156e+01 3.500000000000000000e+00 2.099999971687793732e-02 -1.169984008789062500e+03
4.057894396781921387e+01 3.629999999999999893e+00 2.099999971687793732e-02 -9.898856811523437500e+02
4.068694376945495605e+01 3.589999999999999858e+00 2.099999971687793732e-02 -8.100057373046875000e+02
4.078094649314880371e+01 3.600000000000000089e+00 2.099999971687793732e-02 -9.901042480468750000e+02
4.087199592590332031e+01 3.500000000000000000e+00 2.099999971687793732e-02 -9.000549316406250000e+02
4.098294639587402344e+01 3.580000000000000071e+00 2.099999971687793732e-02 -9.898856811523437500e+02
4.106994652748107910e+01 3.509999999999999787e+00 2.099999971687793732e-02 -8.998363647460937500e+02
4.118695378303527832e+01 3.540000000000000036e+00 2.099999971687793732e-02 -8.097871704101562500e+02
4.127599692344665527e+01 3.509999999999999787e+00 2.099999971687793732e-02 -7.201751098632812500e+02
4.138495278358459473e+01 3.609999999999999876e+00 2.099999971687793732e-02 -9.000549316406250000e+02
4.147999620437622070e+01 3.529999999999999805e+00 2.099999971687793732e-02 -9.000549316406250000e+02
4.159094548225402832e+01 3.560000000000000053e+00 2.099999971687793732e-02 -1.079934814453125000e+03
4.167694759368896484e+01 3.549999999999999822e+00 2.099999971687793732e-02 -1.170202514648437500e+03
4.177199649810791016e+01 3.549999999999999822e+00 2.099999971687793732e-02 -9.901042480468750000e+02
4.188399672508239746e+01 3.540000000000000036e+00 2.099999971687793732e-02 -9.000549316406250000e+02
4.198994469642639160e+01 3.600000000000000089e+00 2.099999971687793732e-02 -9.000549316406250000e+02
4.208694696426391602e+01 3.680000000000000160e+00 2.099999971687793732e-02 -9.901042480468750000e+02
4.217695736885070801e+01 3.709999999999999964e+00 2.099999971687793732e-02 -1.349863891601562500e+03
4.228399753570556641e+01 3.629999999999999893e+00 2.099999971687793732e-02 -1.439913085937500000e+03
4.237894749641418457e+01 3.419999999999999929e+00 2.099999971687793732e-02 -1.259814575195312500e+03
4.246894502639770508e+01 3.450000000000000178e+00 2.099999971687793732e-02 -9.901042480468750000e+02
4.257694530487060547e+01 3.370000000000000107e+00 2.099999971687793732e-02 -8.100057373046875000e+02
4.267094469070434570e+01 3.509999999999999787e+00 2.099999971687793732e-02 -7.199565429687500000e+02
4.278407406806945801e+01 3.569999999999999840e+00 2.099999971687793732e-02 -8.100057373046875000e+02
4.287294650077819824e+01 3.580000000000000071e+00 2.099999971687793732e-02 -1.080153442382812500e+03
4.298594951629638672e+01 3.540000000000000036e+00 2.099999971687793732e-02 -1.080153442382812500e+03
4.307695078849792480e+01 3.529999999999999805e+00 2.099999971687793732e-02 -1.169765380859375000e+03
4.318800544738769531e+01 3.500000000000000000e+00 2.099999971687793732e-02 -1.080153442382812500e+03
4.327495336532592773e+01 3.540000000000000036e+00 2.099999971687793732e-02 -9.901042480468750000e+02
4.337694644927978516e+01 3.600000000000000089e+00 2.099999971687793732e-02 -8.100057373046875000e+02
4.348094773292541504e+01 3.640000000000000124e+00 2.099999971687793732e-02 -8.100057373046875000e+02
4.358994960784912109e+01 3.680000000000000160e+00 2.099999971687793732e-02 -7.199565429687500000e+02
4.368495273590087891e+01 3.589999999999999858e+00 2.099999971687793732e-02 -8.100057373046875000e+02
4.377394461631774902e+01 3.569999999999999840e+00 2.099999971687793732e-02 -9.000549316406250000e+02
4.388194417953491211e+01 3.560000000000000053e+00 2.099999971687793732e-02 -8.095686035156250000e+02
4.397694754600524902e+01 3.509999999999999787e+00 2.099999971687793732e-02 -8.996177978515625000e+02
4.408894658088684082e+01 3.529999999999999805e+00 2.099999971687793732e-02 -8.100057373046875000e+02
4.417394399642944336e+01 3.500000000000000000e+00 2.099999971687793732e-02 -5.398581542968750000e+02
4.426894783973693848e+01 3.180000000000000160e+00 2.099999971687793732e-02 0.000000000000000000e+00
4.438194584846496582e+01 2.870000000000000107e+00 2.099999971687793732e-02 0.000000000000000000e+00
4.448894882202148438e+01 2.709999999999999964e+00 2.099999971687793732e-02 0.000000000000000000e+00
4.458400225639343262e+01 1.800000000000000044e+00 4.899999871850013733e-02 1.170202514648437500e+03
4.467394423484802246e+01 2.669999999999999929e+00 4.899999871850013733e-02 1.080153442382812500e+03
4.478194403648376465e+01 3.560000000000000053e+00 4.899999871850013733e-02 1.800984191894531250e+02
4.487599277496337891e+01 3.459999999999999964e+00 4.899999871850013733e-02 0.000000000000000000e+00
4.498894596099853516e+01 3.259999999999999787e+00 4.899999871850013733e-02 6.303444213867187500e+02
4.507794427871704102e+01 3.290000000000000036e+00 4.899999871850013733e-02 7.199565429687500000e+02
4.519094777107238770e+01 3.410000000000000142e+00 4.899999871850013733e-02 8.100057373046875000e+02
4.528194642066955566e+01 3.500000000000000000e+00 4.899999871850013733e-02 6.299072875976562500e+02
4.539201426506042480e+01 3.450000000000000178e+00 4.899999871850013733e-02 5.398581542968750000e+02
4.548000359535217285e+01 3.390000000000000124e+00 4.899999871850013733e-02 4.502460327148437500e+02
4.557496333122253418e+01 3.379999999999999893e+00 4.899999871850013733e-02 6.299072875976562500e+02
4.568595099449157715e+01 3.430000000000000160e+00 4.899999871850013733e-02 7.203936767578125000e+02
4.577199196815490723e+01 3.520000000000000018e+00 4.899999871850013733e-02 8.100057373046875000e+02
4.588994526863098145e+01 3.520000000000000018e+00 4.899999871850013733e-02 6.299072875976562500e+02
4.597894549369812012e+01 3.509999999999999787e+00 4.899999871850013733e-02 6.299072875976562500e+02
4.608694529533386230e+01 3.459999999999999964e+00 4.899999871850013733e-02 4.498088989257812500e+02
4.618194651603698730e+01 3.430000000000000160e+00 4.899999871850013733e-02 6.299072875976562500e+02
4.627199530601501465e+01 3.430000000000000160e+00 4.899999871850013733e-02 6.299072875976562500e+02
4.637898302078247070e+01 3.419999999999999929e+00 4.899999871850013733e-02 7.199565429687500000e+02
4.647394752502441406e+01 3.459999999999999964e+00 4.899999871850013733e-02 6.299072875976562500e+02
4.658694791793823242e+01 3.419999999999999929e+00 4.899999871850013733e-02 7.199565429687500000e+02
4.667199206352233887e+01 3.379999999999999893e+00 4.899999871850013733e-02 8.100057373046875000e+02
4.678894662857055664e+01 3.410000000000000142e+00 4.899999871850013733e-02 1.079716308593750000e+03
4.687894511222839355e+01 3.450000000000000178e+00 4.899999871850013733e-02 1.080153442382812500e+03
4.698694372177124023e+01 3.399999999999999911e+00 4.899999871850013733e-02 1.170202514648437500e+03
4.708094692230224609e+01 3.529999999999999805e+00 4.899999871850013733e-02 9.901042480468750000e+02
4.717199325561523438e+01 3.509999999999999787e+00 4.899999871850013733e-02 7.199565429687500000e+02
4.728294897079467773e+01 3.529999999999999805e+00 4.899999871850013733e-02 6.299072875976562500e+02
4.736994409561157227e+01 3.490000000000000213e+00 4.899999871850013733e-02 6.303444213867187500e+02
4.748694586753845215e+01 3.509999999999999787e+00 4.899999871850013733e-02 7.199565429687500000e+02
4.757599306106567383e+01 3.490000000000000213e+00 4.899999871850013733e-02 6.303444213867187500e+02
4.768495249748229980e+01 3.490000000000000213e+00 4.899999871850013733e-02 7.199565429687500000e+02
4.777999544143676758e+01 3.529999999999999805e+00 4.899999871850013733e-02 6.299072875976562500e+02
4.788994669914245605e+01 3.479999999999999982e+00 4.899999871850013733e-02 6.299072875976562500e+02
4.797694635391235352e+01 3.479999999999999982e+00 4.899999871850013733e-02 8.100057373046875000e+02
4.807199835777282715e+01 3.459999999999999964e+00 4.899999871850013733e-02 8.100057373046875000e+02
4.818400740623474121e+01 3.479999999999999982e+00 4.899999871850013733e-02 8.100057373046875000e+02
4.828495764732360840e+01 3.470000000000000195e+00 4.899999871850013733e-02 8.100057373046875000e+02
4.838694834709167480e+01 3.490000000000000213e+00 4.899999871850013733e-02 7.199565429687500000e+02
4.847694873809814453e+01 3.500000000000000000e+00 4.899999871850013733e-02 9.000549316406250000e+02
4.858399486541748047e+01 3.430000000000000160e+00 4.899999871850013733e-02 1.079934814453125000e+03
4.867894601821899414e+01 3.479999999999999982e+00 4.899999871850013733e-02 1.080153442382812500e+03
4.876894640922546387e+01 3.439999999999999947e+00 4.899999871850013733e-02 9.901042480468750000e+02
4.887694668769836426e+01 3.470000000000000195e+00 4.899999871850013733e-02 9.000549316406250000e+02
4.897094535827636719e+01 3.479999999999999982e+00 4.899999871850013733e-02 7.199565429687500000e+02
4.908399820327758789e+01 3.370000000000000107e+00 4.899999871850013733e-02 9.901042480468750000e+02
4.917294955253601074e+01 3.430000000000000160e+00 4.899999871850013733e-02 1.169984008789062500e+03
4.928594732284545898e+01 3.549999999999999822e+00 4.899999871850013733e-02 9.000549316406250000e+02
4.937694740295410156e+01 3.540000000000000036e+00 4.899999871850013733e-02 9.000549316406250000e+02
4.948798418045043945e+01 3.419999999999999929e+00 4.899999871850013733e-02 9.000549316406250000e+02
4.957495284080505371e+01 3.470000000000000195e+00 4.899999871850013733e-02 8.100057373046875000e+02
4.966994714736938477e+01 3.479999999999999982e+00 4.899999871850013733e-02 6.301258544921875000e+02
4.978094816207885742e+01 3.470000000000000195e+00 4.899999871850013733e-02 9.000549316406250000e+02
4.988994717597961426e+01 3.390000000000000124e+00 4.899999871850013733e-02 9.000549316406250000e+02
4.998494744300842285e+01 3.410000000000000142e+00 4.899999871850013733e-02 1.079934814453125000e+03
5.007394647598266602e+01 3.490000000000000213e+00 4.899999871850013733e-02 1.080044189453125000e+03
5.018194580078125000e+01 3.459999999999999964e+00 4.899999871850013733e-02 1.169984008789062500e+03
5.027694892883300781e+01 3.529999999999999805e+00 4.899999871850013733e-02 9.899949340820312500e+02
5.038894653320312500e+01 3.479999999999999982e+00 4.899999871850013733e-02 8.100057373046875000e+02
5.047394537925720215e+01 3.500000000000000000e+00 4.899999871850013733e-02 6.300166015625000000e+02
5.056894588470458984e+01 3.500000000000000000e+00 4.899999871850013733e-02 7.200657958984375000e+02
5.068194389343261719e+01 3.490000000000000213e+00 4.899999871850013733e-02 7.199565429687500000e+02
5.078894639015197754e+01 3.509999999999999787e+00 4.899999871850013733e-02 6.300166015625000000e+02
5.088400292396545410e+01 3.470000000000000195e+00 4.899999871850013733e-02 6.299072875976562500e+02
5.097394990921020508e+01 3.439999999999999947e+00 4.899999871850013733e-02 6.300166015625000000e+02
5.108194494247436523e+01 3.399999999999999911e+00 4.899999871850013733e-02 9.899949340820312500e+02
5.117599892616271973e+01 3.459999999999999964e+00 4.899999871850013733e-02 9.899949340820312500e+02
5.128894734382629395e+01 3.549999999999999822e+00 4.899999871850013733e-02 5.400220947265625000e+02
5.137794494628906250e+01 3.540000000000000036e+00 4.899999871850013733e-02 2.699837036132812500e+02
5.149094319343566895e+01 3.419999999999999929e+00 4.899999871850013733e-02 5.399674072265625000e+02
5.158194422721862793e+01 3.410000000000000142e+00 4.899999871850013733e-02 6.300166015625000000e+02
5.167094397544860840e+01 3.479999999999999982e+00 4.899999871850013733e-02 8.099783935546875000e+02
5.177999210357666016e+01 3.430000000000000160e+00 4.899999871850013733e-02 6.300166015625000000e+02
5.187495779991149902e+01 3.390000000000000124e+00 4.899999871850013733e-02 6.299892578125000000e+02
5.198594617843627930e+01 3.470000000000000195e+00 4.899999871850013733e-02 6.299892578125000000e+02
5.207199382781982422e+01 3.479999999999999982e+00 4.899999871850013733e-02 6.300029296875000000e+02
5.218994426727294922e+01 3.430000000000000160e+00 4.899999871850013733e-02 6.300029296875000000e+02
5.227895450592041016e+01 3.459999999999999964e+00 4.899999871850013733e-02 6.299995727539062500e+02
5.238694953918457031e+01 3.470000000000000195e+00 4.899999871850013733e-02 7.199974975585937500e+02
5.248194456100463867e+01 3.490000000000000213e+00 4.899999871850013733e-02 7.200043334960937500e+02
5.257199406623840332e+01 3.470000000000000195e+00 4.899999871850013733e-02 7.199974975585937500e+02
5.267894387245178223e+01 3.459999999999999964e+00 4.899999871850013733e-02 6.299892578125000000e+02
5.277394485473632812e+01 3.509999999999999787e+00 4.899999871850013733e-02 5.399947509765625000e+02
5.288694953918457031e+01 3.439999999999999947e+00 4.899999871850013733e-02 6.299892578125000000e+02
5.297199058532714844e+01 3.419999999999999929e+00 4.899999871850013733e-02 6.300166015625000000e+02
5.308894705772399902e+01 3.479999999999999982e+00 4.899999871850013733e-02 5.399674072265625000e+02
5.317894363403320312e+01 3.459999999999999964e+00 4.899999871850013733e-02 4.499728393554687500e+02
5.328694415092468262e+01 3.370000000000000107e+00 4.899999871850013733e-02 5.399674072265625000e+02
5.338094782829284668e+01 3.479999999999999982e+00 4.899999871850013733e-02 0.000000000000000000e+00
5.347200536727905273e+01 3.450000000000000178e+00 4.899999871850013733e-02 0.000000000000000000e+00
5.358294796943664551e+01 3.459999999999999964e+00 4.899999871850013733e-02 -8.999456787109375000e+01
5.366995620727539062e+01 6.030000000000000249e+00 2.099999971687793732e-02 -1.349973144531250000e+03
5.378694725036621094e+01 3.810000000000000053e+00 2.099999971687793732e-02 -1.620011474609375000e+03
5.387599277496337891e+01 3.509999999999999787e+00 2.099999971687793732e-02 -1.170011352539062500e+03
5.398495340347290039e+01 3.560000000000000053e+00 2.099999971687793732e-02 -1.259992187500000000e+03
5.407999253273010254e+01 3.689999999999999947e+00 2.099999971687793732e-02 -1.350000488281250000e+03
5.419097185134887695e+01 3.589999999999999858e+00 2.099999971687793732e-02 -1.259992187500000000e+03
5.427694892883300781e+01 3.509999999999999787e+00 2.099999971687793732e-02 -1.439994995117187500e+03
5.437199807167053223e+01 3.520000000000000018e+00 2.099999971687793732e-02 -1.260005859375000000e+03
5.448399376869201660e+01 3.479999999999999982e+00 2.099999971687793732e-02 -1.259978515625000000e+03
5.458994817733764648e+01 3.450000000000000178e+00 2.099999971687793732e-02 -1.079989501953125000e+03
5.468694591522216797e+01 3.589999999999999858e+00 2.099999971687793732e-02 -1.260033203125000000e+03
5.477694630622863770e+01 3.540000000000000036e+00 2.099999971687793732e-02 -1.440022338867187500e+03
5.488399958610534668e+01 3.479999999999999982e+00 2.099999971687793732e-02 -1.349973144531250000e+03
5.497894597053527832e+01 3.560000000000000053e+00 2.099999971687793732e-02 -1.440022338867187500e+03
5.509095311164855957e+01 3.609999999999999876e+00 2.099999971687793732e-02 -1.440022338867187500e+03
5.517695021629333496e+01 3.569999999999999840e+00 2.099999971687793732e-02 -1.529962280273437500e+03
5.527098178863525391e+01 3.500000000000000000e+00 2.099999971687793732e-02 -1.620011474609375000e+03
5.538399338722229004e+01 3.390000000000000124e+00 2.099999971687793732e-02 -1.349973144531250000e+03
5.547294902801513672e+01 3.479999999999999982e+00 2.099999971687793732e-02 -1.439913085937500000e+03
5.558594894409179688e+01 3.490000000000000213e+00 2.099999971687793732e-02 -1.529962280273437500e+03
5.567694520950317383e+01 3.529999999999999805e+00 2.099999971687793732e-02 -1.710060668945312500e+03
5.578799271583557129e+01 3.450000000000000178e+00 2.099999971687793732e-02 -1.529962280273437500e+03
5.587495207786560059e+01 3.470000000000000195e+00 2.099999971687793732e-02 -1.440131591796875000e+03
5.598594641685485840e+01 3.549999999999999822e+00 2.099999971687793732e-02 -1.350082397460937500e+03
5.608094501495361328e+01 3.520000000000000018e+00 2.099999971687793732e-02 -1.529962280273437500e+03
5.618994832038879395e+01 3.520000000000000018e+00 2.099999971687793732e-02 -1.620011474609375000e+03
5.628495407104492188e+01 3.450000000000000178e+00 2.099999971687793732e-02 -1.799891357421875000e+03
5.637395119667053223e+01 3.470000000000000195e+00 2.099999971687793732e-02 -1.620011474609375000e+03
5.648194646835327148e+01 3.479999999999999982e+00 2.099999971687793732e-02 -1.800109863281250000e+03
5.657694649696350098e+01 3.509999999999999787e+00 2.099999971687793732e-02 -2.159869628906250000e+03
5.668894505500793457e+01 3.419999999999999929e+00 2.099999971687793732e-02 -1.799672729492187500e+03
5.677394628524780273e+01 3.490000000000000213e+00 2.099999971687793732e-02 -1.439913085937500000e+03
5.689094376564025879e+01 3.529999999999999805e+00 2.099999971687793732e-02 -1.620011474609375000e+03
5.698194646835327148e+01 3.479999999999999982e+00 2.099999971687793732e-02 -1.710060668945312500e+03
5.708894586563110352e+01 3.419999999999999929e+00 2.099999971687793732e-02 -1.980208496093750000e+03
5.718399310111999512e+01 3.430000000000000160e+00 2.099999971687793732e-02 -1.800109863281250000e+03
5.727394580841064453e+01 3.399999999999999911e+00 2.099999971687793732e-02 -1.710060668945312500e+03
5.738194561004638672e+01 3.410000000000000142e+00 2.099999971687793732e-02 -1.620011474609375000e+03
5.747599434852600098e+01 3.439999999999999947e+00 2.099999971687793732e-02 -1.260251708984375000e+03
5.758894968032836914e+01 3.479999999999999982e+00 2.099999971687793732e-02 -7.199565429687500000e+02
5.767794561386108398e+01 3.589999999999999858e+00 2.099999971687793732e-02 -7.199565429687500000e+02
5.779094505310058594e+01 3.600000000000000089e+00 2.099999971687793732e-02 -7.199565429687500000e+02
5.788194918632507324e+01 3.529999999999999805e+00 2.099999971687793732e-02 -5.398581542968750000e+02
5.797094488143920898e+01 3.629999999999999893e+00 2.099999971687793732e-02 -7.199565429687500000e+02
5.807999205589294434e+01 3.580000000000000071e+00 2.099999971687793732e-02 -8.100057373046875000e+02
5.817495012283325195e+01 3.549999999999999822e+00 2.099999971687793732e-02 -8.100057373046875000e+02
5.828594708442687988e+01 3.529999999999999805e+00 2.099999971687793732e-02 -6.299072875976562500e+02
5.837200164794921875e+01 3.470000000000000195e+00 2.099999971687793732e-02 0.000000000000000000e+00
5.848994565010070801e+01 2.729999999999999982e+00 2.099999971687793732e-02 0.000000000000000000e+00
5.857895612716674805e+01 2.790000000000000036e+00 2.099999971687793732e-02 0.000000000000000000e+00
5.868694734573364258e+01 1.969999999999999973e+00 4.899999871850013733e-02 1.080153442382812500e+03
5.878194880485534668e+01 2.500000000000000000e+00 4.899999871850013733e-02 9.000549316406250000e+02
5.887200069427490234e+01 3.370000000000000107e+00 4.899999871850013733e-02 8.100057373046875000e+02
5.897894597053527832e+01 3.370000000000000107e+00 4.899999871850013733e-02 1.259814575195312500e+03
5.907395768165588379e+01 3.390000000000000124e+00 4.899999871850013733e-02 1.349863891601562500e+03
5.918694353103637695e+01 3.450000000000000178e+00 4.899999871850013733e-02 1.440350219726562500e+03
5.927199006080627441e+01 3.459999999999999964e+00 4.899999871850013733e-02 1.620011474609375000e+03
5.938894772529602051e+01 3.479999999999999982e+00 4.899999871850013733e-02 1.889722045898437500e+03
5.947894525527954102e+01 3.500000000000000000e+00 4.899999871850013733e-02 1.800109863281250000e+03
5.958694624900817871e+01 3.479999999999999982e+00 4.899999871850013733e-02 1.800109863281250000e+03
5.968095326423645020e+01 3.470000000000000195e+00 4.899999871850013733e-02 1.889722045898437500e+03
5.977207970619201660e+01 3.490000000000000213e+00 4.899999871850013733e-02 1.800109863281250000e+03
5.988294553756713867e+01 3.500000000000000000e+00 4.899999871850013733e-02 1.620011474609375000e+03
5.996994543075561523e+01 3.529999999999999805e+00 4.899999871850013733e-02 1.440350219726562500e+03
6.008703947067260742e+01 3.560000000000000053e+00 4.899999871850013733e-02 1.529962280273437500e+03
6.017607235908508301e+01 3.509999999999999787e+00 4.899999871850013733e-02 1.710060668945312500e+03
6.028504633903503418e+01 3.520000000000000018e+00 4.899999871850013733e-02 1.799891357421875000e+03
6.038000488281250000e+01 3.520000000000000018e+00 4.899999871850013733e-02 1.620011474609375000e+03
6.048994445800781250e+01 3.540000000000000036e+00 4.899999871850013733e-02 1.620011474609375000e+03
6.057694411277770996e+01 3.479999999999999982e+00 4.899999871850013733e-02 1.800109863281250000e+03
6.067198896408081055e+01 3.520000000000000018e+00 4.899999871850013733e-02 1.529962280273437500e+03
6.078399205207824707e+01 3.479999999999999982e+00 4.899999871850013733e-02 1.620011474609375000e+03
6.088994383811950684e+01 3.439999999999999947e+00 4.899999871850013733e-02 1.620011474609375000e+03
6.098694443702697754e+01 3.490000000000000213e+00 4.899999871850013733e-02 1.979989868164062500e+03
6.107694792747497559e+01 3.500000000000000000e+00 4.899999871850013733e-02 1.800109863281250000e+03
6.118399000167846680e+01 3.520000000000000018e+00 4.899999871850013733e-02 1.620011474609375000e+03
6.127894449234008789e+01 3.490000000000000213e+00 4.899999871850013733e-02 1.620011474609375000e+03
6.136894583702087402e+01 3.470000000000000195e+00 4.899999871850013733e-02 1.979989868164062500e+03
6.147694683074951172e+01 3.500000000000000000e+00 4.899999871850013733e-02 1.979989868164062500e+03
6.157094335556030273e+01 3.549999999999999822e+00 4.899999871850013733e-02 1.709951416015625000e+03
6.168399977684020996e+01 3.549999999999999822e+00 4.899999871850013733e-02 1.620011474609375000e+03
6.177294373512268066e+01 3.520000000000000018e+00 4.899999871850013733e-02 1.979989868164062500e+03
6.188594627380371094e+01 3.490000000000000213e+00 4.899999871850013733e-02 1.889995361328125000e+03
6.197694802284240723e+01 3.490000000000000213e+00 4.899999871850013733e-02 1.799945922851562500e+03
6.208800053596496582e+01 3.560000000000000053e+00 4.899999871850013733e-02 1.710006103515625000e+03
6.217495322227478027e+01 3.450000000000000178e+00 4.899999871850013733e-02 1.709992431640625000e+03
6.227601265907287598e+01 3.529999999999999805e+00 4.899999871850013733e-02 1.709999267578125000e+03
6.238094639778137207e+01 3.569999999999999840e+00 4.899999871850013733e-02 1.529989624023437500e+03
6.248994278907775879e+01 3.560000000000000053e+00 4.899999871850013733e-02 1.350000488281250000e+03
6.258494853973388672e+01 3.540000000000000036e+00 4.899999871850013733e-02 1.169984008789062500e+03
6.267394208908081055e+01 3.500000000000000000e+00 4.899999871850013733e-02 1.079989501953125000e+03
6.278194403648376465e+01 3.450000000000000178e+00 4.899999871850013733e-02 0.000000000000000000e+00
6.287694692611694336e+01 4.339999999999999858e+00 4.899999871850013733e-02 0.000000000000000000e+00
6.298894309997558594e+01 4.299999999999999822e+00 4.899999871850013733e-02 0.000000000000000000e+00
6.307394337654113770e+01 3.529999999999999805e+00 4.899999871850013733e-02 0.000000000000000000e+00
6.316894674301147461e+01 3.470000000000000195e+00 4.899999871850013733e-02 0.000000000000000000e+00
6.328194570541381836e+01 3.390000000000000124e+00 4.899999871850013733e-02 0.000000000000000000e+00
6.338897752761840820e+01 3.299999999999999822e+00 4.899999871850013733e-02 0.000000000000000000e+00
6.348399519920349121e+01 3.229999999999999982e+00 4.899999871850013733e-02 0.000000000000000000e+00
6.357394361495971680e+01 3.200000000000000178e+00 4.899999871850013733e-02 0.000000000000000000e+00
6.368194532394409180e+01 3.180000000000000160e+00 4.899999871850013733e-02 0.000000000000000000e+00
6.377599644660949707e+01 3.160000000000000142e+00 4.899999871850013733e-02 0.000000000000000000e+00
6.388894462585449219e+01 3.149999999999999911e+00 4.899999871850013733e-02 0.000000000000000000e+00
6.397794318199157715e+01 3.140000000000000124e+00 4.899999871850013733e-02 0.000000000000000000e+00
6.409094452857971191e+01 3.120000000000000107e+00 4.899999871850013733e-02 0.000000000000000000e+00
6.418194317817687988e+01 3.120000000000000107e+00 4.899999871850013733e-02 0.000000000000000000e+00
6.427094411849975586e+01 3.109999999999999876e+00 4.899999871850013733e-02 0.000000000000000000e+00
6.437999415397644043e+01 3.109999999999999876e+00 4.899999871850013733e-02 0.000000000000000000e+00
